440.000000,1984.115356
440.500000,1962.959473
441.000000,1942.744629
441.500000,1922.673096
442.000000,1903.158447
442.500000,1886.041748
443.000000,1872.323242
443.500000,1862.992676
444.000000,1856.980591
444.500000,1854.293457
445.000000,1854.267212
445.500000,1857.370361
446.000000,1863.657959
446.500000,1873.033325
447.000000,1884.725098
447.500000,1897.086914
448.000000,1908.581055
448.500000,1918.862549
449.000000,1927.917969
449.500000,1936.478882
450.000000,1944.840576
450.500000,1952.816772
451.000000,1959.872803
451.500000,1965.752197
452.000000,1970.705444
452.500000,1975.444092
453.000000,1980.801392
453.500000,1986.945923
454.000000,1993.103516
454.500000,1997.953491
455.000000,2000.351807
455.500000,1999.552734
456.000000,1996.650879
456.500000,1993.168091
457.000000,1990.810547
457.500000,1990.862305
458.000000,1994.217651
458.500000,1999.421143
459.000000,2005.472046
459.500000,2011.111572
460.000000,2015.498901
460.500000,2018.732788
461.000000,2021.640259
461.500000,2025.055664
462.000000,2029.532227
462.500000,2035.403687
463.000000,2042.357422
463.500000,2050.042236
464.000000,2057.956543
464.500000,2065.773926
465.000000,2073.126465
465.500000,2079.189697
466.000000,2083.223145
466.500000,2084.667480
467.000000,2083.158447
467.500000,2079.282471
468.000000,2073.602783
468.500000,2067.638916
469.000000,2062.361084
469.500000,2057.832031
470.000000,2053.559326
470.500000,2048.319824
471.000000,2040.382324
471.500000,2028.894043
472.000000,2014.122314
472.500000,1996.723877
473.000000,1978.599731
473.500000,1962.188232
474.000000,1948.405518
474.500000,1937.820923
475.000000,1929.294189
475.500000,1921.492920
476.000000,1912.754639
476.500000,1902.082031
477.000000,1889.241699
477.500000,1874.684204
478.000000,1858.414307
478.500000,1840.795898
479.000000,1821.656250
479.500000,1801.722534
480.000000,1781.932251
480.500000,1763.567261
481.000000,1748.051880
481.500000,1736.464600
482.000000,1727.668091
482.500000,1720.509766
483.000000,1713.349976
483.500000,1705.002441
484.000000,1695.576538
484.500000,1686.204712
485.000000,1678.226440
485.500000,1672.721313
486.000000,1669.875977
486.500000,1669.014771
487.000000,1668.759033
487.500000,1667.689941
488.000000,1664.679932
488.500000,1659.727783
489.000000,1652.580200
489.500000,1644.016479
490.000000,1634.808472
490.500000,1625.666016
491.000000,1617.114258
491.500000,1609.499512
492.000000,1602.890259
492.500000,1597.225952
493.000000,1592.145386
493.500000,1587.662354
494.000000,1583.672241
494.500000,1580.342163
495.000000,1577.634521
495.500000,1575.248657
496.000000,1572.749878
496.500000,1569.714355
497.000000,1565.846191
497.500000,1561.434570
498.000000,1557.344727
498.500000,1554.404175
499.000000,1553.624268
499.500000,1554.991699
500.000000,1558.375977
500.500000,1562.684937
501.000000,1566.641602
501.500000,1569.348511
502.000000,1570.530151
502.500000,1570.066895
503.000000,1568.803223
503.500000,1567.794678
504.000000,1567.884399
504.500000,1569.943115
505.000000,1574.117310
505.500000,1580.399414
506.000000,1588.171631
506.500000,1596.446533
507.000000,1604.614258
507.500000,1612.361816
508.000000,1619.521240
508.500000,1626.229248
509.000000,1632.235596
509.500000,1637.153320
510.000000,1640.204712
510.500000,1640.971313
511.000000,1639.565430
511.500000,1637.138916
512.000000,1635.782715
512.500000,1637.827515
513.000000,1643.943970
513.500000,1655.307739
514.000000,1670.341553
514.500000,1687.099731
515.000000,1703.502563
515.500000,1718.275879
516.000000,1730.962402
516.500000,1742.019165
517.000000,1752.096802
517.500000,1762.037476
518.000000,1772.036499
518.500000,1782.016357
519.000000,1791.783203
519.500000,1801.234863
520.000000,1810.327637
520.500000,1818.938721
521.000000,1826.685059
521.500000,1832.866333
522.000000,1837.126343
522.500000,1838.696533
523.000000,1838.670166
523.500000,1837.517090
524.000000,1835.700073
524.500000,1832.530518
525.000000,1826.285278
525.500000,1814.155029
526.000000,1794.385010
526.500000,1767.609497
527.000000,1734.900269
527.500000,1700.278320
528.000000,1668.348877
528.500000,1641.958130
529.000000,1622.940430
529.500000,1610.077271
530.000000,1602.133545
530.500000,1597.427124
531.000000,1594.758179
531.500000,1593.844604
532.000000,1594.438843
532.500000,1596.561401
533.000000,1599.230957
533.500000,1601.104492
534.000000,1600.808716
534.500000,1597.619995
535.000000,1591.995361
535.500000,1584.942383
536.000000,1577.644409
536.500000,1571.062744
537.000000,1565.430786
537.500000,1560.064941
538.000000,1554.455566
538.500000,1548.617310
539.000000,1543.278564
539.500000,1539.760864
540.000000,1539.265869
540.500000,1541.882690
541.000000,1546.726685
541.500000,1552.770020
542.000000,1558.835571
542.500000,1564.452393
543.000000,1570.106323
543.500000,1576.312500
544.000000,1582.972656
544.500000,1589.338135
545.000000,1594.134888
545.500000,1596.039307
546.000000,1594.701904
546.500000,1590.975830
547.000000,1585.388672
547.500000,1578.961182
548.000000,1571.968140
548.500000,1564.672119
549.000000,1557.400391
549.500000,1550.634033
550.000000,1544.834473
550.500000,1540.092041
551.000000,1535.875977
551.500000,1531.384277
552.000000,1526.501465
552.500000,1522.166504
553.000000,1519.736328
553.500000,1521.203857
554.000000,1526.899170
554.500000,1535.636841
555.000000,1544.709106
555.500000,1551.885132
556.000000,1555.876709
556.500000,1557.383789
557.000000,1557.741577
557.500000,1558.867798
558.000000,1561.547363
558.500000,1565.171753
559.000000,1568.916382
559.500000,1572.059692
560.000000,1574.455322
560.500000,1576.717041
561.000000,1579.566528
561.500000,1583.664673
562.000000,1589.138550
562.500000,1596.629517
563.000000,1606.206055
563.500000,1618.338745
564.000000,1632.548462
564.500000,1648.503906
565.000000,1665.813110
565.500000,1684.505249
566.000000,1705.846069
566.500000,1730.969482
567.000000,1761.795898
567.500000,1797.441528
568.000000,1837.717041
568.500000,1880.303467
569.000000,1923.343018
569.500000,1965.431641
570.000000,2006.098145
570.500000,2044.996582
571.000000,2081.786621
571.500000,2115.136230
572.000000,2144.483398
572.500000,2169.138428
573.000000,2191.596680
573.500000,2214.763184
574.000000,2242.126221
574.500000,2277.600830
575.000000,2324.918945
575.500000,2385.917725
576.000000,2463.149902
576.500000,2555.862793
577.000000,2669.705322
577.500000,2802.681885
578.000000,2961.211182
578.500000,3143.597412
579.000000,3348.596191
579.500000,3571.522217
580.000000,3805.622559
580.500000,4042.436523
581.000000,4271.211426
581.500000,4475.150391
582.000000,4648.951172
582.500000,4775.959473
583.000000,4856.904297
583.500000,4880.879395
584.000000,4849.639160
584.500000,4760.944336
585.000000,4623.552246
585.500000,4450.274902
586.000000,4248.611328
586.500000,4033.322021
587.000000,3813.012695
587.500000,3596.656494
588.000000,3390.068115
588.500000,3194.148193
589.000000,3010.781494
589.500000,2840.425293
590.000000,2683.493896
590.500000,2542.454834
591.000000,2415.690186
591.500000,2304.695557
592.000000,2205.953857
592.500000,2120.712402
593.000000,2045.686401
593.500000,1980.619507
594.000000,1923.230835
594.500000,1871.225220
595.000000,1823.377441
595.500000,1778.595337
596.000000,1737.171997
596.500000,1698.899780
597.000000,1665.464478
597.500000,1635.836792
598.000000,1610.266479
598.500000,1587.733643
599.000000,1567.678711
599.500000,1549.504028
600.000000,1532.913696
600.500000,1517.968262
601.000000,1504.568115
601.500000,1493.277344
602.000000,1483.865723
602.500000,1476.631958
603.000000,1470.903809
603.500000,1465.801147
604.000000,1460.149658
604.500000,1453.159058
605.000000,1444.613647
605.500000,1435.183716
606.000000,1425.942871
606.500000,1418.019287
607.000000,1412.214966
607.500000,1407.935303
608.000000,1404.862427
608.500000,1402.582397
609.000000,1401.336548
609.500000,1401.901489
610.000000,1404.824219
610.500000,1409.995850
611.000000,1416.155273
611.500000,1421.915405
612.000000,1426.318115
612.500000,1428.883179
613.000000,1430.582153
613.500000,1432.599121
614.000000,1435.374512
614.500000,1438.419067
615.000000,1440.601318
615.500000,1440.983765
616.000000,1438.841797
616.500000,1435.323975
617.000000,1431.722412
617.500000,1429.002075
618.000000,1427.717529
618.500000,1427.740112
619.000000,1429.054443
619.500000,1432.040283
620.000000,1436.953125
620.500000,1443.984253
621.000000,1452.182739
621.500000,1460.403076
622.000000,1467.568848
622.500000,1473.113159
623.000000,1477.990723
623.500000,1483.498657
624.000000,1490.191772
624.500000,1497.557007
625.000000,1504.189331
625.500000,1508.567383
626.000000,1508.359985
626.500000,1503.327026
627.000000,1491.123901
627.500000,1471.363403
628.000000,1442.288940
628.500000,1405.890015
629.000000,1367.506592
629.500000,1338.002563
630.000000,1327.122559
630.500000,1344.197876
631.000000,1384.516968
631.500000,1443.884888
632.000000,1506.393188
632.500000,1557.051758
633.000000,1587.733032
633.500000,1598.816650
634.000000,1597.309326
634.500000,1592.376709
635.000000,1591.042236
635.500000,1595.617676
636.000000,1605.466064
636.500000,1615.646851
637.000000,1622.943481
637.500000,1627.139526
638.000000,1629.322266
638.500000,1631.663452
639.000000,1635.836304
639.500000,1642.341431
640.000000,1649.926758
640.500000,1657.316406
641.000000,1663.790649
641.500000,1669.120117
642.000000,1674.056763
642.500000,1679.508789
643.000000,1686.267090
643.500000,1694.777588
644.000000,1705.264404
644.500000,1717.975098
645.000000,1733.782104
645.500000,1752.967163
646.000000,1777.070312
646.500000,1805.421021
647.000000,1837.631714
647.500000,1871.902588
648.000000,1906.912964
648.500000,1941.500488
649.000000,1974.980347
649.500000,2006.866455
650.000000,2036.736084
650.500000,2062.918457
651.000000,2084.094971
651.500000,2096.000977
652.000000,2097.363281
652.500000,2084.216064
653.000000,2056.259033
653.500000,2014.072998
654.000000,1961.536377
654.500000,1903.718140
655.000000,1844.943481
655.500000,1788.866455
656.000000,1738.788696
656.500000,1694.607178
657.000000,1657.287354
657.500000,1625.362061
658.000000,1599.015137
658.500000,1577.963135
659.000000,1561.737671
659.500000,1549.862183
660.000000,1540.783691
660.500000,1533.552124
661.000000,1526.878540
661.500000,1520.322876
662.000000,1513.561646
662.500000,1506.326294
663.000000,1498.611694
663.500000,1490.915039
664.000000,1484.750854
664.500000,1481.842896
665.000000,1484.336182
665.500000,1491.949707
666.000000,1504.950684
666.500000,1520.624390
667.000000,1537.081421
667.500000,1552.607056
668.000000,1566.777344
668.500000,1580.099365
669.000000,1593.262207
669.500000,1606.724121
670.000000,1620.607178
670.500000,1635.100830
671.000000,1650.433838
671.500000,1667.420654
672.000000,1686.337891
672.500000,1707.686768
673.000000,1731.364258
673.500000,1757.430420
674.000000,1786.436157
674.500000,1819.552124
675.000000,1859.657104
675.500000,1907.650635
676.000000,1967.491211
676.500000,2037.968872
677.000000,2119.915039
677.500000,2209.645508
678.000000,2302.311523
678.500000,2390.235352
679.000000,2465.823242
679.500000,2520.064697
680.000000,2550.253418
680.500000,2546.928955
681.000000,2514.911865
681.500000,2450.092041
682.000000,2360.437256
682.500000,2253.338623
683.000000,2138.834717
683.500000,2026.072754
684.000000,1922.694336
684.500000,1832.011841
685.000000,1757.163452
685.500000,1694.522339
686.000000,1642.955811
686.500000,1598.395874
687.000000,1561.123169
687.500000,1530.651978
688.000000,1507.228760
688.500000,1490.044800
689.000000,1476.827393
689.500000,1465.261719
690.000000,1453.299927
690.500000,1440.609009
691.000000,1428.234619
691.500000,1417.940186
692.000000,1410.753418
692.500000,1407.459595
693.000000,1407.594116
693.500000,1409.818237
694.000000,1412.813599
694.500000,1415.372192
695.000000,1416.325806
695.500000,1415.290405
696.000000,1411.571533
696.500000,1405.918701
697.000000,1399.442749
697.500000,1393.951904
698.000000,1390.940186
698.500000,1391.093994
699.000000,1393.765869
699.500000,1397.853882
700.000000,1401.682617
700.500000,1403.834351
701.000000,1404.525024
701.500000,1404.654175
702.000000,1405.616699
702.500000,1408.815186
703.000000,1415.088257
703.500000,1424.714600
704.000000,1437.959229
704.500000,1454.273193
705.000000,1473.628174
705.500000,1495.018433
706.000000,1518.407959
706.500000,1543.290283
707.000000,1569.923706
707.500000,1598.601562
708.000000,1629.966309
708.500000,1664.781616
709.000000,1702.555664
709.500000,1742.940186
710.000000,1784.395874
710.500000,1825.289307
711.000000,1863.986938
711.500000,1898.102295
712.000000,1926.161743
712.500000,1946.106323
713.000000,1957.369385
713.500000,1960.109741
714.000000,1953.662354
714.500000,1939.520264
715.000000,1916.300903
715.500000,1885.724121
716.000000,1846.395386
716.500000,1800.334961
717.000000,1749.603882
717.500000,1697.535400
718.000000,1647.695068
718.500000,1603.285400
719.000000,1565.409058
719.500000,1535.037109
720.000000,1509.667480
720.500000,1487.616455
721.000000,1466.440918
721.500000,1445.406250
722.000000,1424.598145
722.500000,1404.728760
723.000000,1386.579346
723.500000,1370.514282
724.000000,1356.850830
724.500000,1344.972290
725.000000,1334.777344
725.500000,1325.766479
726.000000,1318.194092
726.500000,1312.085083
727.000000,1307.883301
727.500000,1305.775513
728.000000,1305.740845
728.500000,1307.294312
729.000000,1309.145142
729.500000,1309.955811
730.000000,1309.074707
730.500000,1306.138184
731.000000,1302.344849
731.500000,1299.289551
732.000000,1298.465332
732.500000,1300.544189
733.000000,1304.620605
733.500000,1308.996216
734.000000,1312.145264
734.500000,1313.654053
735.000000,1313.589844
735.500000,1313.109619
736.000000,1312.855835
736.500000,1312.597656
737.000000,1311.250488
737.500000,1307.981689
738.000000,1302.967407
738.500000,1297.486816
739.000000,1293.516479
739.500000,1293.278320
740.000000,1296.536865
740.500000,1302.371704
741.000000,1307.701416
741.500000,1310.138550
742.000000,1309.302002
742.500000,1306.504395
743.000000,1304.239380
743.500000,1304.776855
744.000000,1309.643921
744.500000,1317.528687
745.000000,1326.493164
745.500000,1334.367432
746.000000,1340.271729
746.500000,1345.012695
747.000000,1349.963989
747.500000,1356.369385
748.000000,1364.662720
748.500000,1374.738159
749.000000,1385.888306
749.500000,1398.006348
750.000000,1410.895264
750.500000,1424.282593
751.000000,1436.972412
751.500000,1446.741211
752.000000,1451.489258
752.500000,1449.581421
753.000000,1440.283081
753.500000,1425.501221
754.000000,1407.164795
754.500000,1388.004028
755.000000,1370.114746
755.500000,1354.849609
756.000000,1343.973389
756.500000,1337.891968
757.000000,1336.803833
757.500000,1339.735718
758.000000,1344.387451
758.500000,1348.769287
759.000000,1351.814209
759.500000,1353.152344
760.000000,1353.736450
760.500000,1354.297485
761.000000,1355.151001
761.500000,1355.906128
762.000000,1355.713501
762.500000,1353.952148
763.000000,1350.348267
763.500000,1345.217529
764.000000,1338.528564
764.500000,1330.699829
765.000000,1321.707153
765.500000,1312.062500
766.000000,1302.228027
766.500000,1292.674805
767.000000,1283.485474
767.500000,1274.459717
768.000000,1265.490234
768.500000,1257.000122
769.000000,1249.718140
769.500000,1245.080566
770.000000,1243.017334
770.500000,1243.328979
771.000000,1244.274658
771.500000,1244.364868
772.000000,1243.274048
772.500000,1241.894043
773.000000,1241.766357
773.500000,1243.806396
774.000000,1248.300171
774.500000,1253.587158
775.000000,1257.646362
775.500000,1259.318115
776.000000,1258.728882
776.500000,1257.350708
777.000000,1256.636719
777.500000,1257.156006
778.000000,1258.076416
778.500000,1257.549927
779.000000,1254.166870
779.500000,1246.353882
780.000000,1235.578003
780.500000,1223.760864
781.000000,1213.140747
781.500000,1205.345581
782.000000,1200.765381
782.500000,1198.677734
783.000000,1198.046509
783.500000,1197.529297
784.000000,1196.182617
784.500000,1193.840698
785.000000,1190.644897
785.500000,1187.260254
786.000000,1184.407959
786.500000,1182.740479
787.000000,1182.801514
787.500000,1184.907837
788.000000,1188.686768
788.500000,1193.651611
789.000000,1198.654907
789.500000,1202.553467
790.000000,1205.103394
790.500000,1206.415894
791.000000,1207.412720
791.500000,1209.088745
792.000000,1212.036499
792.500000,1216.051392
793.000000,1220.367676
793.500000,1223.979004
794.000000,1226.018311
794.500000,1227.017822
795.000000,1227.533203
795.500000,1228.175659
796.000000,1229.076904
796.500000,1230.038208
797.000000,1231.080078
797.500000,1232.977051
798.000000,1237.031982
798.500000,1245.437256
799.000000,1257.810059
799.500000,1273.112061
800.000000,1288.300659
800.500000,1300.572632
801.000000,1308.916870
801.500000,1313.897217
802.000000,1317.511353
802.500000,1321.918823
803.000000,1328.254150
803.500000,1335.674561
804.000000,1342.524536
804.500000,1347.856079
805.000000,1351.540283
805.500000,1354.852905
806.000000,1359.332031
806.500000,1366.032593
807.000000,1375.193115
807.500000,1386.603516
808.000000,1399.470581
808.500000,1413.714233
809.000000,1429.067993
809.500000,1446.086426
810.000000,1464.918457
810.500000,1486.377563
811.000000,1510.944580
811.500000,1539.262573
812.000000,1571.544189
812.500000,1606.668701
813.000000,1642.653076
813.500000,1676.186157
814.000000,1702.501587
814.500000,1720.181152
815.000000,1726.172241
815.500000,1721.691772
816.000000,1707.520874
816.500000,1685.846069
817.000000,1659.174316
817.500000,1629.285034
818.000000,1598.459595
818.500000,1569.043701
819.000000,1542.790283
819.500000,1522.124390
820.000000,1506.823975
820.500000,1496.421875
821.000000,1488.437622
821.500000,1480.031738
822.000000,1468.859375
822.500000,1454.317383
823.000000,1436.763916
823.500000,1418.420654
824.000000,1401.329224
824.500000,1386.238647
825.000000,1373.467651
825.500000,1362.274048
826.000000,1352.064331
826.500000,1342.456177
827.000000,1333.398193
827.500000,1325.212646
828.000000,1318.101929
828.500000,1312.725342
829.000000,1309.023804
829.500000,1307.411743
830.000000,1307.644287
830.500000,1309.817871
831.000000,1313.735718
831.500000,1319.206787
832.000000,1326.063721
832.500000,1333.866089
833.000000,1342.476196
833.500000,1351.760864
834.000000,1362.631348
834.500000,1375.842896
835.000000,1392.907227
835.500000,1414.083740
836.000000,1439.207886
836.500000,1467.367065
837.000000,1497.335083
837.500000,1528.683228
838.000000,1561.179077
838.500000,1595.287231
839.000000,1630.441406
839.500000,1665.435425
840.000000,1698.606812
840.500000,1728.331787
841.000000,1754.029663
841.500000,1775.721313
842.000000,1793.099976
842.500000,1806.247681
843.000000,1813.506348
843.500000,1815.392334
844.000000,1811.398071
844.500000,1804.099854
845.000000,1796.002563
845.500000,1789.449707
846.000000,1785.762207
846.500000,1785.544189
847.000000,1789.034302
847.500000,1798.025757
848.000000,1813.426025
848.500000,1839.233398
849.000000,1875.015015
849.500000,1922.875977
850.000000,1980.990479
850.500000,2048.621582
851.000000,2124.174561
851.500000,2206.813477
852.000000,2297.284912
852.500000,2395.036133
853.000000,2501.721924
853.500000,2615.102051
854.000000,2733.854980
854.500000,2853.185547
855.000000,2966.836426
855.500000,3068.487549
856.000000,3151.379883
856.500000,3211.305664
857.000000,3249.157959
857.500000,3262.501953
858.000000,3256.969482
858.500000,3230.988037
859.000000,3190.657471
859.500000,3137.122559
860.000000,3075.068848
860.500000,3007.782959
861.000000,2938.088135
861.500000,2867.350098
862.000000,2794.832520
862.500000,2719.139404
863.000000,2637.259521
863.500000,2548.906738
864.000000,2452.357178
864.500000,2349.361816
865.000000,2241.409424
865.500000,2131.713379
866.000000,2024.122070
866.500000,1922.850708
867.000000,1830.495850
867.500000,1751.152222
868.000000,1682.973511
868.500000,1627.847046
869.000000,1583.347656
869.500000,1551.333252
870.000000,1531.561279
870.500000,1525.051025
871.000000,1531.527832
871.500000,1548.486450
872.000000,1574.207886
872.500000,1604.908936
873.000000,1639.795288
873.500000,1677.719482
874.000000,1719.276123
874.500000,1763.320068
875.000000,1807.362183
875.500000,1847.070923
876.000000,1877.190674
876.500000,1891.920532
877.000000,1889.841797
877.500000,1867.066162
878.000000,1828.500977
878.500000,1774.622314
879.000000,1711.932373
879.500000,1644.364014
880.000000,1576.816406
880.500000,1512.963257
881.000000,1455.417969
881.500000,1405.136475
882.000000,1363.687866
882.500000,1329.699951
883.000000,1304.351318
883.500000,1285.124634
884.000000,1271.438721
884.500000,1260.828857
885.000000,1251.431396
885.500000,1241.776611
886.000000,1231.428955
886.500000,1220.925659
887.000000,1211.100098
887.500000,1202.704712
888.000000,1195.500610
888.500000,1189.334351
889.000000,1183.781738
889.500000,1178.910522
890.000000,1174.771973
890.500000,1171.118530
891.000000,1167.096191
891.500000,1161.583252
892.000000,1153.434814
892.500000,1143.330322
893.000000,1132.604492
893.500000,1123.018555
894.000000,1115.814209
894.500000,1110.584595
895.000000,1106.294067
895.500000,1101.847046
896.000000,1097.010254
896.500000,1092.638184
897.000000,1089.943237
897.500000,1090.492920
898.000000,1093.940308
898.500000,1100.277710
899.000000,1108.362061
899.500000,1117.665405
900.000000,1127.566406
900.500000,1137.067383
901.000000,1144.499878
901.500000,1148.313721
902.000000,1146.567871
902.500000,1140.205933
903.000000,1130.025879
903.500000,1118.945801
904.000000,1109.207275
904.500000,1101.837891
905.000000,1096.768066
905.500000,1093.013672
906.000000,1089.475342
906.500000,1085.795166
907.000000,1082.213379
907.500000,1079.365845
908.000000,1077.493530
908.500000,1076.769165
909.000000,1076.668213
909.500000,1076.544556
910.000000,1075.779297
910.500000,1074.137207
911.000000,1071.971680
911.500000,1070.286499
912.000000,1070.562378
912.500000,1073.160767
913.000000,1077.800415
913.500000,1082.521118
914.000000,1085.110840
914.500000,1084.445923
915.000000,1080.729248
915.500000,1075.635254
916.000000,1071.392212
916.500000,1069.716919
917.000000,1070.449707
917.500000,1073.288330
918.000000,1077.137451
918.500000,1082.255737
919.000000,1089.207764
919.500000,1098.544800
920.000000,1109.236328
920.500000,1119.081665
921.000000,1125.680542
921.500000,1128.573120
922.000000,1128.438721
922.500000,1128.234741
923.000000,1130.786133
923.500000,1136.809937
924.000000,1145.950562
924.500000,1156.340820
925.000000,1166.505859
925.500000,1176.127319
926.000000,1186.021851
926.500000,1197.486084
927.000000,1210.714355
927.500000,1225.387695
928.000000,1240.093262
928.500000,1253.378906
929.000000,1264.311401
929.500000,1272.064941
930.000000,1276.531372
930.500000,1278.404541
931.000000,1278.775146
931.500000,1279.304199
932.000000,1281.278687
932.500000,1284.372314
933.000000,1287.030396
933.500000,1287.088623
934.000000,1282.367920
934.500000,1273.275391
935.000000,1262.049438
935.500000,1251.635132
936.000000,1244.071655
936.500000,1240.164917
937.000000,1238.052246
937.500000,1235.668701
938.000000,1231.512573
938.500000,1225.046631
939.000000,1217.331787
939.500000,1209.645874
940.000000,1202.756226
940.500000,1196.402100
941.000000,1189.587280
941.500000,1181.451050
942.000000,1171.472290
942.500000,1160.855835
943.000000,1151.127197
943.500000,1143.441162
944.000000,1138.465820
944.500000,1135.623169
945.000000,1133.753174
945.500000,1131.688721
946.000000,1128.668335
946.500000,1124.124268
947.000000,1118.212769
947.500000,1110.668457
948.000000,1101.975464
948.500000,1092.777710
949.000000,1084.367798
949.500000,1078.323608
950.000000,1075.822388
950.500000,1076.541992
951.000000,1079.816895
951.500000,1084.184082
952.000000,1089.206421
952.500000,1094.868530
953.000000,1101.740967
953.500000,1109.711914
954.000000,1118.102417
954.500000,1125.792969
955.000000,1132.015259
955.500000,1136.713623
956.000000,1140.760620
956.500000,1144.886597
957.000000,1149.203979
957.500000,1152.991943
958.000000,1155.408325
958.500000,1155.639526
959.000000,1153.807983
959.500000,1150.063477
960.000000,1144.376343
960.500000,1136.881592
961.000000,1127.773071
961.500000,1118.361450
962.000000,1110.544556
962.500000,1105.344971
963.000000,1103.298828
963.500000,1102.864624
964.000000,1102.082275
964.500000,1099.521973
965.000000,1095.244019
965.500000,1090.495972
966.000000,1086.865845
966.500000,1085.465576
967.000000,1085.516479
967.500000,1086.114014
968.000000,1086.757568
968.500000,1088.392944
969.000000,1092.747925
969.500000,1101.472534
970.000000,1115.047729
970.500000,1131.533691
971.000000,1148.109985
971.500000,1161.941528
972.000000,1170.530762
972.500000,1175.105835
973.000000,1177.513306
973.500000,1180.740234
974.000000,1186.894531
974.500000,1196.145630
975.000000,1206.734985
975.500000,1216.304443
976.000000,1223.449829
976.500000,1227.788452
977.000000,1231.209351
977.500000,1235.192993
978.000000,1240.183350
978.500000,1245.481079
979.000000,1249.818481
979.500000,1252.480103
980.000000,1253.835449
980.500000,1255.290771
981.000000,1258.346069
981.500000,1263.228394
982.000000,1269.780273
982.500000,1276.969604
983.000000,1284.561890
983.500000,1292.985840
984.000000,1303.042358
984.500000,1314.811646
985.000000,1326.884155
985.500000,1336.559814
986.000000,1341.839966
986.500000,1340.761841
987.000000,1335.598877
987.500000,1328.212524
988.000000,1320.815430
988.500000,1313.722412
989.000000,1305.384399
989.500000,1293.501953
990.000000,1276.313232
990.500000,1254.993164
991.000000,1231.882324
991.500000,1210.665771
992.000000,1195.053955
992.500000,1185.575073
993.000000,1182.720825
993.500000,1185.004272
994.000000,1191.284302
994.500000,1200.758667
995.000000,1212.585205
995.500000,1226.659302
996.000000,1242.522949
996.500000,1260.799072
997.000000,1281.250488
997.500000,1303.806396
998.000000,1326.808472
998.500000,1347.600098
999.000000,1363.428345
999.500000,1372.697266
1000.000000,1374.764648
1000.500000,1371.849365
1001.000000,1365.092651
1001.500000,1356.317505
1002.000000,1344.996704
1002.500000,1330.562500
1003.000000,1311.701660
1003.500000,1288.625244
1004.000000,1262.658325
1004.500000,1236.117798
1005.000000,1211.599487
1005.500000,1191.550659
1006.000000,1175.774902
1006.500000,1163.809204
1007.000000,1152.689453
1007.500000,1139.885742
1008.000000,1124.498779
1008.500000,1107.419556
1009.000000,1091.116211
1009.500000,1078.029297
1010.000000,1069.675659
1010.500000,1064.729370
1011.000000,1061.631226
1011.500000,1058.331299
1012.000000,1054.254272
1012.500000,1050.226562
1013.000000,1047.544189
1013.500000,1046.793701
1014.000000,1047.566040
1014.500000,1048.896973
1015.000000,1049.974365
1015.500000,1050.848633
1016.000000,1052.336426
1016.500000,1055.743774
1017.000000,1061.257568
1017.500000,1068.754517
1018.000000,1077.062378
1018.500000,1084.972290
1019.000000,1091.660645
1019.500000,1097.133545
1020.000000,1101.727051
1020.500000,1106.007690
1021.000000,1109.888184
1021.500000,1112.893188
1022.000000,1113.964966
1022.500000,1112.941895
1023.000000,1110.228271
1023.500000,1107.164062
1024.000000,1105.098267
1024.500000,1104.657349
1025.000000,1105.162354
1025.500000,1105.574585
1026.000000,1105.322632
1026.500000,1104.905884
1027.000000,1105.661011
1027.500000,1108.947998
1028.000000,1114.478516
1028.500000,1120.588501
1029.000000,1124.905029
1029.500000,1125.964600
1030.000000,1123.382935
1030.500000,1119.114868
1031.000000,1115.126099
1031.500000,1112.662476
1032.000000,1111.982544
1032.500000,1111.935425
1033.000000,1111.308105
1033.500000,1109.358643
1034.000000,1106.072510
1034.500000,1101.829346
1035.000000,1097.353394
1035.500000,1093.206543
1036.000000,1089.612915
1036.500000,1086.730835
1037.000000,1084.361694
1037.500000,1082.425659
1038.000000,1080.858154
1038.500000,1079.739868
1039.000000,1079.220581
1039.500000,1079.306030
1040.000000,1079.987915
1040.500000,1080.979248
1041.000000,1082.078857
1041.500000,1083.092773
1042.000000,1083.879150
1042.500000,1084.363770
1043.000000,1084.440674
1043.500000,1084.082886
1044.000000,1083.416748
1044.500000,1082.665649
1045.000000,1082.059814
1045.500000,1081.642944
1046.000000,1081.094116
1046.500000,1079.796387
1047.000000,1077.478638
1047.500000,1074.194092
1048.000000,1070.714966
1048.500000,1068.125854
1049.000000,1067.347534
1049.500000,1068.303833
1050.000000,1070.389771
1050.500000,1072.261475
1051.000000,1072.766968
1051.500000,1071.946777
1052.000000,1070.293823
1052.500000,1068.663818
1053.000000,1067.307007
1053.500000,1065.602173
1054.000000,1062.539673
1054.500000,1057.287476
1055.000000,1050.497437
1055.500000,1043.305542
1056.000000,1037.012329
1056.500000,1032.203369
1057.000000,1028.136475
1057.500000,1023.943237
1058.000000,1019.496033
1058.500000,1015.899292
1059.000000,1015.026184
1059.500000,1017.623291
1060.000000,1023.632996
1060.500000,1030.557129
1061.000000,1035.950317
1061.500000,1038.921387
1062.000000,1039.981689
1062.500000,1041.217896
1063.000000,1044.609253
1063.500000,1050.796387
1064.000000,1058.626587
1064.500000,1066.361572
1065.000000,1072.606689
1065.500000,1076.514038
1066.000000,1079.130127
1066.500000,1081.648926
1067.000000,1085.242798
1067.500000,1090.463745
1068.000000,1096.780762
1068.500000,1102.906860
1069.000000,1107.379639
1069.500000,1109.691162
1070.000000,1109.848755
1070.500000,1109.376099
1071.000000,1109.647705
1071.500000,1111.188110
1072.000000,1113.725708
1072.500000,1116.311035
1073.000000,1118.389404
1073.500000,1120.392334
1074.000000,1123.517090
1074.500000,1129.206177
1075.000000,1137.242310
1075.500000,1146.784912
1076.000000,1155.717651
1076.500000,1162.016724
1077.000000,1165.045410
1077.500000,1164.795166
1078.000000,1162.095459
1078.500000,1158.017090
1079.000000,1153.254395
1079.500000,1148.330811
1080.000000,1143.260254
1080.500000,1137.735352
1081.000000,1131.000122
1081.500000,1122.871094
1082.000000,1113.780518
1082.500000,1105.362305
1083.000000,1099.847778
1083.500000,1099.141113
1084.000000,1102.874512
1084.500000,1109.683716
1085.000000,1116.536499
1085.500000,1121.071777
1086.000000,1123.249634
1086.500000,1124.173218
1087.000000,1125.879883
1087.500000,1129.773315
1088.000000,1135.804321
1088.500000,1142.608276
1089.000000,1148.581421
1089.500000,1152.944946
1090.000000,1155.441284
1090.500000,1157.116455
1091.000000,1158.592285
1091.500000,1160.027100
1092.000000,1160.834229
1092.500000,1160.207520
1093.000000,1157.626221
1093.500000,1153.080444
1094.000000,1147.455566
1094.500000,1141.613037
1095.000000,1136.264038
1095.500000,1131.798462
1096.000000,1128.012085
1096.500000,1124.847046
1097.000000,1122.260376
1097.500000,1120.397583
1098.000000,1119.371094
1098.500000,1119.086548
1099.000000,1119.584351
1099.500000,1120.918823
1100.000000,1124.056274
1100.500000,1129.550659
1101.000000,1138.630249
1101.500000,1150.933960
1102.000000,1165.642944
1102.500000,1181.053955
1103.000000,1195.602661
1103.500000,1208.624878
1104.000000,1221.009521
1104.500000,1234.633423
1105.000000,1250.874512
1105.500000,1270.770142
1106.000000,1292.711670
1106.500000,1314.523193
1107.000000,1334.246094
1107.500000,1351.417236
1108.000000,1367.427612
1108.500000,1384.637817
1109.000000,1404.960205
1109.500000,1427.694092
1110.000000,1451.015625
1110.500000,1472.594116
1111.000000,1491.109741
1111.500000,1507.738281
1112.000000,1524.532227
1112.500000,1543.088501
1113.000000,1563.182251
1113.500000,1582.825928
1114.000000,1599.473145
1114.500000,1609.843140
1115.000000,1613.972656
1115.500000,1610.645142
1116.000000,1601.472290
1116.500000,1587.028442
1117.000000,1569.000244
1117.500000,1549.200806
1118.000000,1529.390259
1118.500000,1510.866699
1119.000000,1494.465820
1119.500000,1479.738647
1120.000000,1466.368164
1120.500000,1453.319336
1121.000000,1439.494141
1121.500000,1423.855103
1122.000000,1405.519775
1122.500000,1384.628418
1123.000000,1362.755615
1123.500000,1342.470093
1124.000000,1325.933716
1124.500000,1315.764771
1125.000000,1310.874146
1125.500000,1310.954590
1126.000000,1313.892822
1126.500000,1318.661377
1127.000000,1324.655151
1127.500000,1331.821167
1128.000000,1340.351685
1128.500000,1350.057251
1129.000000,1360.785278
1129.500000,1371.949585
1130.000000,1383.372437
1130.500000,1395.286133
1131.000000,1408.810669
1131.500000,1425.041992
1132.000000,1444.657227
1132.500000,1466.753296
1133.000000,1488.583618
1133.500000,1506.461792
1134.000000,1518.777100
1134.500000,1524.389648
1135.000000,1526.940674
1135.500000,1529.732178
1136.000000,1535.278442
1136.500000,1544.386353
1137.000000,1556.080811
1137.500000,1569.404297
1138.000000,1584.915527
1138.500000,1603.885864
1139.000000,1628.703613
1139.500000,1658.302490
1140.000000,1690.866211
1140.500000,1722.187866
1141.000000,1748.044189
1141.500000,1766.543213
1142.000000,1777.411011
1142.500000,1781.671997
1143.000000,1781.289673
1143.500000,1776.457275
1144.000000,1767.865967
1144.500000,1754.393921
1145.000000,1737.339111
1145.500000,1717.940796
1146.000000,1698.925659
1146.500000,1683.062744
1147.000000,1672.114990
1147.500000,1666.412476
1148.000000,1666.052124
1148.500000,1669.921021
1149.000000,1679.035400
1149.500000,1693.156616
1150.000000,1714.453857
1150.500000,1742.891724
1151.000000,1780.089844
1151.500000,1826.445068
1152.000000,1882.682373
1152.500000,1949.339111
1153.000000,2024.312988
1153.500000,2106.041016
1154.000000,2190.586182
1154.500000,2276.187500
1155.000000,2362.385010
1155.500000,2450.773438
1156.000000,2542.769043
1156.500000,2638.989258
1157.000000,2738.158936
1157.500000,2837.746582
1158.000000,2935.153320
1158.500000,3028.872314
1159.000000,3116.080078
1159.500000,3195.869385
1160.000000,3263.542236
1160.500000,3317.799561
1161.000000,3355.718018
1161.500000,3377.931152
1162.000000,3385.792236
1162.500000,3379.364746
1163.000000,3359.984131
1163.500000,3324.408447
1164.000000,3274.951660
1164.500000,3209.904297
1165.000000,3133.945312
1165.500000,3047.950684
1166.000000,2953.524414
1166.500000,2850.009521
1167.000000,2737.162354
1167.500000,2617.651123
1168.000000,2496.005127
1168.500000,2378.281494
1169.000000,2271.153564
1169.500000,2174.427246
1170.000000,2088.583984
1170.500000,2010.010132
1171.000000,1937.472168
1171.500000,1870.711182
1172.000000,1810.300049
1172.500000,1756.957520
1173.000000,1709.057373
1173.500000,1666.054199
1174.000000,1626.388062
1174.500000,1591.288696
1175.000000,1560.968750
1175.500000,1536.086426
1176.000000,1514.904785
1176.500000,1494.993042
1177.000000,1474.331299
1177.500000,1452.548828
1178.000000,1430.792114
1178.500000,1410.551758
1179.000000,1392.987915
1179.500000,1377.082031
1180.000000,1361.817871
1180.500000,1346.491821
1181.000000,1331.630859
1181.500000,1318.434692
1182.000000,1307.642456
1182.500000,1299.026001
1183.000000,1290.967163
1183.500000,1281.963135
1184.000000,1271.889893
1184.500000,1261.929810
1185.000000,1253.891846
1185.500000,1249.289917
1186.000000,1247.674438
1186.500000,1247.397583
1187.000000,1246.677124
1187.500000,1244.918945
1188.000000,1243.091553
1188.500000,1242.978760
1189.000000,1246.680176
1189.500000,1253.664062
1190.000000,1263.085693
1190.500000,1273.158325
1191.000000,1282.900146
1191.500000,1292.365356
1192.000000,1302.311890
1192.500000,1313.692139
1193.000000,1326.842896
1193.500000,1342.558105
1194.000000,1360.720581
1194.500000,1382.296875
1195.000000,1407.205933
1195.500000,1435.943359
1196.000000,1468.544922
1196.500000,1505.418701
1197.000000,1547.468994
1197.500000,1594.353271
1198.000000,1645.592285
1198.500000,1697.922607
1199.000000,1747.273560
1199.500000,1790.896484
1200.000000,1826.303589
1200.500000,1854.588745
1201.000000,1877.489502
1201.500000,1897.010986
1202.000000,1914.587524
1202.500000,1930.191040
1203.000000,1943.723755
1203.500000,1953.960571
1204.000000,1960.892212
1204.500000,1963.087646
1205.000000,1960.388550
1205.500000,1952.095215
1206.000000,1938.825928
1206.500000,1921.964111
1207.000000,1902.782349
1207.500000,1882.333252
1208.000000,1859.983032
1208.500000,1834.980835
1209.000000,1805.621338
1209.500000,1772.563232
1210.000000,1736.804688
1210.500000,1700.463623
1211.000000,1665.148682
1211.500000,1631.453979
1212.000000,1599.037231
1212.500000,1567.895142
1213.000000,1538.340942
1213.500000,1512.131836
1214.000000,1489.481445
1214.500000,1470.512451
1215.000000,1453.213013
1215.500000,1435.607666
1216.000000,1416.696045
1216.500000,1397.055786
1217.000000,1378.126831
1217.500000,1360.767822
1218.000000,1344.986328
1218.500000,1329.533325
1219.000000,1313.843018
1219.500000,1298.605835
1220.000000,1285.585205
1220.500000,1275.847412
1221.000000,1269.191650
1221.500000,1264.296875
1222.000000,1259.652954
1222.500000,1254.919678
1223.000000,1250.624756
1223.500000,1247.356567
1224.000000,1244.462402
1224.500000,1240.825073
1225.000000,1236.212891
1225.500000,1232.168457
1226.000000,1231.469604
1226.500000,1235.908936
1227.000000,1245.169434
1227.500000,1255.281250
1228.000000,1261.257690
1228.500000,1261.342529
1229.000000,1255.549805
1229.500000,1248.173950
1230.000000,1243.369873
1230.500000,1243.055542
1231.000000,1246.219238
1231.500000,1249.863770
1232.000000,1250.841553
1232.500000,1246.875244
1233.000000,1239.170776
1233.500000,1229.390625
1234.000000,1220.359375
1234.500000,1214.163696
1235.000000,1211.083984
1235.500000,1210.556152
1236.000000,1211.674316
1236.500000,1214.004639
1237.000000,1218.118286
1237.500000,1224.086182
1238.000000,1231.440063
1238.500000,1238.045898
1239.000000,1241.448242
1239.500000,1241.447876
1240.000000,1239.847046
1240.500000,1239.949463
1241.000000,1243.936279
1241.500000,1251.463867
1242.000000,1259.394043
1242.500000,1264.538696
1243.000000,1266.855957
1243.500000,1268.710693
1244.000000,1273.681030
1244.500000,1284.189087
1245.000000,1298.610352
1245.500000,1313.185425
1246.000000,1324.124268
1246.500000,1330.242798
1247.000000,1332.329834
1247.500000,1333.451172
1248.000000,1335.895264
1248.500000,1340.074097
1249.000000,1345.448975
1249.500000,1350.580566
1250.000000,1354.047485
1250.500000,1354.805542
1251.000000,1352.270386
1251.500000,1346.098389
1252.000000,1337.416260
1252.500000,1327.377686
1253.000000,1317.685791
1253.500000,1309.475098
1254.000000,1302.667603
1254.500000,1296.994629
1255.000000,1292.102417
1255.500000,1288.152710
1256.000000,1285.611450
1256.500000,1284.524048
1257.000000,1284.752441
1257.500000,1285.577881
1258.000000,1286.683716
1258.500000,1287.913696
1259.000000,1289.251343
1259.500000,1290.490601
1260.000000,1291.319092
1260.500000,1291.740723
1261.000000,1292.375732
1261.500000,1294.381592
1262.000000,1298.468506
1262.500000,1305.434326
1263.000000,1314.489624
1263.500000,1325.458008
1264.000000,1337.629150
1264.500000,1350.449219
1265.000000,1362.748413
1265.500000,1372.877686
1266.000000,1379.400024
1266.500000,1382.827637
1267.000000,1384.995361
1267.500000,1388.841553
1268.000000,1396.804443
1268.500000,1407.641357
1269.000000,1418.527344
1269.500000,1426.067261
1270.000000,1428.207031
1270.500000,1425.680176
1271.000000,1421.254395
1271.500000,1417.282349
1272.000000,1414.592041
1272.500000,1412.520508
1273.000000,1409.402832
1273.500000,1403.553833
1274.000000,1394.955322
1274.500000,1384.345703
1275.000000,1373.520508
1275.500000,1364.293335
1276.000000,1357.795288
1276.500000,1353.479980
1277.000000,1350.334106
1277.500000,1347.058716
1278.000000,1343.563599
1278.500000,1340.866333
1279.000000,1340.316284
1279.500000,1341.804199
1280.000000,1343.826416
1280.500000,1344.312378
1281.000000,1342.467041
1281.500000,1339.274414
1282.000000,1337.266724
1282.500000,1339.258667
1283.000000,1344.913574
1283.500000,1353.181152
1284.000000,1361.905396
1284.500000,1369.994995
1285.000000,1377.608643
1285.500000,1385.527588
1286.000000,1394.256104
1286.500000,1403.366577
1287.000000,1411.716309
1287.500000,1418.340576
1288.000000,1422.264160
1288.500000,1424.315674
1289.000000,1426.002930
1289.500000,1429.446411
1290.000000,1436.322876
1290.500000,1446.965454
1291.000000,1459.820190
1291.500000,1473.131958
1292.000000,1485.668579
1292.500000,1497.262695
1293.000000,1508.559814
1293.500000,1519.336548
1294.000000,1528.529175
1294.500000,1534.856323
1295.000000,1538.661377
1295.500000,1542.019165
1296.000000,1547.253052
1296.500000,1554.617554
1297.000000,1562.117554
1297.500000,1566.580811
1298.000000,1564.935913
1298.500000,1558.180664
1299.000000,1548.330078
1299.500000,1538.237061
1300.000000,1529.561157
1300.500000,1522.651489
1301.000000,1516.926147
1301.500000,1511.849976
1302.000000,1506.422974
1302.500000,1498.795410
1303.000000,1487.826904
1303.500000,1472.709106
1304.000000,1455.511841
1304.500000,1439.682617
1305.000000,1428.358276
1305.500000,1421.779175
1306.000000,1418.017334
1306.500000,1413.515869
1307.000000,1405.517456
1307.500000,1394.738770
1308.000000,1383.052734
1308.500000,1373.022705
1309.000000,1366.197632
1309.500000,1362.012451
1310.000000,1358.596924
1310.500000,1353.940674
1311.000000,1347.287842
1311.500000,1339.204224
1312.000000,1331.839966
1312.500000,1327.689819
1313.000000,1326.928589
1313.500000,1328.463013
1314.000000,1329.434326
1314.500000,1327.229614
1315.000000,1321.030151
1315.500000,1312.352051
1316.000000,1303.161987
1316.500000,1295.069092
1317.000000,1289.074707
1317.500000,1284.882446
1318.000000,1283.015015
1318.500000,1283.488281
1319.000000,1286.246338
1319.500000,1290.093506
1320.000000,1293.195557
1320.500000,1293.952271
1321.000000,1292.374023
1321.500000,1289.154785
1322.000000,1285.828003
1322.500000,1283.048584
1323.000000,1280.386841
1323.500000,1276.968994
1324.000000,1272.471313
1324.500000,1267.560059
1325.000000,1263.595093
1325.500000,1261.661743
1326.000000,1262.363037
1326.500000,1264.539307
1327.000000,1266.604370
1327.500000,1266.994385
1328.000000,1264.649536
1328.500000,1260.438354
1329.000000,1256.075928
1329.500000,1253.334961
1330.000000,1252.672607
1330.500000,1252.951660
1331.000000,1251.985596
1331.500000,1247.815430
1332.000000,1241.445068
1332.500000,1235.305542
1333.000000,1232.276123
1333.500000,1234.007446
1334.000000,1239.293701
1334.500000,1245.745728
1335.000000,1251.408691
1335.500000,1255.975220
1336.000000,1260.388916
1336.500000,1265.728149
1337.000000,1272.404175
1337.500000,1279.578613
1338.000000,1286.709839
1338.500000,1294.053955
1339.000000,1302.595581
1339.500000,1312.945923
1340.000000,1324.386475
1340.500000,1335.150635
1341.000000,1343.675537
1341.500000,1348.940308
1342.000000,1352.370972
1342.500000,1354.918457
1343.000000,1357.214722
1343.500000,1359.060669
1344.000000,1360.460815
1344.500000,1362.335083
1345.000000,1366.321777
1345.500000,1373.098389
1346.000000,1382.215210
1346.500000,1391.196167
1347.000000,1397.608643
1347.500000,1401.406616
1348.000000,1403.843262
1348.500000,1406.903809
1349.000000,1411.214478
1349.500000,1415.495361
1350.000000,1418.051758
1350.500000,1418.292847
1351.000000,1417.853149
1351.500000,1418.977051
1352.000000,1422.302734
1352.500000,1427.211792
1353.000000,1431.717773
1353.500000,1434.289551
1354.000000,1434.702881
1354.500000,1433.509521
1355.000000,1430.986572
1355.500000,1427.200928
1356.000000,1421.684326
1356.500000,1414.873291
1357.000000,1406.946045
1357.500000,1398.183350
1358.000000,1388.071167
1358.500000,1376.449585
1359.000000,1363.919312
1359.500000,1351.866211
1360.000000,1341.409790
1360.500000,1332.820679
1361.000000,1324.963257
1361.500000,1317.080688
1362.000000,1309.341064
1362.500000,1302.682739
1363.000000,1297.197266
1363.500000,1291.670166
1364.000000,1284.271973
1364.500000,1274.541138
1365.000000,1264.120483
1365.500000,1255.421387
1366.000000,1249.783691
1366.500000,1245.242188
1367.000000,1239.189087
1367.500000,1230.903076
1368.000000,1222.173950
1368.500000,1216.139404
1369.000000,1214.502441
1369.500000,1216.215942
1370.000000,1218.362305
1370.500000,1219.375366
1371.000000,1220.408325
1371.500000,1224.420776
1372.000000,1231.869141
1372.500000,1241.429077
1373.000000,1250.272949
1373.500000,1256.975464
1374.000000,1262.388672
1374.500000,1268.157349
1375.000000,1274.520996
1375.500000,1279.812988
1376.000000,1281.400146
1376.500000,1279.587646
1377.000000,1275.816650
1377.500000,1272.593994
1378.000000,1270.741333
1378.500000,1268.950806
1379.000000,1265.576172
1379.500000,1260.383423
1380.000000,1254.765503
1380.500000,1249.868286
1381.000000,1245.201660
1381.500000,1238.968384
1382.000000,1230.536865
1382.500000,1221.109741
1383.000000,1213.811523
1383.500000,1211.523315
1384.000000,1214.594971
1384.500000,1220.291626
1385.000000,1225.155762
1385.500000,1227.410156
1386.000000,1227.327393
1386.500000,1227.473755
1387.000000,1229.998901
1387.500000,1234.982666
1388.000000,1241.201782
1388.500000,1246.686890
1389.000000,1250.134521
1389.500000,1251.330200
1390.000000,1251.374146
1390.500000,1251.334229
1391.000000,1251.956421
1391.500000,1253.799438
1392.000000,1256.967285
1392.500000,1262.102539
1393.000000,1269.408691
1393.500000,1278.643799
1394.000000,1288.893921
1394.500000,1299.091431
1395.000000,1308.965088
1395.500000,1319.202271
1396.000000,1330.935303
1396.500000,1343.884888
1397.000000,1356.780884
1397.500000,1368.037964
1398.000000,1377.247314
1398.500000,1386.205688
1399.000000,1397.268799
1399.500000,1411.557617
1400.000000,1427.260376
1400.500000,1441.208984
1401.000000,1451.579834
1401.500000,1457.946533
1402.000000,1462.987183
1402.500000,1469.103027
1403.000000,1477.018555
1403.500000,1485.486450
1404.000000,1492.239502
1404.500000,1495.906494
1405.000000,1495.968018
1405.500000,1493.980103
1406.000000,1491.436890
1406.500000,1490.070068
1407.000000,1491.224365
1407.500000,1494.510132
1408.000000,1498.172485
1408.500000,1499.440674
1409.000000,1496.226929
1409.500000,1487.815308
1410.000000,1476.675293
1410.500000,1465.715332
1411.000000,1456.790527
1411.500000,1450.296265
1412.000000,1444.658447
1412.500000,1438.239624
1413.000000,1429.945312
1413.500000,1419.280151
1414.000000,1406.097168
1414.500000,1391.127075
1415.000000,1375.417969
1415.500000,1360.633545
1416.000000,1348.592285
1416.500000,1338.987549
1417.000000,1331.115723
1417.500000,1323.734375
1418.000000,1316.497437
1418.500000,1309.992310
1419.000000,1304.955078
1419.500000,1301.732300
1420.000000,1299.490601
1420.500000,1297.455811
1421.000000,1295.212280
1421.500000,1293.096558
1422.000000,1291.752441
1422.500000,1291.806030
1423.000000,1293.494873
1423.500000,1296.825928
1424.000000,1301.715820
1424.500000,1307.619141
1425.000000,1314.296143
1425.500000,1321.579346
1426.000000,1330.002563
1426.500000,1339.533325
1427.000000,1349.289185
1427.500000,1357.176270
1428.000000,1361.302612
1428.500000,1361.684814
1429.000000,1360.961426
1429.500000,1362.587280
1430.000000,1367.884644
1430.500000,1376.234741
1431.000000,1384.074219
1431.500000,1388.534180
1432.000000,1389.899414
1432.500000,1390.628540
1433.000000,1393.949219
1433.500000,1401.252075
1434.000000,1412.303955
1434.500000,1425.269775
1435.000000,1439.144897
1435.500000,1453.194580
1436.000000,1467.109985
1436.500000,1480.575073
1437.000000,1493.286133
1437.500000,1505.490479
1438.000000,1517.951172
1438.500000,1531.560791
1439.000000,1546.513672
1439.500000,1562.395142
1440.000000,1577.837402
1440.500000,1590.645752
1441.000000,1599.699219
1441.500000,1603.729004
1442.000000,1604.051758
1442.500000,1602.688599
1443.000000,1601.648560
1443.500000,1601.165771
1444.000000,1599.217041
1444.500000,1593.774048
1445.000000,1583.341064
1445.500000,1570.339722
1446.000000,1557.216797
1446.500000,1545.401123
1447.000000,1534.094238
1447.500000,1521.249878
1448.000000,1505.723022
1448.500000,1488.268677
1449.000000,1470.893433
1449.500000,1454.401245
1450.000000,1437.685547
1450.500000,1418.932617
1451.000000,1398.274902
1451.500000,1377.370239
1452.000000,1358.565186
1452.500000,1343.133301
1453.000000,1330.433716
1453.500000,1318.920898
1454.000000,1308.176147
1454.500000,1298.779297
1455.000000,1291.978271
1455.500000,1286.853638
1456.000000,1281.657959
1456.500000,1274.669556
1457.000000,1265.671265
1457.500000,1256.615479
1458.000000,1250.101807
1458.500000,1247.738159
1459.000000,1248.176392
1459.500000,1249.086548
1460.000000,1248.649414
1460.500000,1246.675049
1461.000000,1244.909424
1461.500000,1245.219482
1462.000000,1247.954590
1462.500000,1252.139526
1463.000000,1256.220825
1463.500000,1259.274536
1464.000000,1261.323364
1464.500000,1262.922729
1465.000000,1263.812378
1465.500000,1263.602051
1466.000000,1261.986938
1466.500000,1260.009644
1467.000000,1259.309814
1467.500000,1260.847778
1468.000000,1263.916382
1468.500000,1266.443848
1469.000000,1266.710449
1469.500000,1264.066406
1470.000000,1260.191895
1470.500000,1256.580078
1471.000000,1253.821411
1471.500000,1251.416138
1472.000000,1248.417480
1472.500000,1244.471924
1473.000000,1240.199097
1473.500000,1236.711914
1474.000000,1234.771118
1474.500000,1233.789185
1475.000000,1232.533936
1475.500000,1229.751343
1476.000000,1224.584717
1476.500000,1217.928833
1477.000000,1211.519775
1477.500000,1207.063354
1478.000000,1204.783325
1478.500000,1203.112305
1479.000000,1199.970459
1479.500000,1194.278198
1480.000000,1188.004517
1480.500000,1184.521606
1481.000000,1185.690308
1481.500000,1191.449341
1482.000000,1198.591553
1482.500000,1203.396606
1483.000000,1204.386230
1483.500000,1203.363159
1484.000000,1203.095337
1484.500000,1205.226074
1485.000000,1210.032349
1485.500000,1215.621216
1486.000000,1220.595947
1486.500000,1224.632935
1487.000000,1228.144043
1487.500000,1231.487549
1488.000000,1234.491333
1488.500000,1236.888306
1489.000000,1239.144775
1489.500000,1242.459106
1490.000000,1247.395996
1490.500000,1253.746704
1491.000000,1259.842407
1491.500000,1264.096313
1492.000000,1266.904785
1492.500000,1270.468506
1493.000000,1277.267334
1493.500000,1287.465698
1494.000000,1299.281006
1494.500000,1309.403198
1495.000000,1315.367798
1495.500000,1318.669922
1496.000000,1322.353027
1496.500000,1328.742554
1497.000000,1337.256348
1497.500000,1344.764648
1498.000000,1348.292114
1498.500000,1346.762573
1499.000000,1343.176025
1499.500000,1341.442261
1500.000000,1343.526123
1500.500000,1349.300171
1501.000000,1355.468750
1501.500000,1359.030273
1502.000000,1358.529175
1502.500000,1354.007812
1503.000000,1345.766846
1503.500000,1334.882690
1504.000000,1321.931274
1504.500000,1308.862183
1505.000000,1298.249756
1505.500000,1291.319336
1506.000000,1288.396851
1506.500000,1287.434448
1507.000000,1285.730957
1507.500000,1281.109375
1508.000000,1273.164062
1508.500000,1262.334595
1509.000000,1250.671021
1509.500000,1240.363159
1510.000000,1232.902832
1510.500000,1230.035522
1511.000000,1231.305542
1511.500000,1235.168457
1512.000000,1238.611816
1512.500000,1238.665649
1513.000000,1233.374512
1513.500000,1224.485229
1514.000000,1214.872681
1514.500000,1207.812866
1515.000000,1206.003296
1515.500000,1208.673828
1516.000000,1214.104004
1516.500000,1219.422852
1517.000000,1222.571289
1517.500000,1223.450439
1518.000000,1224.082153
1518.500000,1226.833374
1519.000000,1232.307861
1519.500000,1240.129517
1520.000000,1248.247070
1520.500000,1255.450806
1521.000000,1261.950317
1521.500000,1268.691528
1522.000000,1276.087036
1522.500000,1283.678101
1523.000000,1291.194946
1523.500000,1299.466675
1524.000000,1310.789551
1524.500000,1325.616699
1525.000000,1343.041870
1525.500000,1359.486572
1526.000000,1372.249756
1526.500000,1382.128296
1527.000000,1392.548218
1527.500000,1406.959106
1528.000000,1425.406738
1528.500000,1445.390747
1529.000000,1463.191406
1529.500000,1476.714966
1530.000000,1488.430054
1530.500000,1501.045654
1531.000000,1515.635620
1531.500000,1530.935913
1532.000000,1544.592651
1532.500000,1555.453613
1533.000000,1563.931030
1533.500000,1571.929077
1534.000000,1580.041748
1534.500000,1587.114502
1535.000000,1590.665894
1535.500000,1589.887329
1536.000000,1585.366089
1536.500000,1579.786011
1537.000000,1576.077026
1537.500000,1575.625732
1538.000000,1576.720215
1538.500000,1576.438232
1539.000000,1572.805420
1539.500000,1565.021484
1540.000000,1555.766113
1540.500000,1548.303467
1541.000000,1544.788940
1541.500000,1544.929565
1542.000000,1546.486328
1542.500000,1547.102905
1543.000000,1545.630005
1543.500000,1542.945557
1544.000000,1540.392700
1544.500000,1538.987427
1545.000000,1539.143433
1545.500000,1539.988037
1546.000000,1540.190552
1546.500000,1538.033569
1547.000000,1531.992676
1547.500000,1521.149170
1548.000000,1507.419800
1548.500000,1494.136353
1549.000000,1484.635498
1549.500000,1480.474609
1550.000000,1478.647461
1550.500000,1474.970093
1551.000000,1466.481079
1551.500000,1453.114136
1552.000000,1437.249023
1552.500000,1421.785278
1553.000000,1407.407471
1553.500000,1392.706909
1554.000000,1376.169189
1554.500000,1358.484253
1555.000000,1341.732056
1555.500000,1327.873047
1556.000000,1317.623291
1556.500000,1309.550415
1557.000000,1301.529419
1557.500000,1292.389038
1558.000000,1282.409424
1558.500000,1272.613037
1559.000000,1264.064209
1559.500000,1257.852051
1560.000000,1253.911499
1560.500000,1251.904053
1561.000000,1251.052246
1561.500000,1250.687744
1562.000000,1250.452637
1562.500000,1250.187134
1563.000000,1249.703857
1563.500000,1248.766357
1564.000000,1247.142456
1564.500000,1245.190308
1565.000000,1243.338867
1565.500000,1241.630981
1566.000000,1239.324219
1566.500000,1235.288574
1567.000000,1229.092163
1567.500000,1221.592529
1568.000000,1214.741577
1568.500000,1210.347290
1569.000000,1207.953125
1569.500000,1206.171265
1570.000000,1202.774658
1570.500000,1195.629639
1571.000000,1184.227295
1571.500000,1169.762573
1572.000000,1154.377930
1572.500000,1140.880859
1573.000000,1132.248413
1573.500000,1128.334106
1574.000000,1128.372925
1574.500000,1128.843262
1575.000000,1126.973877
1575.500000,1122.100098
1576.000000,1115.225342
1576.500000,1108.314941
1577.000000,1103.094971
1577.500000,1100.684692
1578.000000,1100.280396
1578.500000,1100.488159
1579.000000,1099.490356
1579.500000,1095.881226
1580.000000,1090.289185
1580.500000,1084.728027
1581.000000,1081.893066
1581.500000,1083.060913
1582.000000,1087.307617
1582.500000,1091.800781
1583.000000,1093.845337
1583.500000,1093.024170
1584.000000,1089.806274
1584.500000,1086.249878
1585.000000,1084.040894
1585.500000,1083.850464
1586.000000,1085.704712
1586.500000,1089.234253
1587.000000,1093.661499
1587.500000,1098.387329
1588.000000,1102.795776
1588.500000,1106.195068
1589.000000,1108.320923
1589.500000,1108.939331
1590.000000,1109.056274
1590.500000,1110.699341
1591.000000,1115.984009
1591.500000,1125.280273
1592.000000,1136.254395
1592.500000,1145.199341
1593.000000,1149.149536
1593.500000,1149.871460
1594.000000,1150.568359
1594.500000,1154.082397
1595.000000,1160.109619
1595.500000,1164.827881
1596.000000,1164.700073
1596.500000,1158.800415
1597.000000,1149.992432
1597.500000,1141.513184
1598.000000,1135.041260
1598.500000,1129.985352
1599.000000,1124.226196
1599.500000,1116.207397
1600.000000,1105.774536
1600.500000,1093.235107
1601.000000,1079.309082
1601.500000,1065.282349
1602.000000,1052.906494
1602.500000,1043.059570
1603.000000,1036.111694
1603.500000,1030.036011
1604.000000,1022.864685
1604.500000,1013.883789
1605.000000,1004.077148
1605.500000,995.363464
1606.000000,988.733643
1606.500000,983.778931
1607.000000,978.907166
1607.500000,972.609802
1608.000000,964.523315
1608.500000,954.535339
1609.000000,943.420471
1609.500000,931.955322
1610.000000,921.536255
1610.500000,913.867310
1611.000000,909.944397
1611.500000,908.422302
1612.000000,906.305542
1612.500000,901.011963
1613.000000,890.773987
1613.500000,877.993958
1614.000000,865.680298
1614.500000,856.572571
1615.000000,851.622986
1615.500000,849.815430
1616.000000,849.615601
1616.500000,849.946228
1617.000000,849.985352
1617.500000,848.771729
1618.000000,845.803284
1618.500000,840.531311
1619.000000,833.784119
1619.500000,826.577515
1620.000000,819.998901
1620.500000,814.660034
1621.000000,810.694458
1621.500000,807.701721
1622.000000,805.487000
1622.500000,803.533569
1623.000000,801.236511
1623.500000,798.158142
1624.000000,793.992493
1624.500000,789.242615
1625.000000,784.439758
1625.500000,779.900696
1626.000000,775.585938
1626.500000,771.341309
1627.000000,767.174744
1627.500000,763.472717
1628.000000,760.484070
1628.500000,758.445557
1629.000000,757.017517
1629.500000,755.875549
1630.000000,754.844666
1630.500000,754.152954
1631.000000,754.196228
1631.500000,754.884033
1632.000000,755.350464
1632.500000,754.172302
1633.000000,749.187683
1633.500000,740.674500
1634.000000,730.195129
1634.500000,720.687317
1635.000000,714.725403
1635.500000,713.048035
1636.000000,714.036804
1636.500000,715.140747
1637.000000,714.484924
1637.500000,711.372620
1638.000000,707.105164
1638.500000,702.643860
1639.000000,698.455811
1639.500000,694.280029
1640.000000,689.761047
1640.500000,684.962341
1641.000000,680.248535
1641.500000,675.840088
1642.000000,671.562805
1642.500000,666.953552
1643.000000,661.780640
1643.500000,656.538086
1644.000000,652.136169
1644.500000,649.299683
1645.000000,648.365356
1645.500000,648.929871
1646.000000,649.722778
1646.500000,649.344238
1647.000000,646.994629
1647.500000,641.909912
1648.000000,635.275696
1648.500000,628.562317
1649.000000,623.172241
1649.500000,619.619995
1650.000000,617.240112
1650.500000,614.916138
1651.000000,611.887207
1651.500000,608.247620
1652.000000,604.384033
1652.500000,600.546387
1653.000000,596.695923
1653.500000,592.894226
1654.000000,589.612000
1654.500000,587.272095
1655.000000,585.710815
1655.500000,584.166931
1656.000000,581.875244
1656.500000,578.633545
1657.000000,575.245667
1657.500000,572.612610
1658.000000,570.644043
1658.500000,568.647400
1659.000000,565.837830
1659.500000,561.930237
1660.000000,557.354431
1660.500000,552.784790
1661.000000,548.563599
1661.500000,544.697754
1662.000000,541.312683
1662.500000,538.462708
1663.000000,536.409485
1663.500000,534.976257
1664.000000,534.115540
1664.500000,533.769165
1665.000000,533.858704
1665.500000,533.973877
1666.000000,533.301331
1666.500000,530.950989
1667.000000,527.224670
1667.500000,522.976074
1668.000000,519.604492
1668.500000,518.163879
1669.000000,517.996094
1669.500000,517.644348
1670.000000,515.725586
1670.500000,511.914459
1671.000000,506.952728
1671.500000,502.659271
1672.000000,500.886963
1672.500000,501.435608
1673.000000,503.484772
1673.500000,505.079681
1674.000000,504.557709
1674.500000,501.787231
1675.000000,498.009705
1675.500000,494.516998
1676.000000,491.749329
1676.500000,489.139862
1677.000000,485.730438
1677.500000,481.285004
1678.000000,476.949127
1678.500000,474.240753
1679.000000,473.766266
1679.500000,475.085907
1680.000000,476.806458
1680.500000,477.664948
1681.000000,477.124512
1681.500000,475.622833
1682.000000,473.438599
1682.500000,470.929382
1683.000000,468.133240
1683.500000,465.234009
1684.000000,462.528748
1684.500000,460.238464
1685.000000,458.269958
1685.500000,456.231140
1686.000000,453.857330
1686.500000,451.336456
1687.000000,449.297485
1687.500000,448.536011
1688.000000,448.934387
1688.500000,449.775024
1689.000000,450.134033
1689.500000,449.650421
1690.000000,448.687805
1690.500000,447.918396
1691.000000,447.519135
1691.500000,446.896149
1692.000000,445.272675
1692.500000,442.871735
1693.000000,440.603638
1693.500000,439.623535
1694.000000,440.280212
1694.500000,441.784119
1695.000000,442.917969
1695.500000,442.760406
1696.000000,441.297089
1696.500000,438.792236
1697.000000,435.993530
1697.500000,433.610901
1698.000000,432.442383
1698.500000,433.565765
1699.000000,437.102112
1699.500000,441.771088
1700.000000,445.547760
1700.500000,446.724335
1701.000000,444.158203
1701.500000,439.225464
1702.000000,433.806549
1702.500000,429.757172
1703.000000,428.348816
1703.500000,429.349854
1704.000000,431.885803
1704.500000,434.332947
1705.000000,435.327179
1705.500000,434.042175
1706.000000,431.086761
1706.500000,427.382050
1707.000000,424.300415
1707.500000,422.765320
1708.000000,422.767273
1708.500000,424.221863
1709.000000,426.592285
1709.500000,428.899414
1710.000000,429.792206
1710.500000,428.467224
1711.000000,424.666443
1711.500000,420.166534
1712.000000,417.610870
1712.500000,418.046173
1713.000000,421.251831
1713.500000,425.043304
1714.000000,427.247009
1714.500000,426.939636
1715.000000,425.228912
1715.500000,423.503540
1716.000000,422.424316
1716.500000,421.765869
1717.000000,420.828766
1717.500000,419.514282
1718.000000,418.388000
1718.500000,417.940216
1719.000000,417.977844
1719.500000,417.671021
1720.000000,416.142731
1720.500000,413.361755
1721.000000,409.529785
1721.500000,405.417450
1722.000000,401.731018
1722.500000,399.003479
1723.000000,397.640106
1723.500000,397.370361
1724.000000,397.467834
1724.500000,397.068573
1725.000000,396.003479
1725.500000,395.064728
1726.000000,395.196289
1726.500000,396.976349
1727.000000,399.264465
1727.500000,400.321503
1728.000000,399.298676
1728.500000,396.401794
1729.000000,392.928894
1729.500000,390.345642
1730.000000,389.636017
1730.500000,390.407776
1731.000000,392.095093
1731.500000,393.540588
1732.000000,393.537628
1732.500000,391.763977
1733.000000,388.700043
1733.500000,385.554382
1734.000000,383.372498
1734.500000,382.405548
1735.000000,381.850922
1735.500000,380.855560
1736.000000,379.360474
1736.500000,377.852020
1737.000000,376.845276
1737.500000,376.374725
1738.000000,375.997284
1738.500000,375.540497
1739.000000,375.228638
1739.500000,375.324097
1740.000000,375.647400
1740.500000,375.629333
1741.000000,374.856262
1741.500000,373.812012
1742.000000,373.465576
1742.500000,374.315277
1743.000000,375.929047
1743.500000,376.983795
1744.000000,376.101624
1744.500000,372.611908
1745.000000,367.822327
1745.500000,363.936035
1746.000000,362.630737
1746.500000,365.200867
1747.000000,370.062073
1747.500000,374.918213
1748.000000,377.848541
1748.500000,378.257507
1749.000000,377.042267
1749.500000,375.957703
1750.000000,376.377319
1750.500000,378.354431
1751.000000,381.645630
1751.500000,385.120422
1752.000000,387.597351
1752.500000,388.469818
1753.000000,387.508423
1753.500000,385.385895
1754.000000,383.259521
1754.500000,382.129883
1755.000000,381.903351
1755.500000,381.925415
1756.000000,381.403198
1756.500000,379.996002
1757.000000,378.345917
1757.500000,377.100830
1758.000000,376.303162
1758.500000,375.328064
1759.000000,373.209290
1759.500000,369.613800
1760.000000,364.742279
1760.500000,359.525116
1761.000000,354.782074
1761.500000,350.795410
1762.000000,347.479980
1762.500000,344.484924
1763.000000,341.796967
1763.500000,339.806641
1764.000000,339.023102
1764.500000,339.520782
1765.000000,340.367035
1765.500000,339.996338
1766.000000,337.428955
1766.500000,332.732086
1767.000000,327.949768
1767.500000,325.190460
1768.000000,325.157623
1768.500000,326.795197
1769.000000,328.011353
1769.500000,327.716827
1770.000000,326.018036
1770.500000,324.052216
1771.000000,322.283142
1771.500000,320.332672
1772.000000,317.930298
1772.500000,315.735779
1773.000000,315.144409
1773.500000,316.670715
1774.000000,319.280609
1774.500000,321.413788
1775.000000,322.256317
1775.500000,322.061768
1776.000000,322.140747
1776.500000,322.962311
1777.000000,323.862122
1777.500000,323.799683
1778.000000,322.522339
1778.500000,320.785583
1779.000000,319.510590
1779.500000,319.002960
1780.000000,318.878387
1780.500000,318.357574
1781.000000,317.088654
1781.500000,315.534363
1782.000000,314.306274
1782.500000,313.622284
1783.000000,313.069427
1783.500000,312.050110
1784.000000,310.294159
1784.500000,307.889984
1785.000000,305.333069
1785.500000,302.942963
1786.000000,300.912140
1786.500000,299.734497
1787.000000,299.748108
1787.500000,300.866486
1788.000000,302.274597
1788.500000,302.909027
1789.000000,302.131287
1789.500000,300.618378
1790.000000,299.401184
1790.500000,298.998657
1791.000000,299.296936
1791.500000,299.429047
1792.000000,298.711182
1792.500000,297.107056
1793.000000,294.965027
1793.500000,292.830536
1794.000000,291.013885
1794.500000,289.311157
1795.000000,287.217834
1795.500000,284.481873
1796.000000,282.138000
1796.500000,282.069702
1797.000000,284.878448
1797.500000,289.585114
1798.000000,293.372986
1798.500000,294.159454
1799.000000,292.073517
1799.500000,289.455292
1800.000000,288.541138
1800.500000,289.280151
1801.000000,290.357178
1801.500000,290.490112
1802.000000,289.266754
1802.500000,287.235138
1803.000000,285.077454
1803.500000,283.234039
1804.000000,282.047913
1804.500000,281.982361
1805.000000,282.758240
1805.500000,283.903107
1806.000000,284.743805
1806.500000,284.753082
1807.000000,283.892944
1807.500000,282.510986
1808.000000,281.306824
1808.500000,281.007446
1809.000000,281.808380
1809.500000,282.571503
1810.000000,281.977570
