440.000000,16045.997070
440.500000,15848.279297
441.000000,15649.997070
441.500000,15447.171875
442.000000,15239.735352
442.500000,15031.569336
443.000000,14833.320312
443.500000,14657.345703
444.000000,14510.333984
444.500000,14395.255859
445.000000,14314.281250
445.500000,14260.863281
446.000000,14227.915039
446.500000,14201.743164
447.000000,14170.256836
447.500000,14123.022461
448.000000,14045.341797
448.500000,13940.078125
449.000000,13812.235352
449.500000,13670.186523
450.000000,13524.490234
450.500000,13385.323242
451.000000,13257.784180
451.500000,13148.378906
452.000000,13055.431641
452.500000,12982.113281
453.000000,12925.368164
453.500000,12881.600586
454.000000,12846.710938
454.500000,12819.196289
455.000000,12800.494141
455.500000,12792.258789
456.000000,12796.639648
456.500000,12808.111328
457.000000,12822.065430
457.500000,12832.817383
458.000000,12836.214844
458.500000,12834.222656
459.000000,12832.949219
459.500000,12838.607422
460.000000,12855.211914
460.500000,12887.243164
461.000000,12932.986328
461.500000,12993.713867
462.000000,13066.854492
462.500000,13155.539062
463.000000,13259.220703
463.500000,13378.296875
464.000000,13506.202148
464.500000,13633.987305
465.000000,13750.029297
465.500000,13844.536133
466.000000,13896.745117
466.500000,13910.180664
467.000000,13879.610352
467.500000,13817.220703
468.000000,13730.191406
468.500000,13630.984375
469.000000,13530.781250
469.500000,13436.487305
470.000000,13351.518555
470.500000,13280.289062
471.000000,13222.986328
471.500000,13182.527344
472.000000,13151.665039
472.500000,13125.139648
473.000000,13095.583984
473.500000,13056.454102
474.000000,13004.839844
474.500000,12946.022461
475.000000,12886.191406
475.500000,12831.598633
476.000000,12788.953125
476.500000,12758.883789
477.000000,12742.034180
477.500000,12734.730469
478.000000,12736.439453
478.500000,12745.985352
479.000000,12763.652344
479.500000,12789.964844
480.000000,12823.806641
480.500000,12865.902344
481.000000,12913.669922
481.500000,12965.258789
482.000000,13015.770508
482.500000,13060.529297
483.000000,13097.755859
483.500000,13127.010742
484.000000,13150.031250
484.500000,13169.776367
485.000000,13187.791992
485.500000,13203.851562
486.000000,13215.716797
486.500000,13223.172852
487.000000,13226.536133
487.500000,13230.324219
488.000000,13239.168945
488.500000,13255.100586
489.000000,13277.159180
489.500000,13301.410156
490.000000,13321.437500
490.500000,13331.913086
491.000000,13333.767578
491.500000,13327.798828
492.000000,13319.091797
492.500000,13312.316406
493.000000,13309.988281
493.500000,13312.483398
494.000000,13318.915039
494.500000,13327.591797
495.000000,13337.128906
495.500000,13345.946289
496.000000,13352.259766
496.500000,13355.362305
497.000000,13353.733398
497.500000,13347.724609
498.000000,13337.529297
498.500000,13324.450195
499.000000,13308.131836
499.500000,13285.833008
500.000000,13254.446289
500.500000,13206.250977
501.000000,13141.212891
501.500000,13059.348633
502.000000,12968.335938
502.500000,12874.781250
503.000000,12785.826172
503.500000,12707.263672
504.000000,12640.476562
504.500000,12585.083008
505.000000,12544.354492
505.500000,12518.771484
506.000000,12517.626953
506.500000,12538.477539
507.000000,12580.751953
507.500000,12636.743164
508.000000,12700.416992
508.500000,12766.436523
509.000000,12832.961914
509.500000,12901.456055
510.000000,12972.461914
510.500000,13043.778320
511.000000,13109.710938
511.500000,13157.392578
512.000000,13179.097656
512.500000,13168.232422
513.000000,13126.955078
513.500000,13059.540039
514.000000,12972.135742
514.500000,12873.829102
515.000000,12771.558594
515.500000,12670.414062
516.000000,12574.339844
516.500000,12484.686523
517.000000,12404.914062
517.500000,12336.326172
518.000000,12280.308594
518.500000,12237.840820
519.000000,12208.572266
519.500000,12192.577148
520.000000,12185.935547
520.500000,12184.398438
521.000000,12182.774414
521.500000,12178.097656
522.000000,12170.235352
522.500000,12160.845703
523.000000,12153.892578
523.500000,12152.956055
524.000000,12160.305664
524.500000,12175.499023
525.000000,12198.305664
525.500000,12225.052734
526.000000,12251.120117
526.500000,12271.464844
527.000000,12279.203125
527.500000,12270.459961
528.000000,12240.638672
528.500000,12187.512695
529.000000,12115.943359
529.500000,12030.298828
530.000000,11937.926758
530.500000,11843.417969
531.000000,11751.006836
531.500000,11664.159180
532.000000,11582.863281
532.500000,11508.090820
533.000000,11440.113281
533.500000,11379.766602
534.000000,11329.523438
534.500000,11291.005859
535.000000,11268.312500
535.500000,11260.721680
536.000000,11272.429688
536.500000,11299.316406
537.000000,11340.127930
537.500000,11387.265625
538.000000,11434.270508
538.500000,11476.280273
539.000000,11510.597656
539.500000,11534.868164
540.000000,11549.867188
540.500000,11554.565430
541.000000,11551.708984
541.500000,11541.513672
542.000000,11527.410156
542.500000,11513.291992
543.000000,11503.945312
543.500000,11501.398438
544.000000,11504.977539
544.500000,11510.766602
545.000000,11514.336914
545.500000,11513.075195
546.000000,11507.166992
546.500000,11502.532227
547.000000,11506.188477
547.500000,11522.619141
548.000000,11554.193359
548.500000,11599.534180
549.000000,11651.736328
549.500000,11703.512695
550.000000,11749.596680
550.500000,11783.801758
551.000000,11805.936523
551.500000,11812.118164
552.000000,11805.294922
552.500000,11788.879883
553.000000,11768.187500
553.500000,11749.381836
554.000000,11738.534180
554.500000,11739.089844
555.000000,11752.626953
555.500000,11773.658203
556.000000,11798.819336
556.500000,11823.438477
557.000000,11843.898438
557.500000,11857.721680
558.000000,11862.864258
558.500000,11857.080078
559.000000,11839.190430
559.500000,11806.343750
560.000000,11761.750000
560.500000,11707.354492
561.000000,11652.351562
561.500000,11603.870117
562.000000,11565.097656
562.500000,11536.523438
563.000000,11513.921875
563.500000,11489.373047
564.000000,11454.913086
564.500000,11408.257812
565.000000,11346.905273
565.500000,11275.972656
566.000000,11198.315430
566.500000,11119.268555
567.000000,11042.699219
567.500000,10970.967773
568.000000,10906.388672
568.500000,10851.622070
569.000000,10807.877930
569.500000,10779.043945
570.000000,10761.690430
570.500000,10755.166016
571.000000,10754.643555
571.500000,10758.287109
572.000000,10764.737305
572.500000,10776.251953
573.000000,10796.785156
573.500000,10829.687500
574.000000,10878.384766
574.500000,10939.880859
575.000000,11011.575195
575.500000,11084.156250
576.000000,11147.828125
576.500000,11198.291016
577.000000,11232.538086
577.500000,11253.233398
578.000000,11265.105469
578.500000,11273.259766
579.000000,11281.833008
579.500000,11291.086914
580.000000,11298.652344
580.500000,11299.709961
581.000000,11291.651367
581.500000,11269.982422
582.000000,11235.380859
582.500000,11190.782227
583.000000,11139.875000
583.500000,11086.787109
584.000000,11034.379883
584.500000,10983.859375
585.000000,10935.082031
585.500000,10886.316406
586.000000,10836.659180
586.500000,10786.386719
587.000000,10736.781250
587.500000,10689.729492
588.000000,10647.443359
588.500000,10611.449219
589.000000,10582.002930
589.500000,10561.446289
590.000000,10549.378906
590.500000,10548.776367
591.000000,10558.554688
591.500000,10578.389648
592.000000,10605.474609
592.500000,10638.449219
593.000000,10676.691406
593.500000,10719.916016
594.000000,10769.204102
594.500000,10823.109375
595.000000,10880.225586
595.500000,10937.981445
596.000000,10995.079102
596.500000,11051.549805
597.000000,11108.584961
597.500000,11167.528320
598.000000,11227.805664
598.500000,11287.179688
599.000000,11342.892578
599.500000,11391.351562
600.000000,11432.571289
600.500000,11464.607422
601.000000,11489.527344
601.500000,11505.403320
602.000000,11510.461914
602.500000,11501.841797
603.000000,11478.077148
603.500000,11442.078125
604.000000,11399.875000
604.500000,11360.388672
605.000000,11331.958008
605.500000,11315.983398
606.000000,11314.343750
606.500000,11322.722656
607.000000,11337.402344
607.500000,11354.799805
608.000000,11373.802734
608.500000,11394.906250
609.000000,11418.626953
609.500000,11446.469727
610.000000,11479.077148
610.500000,11519.625977
611.000000,11569.323242
611.500000,11631.255859
612.000000,11704.596680
612.500000,11785.946289
613.000000,11868.442383
613.500000,11942.640625
614.000000,11999.407227
614.500000,12038.100586
615.000000,12054.261719
615.500000,12053.562500
616.000000,12036.131836
616.500000,12005.903320
617.000000,11966.722656
617.500000,11924.665039
618.000000,11886.749023
618.500000,11860.612305
619.000000,11849.062500
619.500000,11856.033203
620.000000,11875.487305
620.500000,11904.107422
621.000000,11938.854492
621.500000,11982.070312
622.000000,12036.717773
622.500000,12105.268555
623.000000,12187.283203
623.500000,12275.064453
624.000000,12360.120117
624.500000,12437.558594
625.000000,12503.647461
625.500000,12561.366211
626.000000,12611.231445
626.500000,12652.814453
627.000000,12681.655273
627.500000,12693.342773
628.000000,12687.332031
628.500000,12665.376953
629.000000,12636.630859
629.500000,12610.487305
630.000000,12593.932617
630.500000,12590.331055
631.000000,12596.475586
631.500000,12610.584961
632.000000,12630.908203
632.500000,12657.578125
633.000000,12692.149414
633.500000,12733.135742
634.000000,12777.400391
634.500000,12819.917969
635.000000,12855.170898
635.500000,12881.583984
636.000000,12897.235352
636.500000,12903.585938
637.000000,12902.220703
637.500000,12894.396484
638.000000,12881.666992
638.500000,12865.408203
639.000000,12848.461914
639.500000,12833.853516
640.000000,12822.943359
640.500000,12815.530273
641.000000,12809.176758
641.500000,12801.827148
642.000000,12792.817383
642.500000,12783.505859
643.000000,12777.190430
643.500000,12777.124023
644.000000,12786.038086
644.500000,12801.768555
645.000000,12822.639648
645.500000,12844.090820
646.000000,12861.605469
646.500000,12871.600586
647.000000,12871.912109
647.500000,12863.684570
648.000000,12850.301758
648.500000,12834.605469
649.000000,12818.732422
649.500000,12801.444336
650.000000,12778.923828
650.500000,12744.414062
651.000000,12697.684570
651.500000,12641.700195
652.000000,12584.872070
652.500000,12537.400391
653.000000,12508.807617
653.500000,12500.966797
654.000000,12514.138672
654.500000,12538.590820
655.000000,12571.743164
655.500000,12610.420898
656.000000,12654.815430
656.500000,12703.352539
657.000000,12751.163086
657.500000,12788.996094
658.000000,12809.547852
658.500000,12805.246094
659.000000,12780.175781
659.500000,12735.311523
660.000000,12680.981445
660.500000,12622.820312
661.000000,12565.601562
661.500000,12511.230469
662.000000,12460.636719
662.500000,12414.844727
663.000000,12375.778320
663.500000,12343.535156
664.000000,12319.502930
664.500000,12300.991211
665.000000,12286.656250
665.500000,12274.746094
666.000000,12265.126953
666.500000,12257.920898
667.000000,12253.609375
667.500000,12252.823242
668.000000,12255.704102
668.500000,12263.112305
669.000000,12274.756836
669.500000,12292.022461
670.000000,12314.084961
670.500000,12341.811523
671.000000,12375.295898
671.500000,12417.086914
672.000000,12469.995117
672.500000,12536.975586
673.000000,12622.843750
673.500000,12726.822266
674.000000,12852.635742
674.500000,12994.226562
675.000000,13149.950195
675.500000,13310.592773
676.000000,13468.111328
676.500000,13614.787109
677.000000,13743.567383
677.500000,13847.947266
678.000000,13927.036133
678.500000,13973.758789
679.000000,13992.558594
679.500000,13978.345703
680.000000,13936.828125
680.500000,13865.868164
681.000000,13771.211914
681.500000,13657.178711
682.000000,13529.073242
682.500000,13392.197266
683.000000,13248.416016
683.500000,13099.113281
684.000000,12943.060547
684.500000,12782.378906
685.000000,12618.859375
685.500000,12456.015625
686.000000,12297.436523
686.500000,12144.398438
687.000000,11996.911133
687.500000,11855.543945
688.000000,11720.984375
688.500000,11598.019531
689.000000,11488.829102
689.500000,11402.160156
690.000000,11338.277344
690.500000,11299.326172
691.000000,11281.687500
691.500000,11282.301758
692.000000,11296.689453
692.500000,11318.448242
693.000000,11341.794922
693.500000,11360.301758
694.000000,11367.127930
694.500000,11362.400391
695.000000,11344.789062
695.500000,11318.706055
696.000000,11288.409180
696.500000,11258.842773
697.000000,11234.025391
697.500000,11216.673828
698.000000,11205.400391
698.500000,11198.920898
699.000000,11193.169922
699.500000,11183.240234
700.000000,11165.214844
700.500000,11133.872070
701.000000,11087.813477
701.500000,11029.356445
702.000000,10964.564453
702.500000,10901.308594
703.000000,10847.484375
703.500000,10805.808594
704.000000,10779.857422
704.500000,10764.516602
705.000000,10757.916992
705.500000,10756.527344
706.000000,10761.029297
706.500000,10772.887695
707.000000,10792.541992
707.500000,10818.815430
708.000000,10846.943359
708.500000,10871.213867
709.000000,10888.699219
709.500000,10899.141602
710.000000,10906.776367
710.500000,10915.197266
711.000000,10926.111328
711.500000,10938.531250
712.000000,10949.726562
712.500000,10957.624023
713.000000,10962.861328
713.500000,10969.535156
714.000000,10983.127930
714.500000,11005.197266
715.000000,11037.215820
715.500000,11076.240234
716.000000,11119.610352
716.500000,11165.049805
717.000000,11211.321289
717.500000,11257.647461
718.000000,11302.545898
718.500000,11342.541992
719.000000,11375.433594
719.500000,11396.828125
720.000000,11407.083984
720.500000,11405.658203
721.000000,11396.197266
721.500000,11382.569336
722.000000,11367.749023
722.500000,11353.435547
723.000000,11339.033203
723.500000,11322.074219
724.000000,11297.618164
724.500000,11264.042969
725.000000,11222.635742
725.500000,11181.687500
726.000000,11152.707031
726.500000,11146.729492
727.000000,11169.168945
727.500000,11223.250000
728.000000,11299.314453
728.500000,11392.102539
729.000000,11490.570312
729.500000,11591.414062
730.000000,11693.583984
730.500000,11797.069336
731.000000,11900.355469
731.500000,11999.775391
732.000000,12089.794922
732.500000,12166.047852
733.000000,12221.906250
733.500000,12259.701172
734.000000,12274.824219
734.500000,12270.762695
735.000000,12245.019531
735.500000,12199.635742
736.000000,12134.513672
736.500000,12049.449219
737.000000,11945.657227
737.500000,11822.839844
738.000000,11686.114258
738.500000,11537.184570
739.000000,11383.447266
739.500000,11229.961914
740.000000,11081.009766
740.500000,10940.398438
741.000000,10811.382812
741.500000,10697.492188
742.000000,10604.580078
742.500000,10533.872070
743.000000,10489.731445
743.500000,10464.011719
744.000000,10452.259766
744.500000,10444.958984
745.000000,10437.808594
745.500000,10431.362305
746.000000,10429.675781
746.500000,10436.150391
747.000000,10450.170898
747.500000,10468.767578
748.000000,10486.591797
748.500000,10499.308594
749.000000,10507.416992
749.500000,10513.018555
750.000000,10519.362305
750.500000,10527.282227
751.000000,10535.384766
751.500000,10541.589844
752.000000,10544.597656
752.500000,10545.376953
753.000000,10545.603516
753.500000,10546.854492
754.000000,10548.954102
754.500000,10550.101562
755.000000,10548.405273
755.500000,10543.554688
756.000000,10536.479492
756.500000,10528.750000
757.000000,10521.470703
757.500000,10514.356445
758.000000,10505.799805
758.500000,10493.261719
759.000000,10476.506836
759.500000,10455.088867
760.000000,10430.543945
760.500000,10404.351562
761.000000,10378.271484
761.500000,10354.105469
762.000000,10334.207031
762.500000,10320.069336
763.000000,10313.906250
763.500000,10313.880859
764.000000,10318.645508
764.500000,10324.063477
765.000000,10325.940430
765.500000,10321.343750
766.000000,10308.848633
766.500000,10288.464844
767.000000,10262.423828
767.500000,10231.742188
768.000000,10197.868164
768.500000,10160.637695
769.000000,10121.686523
769.500000,10083.466797
770.000000,10049.404297
770.500000,10023.388672
771.000000,10007.600586
771.500000,10000.441406
772.000000,9998.590820
772.500000,9997.704102
773.000000,9995.338867
773.500000,9991.639648
774.000000,9988.178711
774.500000,9986.730469
775.000000,9988.240234
775.500000,9991.754883
776.000000,9995.442383
776.500000,9998.193359
777.000000,10000.468750
777.500000,10004.028320
778.000000,10010.649414
778.500000,10023.265625
779.000000,10042.352539
779.500000,10069.890625
780.000000,10105.695312
780.500000,10149.196289
781.000000,10197.838867
781.500000,10248.174805
782.000000,10297.297852
782.500000,10344.007812
783.000000,10388.338867
783.500000,10432.259766
784.000000,10477.098633
784.500000,10522.467773
785.000000,10565.938477
785.500000,10604.843750
786.000000,10637.492188
786.500000,10662.775391
787.000000,10681.007812
787.500000,10689.402344
788.000000,10687.532227
788.500000,10671.288086
789.000000,10643.709961
789.500000,10608.729492
790.000000,10575.226562
790.500000,10550.644531
791.000000,10538.816406
791.500000,10538.584961
792.000000,10548.680664
792.500000,10565.588867
793.000000,10590.872070
793.500000,10624.071289
794.000000,10667.058594
794.500000,10716.333008
795.000000,10767.287109
795.500000,10816.615234
796.000000,10864.724609
796.500000,10916.004883
797.000000,10975.684570
797.500000,11050.331055
798.000000,11138.368164
798.500000,11239.811523
799.000000,11349.069336
799.500000,11463.106445
800.000000,11578.824219
800.500000,11692.573242
801.000000,11798.680664
801.500000,11891.196289
802.000000,11961.987305
802.500000,12012.154297
803.000000,12039.766602
803.500000,12054.763672
804.000000,12063.580078
804.500000,12073.217773
805.000000,12086.932617
805.500000,12105.032227
806.000000,12125.737305
806.500000,12146.216797
807.000000,12163.326172
807.500000,12172.999023
808.000000,12174.958984
808.500000,12168.096680
809.000000,12155.870117
809.500000,12140.978516
810.000000,12125.179688
810.500000,12108.551758
811.000000,12090.405273
811.500000,12070.837891
812.000000,12051.189453
812.500000,12033.675781
813.000000,12021.232422
813.500000,12013.839844
814.000000,12011.462891
814.500000,12012.323242
815.000000,12015.515625
815.500000,12019.594727
816.000000,12021.641602
816.500000,12016.511719
817.000000,12000.661133
817.500000,11969.681641
818.000000,11929.296875
818.500000,11887.694336
819.000000,11856.035156
819.500000,11842.271484
820.000000,11845.607422
820.500000,11860.804688
821.000000,11882.459961
821.500000,11907.796875
822.000000,11940.502930
822.500000,11983.934570
823.000000,12042.647461
823.500000,12109.576172
824.000000,12171.725586
824.500000,12214.908203
825.000000,12228.008789
825.500000,12208.891602
826.000000,12165.055664
826.500000,12104.938477
827.000000,12040.458984
827.500000,11978.407227
828.000000,11920.451172
828.500000,11865.469727
829.000000,11809.983398
829.500000,11751.825195
830.000000,11692.115234
830.500000,11634.913086
831.000000,11586.325195
831.500000,11550.577148
832.000000,11533.250000
832.500000,11531.517578
833.000000,11546.564453
833.500000,11573.507812
834.000000,11612.552734
834.500000,11662.288086
835.000000,11720.655273
835.500000,11783.362305
836.000000,11844.074219
836.500000,11896.368164
837.000000,11938.925781
837.500000,11971.578125
838.000000,12000.809570
838.500000,12031.774414
839.000000,12067.202148
839.500000,12107.012695
840.000000,12148.368164
840.500000,12188.684570
841.000000,12226.681641
841.500000,12262.037109
842.000000,12292.679688
842.500000,12316.846680
843.000000,12329.204102
843.500000,12328.930664
844.000000,12313.794922
844.500000,12286.301758
845.000000,12249.049805
845.500000,12205.422852
846.000000,12159.311523
846.500000,12114.046875
847.000000,12072.431641
847.500000,12037.649414
848.000000,12008.396484
848.500000,11983.037109
849.000000,11957.845703
849.500000,11930.127930
850.000000,11899.485352
850.500000,11867.431641
851.000000,11835.211914
851.500000,11801.868164
852.000000,11763.277344
852.500000,11716.996094
853.000000,11660.510742
853.500000,11598.185547
854.000000,11536.073242
854.500000,11480.586914
855.000000,11435.300781
855.500000,11398.961914
856.000000,11365.038086
856.500000,11324.977539
857.000000,11274.703125
857.500000,11211.285156
858.000000,11140.641602
858.500000,11068.516602
859.000000,11000.932617
859.500000,10941.465820
860.000000,10889.394531
860.500000,10840.681641
861.000000,10790.601562
861.500000,10736.250977
862.000000,10676.685547
862.500000,10615.795898
863.000000,10558.244141
863.500000,10507.320312
864.000000,10466.592773
864.500000,10437.322266
865.000000,10420.918945
865.500000,10419.175781
866.000000,10431.310547
866.500000,10458.543945
867.000000,10496.070312
867.500000,10541.258789
868.000000,10587.709961
868.500000,10629.958984
869.000000,10664.649414
869.500000,10689.535156
870.000000,10705.221680
870.500000,10715.242188
871.000000,10724.309570
871.500000,10737.502930
872.000000,10760.186523
872.500000,10791.956055
873.000000,10832.965820
873.500000,10879.057617
874.000000,10926.906250
874.500000,10973.467773
875.000000,11016.467773
875.500000,11053.343750
876.000000,11082.139648
876.500000,11098.303711
877.000000,11101.676758
877.500000,11088.296875
878.000000,11061.734375
878.500000,11023.618164
879.000000,10979.957031
879.500000,10937.224609
880.000000,10901.914062
880.500000,10877.065430
881.000000,10863.170898
881.500000,10854.916016
882.000000,10846.776367
882.500000,10833.882812
883.000000,10812.671875
883.500000,10784.252930
884.000000,10749.766602
884.500000,10710.979492
885.000000,10668.969727
885.500000,10624.715820
886.000000,10580.883789
886.500000,10542.416992
887.000000,10512.061523
887.500000,10492.863281
888.000000,10480.895508
888.500000,10471.846680
889.000000,10460.853516
889.500000,10445.687500
890.000000,10427.560547
890.500000,10410.052734
891.000000,10397.013672
891.500000,10389.470703
892.000000,10388.365234
892.500000,10391.089844
893.000000,10396.181641
893.500000,10401.621094
894.000000,10405.632812
894.500000,10406.814453
895.000000,10404.740234
895.500000,10400.115234
896.000000,10394.961914
896.500000,10390.574219
897.000000,10385.932617
897.500000,10376.380859
898.000000,10357.212891
898.500000,10322.533203
899.000000,10272.736328
899.500000,10213.261719
900.000000,10153.109375
900.500000,10100.715820
901.000000,10062.892578
901.500000,10038.266602
902.000000,10026.570312
902.500000,10021.297852
903.000000,10019.275391
903.500000,10017.760742
904.000000,10015.868164
904.500000,10013.773438
905.000000,10012.181641
905.500000,10012.196289
906.000000,10014.802734
906.500000,10021.943359
907.000000,10033.894531
907.500000,10052.474609
908.000000,10077.006836
908.500000,10107.758789
909.000000,10143.462891
909.500000,10182.552734
910.000000,10223.063477
910.500000,10262.832031
911.000000,10300.125977
911.500000,10335.094727
912.000000,10368.722656
912.500000,10403.430664
913.000000,10441.672852
913.500000,10483.896484
914.000000,10529.793945
914.500000,10578.483398
915.000000,10629.737305
915.500000,10685.163086
916.000000,10746.139648
916.500000,10815.616211
917.000000,10891.947266
917.500000,10974.007812
918.000000,11058.007812
918.500000,11141.567383
919.000000,11224.338867
919.500000,11308.355469
920.000000,11397.052734
920.500000,11492.194336
921.000000,11595.081055
921.500000,11702.884766
922.000000,11813.450195
922.500000,11923.711914
923.000000,12031.728516
923.500000,12137.078125
924.000000,12240.071289
924.500000,12341.836914
925.000000,12444.083984
925.500000,12548.966797
926.000000,12657.642578
926.500000,12770.970703
927.000000,12885.256836
927.500000,12992.621094
928.000000,13084.480469
928.500000,13149.060547
929.000000,13180.379883
929.500000,13176.670898
930.000000,13138.091797
930.500000,13072.473633
931.000000,12979.915039
931.500000,12867.884766
932.000000,12735.696289
932.500000,12591.238281
933.000000,12441.152344
933.500000,12294.486328
934.000000,12158.305664
934.500000,12035.062500
935.000000,11921.280273
935.500000,11814.148438
936.000000,11711.719727
936.500000,11618.428711
937.000000,11536.707031
937.500000,11471.473633
938.000000,11419.866211
938.500000,11378.656250
939.000000,11343.237305
939.500000,11311.056641
940.000000,11281.976562
940.500000,11255.416992
941.000000,11229.380859
941.500000,11200.011719
942.000000,11162.285156
942.500000,11116.507812
943.000000,11065.336914
943.500000,11014.015625
944.000000,10966.841797
944.500000,10926.029297
945.000000,10891.639648
945.500000,10865.196289
946.000000,10847.058594
946.500000,10842.311523
947.000000,10850.825195
947.500000,10876.512695
948.000000,10918.197266
948.500000,10977.361328
949.000000,11054.028320
949.500000,11147.048828
950.000000,11255.128906
950.500000,11371.914062
951.000000,11492.097656
951.500000,11610.291992
952.000000,11722.396484
952.500000,11827.212891
953.000000,11921.634766
953.500000,12003.478516
954.000000,12069.310547
954.500000,12115.767578
955.000000,12143.062500
955.500000,12148.304688
956.000000,12135.485352
956.500000,12101.458984
957.000000,12051.436523
957.500000,11986.026367
958.000000,11911.148438
958.500000,11832.021484
959.000000,11753.727539
959.500000,11679.159180
960.000000,11609.457031
960.500000,11543.535156
961.000000,11481.303711
961.500000,11421.722656
962.000000,11365.373047
962.500000,11312.017578
963.000000,11262.175781
963.500000,11215.859375
964.000000,11173.353516
964.500000,11135.346680
965.000000,11102.141602
965.500000,11075.487305
966.000000,11055.020508
966.500000,11042.011719
967.000000,11033.708008
967.500000,11027.035156
968.000000,11017.433594
968.500000,11001.034180
969.000000,10976.458984
969.500000,10945.219727
970.000000,10909.050781
970.500000,10869.991211
971.000000,10826.618164
971.500000,10777.793945
972.000000,10721.017578
972.500000,10658.589844
973.000000,10594.947266
973.500000,10536.298828
974.000000,10487.666016
974.500000,10451.486328
975.000000,10425.321289
975.500000,10408.239258
976.000000,10397.831055
976.500000,10397.661133
977.000000,10408.888672
977.500000,10434.529297
978.000000,10471.997070
978.500000,10517.541016
979.000000,10566.831055
979.500000,10617.179688
980.000000,10668.845703
980.500000,10722.909180
981.000000,10780.439453
981.500000,10839.156250
982.000000,10895.270508
982.500000,10945.585938
983.000000,10987.722656
983.500000,11022.248047
984.000000,11050.756836
984.500000,11074.038086
985.000000,11093.105469
985.500000,11108.132812
986.000000,11122.194336
986.500000,11140.700195
987.000000,11167.864258
987.500000,11207.724609
988.000000,11258.582031
988.500000,11317.022461
989.000000,11379.468750
989.500000,11444.471680
990.000000,11514.808594
990.500000,11593.584961
991.000000,11687.488281
991.500000,11795.587891
992.000000,11920.185547
992.500000,12058.620117
993.000000,12212.474609
993.500000,12384.844727
994.000000,12581.192383
994.500000,12809.709961
995.000000,13068.280273
995.500000,13353.623047
996.000000,13643.046875
996.500000,13902.375977
997.000000,14104.033203
997.500000,14215.118164
998.000000,14232.548828
998.500000,14164.835938
999.000000,14032.585938
999.500000,13866.352539
1000.000000,13684.045898
1000.500000,13498.915039
1001.000000,13313.980469
1001.500000,13129.431641
1002.000000,12947.078125
1002.500000,12771.040039
1003.000000,12608.616211
1003.500000,12466.372070
1004.000000,12348.389648
1004.500000,12258.289062
1005.000000,12189.269531
1005.500000,12133.611328
1006.000000,12073.134766
1006.500000,11983.728516
1007.000000,11851.788086
1007.500000,11662.771484
1008.000000,11425.990234
1008.500000,11160.027344
1009.000000,10888.875000
1009.500000,10635.164062
1010.000000,10418.755859
1010.500000,10240.541016
1011.000000,10109.244141
1011.500000,10013.055664
1012.000000,9951.335938
1012.500000,9915.169922
1013.000000,9900.733398
1013.500000,9905.123047
1014.000000,9927.185547
1014.500000,9970.595703
1015.000000,10034.489258
1015.500000,10124.075195
1016.000000,10233.775391
1016.500000,10365.684570
1017.000000,10516.112305
1017.500000,10687.030273
1018.000000,10876.603516
1018.500000,11079.110352
1019.000000,11282.378906
1019.500000,11469.228516
1020.000000,11618.165039
1020.500000,11725.759766
1021.000000,11783.469727
1021.500000,11808.450195
1022.000000,11811.064453
1022.500000,11805.854492
1023.000000,11801.230469
1023.500000,11800.944336
1024.000000,11805.794922
1024.500000,11817.026367
1025.000000,11834.735352
1025.500000,11861.263672
1026.000000,11894.255859
1026.500000,11931.585938
1027.000000,11968.470703
1027.500000,12000.183594
1028.000000,12023.529297
1028.500000,12036.280273
1029.000000,12035.534180
1029.500000,12020.160156
1030.000000,11984.614258
1030.500000,11931.417969
1031.000000,11860.845703
1031.500000,11783.901367
1032.000000,11713.261719
1032.500000,11660.458984
1033.000000,11632.583984
1033.500000,11629.290039
1034.000000,11643.189453
1034.500000,11669.624023
1035.000000,11704.659180
1035.500000,11754.445312
1036.000000,11821.636719
1036.500000,11912.197266
1037.000000,12019.442383
1037.500000,12132.808594
1038.000000,12238.381836
1038.500000,12325.680664
1039.000000,12389.539062
1039.500000,12435.291016
1040.000000,12466.396484
1040.500000,12489.833008
1041.000000,12504.873047
1041.500000,12510.590820
1042.000000,12502.552734
1042.500000,12480.326172
1043.000000,12445.082031
1043.500000,12399.969727
1044.000000,12349.535156
1044.500000,12296.643555
1045.000000,12244.160156
1045.500000,12195.776367
1046.000000,12154.939453
1046.500000,12129.610352
1047.000000,12124.326172
1047.500000,12144.095703
1048.000000,12188.019531
1048.500000,12250.341797
1049.000000,12324.876953
1049.500000,12404.398438
1050.000000,12488.385742
1050.500000,12579.771484
1051.000000,12688.804688
1051.500000,12820.213867
1052.000000,12980.264648
1052.500000,13165.425781
1053.000000,13368.855469
1053.500000,13581.283203
1054.000000,13792.168945
1054.500000,13991.423828
1055.000000,14174.177734
1055.500000,14330.905273
1056.000000,14463.671875
1056.500000,14568.128906
1057.000000,14647.608398
1057.500000,14700.856445
1058.000000,14726.433594
1058.500000,14722.586914
1059.000000,14683.836914
1059.500000,14614.728516
1060.000000,14513.244141
1060.500000,14390.917969
1061.000000,14250.636719
1061.500000,14099.705078
1062.000000,13941.632812
1062.500000,13782.197266
1063.000000,13629.835938
1063.500000,13495.846680
1064.000000,13387.521484
1064.500000,13313.291992
1065.000000,13265.711914
1065.500000,13242.689453
1066.000000,13232.518555
1066.500000,13231.007812
1067.000000,13234.453125
1067.500000,13240.871094
1068.000000,13246.523438
1068.500000,13245.282227
1069.000000,13228.552734
1069.500000,13193.211914
1070.000000,13133.369141
1070.500000,13055.352539
1071.000000,12959.371094
1071.500000,12849.736328
1072.000000,12725.029297
1072.500000,12584.811523
1073.000000,12430.023438
1073.500000,12264.425781
1074.000000,12096.263672
1074.500000,11933.882812
1075.000000,11781.197266
1075.500000,11641.218750
1076.000000,11509.841797
1076.500000,11385.310547
1077.000000,11265.624023
1077.500000,11150.514648
1078.000000,11038.936523
1078.500000,10927.642578
1079.000000,10811.987305
1079.500000,10689.939453
1080.000000,10561.887695
1080.500000,10434.487305
1081.000000,10316.113281
1081.500000,10210.750977
1082.000000,10120.019531
1082.500000,10040.695312
1083.000000,9969.581055
1083.500000,9906.744141
1084.000000,9852.962891
1084.500000,9811.629883
1085.000000,9779.580078
1085.500000,9754.670898
1086.000000,9732.350586
1086.500000,9711.750977
1087.000000,9694.125000
1087.500000,9681.506836
1088.000000,9674.064453
1088.500000,9669.235352
1089.000000,9664.410156
1089.500000,9658.894531
1090.000000,9655.306641
1090.500000,9656.823242
1091.000000,9666.977539
1091.500000,9684.457031
1092.000000,9706.727539
1092.500000,9730.303711
1093.000000,9753.077148
1093.500000,9774.806641
1094.000000,9796.566406
1094.500000,9819.775391
1095.000000,9845.035156
1095.500000,9873.263672
1096.000000,9904.115234
1096.500000,9937.698242
1097.000000,9973.626953
1097.500000,10012.075195
1098.000000,10053.868164
1098.500000,10099.743164
1099.000000,10151.022461
1099.500000,10206.828125
1100.000000,10267.608398
1100.500000,10332.156250
1101.000000,10401.072266
1101.500000,10473.198242
1102.000000,10545.658203
1102.500000,10613.224609
1103.000000,10670.629883
1103.500000,10714.230469
1104.000000,10747.543945
1104.500000,10774.214844
1105.000000,10798.913086
1105.500000,10819.134766
1106.000000,10828.825195
1106.500000,10818.384766
1107.000000,10785.581055
1107.500000,10734.823242
1108.000000,10675.593750
1108.500000,10618.064453
1109.000000,10567.217773
1109.500000,10520.336914
1110.000000,10472.583984
1110.500000,10421.068359
1111.000000,10367.079102
1111.500000,10316.186523
1112.000000,10274.785156
1112.500000,10245.816406
1113.000000,10226.966797
1113.500000,10213.681641
1114.000000,10200.150391
1114.500000,10183.768555
1115.000000,10166.786133
1115.500000,10153.967773
1116.000000,10147.600586
1116.500000,10146.258789
1117.000000,10143.346680
1117.500000,10131.578125
1118.000000,10107.618164
1118.500000,10076.543945
1119.000000,10046.992188
1119.500000,10025.772461
1120.000000,10015.881836
1120.500000,10010.755859
1121.000000,10004.250977
1121.500000,9994.333008
1122.000000,9984.885742
1122.500000,9982.420898
1123.000000,9990.017578
1123.500000,10006.413086
1124.000000,10025.216797
1124.500000,10042.398438
1125.000000,10058.759766
1125.500000,10078.628906
1126.000000,10104.789062
1126.500000,10137.378906
1127.000000,10173.247070
1127.500000,10210.452148
1128.000000,10251.166992
1128.500000,10299.682617
1129.000000,10361.788086
1129.500000,10435.081055
1130.000000,10516.779297
1130.500000,10600.520508
1131.000000,10684.352539
1131.500000,10770.385742
1132.000000,10863.476562
1132.500000,10967.669922
1133.000000,11083.112305
1133.500000,11208.958984
1134.000000,11340.616211
1134.500000,11476.058594
1135.000000,11612.836914
1135.500000,11750.594727
1136.000000,11889.567383
1136.500000,12030.651367
1137.000000,12173.939453
1137.500000,12317.665039
1138.000000,12457.708008
1138.500000,12589.881836
1139.000000,12709.258789
1139.500000,12818.753906
1140.000000,12922.155273
1140.500000,13026.920898
1141.000000,13138.521484
1141.500000,13257.463867
1142.000000,13381.180664
1142.500000,13506.454102
1143.000000,13632.374023
1143.500000,13762.157227
1144.000000,13899.449219
1144.500000,14049.365234
1145.000000,14208.340820
1145.500000,14371.213867
1146.000000,14529.484375
1146.500000,14675.264648
1147.000000,14804.918945
1147.500000,14918.921875
1148.000000,15018.174805
1148.500000,15106.687500
1149.000000,15184.313477
1149.500000,15254.598633
1150.000000,15319.249023
1150.500000,15382.931641
1151.000000,15449.871094
1151.500000,15522.205078
1152.000000,15599.611328
1152.500000,15679.876953
1153.000000,15760.458984
1153.500000,15840.771484
1154.000000,15922.281250
1154.500000,16008.532227
1155.000000,16100.947266
1155.500000,16201.005859
1156.000000,16306.133789
1156.500000,16412.066406
1157.000000,16512.648438
1157.500000,16601.515625
1158.000000,16671.785156
1158.500000,16723.578125
1159.000000,16755.164062
1159.500000,16775.238281
1160.000000,16790.000000
1160.500000,16807.826172
1161.000000,16836.976562
1161.500000,16883.835938
1162.000000,16955.142578
1162.500000,17058.218750
1163.000000,17194.130859
1163.500000,17369.718750
1164.000000,17577.779297
1164.500000,17822.808594
1165.000000,18095.388672
1165.500000,18394.160156
1166.000000,18709.099609
1166.500000,19028.701172
1167.000000,19338.427734
1167.500000,19624.552734
1168.000000,19871.974609
1168.500000,20078.607422
1169.000000,20229.958984
1169.500000,20332.933594
1170.000000,20374.628906
1170.500000,20359.783203
1171.000000,20281.335938
1171.500000,20141.621094
1172.000000,19943.642578
1172.500000,19689.076172
1173.000000,19391.083984
1173.500000,19054.171875
1174.000000,18696.111328
1174.500000,18325.462891
1175.000000,17953.117188
1175.500000,17585.804688
1176.000000,17228.228516
1176.500000,16886.595703
1177.000000,16567.697266
1177.500000,16275.174805
1178.000000,16012.805664
1178.500000,15771.456055
1179.000000,15544.991211
1179.500000,15321.977539
1180.000000,15098.585938
1180.500000,14876.808594
1181.000000,14664.059570
1181.500000,14468.228516
1182.000000,14295.446289
1182.500000,14150.865234
1183.000000,14031.762695
1183.500000,13939.842773
1184.000000,13865.698242
1184.500000,13804.910156
1185.000000,13748.181641
1185.500000,13689.795898
1186.000000,13626.837891
1186.500000,13558.041016
1187.000000,13481.912109
1187.500000,13396.103516
1188.000000,13295.296875
1188.500000,13180.032227
1189.000000,13050.095703
1189.500000,12914.857422
1190.000000,12782.478516
1190.500000,12658.636719
1191.000000,12545.948242
1191.500000,12442.817383
1192.000000,12346.569336
1192.500000,12256.261719
1193.000000,12171.088867
1193.500000,12092.502930
1194.000000,12019.238281
1194.500000,11950.939453
1195.000000,11884.554688
1195.500000,11816.500977
1196.000000,11742.853516
1196.500000,11660.087891
1197.000000,11566.833984
1197.500000,11465.985352
1198.000000,11361.240234
1198.500000,11256.822266
1199.000000,11153.742188
1199.500000,11049.767578
1200.000000,10941.955078
1200.500000,10830.725586
1201.000000,10719.893555
1201.500000,10614.853516
1202.000000,10518.684570
1202.500000,10431.477539
1203.000000,10349.257812
1203.500000,10271.032227
1204.000000,10197.680664
1204.500000,10134.944336
1205.000000,10084.212891
1205.500000,10045.036133
1206.000000,10011.393555
1206.500000,9977.374023
1207.000000,9940.624023
1207.500000,9903.407227
1208.000000,9869.997070
1208.500000,9841.665039
1209.000000,9817.507812
1209.500000,9793.433594
1210.000000,9767.187500
1210.500000,9739.788086
1211.000000,9713.879883
1211.500000,9690.891602
1212.000000,9669.277344
1212.500000,9645.957031
1213.000000,9619.779297
1213.500000,9592.969727
1214.000000,9570.387695
1214.500000,9557.154297
1215.000000,9551.716797
1215.500000,9549.427734
1216.000000,9544.027344
1216.500000,9532.666016
1217.000000,9517.796875
1217.500000,9505.823242
1218.000000,9503.675781
1218.500000,9511.508789
1219.000000,9528.065430
1219.500000,9546.951172
1220.000000,9563.983398
1220.500000,9577.940430
1221.000000,9589.876953
1221.500000,9601.878906
1222.000000,9615.574219
1222.500000,9632.010742
1223.000000,9651.110352
1223.500000,9674.026367
1224.000000,9700.943359
1224.500000,9734.193359
1225.000000,9774.409180
1225.500000,9822.943359
1226.000000,9878.962891
1226.500000,9940.462891
1227.000000,10005.482422
1227.500000,10072.535156
1228.000000,10142.851562
1228.500000,10217.581055
1229.000000,10298.377930
1229.500000,10381.990234
1230.000000,10462.534180
1230.500000,10533.700195
1231.000000,10591.108398
1231.500000,10635.406250
1232.000000,10672.569336
1232.500000,10708.712891
1233.000000,10747.743164
1233.500000,10789.363281
1234.000000,10828.690430
1234.500000,10859.003906
1235.000000,10877.959961
1235.500000,10886.234375
1236.000000,10890.301758
1236.500000,10899.055664
1237.000000,10920.578125
1237.500000,10955.678711
1238.000000,11001.949219
1238.500000,11049.496094
1239.000000,11089.703125
1239.500000,11121.070312
1240.000000,11147.583984
1240.500000,11177.982422
1241.000000,11218.890625
1241.500000,11270.276367
1242.000000,11324.477539
1242.500000,11371.665039
1243.000000,11407.683594
1243.500000,11432.132812
1244.000000,11453.728516
1244.500000,11479.172852
1245.000000,11509.447266
1245.500000,11539.577148
1246.000000,11562.090820
1246.500000,11573.198242
1247.000000,11575.031250
1247.500000,11576.625977
1248.000000,11588.006836
1248.500000,11611.326172
1249.000000,11645.449219
1249.500000,11681.887695
1250.000000,11714.063477
1250.500000,11740.833984
1251.000000,11766.883789
1251.500000,11800.088867
1252.000000,11845.658203
1252.500000,11906.086914
1253.000000,11974.748047
1253.500000,12045.231445
1254.000000,12112.029297
1254.500000,12173.602539
1255.000000,12232.974609
1255.500000,12292.993164
1256.000000,12353.113281
1256.500000,12408.204102
1257.000000,12449.746094
1257.500000,12473.642578
1258.000000,12473.250000
1258.500000,12453.416992
1259.000000,12412.602539
1259.500000,12356.111328
1260.000000,12286.700195
1260.500000,12211.174805
1261.000000,12137.191406
1261.500000,12070.599609
1262.000000,12011.414062
1262.500000,11956.114258
1263.000000,11899.281250
1263.500000,11839.278320
1264.000000,11780.423828
1264.500000,11729.797852
1265.000000,11690.494141
1265.500000,11661.727539
1266.000000,11639.204102
1266.500000,11619.447266
1267.000000,11603.231445
1267.500000,11592.293945
1268.000000,11588.413086
1268.500000,11587.166016
1269.000000,11582.565430
1269.500000,11570.550781
1270.000000,11549.484375
1270.500000,11521.409180
1271.000000,11488.178711
1271.500000,11449.276367
1272.000000,11404.226562
1272.500000,11352.094727
1273.000000,11295.940430
1273.500000,11238.038086
1274.000000,11180.164062
1274.500000,11121.934570
1275.000000,11062.409180
1275.500000,11001.648438
1276.000000,10941.484375
1276.500000,10884.595703
1277.000000,10834.021484
1277.500000,10790.160156
1278.000000,10754.963867
1278.500000,10726.373047
1279.000000,10704.365234
1279.500000,10686.795898
1280.000000,10672.957031
1280.500000,10662.722656
1281.000000,10656.666016
1281.500000,10655.207031
1282.000000,10656.583984
1282.500000,10658.811523
1283.000000,10660.761719
1283.500000,10664.911133
1284.000000,10675.291016
1284.500000,10697.102539
1285.000000,10730.475586
1285.500000,10772.551758
1286.000000,10818.450195
1286.500000,10863.688477
1287.000000,10905.629883
1287.500000,10943.734375
1288.000000,10975.958008
1288.500000,11002.628906
1289.000000,11023.459961
1289.500000,11041.678711
1290.000000,11061.170898
1290.500000,11084.714844
1291.000000,11112.230469
1291.500000,11141.595703
1292.000000,11170.276367
1292.500000,11197.625000
1293.000000,11225.276367
1293.500000,11255.147461
1294.000000,11286.532227
1294.500000,11315.531250
1295.000000,11336.411133
1295.500000,11342.817383
1296.000000,11329.608398
1296.500000,11296.471680
1297.000000,11241.554688
1297.500000,11171.123047
1298.000000,11086.838867
1298.500000,10995.697266
1299.000000,10900.627930
1299.500000,10804.015625
1300.000000,10705.863281
1300.500000,10605.021484
1301.000000,10500.536133
1301.500000,10392.716797
1302.000000,10285.042969
1302.500000,10184.481445
1303.000000,10096.425781
1303.500000,10029.369141
1304.000000,9981.889648
1304.500000,9952.297852
1305.000000,9933.094727
1305.500000,9917.161133
1306.000000,9900.423828
1306.500000,9882.449219
1307.000000,9865.041016
1307.500000,9849.744141
1308.000000,9836.960938
1308.500000,9824.498047
1309.000000,9809.667969
1309.500000,9791.093750
1310.000000,9768.770508
1310.500000,9744.298828
1311.000000,9719.696289
1311.500000,9696.381836
1312.000000,9674.826172
1312.500000,9656.194336
1313.000000,9640.992188
1313.500000,9630.896484
1314.000000,9624.604492
1314.500000,9618.812500
1315.000000,9608.215820
1315.500000,9588.701172
1316.000000,9559.560547
1316.500000,9525.234375
1317.000000,9490.383789
1317.500000,9457.758789
1318.000000,9426.845703
1318.500000,9395.115234
1319.000000,9362.043945
1319.500000,9330.775391
1320.000000,9306.557617
1320.500000,9292.588867
1321.000000,9286.779297
1321.500000,9284.168945
1322.000000,9278.923828
1322.500000,9267.445312
1323.000000,9251.734375
1323.500000,9233.553711
1324.000000,9214.213867
1324.500000,9192.612305
1325.000000,9167.783203
1325.500000,9140.858398
1326.000000,9115.563477
1326.500000,9096.069336
1327.000000,9086.434570
1327.500000,9084.407227
1328.000000,9087.075195
1328.500000,9088.911133
1329.000000,9086.175781
1329.500000,9079.057617
1330.000000,9070.636719
1330.500000,9065.222656
1331.000000,9065.163086
1331.500000,9070.164062
1332.000000,9076.214844
1332.500000,9079.469727
1333.000000,9079.785156
1333.500000,9080.116211
1334.000000,9084.478516
1334.500000,9094.879883
1335.000000,9108.662109
1335.500000,9120.126953
1336.000000,9123.260742
1336.500000,9116.333984
1337.000000,9098.214844
1337.500000,9073.151367
1338.000000,9042.426758
1338.500000,9008.323242
1339.000000,8971.303711
1339.500000,8932.288086
1340.000000,8892.141602
1340.500000,8851.734375
1341.000000,8812.030273
1341.500000,8774.888672
1342.000000,8742.035156
1342.500000,8717.297852
1343.000000,8700.475586
1343.500000,8692.114258
1344.000000,8689.190430
1344.500000,8689.540039
1345.000000,8691.785156
1345.500000,8695.624023
1346.000000,8701.096680
1346.500000,8707.299805
1347.000000,8713.153320
1347.500000,8718.520508
1348.000000,8724.979492
1348.500000,8734.424805
1349.000000,8747.820312
1349.500000,8762.480469
1350.000000,8773.070312
1350.500000,8774.000977
1351.000000,8763.063477
1351.500000,8738.053711
1352.000000,8702.203125
1352.500000,8654.721680
1353.000000,8599.385742
1353.500000,8538.224609
1354.000000,8475.643555
1354.500000,8414.832031
1355.000000,8355.988281
1355.500000,8296.143555
1356.000000,8231.623047
1356.500000,8162.853516
1357.000000,8094.505859
1357.500000,8032.942383
1358.000000,7982.958496
1358.500000,7940.553711
1359.000000,7899.365723
1359.500000,7853.700195
1360.000000,7802.901367
1360.500000,7751.315918
1361.000000,7704.820312
1361.500000,7668.305176
1362.000000,7640.126465
1362.500000,7618.688965
1363.000000,7599.266113
1363.500000,7578.736816
1364.000000,7555.408691
1364.500000,7529.603027
1365.000000,7504.689941
1365.500000,7485.513672
1366.000000,7476.669434
1366.500000,7476.497070
1367.000000,7481.280273
1367.500000,7484.336914
1368.000000,7482.229492
1368.500000,7477.570801
1369.000000,7475.660156
1369.500000,7480.480957
1370.000000,7492.154297
1370.500000,7508.015625
1371.000000,7524.632324
1371.500000,7540.701660
1372.000000,7556.122070
1372.500000,7569.602539
1373.000000,7579.714355
1373.500000,7585.622559
1374.000000,7590.446289
1374.500000,7599.495605
1375.000000,7616.656250
1375.500000,7640.519043
1376.000000,7666.026855
1376.500000,7687.405273
1377.000000,7701.027344
1377.500000,7710.105957
1378.000000,7717.596191
1378.500000,7725.404297
1379.000000,7732.915039
1379.500000,7739.591797
1380.000000,7747.063965
1380.500000,7758.650879
1381.000000,7775.810547
1381.500000,7798.498535
1382.000000,7823.346191
1382.500000,7849.392578
1383.000000,7878.050781
1383.500000,7913.459961
1384.000000,7957.463379
1384.500000,8009.308105
1385.000000,8065.942871
1385.500000,8124.486816
1386.000000,8185.456055
1386.500000,8250.651367
1387.000000,8323.695312
1387.500000,8403.616211
1388.000000,8490.013672
1388.500000,8579.772461
1389.000000,8669.788086
1389.500000,8756.132812
1390.000000,8834.352539
1390.500000,8899.360352
1391.000000,8950.593750
1391.500000,8986.203125
1392.000000,9011.787109
1392.500000,9030.136719
1393.000000,9045.573242
1393.500000,9060.126953
1394.000000,9074.907227
1394.500000,9089.745117
1395.000000,9103.208008
1395.500000,9113.274414
1396.000000,9117.019531
1396.500000,9113.871094
1397.000000,9100.586914
1397.500000,9077.168945
1398.000000,9038.968750
1398.500000,8985.721680
1399.000000,8918.263672
1399.500000,8841.521484
1400.000000,8762.337891
1400.500000,8685.973633
1401.000000,8613.845703
1401.500000,8545.385742
1402.000000,8478.193359
1402.500000,8412.500000
1403.000000,8350.252930
1403.500000,8295.474609
1404.000000,8250.655273
1404.500000,8216.739258
1405.000000,8192.316406
1405.500000,8173.086914
1406.000000,8154.620605
1406.500000,8132.479980
1407.000000,8102.671387
1407.500000,8066.710938
1408.000000,8027.433594
1408.500000,7989.895020
1409.000000,7958.293457
1409.500000,7934.114258
1410.000000,7916.059570
1410.500000,7902.697266
1411.000000,7891.766113
1411.500000,7882.662598
1412.000000,7873.903809
1412.500000,7863.533691
1413.000000,7850.359863
1413.500000,7834.976562
1414.000000,7821.271484
1414.500000,7814.907227
1415.000000,7820.649902
1415.500000,7837.250977
1416.000000,7861.144043
1416.500000,7885.123535
1417.000000,7905.500000
1417.500000,7923.994141
1418.000000,7944.117188
1418.500000,7967.499023
1419.000000,7991.973633
1419.500000,8012.818359
1420.000000,8027.066406
1420.500000,8035.309570
1421.000000,8043.070801
1421.500000,8056.851562
1422.000000,8078.587891
1422.500000,8108.934570
1423.000000,8144.895020
1423.500000,8185.143066
1424.000000,8228.196289
1424.500000,8271.958008
1425.000000,8313.275391
1425.500000,8349.532227
1426.000000,8378.274414
1426.500000,8401.264648
1427.000000,8419.011719
1427.500000,8433.452148
1428.000000,8445.170898
1428.500000,8455.859375
1429.000000,8468.060547
1429.500000,8484.197266
1430.000000,8504.476562
1430.500000,8527.340820
1431.000000,8550.011719
1431.500000,8571.722656
1432.000000,8594.710938
1432.500000,8622.813477
1433.000000,8656.427734
1433.500000,8691.353516
1434.000000,8719.716797
1434.500000,8734.488281
1435.000000,8731.799805
1435.500000,8716.268555
1436.000000,8692.344727
1436.500000,8666.429688
1437.000000,8639.779297
1437.500000,8611.054688
1438.000000,8578.225586
1438.500000,8542.664062
1439.000000,8508.812500
1439.500000,8480.964844
1440.000000,8459.339844
1440.500000,8441.032227
1441.000000,8421.307617
1441.500000,8398.094727
1442.000000,8374.743164
1442.500000,8356.864258
1443.000000,8346.853516
1443.500000,8343.053711
1444.000000,8339.491211
1444.500000,8331.559570
1445.000000,8319.371094
1445.500000,8308.100586
1446.000000,8304.708008
1446.500000,8310.457031
1447.000000,8324.280273
1447.500000,8339.235352
1448.000000,8348.991211
1448.500000,8351.458008
1449.000000,8350.271484
1449.500000,8353.970703
1450.000000,8370.138672
1450.500000,8404.114258
1451.000000,8449.243164
1451.500000,8496.217773
1452.000000,8535.053711
1452.500000,8560.851562
1453.000000,8579.752930
1453.500000,8601.897461
1454.000000,8634.915039
1454.500000,8676.663086
1455.000000,8718.478516
1455.500000,8751.986328
1456.000000,8772.713867
1456.500000,8787.323242
1457.000000,8802.901367
1457.500000,8823.652344
1458.000000,8849.313477
1458.500000,8876.816406
1459.000000,8905.809570
1459.500000,8940.385742
1460.000000,8984.667969
1460.500000,9041.780273
1461.000000,9106.706055
1461.500000,9174.963867
1462.000000,9242.601562
1462.500000,9310.215820
1463.000000,9381.134766
1463.500000,9459.415039
1464.000000,9547.997070
1464.500000,9647.593750
1465.000000,9760.402344
1465.500000,9883.928711
1466.000000,10015.352539
1466.500000,10145.527344
1467.000000,10264.333008
1467.500000,10367.911133
1468.000000,10455.791992
1468.500000,10533.252930
1469.000000,10604.301758
1469.500000,10666.916992
1470.000000,10715.750977
1470.500000,10740.213867
1471.000000,10740.708984
1471.500000,10714.059570
1472.000000,10670.204102
1472.500000,10615.452148
1473.000000,10558.399414
1473.500000,10505.921875
1474.000000,10462.083008
1474.500000,10427.531250
1475.000000,10402.933594
1475.500000,10386.500977
1476.000000,10381.634766
1476.500000,10388.493164
1477.000000,10411.318359
1477.500000,10447.893555
1478.000000,10495.942383
1478.500000,10550.275391
1479.000000,10606.425781
1479.500000,10662.065430
1480.000000,10716.783203
1480.500000,10772.243164
1481.000000,10831.657227
1481.500000,10901.297852
1482.000000,10983.156250
1482.500000,11078.247070
1483.000000,11179.904297
1483.500000,11278.538086
1484.000000,11366.000977
1484.500000,11439.297852
1485.000000,11496.639648
1485.500000,11541.945312
1486.000000,11573.653320
1486.500000,11595.013672
1487.000000,11606.405273
1487.500000,11612.653320
1488.000000,11617.906250
1488.500000,11623.491211
1489.000000,11627.069336
1489.500000,11624.102539
1490.000000,11612.938477
1490.500000,11593.670898
1491.000000,11572.082031
1491.500000,11553.200195
1492.000000,11538.299805
1492.500000,11523.882812
1493.000000,11503.471680
1493.500000,11470.750977
1494.000000,11422.788086
1494.500000,11363.335938
1495.000000,11297.778320
1495.500000,11233.304688
1496.000000,11174.110352
1496.500000,11118.188477
1497.000000,11061.588867
1497.500000,11001.561523
1498.000000,10938.739258
1498.500000,10877.455078
1499.000000,10823.064453
1499.500000,10780.178711
1500.000000,10747.809570
1500.500000,10725.207031
1501.000000,10706.510742
1501.500000,10688.231445
1502.000000,10668.263672
1502.500000,10646.673828
1503.000000,10625.992188
1503.500000,10610.296875
1504.000000,10603.984375
1504.500000,10608.579102
1505.000000,10626.034180
1505.500000,10651.689453
1506.000000,10683.766602
1506.500000,10718.359375
1507.000000,10753.408203
1507.500000,10787.462891
1508.000000,10820.076172
1508.500000,10852.036133
1509.000000,10885.187500
1509.500000,10921.895508
1510.000000,10962.875000
1510.500000,11009.044922
1511.000000,11058.149414
1511.500000,11107.432617
1512.000000,11152.620117
1512.500000,11187.643555
1513.000000,11207.883789
1513.500000,11211.054688
1514.000000,11199.106445
1514.500000,11179.160156
1515.000000,11157.318359
1515.500000,11138.173828
1516.000000,11122.697266
1516.500000,11107.299805
1517.000000,11086.927734
1517.500000,11058.536133
1518.000000,11022.576172
1518.500000,10983.355469
1519.000000,10946.753906
1519.500000,10917.786133
1520.000000,10896.194336
1520.500000,10880.225586
1521.000000,10864.648438
1521.500000,10846.128906
1522.000000,10824.784180
1522.500000,10802.054688
1523.000000,10779.206055
1523.500000,10756.546875
1524.000000,10734.722656
1524.500000,10716.025391
1525.000000,10706.125977
1525.500000,10708.008789
1526.000000,10724.831055
1526.500000,10750.823242
1527.000000,10781.248047
1527.500000,10811.481445
1528.000000,10840.174805
1528.500000,10868.620117
1529.000000,10898.528320
1529.500000,10929.935547
1530.000000,10959.875977
1530.500000,10982.264648
1531.000000,10994.032227
1531.500000,10990.642578
1532.000000,10974.830078
1532.500000,10951.191406
1533.000000,10927.750000
1533.500000,10913.095703
1534.000000,10913.432617
1534.500000,10927.513672
1535.000000,10954.039062
1535.500000,10986.430664
1536.000000,11023.232422
1536.500000,11065.659180
1537.000000,11120.695312
1537.500000,11193.433594
1538.000000,11283.047852
1538.500000,11381.333008
1539.000000,11476.204102
1539.500000,11557.766602
1540.000000,11626.549805
1540.500000,11684.751953
1541.000000,11738.548828
1541.500000,11786.591797
1542.000000,11825.859375
1542.500000,11853.967773
1543.000000,11874.603516
1543.500000,11895.015625
1544.000000,11920.528320
1544.500000,11950.264648
1545.000000,11980.358398
1545.500000,12008.544922
1546.000000,12038.192383
1546.500000,12074.439453
1547.000000,12120.937500
1547.500000,12174.969727
1548.000000,12231.536133
1548.500000,12287.678711
1549.000000,12345.175781
1549.500000,12409.829102
1550.000000,12484.605469
1550.500000,12574.080078
1551.000000,12675.913086
1551.500000,12791.066406
1552.000000,12916.114258
1552.500000,13046.854492
1553.000000,13177.081055
1553.500000,13302.617188
1554.000000,13423.207031
1554.500000,13542.942383
1555.000000,13666.317383
1555.500000,13793.999023
1556.000000,13924.538086
1556.500000,14054.253906
1557.000000,14179.958008
1557.500000,14298.875977
1558.000000,14405.972656
1558.500000,14493.218750
1559.000000,14556.267578
1559.500000,14588.950195
1560.000000,14598.798828
1560.500000,14589.182617
1561.000000,14568.885742
1561.500000,14538.990234
1562.000000,14501.817383
1562.500000,14460.124023
1563.000000,14417.786133
1563.500000,14376.290039
1564.000000,14331.112305
1564.500000,14275.691406
1565.000000,14201.560547
1565.500000,14112.685547
1566.000000,14012.273438
1566.500000,13906.088867
1567.000000,13792.281250
1567.500000,13664.781250
1568.000000,13520.409180
1568.500000,13362.119141
1569.000000,13200.840820
1569.500000,13047.434570
1570.000000,12905.118164
1570.500000,12774.195312
1571.000000,12649.161133
1571.500000,12529.206055
1572.000000,12415.526367
1572.500000,12309.267578
1573.000000,12207.199219
1573.500000,12101.451172
1574.000000,11981.636719
1574.500000,11843.295898
1575.000000,11682.384766
1575.500000,11507.990234
1576.000000,11327.090820
1576.500000,11150.670898
1577.000000,10990.627930
1577.500000,10855.607422
1578.000000,10750.392578
1578.500000,10673.027344
1579.000000,10612.593750
1579.500000,10562.457031
1580.000000,10515.857422
1580.500000,10473.560547
1581.000000,10437.642578
1581.500000,10411.200195
1582.000000,10391.170898
1582.500000,10372.573242
1583.000000,10351.078125
1583.500000,10325.833008
1584.000000,10298.754883
1584.500000,10273.148438
1585.000000,10251.989258
1585.500000,10234.391602
1586.000000,10219.545898
1586.500000,10205.361328
1587.000000,10189.629883
1587.500000,10170.382812
1588.000000,10146.571289
1588.500000,10117.446289
1589.000000,10083.375977
1589.500000,10040.234375
1590.000000,9985.297852
1590.500000,9912.406250
1591.000000,9825.426758
1591.500000,9730.865234
1592.000000,9639.166992
1592.500000,9556.195312
1593.000000,9481.310547
1593.500000,9409.624023
1594.000000,9338.799805
1594.500000,9270.487305
1595.000000,9211.788086
1595.500000,9165.014648
1596.000000,9132.162109
1596.500000,9110.362305
1597.000000,9099.070312
1597.500000,9098.199219
1598.000000,9106.823242
1598.500000,9123.412109
1599.000000,9143.383789
1599.500000,9165.556641
1600.000000,9190.207031
1600.500000,9218.769531
1601.000000,9248.813477
1601.500000,9274.330078
1602.000000,9289.315430
1602.500000,9292.595703
1603.000000,9286.959961
1603.500000,9276.832031
1604.000000,9260.561523
1604.500000,9233.305664
1605.000000,9182.333008
1605.500000,9109.395508
1606.000000,9018.170898
1606.500000,8920.683594
1607.000000,8826.282227
1607.500000,8738.385742
1608.000000,8653.986328
1608.500000,8567.394531
1609.000000,8475.389648
1609.500000,8376.733398
1610.000000,8275.145508
1610.500000,8174.687988
1611.000000,8079.309082
1611.500000,7992.991699
1612.000000,7915.406250
1612.500000,7843.650879
1613.000000,7773.684082
1613.500000,7701.788086
1614.000000,7626.075195
1614.500000,7548.184082
1615.000000,7471.263184
1615.500000,7398.302734
1616.000000,7332.085449
1616.500000,7272.279297
1617.000000,7217.139648
1617.500000,7163.616699
1618.000000,7108.940430
1618.500000,7051.994629
1619.000000,6993.318848
1619.500000,6932.640137
1620.000000,6870.199219
1620.500000,6806.857422
1621.000000,6746.148926
1621.500000,6692.601562
1622.000000,6646.249023
1622.500000,6601.392578
1623.000000,6549.162598
1623.500000,6485.245117
1624.000000,6410.531738
1624.500000,6334.796387
1625.000000,6264.395020
1625.500000,6196.943359
1626.000000,6126.236328
1626.500000,6049.584961
1627.000000,5972.200684
1627.500000,5905.109375
1628.000000,5852.906250
1628.500000,5812.792969
1629.000000,5773.532715
1629.500000,5725.945312
1630.000000,5670.908691
1630.500000,5613.848145
1631.000000,5560.996582
1631.500000,5513.753418
1632.000000,5469.218750
1632.500000,5424.021973
1633.000000,5376.634277
1633.500000,5327.564941
1634.000000,5277.444336
1634.500000,5227.104980
1635.000000,5177.871582
1635.500000,5131.399414
1636.000000,5090.003418
1636.500000,5054.419922
1637.000000,5024.207520
1637.500000,4998.314941
1638.000000,4975.113281
1638.500000,4953.234375
1639.000000,4931.015137
1639.500000,4907.686523
1640.000000,4884.487305
1640.500000,4863.271973
1641.000000,4844.046875
1641.500000,4824.514160
1642.000000,4801.354004
1642.500000,4773.322754
1643.000000,4743.255859
1643.500000,4715.987793
1644.000000,4694.946289
1644.500000,4677.523926
1645.000000,4659.518066
1645.500000,4637.877930
1646.000000,4613.688965
1646.500000,4591.010742
1647.000000,4572.308594
1647.500000,4556.094727
1648.000000,4537.647461
1648.500000,4511.716797
1649.000000,4479.256836
1649.500000,4443.263184
1650.000000,4408.392090
1650.500000,4376.556152
1651.000000,4345.823730
1651.500000,4312.366211
1652.000000,4274.121094
1652.500000,4232.510254
1653.000000,4190.893555
1653.500000,4152.346680
1654.000000,4118.616699
1654.500000,4087.466309
1655.000000,4056.716797
1655.500000,4025.269531
1656.000000,3993.493896
1656.500000,3962.077393
1657.000000,3930.817383
1657.500000,3898.596680
1658.000000,3865.017334
1658.500000,3830.854980
1659.000000,3797.767578
1659.500000,3767.226807
1660.000000,3738.490234
1660.500000,3710.026367
1661.000000,3680.393066
1661.500000,3649.262451
1662.000000,3617.396973
1662.500000,3586.042725
1663.000000,3556.569092
1663.500000,3529.469727
1664.000000,3505.484619
1664.500000,3483.820801
1665.000000,3464.269531
1665.500000,3445.915771
1666.000000,3428.105225
1666.500000,3409.850830
1667.000000,3390.001465
1667.500000,3367.621826
1668.000000,3343.392578
1668.500000,3319.422852
1669.000000,3298.325439
1669.500000,3281.513428
1670.000000,3266.358887
1670.500000,3249.072754
1671.000000,3227.244873
1671.500000,3201.561768
1672.000000,3176.287109
1672.500000,3155.514160
1673.000000,3141.180420
1673.500000,3130.679932
1674.000000,3121.050537
1674.500000,3109.682617
1675.000000,3095.806641
1675.500000,3080.260498
1676.000000,3063.453857
1676.500000,3045.716553
1677.000000,3027.644531
1677.500000,3010.289551
1678.000000,2994.122803
1678.500000,2978.723145
1679.000000,2962.803467
1679.500000,2945.701660
1680.000000,2928.889893
1680.500000,2915.295410
1681.000000,2906.372559
1681.500000,2901.333008
1682.000000,2897.083008
1682.500000,2890.078369
1683.000000,2878.116211
1683.500000,2863.437744
1684.000000,2849.148438
1684.500000,2837.960938
1685.000000,2831.413574
1685.500000,2827.665039
1686.000000,2823.579590
1686.500000,2816.640137
1687.000000,2806.377441
1687.500000,2793.832520
1688.000000,2780.810303
1688.500000,2767.526611
1689.000000,2753.012207
1689.500000,2736.236816
1690.000000,2718.564453
1690.500000,2702.820801
1691.000000,2691.266602
1691.500000,2683.330566
1692.000000,2676.283203
1692.500000,2667.641846
1693.000000,2656.897949
1693.500000,2646.018066
1694.000000,2637.028076
1694.500000,2629.480469
1695.000000,2622.016113
1695.500000,2613.594238
1696.000000,2604.579834
1696.500000,2596.224121
1697.000000,2588.771240
1697.500000,2581.016846
1698.000000,2571.567871
1698.500000,2559.821533
1699.000000,2547.692139
1699.500000,2537.672852
1700.000000,2530.479492
1700.500000,2525.618652
1701.000000,2521.475098
1701.500000,2516.927979
1702.000000,2511.744385
1702.500000,2505.971191
1703.000000,2498.887695
1703.500000,2490.106689
1704.000000,2479.824219
1704.500000,2470.289795
1705.000000,2463.936035
1705.500000,2460.669678
1706.000000,2458.319092
1706.500000,2453.962891
1707.000000,2446.693848
1707.500000,2438.808350
1708.000000,2433.485840
1708.500000,2432.965820
1709.000000,2435.110352
1709.500000,2436.736084
1710.000000,2435.171143
1710.500000,2429.372559
1711.000000,2420.211914
1711.500000,2409.243164
1712.000000,2398.473877
1712.500000,2390.099121
1713.000000,2386.029785
1713.500000,2385.172363
1714.000000,2385.298584
1714.500000,2383.048584
1715.000000,2376.182129
1715.500000,2366.235107
1716.000000,2355.892334
1716.500000,2347.495850
1717.000000,2341.685547
1717.500000,2338.224854
1718.000000,2336.017578
1718.500000,2335.225098
1719.000000,2335.572266
1719.500000,2336.820557
1720.000000,2338.263184
1720.500000,2339.700439
1721.000000,2341.309570
1721.500000,2342.722168
1722.000000,2342.258057
1722.500000,2337.994873
1723.000000,2329.093018
1723.500000,2318.570801
1724.000000,2310.143555
1724.500000,2305.518555
1725.000000,2304.086182
1725.500000,2302.720215
1726.000000,2300.092773
1726.500000,2297.322754
1727.000000,2296.054688
1727.500000,2295.947021
1728.000000,2294.026367
1728.500000,2287.132812
1729.000000,2276.881104
1729.500000,2266.839111
1730.000000,2261.038086
1730.500000,2260.769287
1731.000000,2263.678955
1731.500000,2266.180664
1732.000000,2264.921143
1732.500000,2258.278320
1733.000000,2245.763428
1733.500000,2230.706299
1734.000000,2216.827881
1734.500000,2207.143799
1735.000000,2203.472412
1735.500000,2203.660889
1736.000000,2205.141602
1736.500000,2205.778564
1737.000000,2203.801758
1737.500000,2196.378418
1738.000000,2183.605225
1738.500000,2166.962646
1739.000000,2151.830078
1739.500000,2143.617188
1740.000000,2142.681396
1740.500000,2144.797607
1741.000000,2144.872070
1741.500000,2141.162109
1742.000000,2135.464844
1742.500000,2131.194092
1743.000000,2130.000488
1743.500000,2130.322998
1744.000000,2130.342529
1744.500000,2128.505615
1745.000000,2123.251709
1745.500000,2114.567627
1746.000000,2103.817383
1746.500000,2094.069580
1747.000000,2088.533447
1747.500000,2089.221680
1748.000000,2092.948730
1748.500000,2096.301514
1749.000000,2096.742676
1749.500000,2092.976318
1750.000000,2086.330566
1750.500000,2078.808838
1751.000000,2072.510010
1751.500000,2068.871582
1752.000000,2068.020508
1752.500000,2067.410645
1753.000000,2063.908936
1753.500000,2057.126953
1754.000000,2048.361084
1754.500000,2040.742310
1755.000000,2035.923706
1755.500000,2032.761353
1756.000000,2029.031250
1756.500000,2023.162842
1757.000000,2015.709229
1757.500000,2008.705444
1758.000000,2003.834229
1758.500000,2002.015381
1759.000000,2001.386475
1759.500000,1999.166138
1760.000000,1993.842407
1760.500000,1986.027588
1761.000000,1978.288574
1761.500000,1973.238281
1762.000000,1971.622314
1762.500000,1971.305786
1763.000000,1969.998779
1763.500000,1966.463013
1764.000000,1959.675903
1764.500000,1950.632690
1765.000000,1940.623779
1765.500000,1931.611084
1766.000000,1925.225830
1766.500000,1921.815063
1767.000000,1919.319824
1767.500000,1916.006348
1768.000000,1911.545044
1768.500000,1906.478271
1769.000000,1901.529663
1769.500000,1896.678589
1770.000000,1891.916626
1770.500000,1887.789917
1771.000000,1884.786499
1771.500000,1882.115845
1772.000000,1878.255859
1772.500000,1872.689575
1773.000000,1865.793457
1773.500000,1858.901611
1774.000000,1852.221802
1774.500000,1845.254028
1775.000000,1837.833618
1775.500000,1830.375000
1776.000000,1822.872681
1776.500000,1814.557983
1777.000000,1805.382324
1777.500000,1796.955811
1778.000000,1791.159912
1778.500000,1787.688721
1779.000000,1782.913940
1779.500000,1773.402466
1780.000000,1759.935669
1780.500000,1746.968872
1781.000000,1738.394287
1781.500000,1734.005859
1782.000000,1731.670898
1782.500000,1729.171753
1783.000000,1726.585327
1783.500000,1724.394897
1784.000000,1721.903320
1784.500000,1717.873657
1785.000000,1711.926392
1785.500000,1705.231079
1786.000000,1698.876099
1786.500000,1693.182251
1787.000000,1687.892456
1787.500000,1682.778442
1788.000000,1677.499756
1788.500000,1671.860840
1789.000000,1666.747070
1789.500000,1664.324219
1790.000000,1664.822144
1790.500000,1665.160156
1791.000000,1660.182007
1791.500000,1647.553589
1792.000000,1630.795776
1792.500000,1616.702881
1793.000000,1609.768555
1793.500000,1607.440186
1794.000000,1606.677856
1794.500000,1606.067993
1795.000000,1605.999756
1795.500000,1605.351318
1796.000000,1601.033203
1796.500000,1591.945435
1797.000000,1581.641357
1797.500000,1574.500244
1798.000000,1571.020142
1798.500000,1569.304077
1799.000000,1567.834229
1799.500000,1568.016968
1800.000000,1570.468140
1800.500000,1572.244873
1801.000000,1569.566895
1801.500000,1563.363770
1802.000000,1558.023560
1802.500000,1556.589844
1803.000000,1557.289429
1803.500000,1556.273438
1804.000000,1553.413208
1804.500000,1551.597534
1805.000000,1551.315430
1805.500000,1549.077759
1806.000000,1543.184692
1806.500000,1536.893921
1807.000000,1535.273560
1807.500000,1538.350830
1808.000000,1540.100830
1808.500000,1537.241211
1809.000000,1533.250000
1809.500000,1531.962402
1810.000000,1531.221802
