440.000000,2980.811768
440.500000,2965.308838
441.000000,2954.523682
441.500000,2945.301270
442.000000,2934.874512
442.500000,2921.656982
443.000000,2906.782959
443.500000,2891.650146
444.000000,2877.566406
444.500000,2865.743652
445.000000,2856.254639
445.500000,2848.915283
446.000000,2843.024414
446.500000,2838.071289
447.000000,2833.671875
447.500000,2829.756348
448.000000,2826.859863
448.500000,2825.409180
449.000000,2826.267578
449.500000,2829.014160
450.000000,2833.267334
450.500000,2837.696045
451.000000,2841.680908
451.500000,2845.530273
452.000000,2850.426758
452.500000,2858.650635
453.000000,2871.458740
453.500000,2889.846436
454.000000,2912.033203
454.500000,2936.824463
455.000000,2961.701904
455.500000,2984.516357
456.000000,3004.630127
456.500000,3022.129639
457.000000,3037.520996
457.500000,3051.662354
458.000000,3064.797363
458.500000,3077.037354
459.000000,3087.695557
459.500000,3096.667236
460.000000,3103.436523
460.500000,3108.071533
461.000000,3110.521484
461.500000,3110.275879
462.000000,3106.592285
462.500000,3098.021484
463.000000,3084.421631
463.500000,3066.092041
464.000000,3045.692871
464.500000,3025.163574
465.000000,3006.254150
465.500000,2990.270264
466.000000,2976.712158
466.500000,2964.910889
467.000000,2954.960449
467.500000,2947.462646
468.000000,2944.982178
468.500000,2948.561279
469.000000,2959.675781
469.500000,2976.357178
470.000000,2997.418213
470.500000,3020.288574
471.000000,3042.909912
471.500000,3064.495850
472.000000,3085.273682
472.500000,3105.618164
473.000000,3125.766846
473.500000,3144.688965
474.000000,3161.156006
474.500000,3172.829346
475.000000,3178.911621
475.500000,3178.200928
476.000000,3170.774170
476.500000,3158.204834
477.000000,3141.898438
477.500000,3123.439209
478.000000,3103.421387
478.500000,3082.594238
479.000000,3061.200195
479.500000,3039.667236
480.000000,3018.294189
480.500000,2997.227539
481.000000,2976.340576
481.500000,2955.061035
482.000000,2932.871826
482.500000,2909.607422
483.000000,2886.055420
483.500000,2863.971191
484.000000,2845.527588
484.500000,2833.425537
485.000000,2827.506348
485.500000,2827.323242
486.000000,2830.799316
486.500000,2835.115479
487.000000,2837.744385
487.500000,2838.354004
488.000000,2837.719971
488.500000,2837.839600
489.000000,2841.233643
489.500000,2848.905518
490.000000,2860.430420
490.500000,2873.819336
491.000000,2886.965332
491.500000,2898.073730
492.000000,2906.288574
492.500000,2911.758057
493.000000,2915.898682
493.500000,2919.356689
494.000000,2922.644531
494.500000,2925.532227
495.000000,2927.331543
495.500000,2927.291748
496.000000,2924.960205
496.500000,2920.373779
497.000000,2913.741211
497.500000,2906.236328
498.000000,2899.513428
498.500000,2894.799072
499.000000,2893.673584
499.500000,2896.165527
500.000000,2902.417969
500.500000,2911.139893
501.000000,2920.452881
501.500000,2928.765381
502.000000,2934.868408
502.500000,2937.241699
503.000000,2935.699707
503.500000,2929.820557
504.000000,2921.130615
504.500000,2910.502686
505.000000,2899.378906
505.500000,2888.919434
506.000000,2879.633057
506.500000,2871.083740
507.000000,2862.819824
507.500000,2854.600830
508.000000,2846.961426
508.500000,2841.012695
509.000000,2838.335449
509.500000,2838.792480
510.000000,2841.688232
510.500000,2845.013672
511.000000,2846.029541
511.500000,2841.863770
512.000000,2832.660889
512.500000,2818.693848
513.000000,2802.799561
513.500000,2787.708008
514.000000,2775.983154
514.500000,2769.089844
515.000000,2765.934082
515.500000,2764.850830
516.000000,2763.819092
516.500000,2761.243164
517.000000,2756.433350
517.500000,2750.863525
518.000000,2746.186523
518.500000,2743.477539
519.000000,2743.606689
519.500000,2745.828857
520.000000,2748.692627
520.500000,2750.807373
521.000000,2751.525391
521.500000,2750.790283
522.000000,2749.371826
522.500000,2748.310547
523.000000,2748.265869
523.500000,2749.607422
524.000000,2751.810791
524.500000,2754.123047
525.000000,2755.409180
525.500000,2754.471436
526.000000,2750.819824
526.500000,2744.873291
527.000000,2737.103516
527.500000,2728.684570
528.000000,2720.376709
528.500000,2712.275635
529.000000,2703.760742
529.500000,2694.145264
530.000000,2682.890625
530.500000,2670.185059
531.000000,2657.267090
531.500000,2646.156250
532.000000,2638.202393
532.500000,2635.245850
533.000000,2636.462646
533.500000,2641.378662
534.000000,2647.169922
534.500000,2651.047363
535.000000,2651.650391
535.500000,2649.138672
536.000000,2645.298340
536.500000,2643.475342
537.000000,2647.507568
537.500000,2657.014404
538.000000,2671.226074
538.500000,2686.285400
539.000000,2698.461670
539.500000,2705.367188
540.000000,2707.215576
540.500000,2706.318604
541.000000,2705.094238
541.500000,2704.975586
542.000000,2705.829834
542.500000,2706.303955
543.000000,2705.164795
543.500000,2701.694336
544.000000,2696.445312
544.500000,2689.818359
545.000000,2682.084229
545.500000,2672.915527
546.000000,2661.973145
546.500000,2649.730225
547.000000,2637.098389
547.500000,2625.446289
548.000000,2616.425781
548.500000,2610.094238
549.000000,2605.681152
549.500000,2601.851807
550.000000,2597.581299
550.500000,2592.452637
551.000000,2586.875488
551.500000,2581.943848
552.000000,2578.444824
552.500000,2577.288330
553.000000,2577.981689
553.500000,2580.143311
554.000000,2582.503174
554.500000,2583.677002
555.000000,2582.931885
555.500000,2580.235840
556.000000,2575.952637
556.500000,2570.988037
557.000000,2565.894043
557.500000,2560.740479
558.000000,2555.054199
558.500000,2548.631592
559.000000,2541.583496
559.500000,2534.620850
560.000000,2528.788330
560.500000,2524.646484
561.000000,2521.787842
561.500000,2519.821289
562.000000,2518.379150
562.500000,2518.167969
563.000000,2520.294189
563.500000,2526.247070
564.000000,2535.393799
564.500000,2546.367920
565.000000,2557.024658
565.500000,2565.591797
566.000000,2571.284424
566.500000,2575.707764
567.000000,2580.616211
567.500000,2586.677002
568.000000,2593.368652
568.500000,2598.941650
569.000000,2601.028809
569.500000,2599.324951
570.000000,2595.419434
570.500000,2591.639404
571.000000,2590.060303
571.500000,2592.249268
572.000000,2597.630615
572.500000,2605.851074
573.000000,2616.151123
573.500000,2629.745117
574.000000,2647.618164
574.500000,2670.872559
575.000000,2699.113281
575.500000,2729.122803
576.000000,2756.241699
576.500000,2776.897949
577.000000,2785.893799
577.500000,2783.797119
578.000000,2768.558838
578.500000,2743.854980
579.000000,2713.378662
579.500000,2681.031250
580.000000,2650.249512
580.500000,2623.743896
581.000000,2602.409668
581.500000,2587.027588
582.000000,2574.889648
582.500000,2564.832275
583.000000,2555.373779
583.500000,2546.236816
584.000000,2537.947998
584.500000,2531.911865
585.000000,2529.082275
585.500000,2529.409424
586.000000,2532.617188
586.500000,2537.260742
587.000000,2542.330566
587.500000,2546.986084
588.000000,2551.113037
588.500000,2555.041992
589.000000,2558.872559
589.500000,2562.307129
590.000000,2564.664307
590.500000,2564.998779
591.000000,2563.462402
591.500000,2560.905273
592.000000,2558.939697
592.500000,2559.335449
593.000000,2562.472412
593.500000,2568.205566
594.000000,2574.726074
594.500000,2580.163574
595.000000,2583.663330
595.500000,2585.776611
596.000000,2587.998535
596.500000,2592.240967
597.000000,2601.747070
597.500000,2616.322998
598.000000,2636.855225
598.500000,2662.101807
599.000000,2690.941650
599.500000,2721.373535
600.000000,2750.488281
600.500000,2774.803711
601.000000,2792.693604
601.500000,2801.499268
602.000000,2802.989014
602.500000,2797.274902
603.000000,2787.099854
603.500000,2773.723389
604.000000,2758.096680
604.500000,2740.338623
605.000000,2720.799072
605.500000,2700.903809
606.000000,2683.211182
606.500000,2670.209717
607.000000,2664.443359
607.500000,2664.084473
608.000000,2667.575195
608.500000,2671.852783
609.000000,2674.602783
609.500000,2674.877686
610.000000,2673.631836
610.500000,2672.377441
611.000000,2672.011719
611.500000,2672.839600
612.000000,2674.194092
612.500000,2675.611084
613.000000,2677.090820
613.500000,2679.244629
614.000000,2682.510498
614.500000,2686.840088
615.000000,2691.757080
615.500000,2696.632568
616.000000,2701.381836
616.500000,2706.770996
617.000000,2714.156006
617.500000,2723.762207
618.000000,2735.524658
618.500000,2748.261963
619.000000,2760.790283
619.500000,2772.530273
620.000000,2784.087158
620.500000,2796.452148
621.000000,2810.015137
621.500000,2824.754395
622.000000,2839.615967
622.500000,2853.465088
623.000000,2865.838135
623.500000,2876.852051
624.000000,2886.776855
624.500000,2895.523682
625.000000,2902.355225
625.500000,2906.542480
626.000000,2905.829590
626.500000,2899.473633
627.000000,2883.761963
627.500000,2857.543457
628.000000,2817.724365
628.500000,2766.140869
629.000000,2708.314941
629.500000,2656.171143
630.000000,2622.103760
630.500000,2618.193848
631.000000,2641.684814
631.500000,2691.528320
632.000000,2751.424316
632.500000,2807.714355
633.000000,2850.623291
633.500000,2879.005859
634.000000,2898.306396
634.500000,2916.113770
635.000000,2938.248779
635.500000,2965.938232
636.000000,2997.586914
636.500000,3028.121826
637.000000,3053.755371
637.500000,3073.963867
638.000000,3088.314209
638.500000,3097.509277
639.000000,3101.236572
639.500000,3097.632080
640.000000,3086.189453
640.500000,3065.323242
641.000000,3037.082520
641.500000,3001.641602
642.000000,2962.263916
642.500000,2920.767334
643.000000,2879.448486
643.500000,2840.084229
644.000000,2803.884766
644.500000,2771.619873
645.000000,2744.445068
645.500000,2722.099121
646.000000,2705.854736
646.500000,2694.378662
647.000000,2687.046387
647.500000,2681.902832
648.000000,2677.598633
648.500000,2673.055664
649.000000,2667.968994
649.500000,2662.880615
650.000000,2658.892822
650.500000,2657.145752
651.000000,2657.460938
651.500000,2659.627930
652.000000,2662.299072
652.500000,2664.161377
653.000000,2664.171387
653.500000,2661.788574
654.000000,2657.510986
654.500000,2652.483643
655.000000,2648.115723
655.500000,2645.606445
656.000000,2646.641357
656.500000,2651.190674
657.000000,2659.759521
657.500000,2671.029541
658.000000,2684.169678
658.500000,2698.045898
659.000000,2711.536865
659.500000,2723.532715
660.000000,2733.317383
660.500000,2739.842041
661.000000,2743.844482
661.500000,2745.300293
662.000000,2745.129883
662.500000,2743.629639
663.000000,2741.222412
663.500000,2738.308838
664.000000,2735.824219
664.500000,2735.141602
665.000000,2738.119385
665.500000,2745.034180
666.000000,2756.379639
666.500000,2769.700684
667.000000,2782.176270
667.500000,2790.666016
668.000000,2793.158691
668.500000,2789.843262
669.000000,2782.471680
669.500000,2773.204590
670.000000,2764.422852
670.500000,2757.740479
671.000000,2752.742920
671.500000,2747.742920
672.000000,2740.600830
672.500000,2729.217773
673.000000,2713.265137
673.500000,2693.745361
674.000000,2672.913818
674.500000,2653.746826
675.000000,2638.488770
675.500000,2626.333496
676.000000,2615.936768
676.500000,2604.829346
677.000000,2591.197266
677.500000,2575.196045
678.000000,2558.590088
678.500000,2544.639648
679.000000,2535.872070
679.500000,2534.187012
680.000000,2538.370361
680.500000,2547.542969
681.000000,2558.196777
681.500000,2567.218506
682.000000,2572.196045
682.500000,2571.965332
683.000000,2567.666992
683.500000,2561.452393
684.000000,2555.716797
684.500000,2552.005859
685.000000,2550.708252
685.500000,2549.939453
686.000000,2547.061523
686.500000,2541.227783
687.000000,2532.683105
687.500000,2523.597656
688.000000,2516.366211
688.500000,2512.390381
689.000000,2511.052490
689.500000,2510.180664
690.000000,2507.421387
690.500000,2501.352783
691.000000,2493.315430
691.500000,2484.989258
692.000000,2478.066895
692.500000,2473.145264
693.000000,2468.965332
693.500000,2463.317139
694.000000,2454.764648
694.500000,2443.985596
695.000000,2432.863281
695.500000,2423.947266
696.000000,2419.954102
696.500000,2420.494141
697.000000,2424.047607
697.500000,2427.162109
698.000000,2427.291748
698.500000,2423.530518
699.000000,2417.113281
699.500000,2410.047852
700.000000,2404.389404
700.500000,2401.491699
701.000000,2399.900879
701.500000,2397.638184
702.000000,2393.412598
702.500000,2387.170898
703.000000,2380.585693
703.500000,2376.192627
704.000000,2376.566895
704.500000,2382.186279
705.000000,2392.394531
705.500000,2404.164795
706.000000,2415.320312
706.500000,2424.540039
707.000000,2431.140869
707.500000,2435.534424
708.000000,2438.210449
708.500000,2439.455811
709.000000,2439.755371
709.500000,2439.472168
710.000000,2439.340332
710.500000,2440.225342
711.000000,2442.271484
711.500000,2445.164062
712.000000,2447.567383
712.500000,2447.677002
713.000000,2444.654541
713.500000,2439.087646
714.000000,2432.517822
714.500000,2427.102051
715.000000,2424.906494
715.500000,2425.552979
716.000000,2427.750732
716.500000,2428.546143
717.000000,2425.691162
717.500000,2419.311768
718.000000,2411.546875
718.500000,2405.834717
719.000000,2405.002441
719.500000,2411.304688
720.000000,2422.646729
720.500000,2435.993896
721.000000,2447.547363
721.500000,2455.045410
722.000000,2458.957031
722.500000,2460.972900
723.000000,2463.348877
723.500000,2467.558838
724.000000,2473.854980
724.500000,2480.627197
725.000000,2485.846191
725.500000,2488.661865
726.000000,2488.488037
726.500000,2486.520752
727.000000,2484.298096
727.500000,2483.567383
728.000000,2485.653564
728.500000,2490.883545
729.000000,2497.689941
729.500000,2504.272705
730.000000,2509.118164
730.500000,2511.143799
731.000000,2511.341553
731.500000,2511.064697
732.000000,2511.750977
732.500000,2513.660889
733.000000,2515.493896
733.500000,2515.582031
734.000000,2512.553467
734.500000,2506.950439
735.000000,2499.355225
735.500000,2491.095459
736.000000,2482.075195
736.500000,2471.348389
737.000000,2457.931641
737.500000,2442.504883
738.000000,2427.414062
738.500000,2415.844482
739.000000,2409.374756
739.500000,2408.766357
740.000000,2410.785889
740.500000,2412.060791
741.000000,2410.680420
741.500000,2407.145264
742.000000,2403.857910
742.500000,2402.973633
743.000000,2404.876465
743.500000,2407.490479
744.000000,2407.454834
744.500000,2402.760254
745.000000,2392.641602
745.500000,2380.977539
746.000000,2371.433594
746.500000,2366.195068
747.000000,2365.662842
747.500000,2367.904541
748.000000,2370.122070
748.500000,2370.270996
749.000000,2368.546143
749.500000,2366.965332
750.000000,2367.773193
750.500000,2373.010254
751.000000,2381.969971
751.500000,2393.259277
752.000000,2404.406982
752.500000,2413.234863
753.000000,2418.375977
753.500000,2420.286621
754.000000,2419.816650
754.500000,2418.483643
755.000000,2417.131836
755.500000,2416.242432
756.000000,2416.004639
756.500000,2416.194092
757.000000,2416.322998
757.500000,2415.463867
758.000000,2412.549072
758.500000,2406.487549
759.000000,2397.653320
759.500000,2386.688477
760.000000,2375.861816
760.500000,2367.711426
761.000000,2363.520264
761.500000,2363.889648
762.000000,2367.288086
762.500000,2371.013428
763.000000,2372.850830
763.500000,2372.094482
764.000000,2368.975586
764.500000,2365.467041
765.000000,2363.809814
765.500000,2365.168457
766.000000,2370.322998
766.500000,2378.112061
767.000000,2386.634521
767.500000,2394.249268
768.000000,2400.088623
768.500000,2403.892090
769.000000,2406.553711
769.500000,2408.883789
770.000000,2411.637939
770.500000,2415.073242
771.000000,2418.615479
771.500000,2421.100830
772.000000,2421.192871
772.500000,2417.608398
773.000000,2409.085205
773.500000,2396.109619
774.000000,2379.198975
774.500000,2361.285889
775.000000,2345.905273
775.500000,2335.795166
776.000000,2332.608154
776.500000,2334.872559
777.000000,2339.759033
777.500000,2343.835938
778.000000,2344.624512
778.500000,2340.861816
779.000000,2334.308838
779.500000,2327.149170
780.000000,2321.818115
780.500000,2319.534180
781.000000,2319.443848
781.500000,2320.302246
782.000000,2321.022705
782.500000,2321.528564
783.000000,2322.923828
783.500000,2326.573730
784.000000,2334.151123
784.500000,2344.567627
785.000000,2355.416260
785.500000,2363.407959
786.000000,2365.369385
786.500000,2360.755127
787.000000,2351.215088
787.500000,2340.309570
788.000000,2332.367432
788.500000,2331.619873
789.000000,2338.390869
789.500000,2352.250732
790.000000,2368.721436
790.500000,2384.364502
791.000000,2396.703613
791.500000,2404.694336
792.000000,2409.322510
792.500000,2413.166748
793.000000,2419.462158
793.500000,2430.531006
794.000000,2449.272461
794.500000,2473.508057
795.000000,2501.708740
795.500000,2530.341309
796.000000,2556.302490
796.500000,2577.864502
797.000000,2594.937744
797.500000,2608.798828
798.000000,2622.068115
798.500000,2637.365967
799.000000,2655.603027
799.500000,2676.882568
800.000000,2699.164551
800.500000,2720.046875
801.000000,2737.327148
801.500000,2749.094971
802.000000,2754.509277
802.500000,2754.403320
803.000000,2749.840088
803.500000,2743.878906
804.000000,2739.922852
804.500000,2740.221924
805.000000,2747.477051
805.500000,2761.225342
806.000000,2780.444580
806.500000,2802.091553
807.000000,2822.279297
807.500000,2836.781250
808.000000,2843.035400
808.500000,2836.764648
809.000000,2820.160889
809.500000,2792.684570
810.000000,2758.823730
810.500000,2722.508789
811.000000,2688.772705
811.500000,2662.192871
812.000000,2645.787598
812.500000,2639.148438
813.000000,2641.491699
813.500000,2648.314209
814.000000,2656.716797
814.500000,2664.588379
815.000000,2671.363525
815.500000,2677.618408
816.000000,2684.218506
816.500000,2691.931396
817.000000,2701.219727
817.500000,2712.534424
818.000000,2725.844727
818.500000,2741.945312
819.000000,2760.518555
819.500000,2782.275635
820.000000,2806.635254
820.500000,2832.858887
821.000000,2858.825195
821.500000,2881.290039
822.000000,2896.256836
822.500000,2901.332764
823.000000,2893.485596
823.500000,2875.530029
824.000000,2849.526855
824.500000,2820.768799
825.000000,2792.357178
825.500000,2766.144287
826.000000,2742.795410
826.500000,2721.963867
827.000000,2702.826660
827.500000,2684.780518
828.000000,2667.143066
828.500000,2649.809326
829.000000,2633.204834
829.500000,2618.882568
830.000000,2608.015137
830.500000,2601.932373
831.000000,2600.218018
831.500000,2601.322510
832.000000,2603.251953
832.500000,2604.377686
833.000000,2604.166504
833.500000,2603.517334
834.000000,2603.512939
834.500000,2604.139893
835.000000,2604.267822
835.500000,2602.377441
836.000000,2597.291016
836.500000,2589.073242
837.000000,2579.151611
837.500000,2569.235107
838.000000,2560.625488
838.500000,2554.022217
839.000000,2548.366455
839.500000,2542.187988
840.000000,2534.335205
840.500000,2524.436035
841.000000,2513.584473
841.500000,2503.908936
842.000000,2497.931396
842.500000,2496.584473
843.000000,2500.085449
843.500000,2505.249756
844.000000,2508.128906
844.500000,2505.596924
845.000000,2495.359375
845.500000,2479.201904
846.000000,2460.057861
846.500000,2441.464355
847.000000,2426.373535
847.500000,2417.409912
848.000000,2414.336670
848.500000,2417.791748
849.000000,2424.785400
849.500000,2432.783447
850.000000,2438.752441
850.500000,2440.840088
851.000000,2440.050049
851.500000,2439.276855
852.000000,2441.825195
852.500000,2448.932617
853.000000,2460.832275
853.500000,2474.732910
854.000000,2488.887939
854.500000,2502.940674
855.000000,2518.706787
855.500000,2538.681885
856.000000,2564.831543
856.500000,2596.828857
857.000000,2632.135498
857.500000,2668.316162
858.000000,2703.024902
858.500000,2733.799561
859.000000,2759.907959
859.500000,2779.492188
860.000000,2792.966797
860.500000,2801.249512
861.000000,2806.697021
861.500000,2811.843506
862.000000,2817.534424
862.500000,2822.289062
863.000000,2822.418457
863.500000,2816.096436
864.000000,2800.717041
864.500000,2777.884766
865.000000,2748.479004
865.500000,2714.345215
866.000000,2676.937744
866.500000,2637.862549
867.000000,2599.798584
867.500000,2566.895996
868.000000,2540.755371
868.500000,2522.799072
869.000000,2509.255371
869.500000,2496.483887
870.000000,2481.253662
870.500000,2462.477295
871.000000,2441.422119
871.500000,2420.375488
872.000000,2400.835205
872.500000,2382.430664
873.000000,2363.906494
873.500000,2344.388916
874.000000,2324.629395
874.500000,2306.755859
875.000000,2293.405518
875.500000,2285.800781
876.000000,2283.651367
876.500000,2285.845215
877.000000,2290.135010
877.500000,2295.125977
878.000000,2299.822266
878.500000,2303.985107
879.000000,2308.121826
879.500000,2313.255615
880.000000,2320.254883
880.500000,2329.489990
881.000000,2340.360840
881.500000,2351.327148
882.000000,2360.734375
882.500000,2368.210938
883.000000,2374.372803
883.500000,2381.363770
884.000000,2391.381592
884.500000,2404.514893
885.000000,2419.060059
885.500000,2431.569336
886.000000,2438.870117
886.500000,2439.693604
887.000000,2436.303467
887.500000,2431.110107
888.000000,2426.525146
888.500000,2422.877441
889.000000,2418.542969
889.500000,2411.298096
890.000000,2400.571045
890.500000,2387.859619
891.000000,2376.387451
891.500000,2369.162354
892.000000,2368.360596
892.500000,2371.812012
893.000000,2376.952637
893.500000,2381.048340
894.000000,2383.132812
894.500000,2384.443359
895.000000,2387.032715
895.500000,2392.421875
896.000000,2400.566895
896.500000,2410.319580
897.000000,2419.812744
897.500000,2427.811035
898.000000,2434.834229
898.500000,2442.355713
899.000000,2451.957764
899.500000,2464.606201
900.000000,2479.711914
900.500000,2495.895996
901.000000,2511.638428
901.500000,2526.027588
902.000000,2538.803711
902.500000,2550.961670
903.000000,2563.834961
903.500000,2578.455322
904.000000,2595.737061
904.500000,2615.281982
905.000000,2636.234131
905.500000,2657.457764
906.000000,2678.414062
906.500000,2699.830078
907.000000,2723.276855
907.500000,2751.824219
908.000000,2786.201660
908.500000,2828.015137
909.000000,2875.498779
909.500000,2926.964600
910.000000,2979.678223
910.500000,3030.679688
911.000000,3076.471924
911.500000,3114.216309
912.000000,3138.395752
912.500000,3148.834229
913.000000,3143.214844
913.500000,3126.525635
914.000000,3101.808838
914.500000,3073.498047
915.000000,3043.793457
915.500000,3012.831543
916.000000,2979.656494
916.500000,2942.887939
917.000000,2903.015137
917.500000,2860.594971
918.000000,2817.747803
918.500000,2776.555664
919.000000,2738.947021
919.500000,2707.574707
920.000000,2683.727051
920.500000,2666.869385
921.000000,2654.708740
921.500000,2642.642334
922.000000,2626.381836
922.500000,2605.491455
923.000000,2581.741943
923.500000,2559.711182
924.000000,2543.306396
924.500000,2532.473877
925.000000,2523.904053
925.500000,2512.851074
926.000000,2496.645752
926.500000,2475.519043
927.000000,2453.979980
927.500000,2436.626465
928.000000,2424.337891
928.500000,2416.599365
929.000000,2410.433105
929.500000,2403.606934
930.000000,2395.289551
930.500000,2385.923340
931.000000,2376.277832
931.500000,2367.036621
932.000000,2358.959717
932.500000,2352.504395
933.000000,2348.686523
933.500000,2347.086426
934.000000,2346.515137
934.500000,2344.891113
935.000000,2341.016113
935.500000,2335.522461
936.000000,2330.722900
936.500000,2329.127686
937.000000,2330.559326
937.500000,2333.122559
938.000000,2333.359863
938.500000,2328.292969
939.000000,2318.426025
939.500000,2306.280273
940.000000,2295.359863
940.500000,2287.854004
941.000000,2284.193359
941.500000,2282.497559
942.000000,2281.597656
942.500000,2281.208496
943.000000,2282.487793
943.500000,2285.973389
944.000000,2291.402100
944.500000,2297.142822
945.000000,2301.353027
945.500000,2302.949219
946.000000,2302.578369
946.500000,2301.437744
947.000000,2300.880127
947.500000,2301.390381
948.000000,2302.124268
948.500000,2301.905273
949.000000,2300.310791
949.500000,2298.200928
950.000000,2297.776123
950.500000,2301.097656
951.000000,2309.604736
951.500000,2321.683838
952.000000,2335.396729
952.500000,2348.157227
953.000000,2358.856934
953.500000,2368.820068
954.000000,2380.812988
954.500000,2397.558105
955.000000,2420.439941
955.500000,2449.718018
956.000000,2483.431396
956.500000,2520.797607
957.000000,2560.165771
957.500000,2600.680664
958.000000,2640.250488
958.500000,2675.061279
959.000000,2701.595703
959.500000,2716.593262
960.000000,2718.329834
960.500000,2708.340088
961.000000,2686.867188
961.500000,2657.718018
962.000000,2621.966064
962.500000,2583.616943
963.000000,2546.168457
963.500000,2513.093750
964.000000,2487.337646
964.500000,2469.418945
965.000000,2457.520264
965.500000,2449.315186
966.000000,2441.948242
966.500000,2434.063232
967.000000,2425.652832
967.500000,2417.518311
968.000000,2410.685791
968.500000,2406.606934
969.000000,2406.317383
969.500000,2410.512451
970.000000,2418.995850
970.500000,2429.827881
971.000000,2440.881836
971.500000,2450.548096
972.000000,2458.522461
972.500000,2466.523193
973.000000,2476.581543
973.500000,2489.165283
974.000000,2502.869873
974.500000,2514.750000
975.000000,2522.271484
975.500000,2524.164795
976.000000,2522.500488
976.500000,2519.454346
977.000000,2516.790527
977.500000,2513.832275
978.000000,2508.383789
978.500000,2497.470703
979.000000,2479.976562
979.500000,2456.766113
980.000000,2430.170898
980.500000,2403.611816
981.000000,2380.038330
981.500000,2360.262695
982.000000,2345.142090
982.500000,2333.260010
983.000000,2324.147217
983.500000,2317.039062
984.000000,2311.742920
984.500000,2308.095215
985.000000,2305.572754
985.500000,2303.517334
986.000000,2301.095703
986.500000,2297.593262
987.000000,2293.041016
987.500000,2287.223145
988.000000,2280.156738
988.500000,2271.478271
989.000000,2261.197266
989.500000,2250.044434
990.000000,2239.617432
990.500000,2231.724121
991.000000,2228.506348
991.500000,2229.399414
992.000000,2233.959229
992.500000,2240.057373
993.000000,2246.812988
993.500000,2254.478760
994.000000,2264.439941
994.500000,2278.010986
995.000000,2294.830566
995.500000,2313.389404
996.000000,2331.001953
996.500000,2345.385498
997.000000,2357.185303
997.500000,2367.862061
998.000000,2379.521973
998.500000,2393.171631
999.000000,2407.851074
999.500000,2421.069580
1000.000000,2429.578125
1000.500000,2431.793945
1001.000000,2425.341309
1001.500000,2412.031494
1002.000000,2392.039795
1002.500000,2368.255615
1003.000000,2342.810059
1003.500000,2317.917725
1004.000000,2294.875244
1004.500000,2273.734375
1005.000000,2253.298096
1005.500000,2232.402832
1006.000000,2211.065674
1006.500000,2191.327881
1007.000000,2175.909668
1007.500000,2168.267334
1008.000000,2168.132080
1008.500000,2173.557861
1009.000000,2180.739990
1009.500000,2186.202881
1010.000000,2188.248779
1010.500000,2188.097168
1011.000000,2187.785156
1011.500000,2189.104980
1012.000000,2192.700195
1012.500000,2197.171875
1013.000000,2200.749512
1013.500000,2202.380127
1014.000000,2202.377686
1014.500000,2202.184814
1015.000000,2203.474854
1015.500000,2207.578857
1016.000000,2213.913574
1016.500000,2221.874268
1017.000000,2230.298584
1017.500000,2238.910645
1018.000000,2247.912598
1018.500000,2257.479736
1019.000000,2267.036133
1019.500000,2275.261719
1020.000000,2280.499268
1020.500000,2282.626709
1021.000000,2281.615234
1021.500000,2279.184082
1022.000000,2276.014404
1022.500000,2272.239258
1023.000000,2267.304932
1023.500000,2261.156982
1024.000000,2254.803955
1024.500000,2250.067871
1025.000000,2248.066162
1025.500000,2249.042725
1026.000000,2250.812500
1026.500000,2250.943115
1027.000000,2248.484863
1027.500000,2243.855957
1028.000000,2239.029541
1028.500000,2235.551025
1029.000000,2233.389160
1029.500000,2230.953613
1030.000000,2226.348389
1030.500000,2219.467773
1031.000000,2211.313721
1031.500000,2204.064941
1032.000000,2199.262695
1032.500000,2196.402588
1033.000000,2194.290527
1033.500000,2191.879639
1034.000000,2189.210938
1034.500000,2187.304443
1035.000000,2187.070068
1035.500000,2189.193604
1036.000000,2192.785400
1036.500000,2197.181396
1037.000000,2201.692139
1037.500000,2206.161133
1038.000000,2210.553955
1038.500000,2214.572998
1039.000000,2217.623047
1039.500000,2219.387695
1040.000000,2219.985352
1040.500000,2220.581299
1041.000000,2222.829102
1041.500000,2227.380371
1042.000000,2234.370605
1042.500000,2242.255127
1043.000000,2249.079590
1043.500000,2253.396729
1044.000000,2255.217529
1044.500000,2255.770508
1045.000000,2257.185303
1045.500000,2261.478516
1046.000000,2268.325684
1046.500000,2276.614746
1047.000000,2284.226562
1047.500000,2289.850098
1048.000000,2293.926758
1048.500000,2298.138428
1049.000000,2304.333740
1049.500000,2312.975342
1050.000000,2323.415527
1050.500000,2333.602783
1051.000000,2341.512207
1051.500000,2346.802490
1052.000000,2349.516846
1052.500000,2350.704102
1053.000000,2351.049072
1053.500000,2350.909668
1054.000000,2350.605469
1054.500000,2350.780518
1055.000000,2352.243652
1055.500000,2356.303955
1056.000000,2362.724854
1056.500000,2371.190918
1057.000000,2380.190674
1057.500000,2388.281494
1058.000000,2394.550781
1058.500000,2398.845215
1059.000000,2401.565918
1059.500000,2403.751709
1060.000000,2406.376953
1060.500000,2409.962891
1061.000000,2414.684570
1061.500000,2419.707764
1062.000000,2423.850830
1062.500000,2426.213867
1063.000000,2426.554688
1063.500000,2425.689697
1064.000000,2425.050049
1064.500000,2425.770752
1065.000000,2427.666748
1065.500000,2429.826904
1066.000000,2431.134521
1066.500000,2431.400635
1067.000000,2432.149170
1067.500000,2435.982910
1068.000000,2444.793213
1068.500000,2458.380615
1069.000000,2474.602051
1069.500000,2489.780762
1070.000000,2500.666992
1070.500000,2507.669922
1071.000000,2512.503418
1071.500000,2518.416504
1072.000000,2527.468018
1072.500000,2539.000732
1073.000000,2550.709473
1073.500000,2560.358398
1074.000000,2567.792725
1074.500000,2574.827393
1075.000000,2584.115967
1075.500000,2598.057373
1076.000000,2615.355713
1076.500000,2634.078613
1077.000000,2651.896484
1077.500000,2668.049072
1078.000000,2683.655762
1078.500000,2700.516113
1079.000000,2719.719238
1079.500000,2740.256104
1080.000000,2759.930908
1080.500000,2776.724609
1081.000000,2788.551758
1081.500000,2795.829346
1082.000000,2798.705322
1082.500000,2798.063232
1083.000000,2794.380859
1083.500000,2787.637939
1084.000000,2778.033936
1084.500000,2764.813477
1085.000000,2748.225830
1085.500000,2727.300293
1086.000000,2703.076904
1086.500000,2676.360840
1087.000000,2649.109863
1087.500000,2623.179443
1088.000000,2599.722900
1088.500000,2578.696045
1089.000000,2559.600342
1089.500000,2541.366211
1090.000000,2523.821045
1090.500000,2507.195312
1091.000000,2492.548096
1091.500000,2480.200684
1092.000000,2470.143555
1092.500000,2461.369141
1093.000000,2452.702393
1093.500000,2443.632812
1094.000000,2434.851807
1094.500000,2428.349609
1095.000000,2425.353027
1095.500000,2427.040527
1096.000000,2431.316650
1096.500000,2435.489746
1097.000000,2436.987793
1097.500000,2434.758301
1098.000000,2429.774170
1098.500000,2424.149414
1099.000000,2419.142578
1099.500000,2414.317627
1100.000000,2407.840088
1100.500000,2398.883057
1101.000000,2387.711670
1101.500000,2376.741943
1102.000000,2368.577881
1102.500000,2364.130371
1103.000000,2362.049072
1103.500000,2359.793457
1104.000000,2355.277100
1104.500000,2347.465332
1105.000000,2337.892090
1105.500000,2328.096191
1106.000000,2319.376709
1106.500000,2312.527588
1107.000000,2307.738525
1107.500000,2305.336914
1108.000000,2305.531982
1108.500000,2307.544678
1109.000000,2309.876709
1109.500000,2310.545166
1110.000000,2307.463623
1110.500000,2301.290527
1111.000000,2293.378662
1111.500000,2286.290039
1112.000000,2282.162354
1112.500000,2281.657227
1113.000000,2283.876221
1113.500000,2287.423584
1114.000000,2290.770264
1114.500000,2293.131348
1115.000000,2294.862061
1115.500000,2296.594238
1116.000000,2298.845703
1116.500000,2301.632324
1117.000000,2304.383545
1117.500000,2306.472168
1118.000000,2307.769043
1118.500000,2309.018311
1119.000000,2311.598389
1119.500000,2316.312988
1120.000000,2323.889893
1120.500000,2333.131104
1121.000000,2342.743652
1121.500000,2351.327393
1122.000000,2357.933350
1122.500000,2362.288330
1123.000000,2364.655029
1123.500000,2365.104492
1124.000000,2364.173584
1124.500000,2362.015137
1125.000000,2359.465088
1125.500000,2357.516846
1126.000000,2357.169678
1126.500000,2359.511719
1127.000000,2364.724854
1127.500000,2372.117188
1128.000000,2380.337158
1128.500000,2387.791748
1129.000000,2393.374268
1129.500000,2397.634521
1130.000000,2401.647217
1130.500000,2406.535400
1131.000000,2412.521240
1131.500000,2418.550049
1132.000000,2423.329102
1132.500000,2426.572998
1133.000000,2429.712158
1133.500000,2435.338867
1134.000000,2444.867188
1134.500000,2459.248535
1135.000000,2475.742188
1135.500000,2491.524414
1136.000000,2504.339844
1136.500000,2513.146973
1137.000000,2518.916016
1137.500000,2523.734619
1138.000000,2529.974609
1138.500000,2539.306396
1139.000000,2553.351562
1139.500000,2570.905518
1140.000000,2590.517822
1140.500000,2609.278076
1141.000000,2624.506592
1141.500000,2635.374268
1142.000000,2642.517334
1142.500000,2647.624023
1143.000000,2652.521729
1143.500000,2658.091064
1144.000000,2664.220703
1144.500000,2670.633057
1145.000000,2677.088135
1145.500000,2683.549561
1146.000000,2689.828369
1146.500000,2695.388428
1147.000000,2699.667236
1147.500000,2702.502686
1148.000000,2704.111084
1148.500000,2705.268311
1149.000000,2706.639893
1149.500000,2708.649902
1150.000000,2711.739258
1150.500000,2715.755371
1151.000000,2720.113037
1151.500000,2723.433105
1152.000000,2724.034912
1152.500000,2720.961182
1153.000000,2715.535400
1153.500000,2710.572021
1154.000000,2708.941650
1154.500000,2712.957764
1155.000000,2720.521484
1155.500000,2728.913818
1156.000000,2735.605469
1156.500000,2740.309082
1157.000000,2745.044189
1157.500000,2752.235107
1158.000000,2763.182861
1158.500000,2776.577148
1159.000000,2791.432617
1159.500000,2807.618408
1160.000000,2828.186768
1160.500000,2855.933350
1161.000000,2893.715088
1161.500000,2940.416016
1162.000000,2992.504395
1162.500000,3046.013184
1163.000000,3098.109863
1163.500000,3147.925537
1164.000000,3196.516113
1164.500000,3244.024414
1165.000000,3289.494629
1165.500000,3329.519287
1166.000000,3361.110107
1166.500000,3381.269287
1167.000000,3388.726318
1167.500000,3384.679932
1168.000000,3368.729004
1168.500000,3343.233643
1169.000000,3306.195557
1169.500000,3260.516357
1170.000000,3207.458740
1170.500000,3152.243164
1171.000000,3100.253662
1171.500000,3055.067871
1172.000000,3016.712646
1172.500000,2982.444824
1173.000000,2948.073730
1173.500000,2911.774658
1174.000000,2875.730957
1174.500000,2845.186035
1175.000000,2823.098633
1175.500000,2810.942871
1176.000000,2804.975586
1176.500000,2800.453125
1177.000000,2793.964600
1177.500000,2785.125244
1178.000000,2775.418213
1178.500000,2766.664062
1179.000000,2759.717285
1179.500000,2753.854492
1180.000000,2749.070312
1180.500000,2746.046875
1181.000000,2746.319336
1181.500000,2750.491455
1182.000000,2757.542236
1182.500000,2765.789795
1183.000000,2773.898926
1183.500000,2782.472900
1184.000000,2793.185059
1184.500000,2808.164307
1185.000000,2826.437012
1185.500000,2845.321777
1186.000000,2860.925781
1186.500000,2870.082520
1187.000000,2871.356445
1187.500000,2866.059814
1188.000000,2854.641602
1188.500000,2839.029297
1189.000000,2818.958496
1189.500000,2795.994385
1190.000000,2771.359375
1190.500000,2747.065430
1191.000000,2724.631348
1191.500000,2704.439209
1192.000000,2685.867432
1192.500000,2668.471436
1193.000000,2652.161621
1193.500000,2638.031250
1194.000000,2626.270020
1194.500000,2617.075928
1195.000000,2609.288818
1195.500000,2602.451172
1196.000000,2597.182617
1196.500000,2595.309814
1197.000000,2598.789307
1197.500000,2607.055420
1198.000000,2618.127686
1198.500000,2628.068604
1199.000000,2633.527588
1199.500000,2635.113525
1200.000000,2635.255859
1200.500000,2637.657227
1201.000000,2644.715820
1201.500000,2656.047852
1202.000000,2668.865723
1202.500000,2680.277344
1203.000000,2689.178467
1203.500000,2695.624023
1204.000000,2701.267578
1204.500000,2706.376953
1205.000000,2709.991455
1205.500000,2710.061279
1206.000000,2705.616211
1206.500000,2697.547363
1207.000000,2688.032227
1207.500000,2679.445068
1208.000000,2672.809326
1208.500000,2666.927734
1209.000000,2660.377441
1209.500000,2653.148926
1210.000000,2647.363037
1210.500000,2645.939209
1211.000000,2650.944580
1211.500000,2661.741943
1212.000000,2674.766113
1212.500000,2686.436768
1213.000000,2695.534912
1213.500000,2703.465088
1214.000000,2713.771484
1214.500000,2730.005859
1215.000000,2752.041504
1215.500000,2777.910889
1216.000000,2804.036865
1216.500000,2827.298584
1217.000000,2845.532227
1217.500000,2858.746826
1218.000000,2866.080078
1218.500000,2869.156250
1219.000000,2868.484619
1219.500000,2866.059814
1220.000000,2862.727783
1220.500000,2858.106445
1221.000000,2850.344482
1221.500000,2837.362305
1222.000000,2819.344727
1222.500000,2797.951904
1223.000000,2776.994385
1223.500000,2759.780029
1224.000000,2746.288086
1224.500000,2735.631104
1225.000000,2726.075195
1225.500000,2717.606201
1226.000000,2711.612061
1226.500000,2709.265381
1227.000000,2710.549805
1227.500000,2713.141357
1228.000000,2715.086670
1228.500000,2716.335693
1229.000000,2718.768066
1229.500000,2723.842041
1230.000000,2730.782471
1230.500000,2735.595703
1231.000000,2733.516113
1231.500000,2722.091309
1232.000000,2704.674561
1232.500000,2686.862305
1233.000000,2673.755127
1233.500000,2667.833984
1234.000000,2665.218506
1234.500000,2661.462158
1235.000000,2653.931641
1235.500000,2643.223633
1236.000000,2632.329102
1236.500000,2623.840576
1237.000000,2618.407471
1237.500000,2614.084473
1238.000000,2608.859863
1238.500000,2602.250000
1239.000000,2595.053223
1239.500000,2588.812744
1240.000000,2584.592041
1240.500000,2582.298096
1241.000000,2581.308350
1241.500000,2581.174805
1242.000000,2581.643555
1242.500000,2582.929688
1243.000000,2584.987793
1243.500000,2587.889404
1244.000000,2591.179199
1244.500000,2594.196533
1245.000000,2596.159668
1245.500000,2596.494629
1246.000000,2595.445557
1246.500000,2594.361328
1247.000000,2595.184326
1247.500000,2598.755859
1248.000000,2605.268066
1248.500000,2612.413574
1249.000000,2617.792236
1249.500000,2620.340088
1250.000000,2620.528809
1250.500000,2620.425049
1251.000000,2622.063477
1251.500000,2626.280518
1252.000000,2631.799805
1252.500000,2636.628418
1253.000000,2639.447998
1253.500000,2639.861328
1254.000000,2639.550781
1254.500000,2640.579834
1255.000000,2644.322998
1255.500000,2650.997559
1256.000000,2659.657471
1256.500000,2668.616211
1257.000000,2676.664307
1257.500000,2683.749512
1258.000000,2690.603516
1258.500000,2698.486572
1259.000000,2708.647217
1259.500000,2720.942627
1260.000000,2734.146240
1260.500000,2745.827393
1261.000000,2753.336182
1261.500000,2754.252686
1262.000000,2749.403564
1262.500000,2740.229736
1263.000000,2731.038818
1263.500000,2725.822754
1264.000000,2725.884277
1264.500000,2730.985840
1265.000000,2738.395508
1265.500000,2745.209717
1266.000000,2749.617188
1266.500000,2751.673584
1267.000000,2751.856689
1267.500000,2751.135498
1268.000000,2749.546143
1268.500000,2747.362061
1269.000000,2745.269531
1269.500000,2744.502686
1270.000000,2746.211670
1270.500000,2750.232422
1271.000000,2754.844971
1271.500000,2757.924072
1272.000000,2758.634033
1272.500000,2757.141602
1273.000000,2755.450439
1273.500000,2755.151123
1274.000000,2756.374512
1274.500000,2758.245605
1275.000000,2759.500977
1275.500000,2759.603027
1276.000000,2758.975098
1276.500000,2758.593994
1277.000000,2759.115234
1277.500000,2760.125977
1278.000000,2760.644531
1278.500000,2759.858398
1279.000000,2757.271973
1279.500000,2753.389893
1280.000000,2748.954346
1280.500000,2744.591553
1281.000000,2740.550537
1281.500000,2736.929443
1282.000000,2733.877686
1282.500000,2732.302490
1283.000000,2732.637451
1283.500000,2735.221191
1284.000000,2738.791748
1284.500000,2741.487305
1285.000000,2741.827148
1285.500000,2739.842285
1286.000000,2737.033936
1286.500000,2735.527832
1287.000000,2736.843262
1287.500000,2739.957764
1288.000000,2743.307129
1288.500000,2745.603760
1289.000000,2746.940186
1289.500000,2748.633789
1290.000000,2751.742920
1290.500000,2756.010010
1291.000000,2759.982666
1291.500000,2762.320801
1292.000000,2763.419434
1292.500000,2764.731934
1293.000000,2767.563721
1293.500000,2772.003418
1294.000000,2776.200195
1294.500000,2777.865479
1295.000000,2776.051514
1295.500000,2771.630371
1296.000000,2766.044434
1296.500000,2760.488281
1297.000000,2754.803467
1297.500000,2748.222900
1298.000000,2740.164551
1298.500000,2731.683838
1299.000000,2724.973877
1299.500000,2722.106689
1300.000000,2723.985107
1300.500000,2729.703125
1301.000000,2736.318115
1301.500000,2740.628906
1302.000000,2741.232422
1302.500000,2737.505371
1303.000000,2731.865723
1303.500000,2726.614014
1304.000000,2723.514893
1304.500000,2723.444824
1305.000000,2726.355469
1305.500000,2731.572998
1306.000000,2738.584473
1306.500000,2746.000977
1307.000000,2751.662598
1307.500000,2753.951172
1308.000000,2751.244141
1308.500000,2745.216797
1309.000000,2738.858154
1309.500000,2735.608154
1310.000000,2737.136963
1310.500000,2742.493652
1311.000000,2748.189697
1311.500000,2751.004883
1312.000000,2750.999756
1312.500000,2750.681885
1313.000000,2753.649658
1313.500000,2762.057861
1314.000000,2773.457031
1314.500000,2782.767334
1315.000000,2785.373291
1315.500000,2781.104980
1316.000000,2772.706543
1316.500000,2764.896973
1317.000000,2760.221191
1317.500000,2756.826904
1318.000000,2751.459229
1318.500000,2742.390869
1319.000000,2730.220703
1319.500000,2717.528320
1320.000000,2706.232666
1320.500000,2696.494873
1321.000000,2687.425293
1321.500000,2679.664062
1322.000000,2674.936768
1322.500000,2675.988037
1323.000000,2681.221191
1323.500000,2686.560791
1324.000000,2686.978027
1324.500000,2680.652832
1325.000000,2670.573486
1325.500000,2662.420898
1326.000000,2660.703125
1326.500000,2664.298584
1327.000000,2670.381104
1327.500000,2675.344482
1328.000000,2678.591064
1328.500000,2682.331055
1329.000000,2688.914551
1329.500000,2698.349121
1330.000000,2708.212646
1330.500000,2715.671631
1331.000000,2720.166748
1331.500000,2722.865234
1332.000000,2726.330078
1332.500000,2731.940918
1333.000000,2738.519287
1333.500000,2743.921631
1334.000000,2746.817139
1334.500000,2747.354004
1335.000000,2746.597168
1335.500000,2745.469238
1336.000000,2743.585938
1336.500000,2740.192139
1337.000000,2734.492432
1337.500000,2727.698730
1338.000000,2721.645508
1338.500000,2717.804443
1339.000000,2716.586670
1339.500000,2717.167480
1340.000000,2718.498047
1340.500000,2720.402100
1341.000000,2723.105469
1341.500000,2726.651611
1342.000000,2729.830811
1342.500000,2730.833008
1343.000000,2729.083008
1343.500000,2724.810303
1344.000000,2719.148682
1344.500000,2712.574951
1345.000000,2704.442627
1345.500000,2694.322510
1346.000000,2682.815918
1346.500000,2672.503906
1347.000000,2666.813965
1347.500000,2665.859863
1348.000000,2667.901123
1348.500000,2668.969971
1349.000000,2666.079590
1349.500000,2659.303223
1350.000000,2651.495850
1350.500000,2645.398193
1351.000000,2641.440918
1351.500000,2638.268311
1352.000000,2633.637939
1352.500000,2626.296631
1353.000000,2617.442383
1353.500000,2609.023926
1354.000000,2602.372070
1354.500000,2597.131104
1355.000000,2591.732422
1355.500000,2584.877930
1356.000000,2576.625732
1356.500000,2569.037842
1357.000000,2564.821289
1357.500000,2563.817383
1358.000000,2563.961670
1358.500000,2561.727539
1359.000000,2554.632812
1359.500000,2542.916992
1360.000000,2529.611572
1360.500000,2517.960938
1361.000000,2509.278320
1361.500000,2503.892822
1362.000000,2500.244873
1362.500000,2498.114014
1363.000000,2497.449219
1363.500000,2498.156982
1364.000000,2499.208008
1364.500000,2499.370117
1365.000000,2498.457764
1365.500000,2497.684326
1366.000000,2498.392334
1366.500000,2500.065674
1367.000000,2500.806641
1367.500000,2499.093994
1368.000000,2494.988281
1368.500000,2490.868408
1369.000000,2489.240479
1369.500000,2490.740967
1370.000000,2493.316162
1370.500000,2494.133057
1371.000000,2491.958252
1371.500000,2486.283447
1372.000000,2478.665771
1372.500000,2469.479004
1373.000000,2459.416992
1373.500000,2449.905762
1374.000000,2443.189697
1374.500000,2440.673096
1375.000000,2441.862793
1375.500000,2443.171387
1376.000000,2440.186768
1376.500000,2431.994141
1377.000000,2419.355957
1377.500000,2406.143066
1378.000000,2395.582031
1378.500000,2388.971680
1379.000000,2385.973145
1379.500000,2386.097412
1380.000000,2388.322021
1380.500000,2391.661865
1381.000000,2394.341553
1381.500000,2394.734375
1382.000000,2393.418213
1382.500000,2392.381348
1383.000000,2393.985107
1383.500000,2399.269531
1384.000000,2407.017334
1384.500000,2414.858154
1385.000000,2421.439697
1385.500000,2427.596680
1386.000000,2435.142822
1386.500000,2444.382812
1387.000000,2454.026855
1387.500000,2461.611572
1388.000000,2465.025391
1388.500000,2464.253174
1389.000000,2460.763672
1389.500000,2456.086426
1390.000000,2451.231445
1390.500000,2446.272461
1391.000000,2441.254639
1391.500000,2436.987061
1392.000000,2434.587891
1392.500000,2435.391113
1393.000000,2439.270020
1393.500000,2445.133789
1394.000000,2451.170410
1394.500000,2455.745605
1395.000000,2457.901855
1395.500000,2458.477539
1396.000000,2458.921631
1396.500000,2461.007568
1397.000000,2466.366699
1397.500000,2474.738770
1398.000000,2484.915039
1398.500000,2494.722412
1399.000000,2502.481934
1399.500000,2507.580566
1400.000000,2511.267822
1400.500000,2515.357178
1401.000000,2521.359375
1401.500000,2530.500244
1402.000000,2542.131836
1402.500000,2555.418457
1403.000000,2568.743408
1403.500000,2580.175537
1404.000000,2587.689941
1404.500000,2590.877930
1405.000000,2590.454590
1405.500000,2589.577393
1406.000000,2591.564697
1406.500000,2597.202393
1407.000000,2605.789551
1407.500000,2614.774170
1408.000000,2622.689697
1408.500000,2630.188477
1409.000000,2639.073486
1409.500000,2650.220215
1410.000000,2661.574951
1410.500000,2668.916992
1411.000000,2670.502197
1411.500000,2665.534424
1412.000000,2657.077637
1412.500000,2647.241211
1413.000000,2636.701660
1413.500000,2624.473877
1414.000000,2609.276367
1414.500000,2591.337402
1415.000000,2571.445068
1415.500000,2551.258057
1416.000000,2532.113037
1416.500000,2514.811523
1417.000000,2500.713867
1417.500000,2490.217773
1418.000000,2483.096436
1418.500000,2478.025146
1419.000000,2473.390381
1419.500000,2468.474121
1420.000000,2463.432617
1420.500000,2458.350830
1421.000000,2452.562500
1421.500000,2444.590820
1422.000000,2434.493408
1422.500000,2424.130859
1423.000000,2416.442139
1423.500000,2413.304932
1424.000000,2414.320801
1424.500000,2416.294189
1425.000000,2415.893799
1425.500000,2412.308838
1426.000000,2406.442871
1426.500000,2401.230225
1427.000000,2399.120117
1427.500000,2400.388916
1428.000000,2403.723389
1428.500000,2407.542725
1429.000000,2411.005615
1429.500000,2414.356934
1430.000000,2418.253174
1430.500000,2423.007324
1431.000000,2427.750977
1431.500000,2431.120850
1432.000000,2432.500977
1432.500000,2432.057129
1433.000000,2430.768066
1433.500000,2429.239014
1434.000000,2427.050049
1434.500000,2423.643799
1435.000000,2418.876953
1435.500000,2414.034668
1436.000000,2410.681152
1436.500000,2409.190186
1437.000000,2409.271240
1437.500000,2410.273438
1438.000000,2412.567139
1438.500000,2417.202881
1439.000000,2424.026855
1439.500000,2431.545410
1440.000000,2437.611084
1440.500000,2441.403320
1441.000000,2445.413330
1441.500000,2453.364746
1442.000000,2466.314453
1442.500000,2481.860352
1443.000000,2494.668701
1443.500000,2500.327393
1444.000000,2498.092773
1444.500000,2492.209961
1445.000000,2486.525146
1445.500000,2482.906738
1446.000000,2481.050537
1446.500000,2479.206055
1447.000000,2476.327881
1447.500000,2472.390381
1448.000000,2467.588867
1448.500000,2461.744873
1449.000000,2454.828613
1449.500000,2447.188477
1450.000000,2439.829590
1450.500000,2433.752930
1451.000000,2428.973633
1451.500000,2425.526123
1452.000000,2423.440430
1452.500000,2423.495850
1453.000000,2426.477783
1453.500000,2432.222900
1454.000000,2439.742432
1454.500000,2447.216797
1455.000000,2453.402588
1455.500000,2458.421631
1456.000000,2462.737549
1456.500000,2467.151611
1457.000000,2472.253662
1457.500000,2478.442627
1458.000000,2486.171143
1458.500000,2496.079590
1459.000000,2508.093506
1459.500000,2521.906250
1460.000000,2536.205811
1460.500000,2549.841309
1461.000000,2562.382812
1461.500000,2573.984863
1462.000000,2585.374023
1462.500000,2596.881836
1463.000000,2607.987305
1463.500000,2617.630127
1464.000000,2625.058350
1464.500000,2631.475098
1465.000000,2639.320312
1465.500000,2650.564941
1466.000000,2666.784180
1466.500000,2686.427979
1467.000000,2707.021973
1467.500000,2725.758057
1468.000000,2740.884277
1468.500000,2751.885742
1469.000000,2760.865967
1469.500000,2770.637207
1470.000000,2783.747070
1470.500000,2802.395752
1471.000000,2824.717041
1471.500000,2847.306885
1472.000000,2866.219727
1472.500000,2879.528564
1473.000000,2888.539062
1473.500000,2897.045898
1474.000000,2907.562012
1474.500000,2919.295410
1475.000000,2929.620605
1475.500000,2937.028076
1476.000000,2941.668213
1476.500000,2945.797363
1477.000000,2950.816162
1477.500000,2956.078369
1478.000000,2959.818359
1478.500000,2961.438232
1479.000000,2962.689453
1479.500000,2965.830322
1480.000000,2970.828857
1480.500000,2975.803955
1481.000000,2978.590332
1481.500000,2979.002686
1482.000000,2979.742676
1482.500000,2983.993652
1483.000000,2991.972412
1483.500000,3000.250000
1484.000000,3004.512207
1484.500000,3003.895020
1485.000000,2999.560547
1485.500000,2995.370117
1486.000000,2993.492920
1486.500000,2993.144287
1487.000000,2991.986084
1487.500000,2988.417725
1488.000000,2982.862793
1488.500000,2976.372070
1489.000000,2969.608643
1489.500000,2961.727783
1490.000000,2952.012939
1490.500000,2940.202881
1491.000000,2927.948975
1491.500000,2917.515625
1492.000000,2910.075195
1492.500000,2905.208740
1493.000000,2901.645508
1493.500000,2898.052979
1494.000000,2894.219727
1494.500000,2890.992676
1495.000000,2889.883789
1495.500000,2891.042969
1496.000000,2893.654297
1496.500000,2895.337402
1497.000000,2893.867188
1497.500000,2888.407959
1498.000000,2880.253662
1498.500000,2871.346924
1499.000000,2863.321777
1499.500000,2856.347168
1500.000000,2848.923828
1500.500000,2839.525391
1501.000000,2828.646973
1501.500000,2818.055908
1502.000000,2809.596436
1502.500000,2803.589600
1503.000000,2798.638672
1503.500000,2792.481201
1504.000000,2783.409912
1504.500000,2772.339355
1505.000000,2761.014404
1505.500000,2751.010498
1506.000000,2742.951416
1506.500000,2736.460205
1507.000000,2731.512207
1507.500000,2728.807617
1508.000000,2728.880859
1508.500000,2731.891846
1509.000000,2735.967041
1509.500000,2739.190186
1510.000000,2741.262695
1510.500000,2743.681885
1511.000000,2748.759521
1511.500000,2758.190430
1512.000000,2771.354004
1512.500000,2785.819336
1513.000000,2798.966064
1513.500000,2809.686768
1514.000000,2817.748291
1514.500000,2824.545166
1515.000000,2831.453125
1515.500000,2840.284668
1516.000000,2853.381592
1516.500000,2871.462646
1517.000000,2892.795166
1517.500000,2912.678223
1518.000000,2926.633057
1518.500000,2932.063965
1519.000000,2932.796875
1519.500000,2933.582520
1520.000000,2937.733154
1520.500000,2944.719482
1521.000000,2950.056396
1521.500000,2949.194580
1522.000000,2941.540527
1522.500000,2929.938232
1523.000000,2917.022217
1523.500000,2903.714355
1524.000000,2888.110107
1524.500000,2869.023926
1525.000000,2846.322998
1525.500000,2823.258545
1526.000000,2803.508789
1526.500000,2788.592773
1527.000000,2777.477783
1527.500000,2767.492188
1528.000000,2755.746582
1528.500000,2740.327148
1529.000000,2722.284424
1529.500000,2703.559082
1530.000000,2686.651855
1530.500000,2673.544434
1531.000000,2664.618408
1531.500000,2660.050293
1532.000000,2659.589355
1532.500000,2661.923584
1533.000000,2664.727539
1533.500000,2664.617920
1534.000000,2658.089844
1534.500000,2646.753662
1535.000000,2633.542725
1535.500000,2622.564209
1536.000000,2615.667480
1536.500000,2611.058105
1537.000000,2605.563232
1537.500000,2598.011475
1538.000000,2590.766113
1538.500000,2587.274902
1539.000000,2587.463135
1539.500000,2588.734863
1540.000000,2587.196045
1540.500000,2581.224121
1541.000000,2573.947510
1541.500000,2570.581055
1542.000000,2574.386230
1542.500000,2584.194092
1543.000000,2597.135010
1543.500000,2609.408203
1544.000000,2618.641357
1544.500000,2625.122070
1545.000000,2629.034424
1545.500000,2631.493652
1546.000000,2633.126221
1546.500000,2634.413574
1547.000000,2635.366211
1547.500000,2635.293213
1548.000000,2633.537598
1548.500000,2629.454346
1549.000000,2624.305664
1549.500000,2619.923096
1550.000000,2617.726562
1550.500000,2618.529785
1551.000000,2621.579102
1551.500000,2625.566650
1552.000000,2629.379395
1552.500000,2632.718994
1553.000000,2636.064453
1553.500000,2639.808105
1554.000000,2643.480957
1554.500000,2645.858154
1555.000000,2645.470703
1555.500000,2642.653320
1556.000000,2639.130127
1556.500000,2637.166992
1557.000000,2637.359863
1557.500000,2638.590820
1558.000000,2639.054932
1558.500000,2638.198486
1559.000000,2637.734375
1559.500000,2640.041504
1560.000000,2645.048340
1560.500000,2650.126221
1561.000000,2652.023682
1561.500000,2649.425537
1562.000000,2643.770996
1562.500000,2638.454102
1563.000000,2636.235352
1563.500000,2636.920166
1564.000000,2639.326904
1564.500000,2641.847168
1565.000000,2643.960938
1565.500000,2645.544189
1566.000000,2646.160400
1566.500000,2645.387207
1567.000000,2643.888428
1567.500000,2643.868652
1568.000000,2647.122314
1568.500000,2654.669189
1569.000000,2663.445312
1569.500000,2669.258057
1570.000000,2669.333008
1570.500000,2662.682617
1571.000000,2651.895264
1571.500000,2640.274902
1572.000000,2629.538086
1572.500000,2619.626221
1573.000000,2609.948975
1573.500000,2600.420410
1574.000000,2592.289062
1574.500000,2586.555176
1575.000000,2583.408691
1575.500000,2581.206055
1576.000000,2577.654541
1576.500000,2571.005859
1577.000000,2561.441162
1577.500000,2550.584473
1578.000000,2541.340820
1578.500000,2536.674072
1579.000000,2536.310303
1579.500000,2539.480957
1580.000000,2543.427734
1580.500000,2545.743164
1581.000000,2545.241211
1581.500000,2542.455811
1582.000000,2538.701416
1582.500000,2535.231934
1583.000000,2532.666992
1583.500000,2530.739746
1584.000000,2529.074219
1584.500000,2527.096191
1585.000000,2524.158203
1585.500000,2519.910400
1586.000000,2514.350586
1586.500000,2508.032471
1587.000000,2501.967529
1587.500000,2497.154297
1588.000000,2493.788574
1588.500000,2491.927246
1589.000000,2491.011475
1589.500000,2491.037354
1590.000000,2491.757568
1590.500000,2492.660889
1591.000000,2492.822266
1591.500000,2491.318848
1592.000000,2487.778076
1592.500000,2482.997803
1593.000000,2477.882080
1593.500000,2473.454834
1594.000000,2470.721924
1594.500000,2470.037109
1595.000000,2471.875488
1595.500000,2475.690186
1596.000000,2480.440674
1596.500000,2484.864746
1597.000000,2488.186279
1597.500000,2490.431396
1598.000000,2492.851807
1598.500000,2497.136963
1599.000000,2503.627197
1599.500000,2512.107910
1600.000000,2521.097900
1600.500000,2528.861084
1601.000000,2533.882324
1601.500000,2535.296875
1602.000000,2532.612793
1602.500000,2526.822998
1603.000000,2518.214600
1603.500000,2508.415283
1604.000000,2498.446777
1604.500000,2488.883545
1605.000000,2479.031006
1605.500000,2467.200928
1606.000000,2451.933838
1606.500000,2433.201660
1607.000000,2413.725830
1607.500000,2397.559326
1608.000000,2386.596191
1608.500000,2380.023926
1609.000000,2372.960449
1609.500000,2361.051514
1610.000000,2343.899170
1610.500000,2324.714355
1611.000000,2308.364014
1611.500000,2297.177246
1612.000000,2289.869629
1612.500000,2282.576416
1613.000000,2272.480713
1613.500000,2260.006348
1614.000000,2246.218750
1614.500000,2232.087891
1615.000000,2217.407715
1615.500000,2202.372803
1616.000000,2188.721924
1616.500000,2179.273438
1617.000000,2174.621338
1617.500000,2173.270752
1618.000000,2170.270020
1618.500000,2161.360107
1619.000000,2147.128418
1619.500000,2130.161621
1620.000000,2114.413574
1620.500000,2102.429443
1621.000000,2094.629395
1621.500000,2089.195312
1622.000000,2084.889893
1622.500000,2080.525391
1623.000000,2075.235596
1623.500000,2068.769775
1624.000000,2060.980713
1624.500000,2052.525146
1625.000000,2043.697021
1625.500000,2034.270752
1626.000000,2023.856567
1626.500000,2012.572266
1627.000000,2001.710327
1627.500000,1993.028687
1628.000000,1986.325073
1628.500000,1980.320435
1629.000000,1972.969604
1629.500000,1963.104614
1630.000000,1951.539062
1630.500000,1940.033569
1631.000000,1929.694214
1631.500000,1920.367920
1632.000000,1911.774658
1632.500000,1903.855347
1633.000000,1897.391724
1633.500000,1892.314819
1634.000000,1887.996460
1634.500000,1883.576782
1635.000000,1878.878662
1635.500000,1874.280518
1636.000000,1869.801392
1636.500000,1864.468506
1637.000000,1857.682495
1637.500000,1850.172729
1638.000000,1844.507080
1638.500000,1843.848022
1639.000000,1848.083130
1639.500000,1854.874023
1640.000000,1860.521729
1640.500000,1863.156860
1641.000000,1862.862549
1641.500000,1860.981689
1642.000000,1857.654419
1642.500000,1852.854858
1643.000000,1846.973999
1643.500000,1841.946899
1644.000000,1839.903320
1644.500000,1840.687134
1645.000000,1841.779297
1645.500000,1839.518921
1646.000000,1832.881348
1646.500000,1823.181396
1647.000000,1813.789185
1647.500000,1807.123779
1648.000000,1802.161743
1648.500000,1796.009888
1649.000000,1786.315308
1649.500000,1772.522217
1650.000000,1756.606567
1650.500000,1741.377686
1651.000000,1728.842163
1651.500000,1718.642456
1652.000000,1709.592529
1652.500000,1700.599121
1653.000000,1691.959717
1653.500000,1684.397461
1654.000000,1678.218506
1654.500000,1672.267700
1655.000000,1665.177002
1655.500000,1656.689697
1656.000000,1647.957031
1656.500000,1640.296875
1657.000000,1633.606445
1657.500000,1626.478394
1658.000000,1618.012939
1658.500000,1608.729980
1659.000000,1600.439697
1659.500000,1594.440552
1660.000000,1589.960571
1660.500000,1584.657471
1661.000000,1576.887451
1661.500000,1567.382568
1662.000000,1557.905029
1662.500000,1549.864136
1663.000000,1543.229370
1663.500000,1536.230347
1664.000000,1527.455322
1664.500000,1516.943481
1665.000000,1505.956055
1665.500000,1496.398682
1666.000000,1489.617310
1666.500000,1486.328979
1667.000000,1485.141846
1667.500000,1484.284302
1668.000000,1481.693237
1668.500000,1476.022461
1669.000000,1468.801636
1669.500000,1462.814331
1670.000000,1460.271851
1670.500000,1460.885742
1671.000000,1462.084351
1671.500000,1460.361328
1672.000000,1453.499512
1672.500000,1443.935425
1673.000000,1434.782959
1673.500000,1428.514282
1674.000000,1425.743530
1674.500000,1424.661255
1675.000000,1423.383545
1675.500000,1421.335815
1676.000000,1418.890259
1676.500000,1416.036377
1677.000000,1412.038940
1677.500000,1405.543213
1678.000000,1396.964844
1678.500000,1387.539917
1679.000000,1379.289795
1679.500000,1373.872925
1680.000000,1371.744751
1680.500000,1371.584961
1681.000000,1371.733276
1681.500000,1370.407104
1682.000000,1366.047607
1682.500000,1359.893677
1683.000000,1354.747803
1683.500000,1353.137451
1684.000000,1355.574707
1684.500000,1359.030396
1685.000000,1358.903320
1685.500000,1352.229492
1686.000000,1342.082642
1686.500000,1333.548828
1687.000000,1330.088989
1687.500000,1332.433838
1688.000000,1336.009277
1688.500000,1336.586304
1689.000000,1333.699829
1689.500000,1330.004272
1690.000000,1328.844482
1690.500000,1331.077881
1691.000000,1334.358521
1691.500000,1334.822388
1692.000000,1329.130615
1692.500000,1318.859131
1693.000000,1306.666870
1693.500000,1296.475952
1694.000000,1290.425537
1694.500000,1288.009766
1695.000000,1287.319580
1695.500000,1286.820312
1696.000000,1285.890869
1696.500000,1284.498291
1697.000000,1282.452881
1697.500000,1278.818481
1698.000000,1273.620728
1698.500000,1268.075562
1699.000000,1264.482666
1699.500000,1263.863647
1700.000000,1264.935425
1700.500000,1264.710938
1701.000000,1260.445435
1701.500000,1252.921631
1702.000000,1244.706543
1702.500000,1238.399536
1703.000000,1235.062012
1703.500000,1233.623291
1704.000000,1233.049805
1704.500000,1233.086304
1705.000000,1233.952148
1705.500000,1235.388794
1706.000000,1236.161621
1706.500000,1234.307251
1707.000000,1229.735352
1707.500000,1223.315063
1708.000000,1217.241211
1708.500000,1213.697754
1709.000000,1213.794556
1709.500000,1217.066284
1710.000000,1221.397827
1710.500000,1224.142090
1711.000000,1222.929565
1711.500000,1218.277954
1712.000000,1211.596558
1712.500000,1205.846558
1713.000000,1202.878906
1713.500000,1202.622314
1714.000000,1204.059937
1714.500000,1205.642090
1715.000000,1205.989380
1715.500000,1204.069458
1716.000000,1200.065796
1716.500000,1194.291504
1717.000000,1188.328979
1717.500000,1183.483032
1718.000000,1180.107788
1718.500000,1178.335815
1719.000000,1178.324341
1719.500000,1180.668213
1720.000000,1185.567383
1720.500000,1191.271118
1721.000000,1194.797974
1721.500000,1194.224976
1722.000000,1188.380005
1722.500000,1180.284546
1723.000000,1173.045898
1723.500000,1168.088135
1724.000000,1164.907471
1724.500000,1162.172974
1725.000000,1159.456909
1725.500000,1157.973145
1726.000000,1158.649780
1726.500000,1161.684082
1727.000000,1164.777954
1727.500000,1165.095337
1728.000000,1161.809570
1728.500000,1155.505737
1729.000000,1148.075317
1729.500000,1141.366943
1730.000000,1136.559448
1730.500000,1133.610718
1731.000000,1132.869263
1731.500000,1133.648315
1732.000000,1135.169067
1732.500000,1135.848145
1733.000000,1134.549438
1733.500000,1131.698242
1734.000000,1128.851807
1734.500000,1127.678833
1735.000000,1128.239380
1735.500000,1129.035034
1736.000000,1128.369385
1736.500000,1125.181519
1737.000000,1120.592529
1737.500000,1115.940308
1738.000000,1112.006958
1738.500000,1108.693237
1739.000000,1105.556641
1739.500000,1102.439819
1740.000000,1099.667236
1740.500000,1097.558228
1741.000000,1096.553711
1741.500000,1096.542114
1742.000000,1097.566650
1742.500000,1098.905273
1743.000000,1099.464722
1743.500000,1098.276855
1744.000000,1095.014893
1744.500000,1090.291870
1745.000000,1085.752563
1745.500000,1082.928955
1746.000000,1081.986084
1746.500000,1082.649170
1747.000000,1083.444824
1747.500000,1083.161377
1748.000000,1081.732788
1748.500000,1080.236206
1749.000000,1080.547241
1749.500000,1084.031372
1750.000000,1090.227783
1750.500000,1096.302490
1751.000000,1098.443604
1751.500000,1095.556885
1752.000000,1087.931885
1752.500000,1079.660522
1753.000000,1074.067749
1753.500000,1072.205078
1754.000000,1072.632080
1754.500000,1072.739990
1755.000000,1071.026001
1755.500000,1067.529907
1756.000000,1063.922119
1756.500000,1061.890869
1757.000000,1061.695190
1757.500000,1062.712158
1758.000000,1063.494995
1758.500000,1062.464600
1759.000000,1058.437866
1759.500000,1052.032104
1760.000000,1044.930298
1760.500000,1039.420532
1761.000000,1037.900513
1761.500000,1039.839966
1762.000000,1043.778809
1762.500000,1047.451904
1763.000000,1049.420044
1763.500000,1049.537476
1764.000000,1048.843994
1764.500000,1048.685059
1765.000000,1049.751953
1765.500000,1052.076050
1766.000000,1054.309570
1766.500000,1054.716431
1767.000000,1052.903076
1767.500000,1049.345825
1768.000000,1045.583984
1768.500000,1042.801636
1769.000000,1040.795166
1769.500000,1038.489380
1770.000000,1035.022949
1770.500000,1030.772705
1771.000000,1026.728271
1771.500000,1023.481689
1772.000000,1020.915710
1772.500000,1018.378357
1773.000000,1015.690857
1773.500000,1013.653442
1774.000000,1013.450623
1774.500000,1016.055176
1775.000000,1020.687378
1775.500000,1025.624634
1776.000000,1028.680664
1776.500000,1028.180420
1777.000000,1024.770508
1777.500000,1019.741272
1778.000000,1015.113403
1778.500000,1012.233765
1779.000000,1011.516968
1779.500000,1011.995544
1780.000000,1011.685852
1780.500000,1008.840210
1781.000000,1002.581421
1781.500000,995.416748
1782.000000,991.381287
1782.500000,993.001892
1783.000000,998.779846
1783.500000,1004.292236
1784.000000,1005.435242
1784.500000,1000.704651
1785.000000,993.890930
1785.500000,988.643677
1786.000000,985.889771
1786.500000,984.807251
1787.000000,983.597534
1787.500000,981.852905
1788.000000,980.144470
1788.500000,978.833862
1789.000000,977.650146
1789.500000,976.186157
1790.000000,974.442078
1790.500000,972.704590
1791.000000,971.050293
1791.500000,969.366028
1792.000000,967.724548
1792.500000,966.368774
1793.000000,965.381653
1793.500000,964.407715
1794.000000,962.946289
1794.500000,960.854187
1795.000000,958.691589
1795.500000,957.517456
1796.000000,957.850830
1796.500000,959.501892
1797.000000,961.030945
1797.500000,960.638000
1798.000000,957.597900
1798.500000,953.571777
1799.000000,951.076050
1799.500000,951.048340
1800.000000,952.296936
1800.500000,951.984863
1801.000000,949.074341
1801.500000,945.816040
1802.000000,945.016663
1802.500000,947.026917
1803.000000,949.038147
1803.500000,948.168335
1804.000000,944.046570
1804.500000,938.170044
1805.000000,933.193481
1805.500000,931.112976
1806.000000,932.176453
1806.500000,936.960022
1807.000000,943.773743
1807.500000,949.527954
1808.000000,951.510681
1808.500000,949.209839
1809.000000,943.979431
1809.500000,938.596497
1810.000000,934.242615
