440.000000,3772.050537
440.500000,3770.898193
441.000000,3768.436035
441.500000,3763.729736
442.000000,3757.215332
442.500000,3749.148193
443.000000,3740.444092
443.500000,3731.742188
444.000000,3723.525879
444.500000,3716.525391
445.000000,3712.090576
445.500000,3711.556641
446.000000,3715.921143
446.500000,3723.473145
447.000000,3732.594482
447.500000,3740.701904
448.000000,3745.283691
448.500000,3746.839600
449.000000,3746.797119
449.500000,3746.831299
450.000000,3747.991943
450.500000,3750.205078
451.000000,3752.006592
451.500000,3752.099121
452.000000,3750.667725
452.500000,3748.383301
453.000000,3746.904541
453.500000,3747.663818
454.000000,3750.896240
454.500000,3756.218018
455.000000,3763.134766
455.500000,3770.868164
456.000000,3778.827881
456.500000,3786.371826
457.000000,3792.607666
457.500000,3797.080811
458.000000,3799.127930
458.500000,3799.266113
459.000000,3798.614990
459.500000,3798.072510
460.000000,3798.076172
460.500000,3798.416260
461.000000,3798.158447
461.500000,3796.231689
462.000000,3792.728271
462.500000,3787.822266
463.000000,3782.452148
463.500000,3777.645752
464.000000,3773.910645
464.500000,3771.273926
465.000000,3769.704102
465.500000,3768.966064
466.000000,3769.426270
466.500000,3771.061768
467.000000,3774.260010
467.500000,3778.713379
468.000000,3784.059570
468.500000,3789.342529
469.000000,3793.361572
469.500000,3795.257324
470.000000,3794.938721
470.500000,3792.422607
471.000000,3788.785645
471.500000,3784.984619
472.000000,3781.469727
472.500000,3777.846680
473.000000,3773.227539
473.500000,3766.444092
474.000000,3756.937744
474.500000,3746.189941
475.000000,3736.439697
475.500000,3729.909424
476.000000,3729.684570
476.500000,3735.712891
477.000000,3747.131104
477.500000,3760.590820
478.000000,3773.418213
478.500000,3783.586670
479.000000,3790.087158
479.500000,3793.737061
480.000000,3796.588135
480.500000,3800.218994
481.000000,3805.372314
481.500000,3812.355225
482.000000,3819.855469
482.500000,3826.237549
483.000000,3830.437744
483.500000,3831.714600
484.000000,3830.069336
484.500000,3826.334473
485.000000,3821.806641
485.500000,3817.616455
486.000000,3814.520752
486.500000,3812.347412
487.000000,3810.570557
487.500000,3808.164551
488.000000,3804.619385
488.500000,3800.405029
489.000000,3796.872314
489.500000,3796.209717
490.000000,3799.990723
490.500000,3808.584961
491.000000,3819.424561
491.500000,3829.599609
492.000000,3836.341064
492.500000,3836.950195
493.000000,3833.277588
493.500000,3828.387695
494.000000,3825.408691
494.500000,3826.098145
495.000000,3830.668213
495.500000,3836.082764
496.000000,3838.857422
496.500000,3837.978516
497.000000,3833.103027
497.500000,3826.376953
498.000000,3820.367432
498.500000,3816.393799
499.000000,3814.040039
499.500000,3812.067139
500.000000,3809.117188
500.500000,3804.189453
501.000000,3798.116699
501.500000,3792.139404
502.000000,3787.213623
502.500000,3783.981689
503.000000,3782.265625
503.500000,3781.581543
504.000000,3781.219482
504.500000,3780.618408
505.000000,3779.180664
505.500000,3776.561523
506.000000,3771.886475
506.500000,3765.470459
507.000000,3757.713135
507.500000,3749.590820
508.000000,3742.078125
508.500000,3735.975586
509.000000,3731.737549
509.500000,3729.300293
510.000000,3728.124268
510.500000,3728.005859
511.000000,3728.354248
511.500000,3728.713623
512.000000,3728.614746
512.500000,3727.859375
513.000000,3726.710205
513.500000,3725.761230
514.000000,3725.832520
514.500000,3727.599365
515.000000,3731.215576
515.500000,3735.781006
516.000000,3740.285645
516.500000,3743.583740
517.000000,3744.116943
517.500000,3741.135498
518.000000,3734.442139
518.500000,3724.404541
519.000000,3712.050537
519.500000,3698.624756
520.000000,3686.004883
520.500000,3676.108154
521.000000,3669.074219
521.500000,3665.260986
522.000000,3663.406738
522.500000,3662.241699
523.000000,3660.063477
523.500000,3655.651123
524.000000,3648.274902
524.500000,3638.139404
525.000000,3625.403564
525.500000,3611.491699
526.000000,3598.127686
526.500000,3586.614014
527.000000,3578.137451
527.500000,3572.610352
528.000000,3569.701416
528.500000,3568.651855
529.000000,3568.553467
529.500000,3569.119629
530.000000,3570.138184
530.500000,3571.518555
531.000000,3572.897461
531.500000,3573.826904
532.000000,3574.360596
532.500000,3574.921631
533.000000,3576.091553
533.500000,3578.205566
534.000000,3580.997803
534.500000,3583.351807
535.000000,3584.095947
535.500000,3583.319824
536.000000,3581.617432
536.500000,3580.495117
537.000000,3581.685547
537.500000,3585.357666
538.000000,3590.715820
538.500000,3596.788818
539.000000,3603.108398
539.500000,3610.366699
540.000000,3620.054932
540.500000,3634.239990
541.000000,3652.143066
541.500000,3673.101807
542.000000,3694.815674
542.500000,3715.045898
543.000000,3732.018555
543.500000,3745.353271
544.000000,3754.691406
544.500000,3760.362305
545.000000,3761.541748
545.500000,3758.880371
546.000000,3752.115723
546.500000,3743.127686
547.000000,3732.671387
547.500000,3721.323486
548.000000,3708.887939
548.500000,3694.637451
549.000000,3678.370361
549.500000,3660.849365
550.000000,3643.850098
550.500000,3629.996338
551.000000,3620.449951
551.500000,3617.156250
552.000000,3618.658447
552.500000,3622.929688
553.000000,3627.572998
553.500000,3630.484131
554.000000,3630.158936
554.500000,3626.675537
555.000000,3621.172607
555.500000,3615.889648
556.000000,3612.674316
556.500000,3611.909180
557.000000,3613.231934
557.500000,3614.687988
558.000000,3614.076172
558.500000,3610.421631
559.000000,3604.450195
559.500000,3597.613770
560.000000,3591.850586
560.500000,3589.157471
561.000000,3588.786133
561.500000,3589.812500
562.000000,3590.958008
562.500000,3591.637939
563.000000,3592.129883
563.500000,3593.466553
564.000000,3596.512695
564.500000,3600.969238
565.000000,3606.142822
565.500000,3610.794434
566.000000,3613.704102
566.500000,3614.722900
567.000000,3614.508789
567.500000,3614.347168
568.000000,3615.352539
568.500000,3618.154053
569.000000,3622.361572
569.500000,3626.771729
570.000000,3629.547607
570.500000,3628.566162
571.000000,3623.734375
571.500000,3614.773682
572.000000,3603.274902
572.500000,3591.246338
573.000000,3580.859619
573.500000,3573.302490
574.000000,3569.400635
574.500000,3568.587158
575.000000,3570.922607
575.500000,3575.193115
576.000000,3580.595459
576.500000,3586.095215
577.000000,3591.097412
577.500000,3595.538330
578.000000,3599.966797
578.500000,3605.605957
579.000000,3613.508057
579.500000,3624.280273
580.000000,3636.828613
580.500000,3649.838135
581.000000,3661.589111
581.500000,3670.433594
582.000000,3676.438721
582.500000,3680.997314
583.000000,3686.017822
583.500000,3693.330322
584.000000,3704.587402
584.500000,3719.639404
585.000000,3738.295410
585.500000,3757.804932
586.000000,3775.963623
586.500000,3791.222412
587.000000,3802.464600
587.500000,3810.179932
588.000000,3816.048340
588.500000,3822.224609
589.000000,3829.838379
589.500000,3839.077148
590.000000,3848.681152
590.500000,3856.982910
591.000000,3863.024902
591.500000,3866.988037
592.000000,3870.513184
592.500000,3875.276855
593.000000,3882.340088
593.500000,3891.478271
594.000000,3901.583984
594.500000,3910.763428
595.000000,3917.382812
595.500000,3921.567139
596.000000,3923.171631
596.500000,3922.947510
597.000000,3921.022217
597.500000,3917.193848
598.000000,3911.357910
598.500000,3903.381836
599.000000,3893.930176
599.500000,3883.593506
600.000000,3873.202637
600.500000,3862.902588
601.000000,3851.934570
601.500000,3838.817627
602.000000,3822.532227
602.500000,3802.591797
603.000000,3779.684326
603.500000,3756.115967
604.000000,3735.347168
604.500000,3719.331543
605.000000,3710.650635
605.500000,3707.787354
606.000000,3710.023193
606.500000,3714.565186
607.000000,3719.002686
607.500000,3721.996582
608.000000,3723.625000
608.500000,3724.750488
609.000000,3726.614990
609.500000,3730.489990
610.000000,3736.400879
610.500000,3743.838867
611.000000,3751.455322
611.500000,3758.391113
612.000000,3764.597656
612.500000,3770.926514
613.000000,3779.010986
613.500000,3790.258545
614.000000,3805.136475
614.500000,3821.847412
615.000000,3838.162842
615.500000,3851.950928
616.000000,3861.354248
616.500000,3866.910889
617.000000,3870.567383
617.500000,3874.611816
618.000000,3880.327881
618.500000,3888.031982
619.000000,3896.844971
619.500000,3906.122314
620.000000,3915.708496
620.500000,3926.479736
621.000000,3938.851074
621.500000,3952.600098
622.000000,3966.177246
622.500000,3977.319336
623.000000,3983.757324
623.500000,3985.820068
624.000000,3985.581787
624.500000,3986.492188
625.000000,3992.258545
625.500000,4003.549072
626.000000,4020.472656
626.500000,4039.950439
627.000000,4058.350342
627.500000,4073.405762
628.000000,4084.861328
628.500000,4093.741943
629.000000,4102.587891
629.500000,4114.331543
630.000000,4130.051758
630.500000,4149.761719
631.000000,4171.225098
631.500000,4191.979004
632.000000,4209.708008
632.500000,4222.819824
633.000000,4230.303711
633.500000,4233.185547
634.000000,4231.840820
634.500000,4227.540039
635.000000,4220.014648
635.500000,4210.047363
636.000000,4197.876953
636.500000,4184.671387
637.000000,4171.867188
637.500000,4160.532715
638.000000,4151.009277
638.500000,4143.354980
639.000000,4136.902344
639.500000,4131.553711
640.000000,4127.108398
640.500000,4123.719727
641.000000,4120.868164
641.500000,4117.465820
642.000000,4112.021484
642.500000,4103.156250
643.000000,4089.881836
643.500000,4073.251953
644.000000,4054.980957
644.500000,4037.275146
645.000000,4022.093750
645.500000,4009.978027
646.000000,4001.595459
646.500000,3996.516357
647.000000,3994.013916
647.500000,3992.740479
648.000000,3991.117188
648.500000,3987.558594
649.000000,3981.634521
649.500000,3973.257324
650.000000,3964.364502
650.500000,3957.066406
651.000000,3951.879150
651.500000,3947.741943
652.000000,3942.207764
652.500000,3932.875977
653.000000,3918.446045
653.500000,3900.888184
654.000000,3884.322998
654.500000,3872.229980
655.000000,3867.419678
655.500000,3868.147705
656.000000,3872.211670
656.500000,3876.399902
657.000000,3878.676270
657.500000,3879.158203
658.000000,3879.458252
658.500000,3880.852051
659.000000,3883.364502
659.500000,3886.210938
660.000000,3888.049316
660.500000,3887.461914
661.000000,3884.312256
661.500000,3878.785889
662.000000,3871.119385
662.500000,3861.501709
663.000000,3850.008545
663.500000,3837.554932
664.000000,3825.712891
664.500000,3816.370361
665.000000,3811.444824
665.500000,3810.462158
666.000000,3812.508545
666.500000,3815.305664
667.000000,3816.500000
667.500000,3814.245605
668.000000,3808.490967
668.500000,3800.258301
669.000000,3791.657959
669.500000,3784.484619
670.000000,3779.308838
670.500000,3776.131348
671.000000,3773.633545
671.500000,3770.222412
672.000000,3765.146240
672.500000,3758.889160
673.000000,3752.634277
673.500000,3747.621338
674.000000,3744.905029
674.500000,3743.813477
675.000000,3743.320312
675.500000,3742.059326
676.000000,3739.457764
676.500000,3735.904053
677.000000,3732.231201
677.500000,3729.276367
678.000000,3727.420898
678.500000,3726.952148
679.000000,3727.533203
679.500000,3729.222656
680.000000,3731.669678
680.500000,3734.483154
681.000000,3736.874512
681.500000,3737.866455
682.000000,3736.642578
682.500000,3733.043701
683.000000,3727.310547
683.500000,3720.330811
684.000000,3712.659424
684.500000,3705.244385
685.000000,3699.408691
685.500000,3696.280762
686.000000,3697.558838
686.500000,3702.908691
687.000000,3710.590332
687.500000,3718.048828
688.000000,3722.938232
688.500000,3723.499512
689.000000,3721.027100
689.500000,3717.492432
690.000000,3715.711670
690.500000,3717.163574
691.000000,3721.125977
691.500000,3726.015381
692.000000,3730.046631
692.500000,3732.108643
693.000000,3731.533203
693.500000,3728.674805
694.000000,3723.107910
694.500000,3715.265137
695.000000,3704.904053
695.500000,3693.047119
696.000000,3681.116211
696.500000,3670.873535
697.000000,3663.839844
697.500000,3661.014404
698.000000,3661.295898
698.500000,3663.928467
699.000000,3667.107422
699.500000,3669.148193
700.000000,3668.790039
700.500000,3664.508789
701.000000,3655.910400
701.500000,3643.585449
702.000000,3629.051270
702.500000,3614.272461
703.000000,3601.109131
703.500000,3590.510986
704.000000,3583.942627
704.500000,3581.041748
705.000000,3582.880371
705.500000,3588.707031
706.000000,3598.360107
706.500000,3611.080078
707.000000,3625.894043
707.500000,3642.182129
708.000000,3659.326416
708.500000,3677.274170
709.000000,3695.608154
709.500000,3713.597900
710.000000,3730.504150
710.500000,3745.809814
711.000000,3760.178955
711.500000,3775.360840
712.000000,3793.826904
712.500000,3817.417725
713.000000,3847.141602
713.500000,3880.079590
714.000000,3913.313721
714.500000,3943.913818
715.000000,3969.700684
715.500000,3991.328369
716.000000,4010.516602
716.500000,4029.830811
717.000000,4050.995850
717.500000,4074.090820
718.000000,4097.671875
718.500000,4119.918945
719.000000,4139.883301
719.500000,4156.688477
720.000000,4171.009766
720.500000,4183.001953
721.000000,4192.986816
721.500000,4200.957031
722.000000,4207.031738
722.500000,4212.218750
723.000000,4218.104492
723.500000,4226.266113
724.000000,4238.976074
724.500000,4256.620117
725.000000,4280.400391
725.500000,4310.282715
726.000000,4347.619629
726.500000,4393.690918
727.000000,4448.862793
727.500000,4514.108887
728.000000,4587.236816
728.500000,4668.714355
729.000000,4755.839355
729.500000,4848.501465
730.000000,4944.893555
730.500000,5043.120117
731.000000,5140.054199
731.500000,5232.125977
732.000000,5315.733398
732.500000,5389.214844
733.000000,5448.831055
733.500000,5495.421387
734.000000,5522.729492
734.500000,5530.659180
735.000000,5514.203613
735.500000,5475.562012
736.000000,5417.577637
736.500000,5345.458984
737.000000,5265.584961
737.500000,5180.956543
738.000000,5093.179688
738.500000,5001.771973
739.000000,4908.537109
739.500000,4816.419434
740.000000,4729.084473
740.500000,4650.323242
741.000000,4581.029785
741.500000,4518.668457
742.000000,4460.545410
742.500000,4404.342285
743.000000,4350.276855
743.500000,4298.995605
744.000000,4252.300781
744.500000,4209.494629
745.000000,4169.680664
745.500000,4130.994629
746.000000,4093.008545
746.500000,4056.904053
747.000000,4024.402832
747.500000,3997.636230
748.000000,3976.042236
748.500000,3959.504639
749.000000,3945.174072
749.500000,3931.027832
750.000000,3915.514648
750.500000,3897.928467
751.000000,3878.620117
751.500000,3858.906738
752.000000,3840.955322
752.500000,3826.761719
753.000000,3818.842529
753.500000,3816.126465
754.000000,3816.562988
754.500000,3816.144043
755.000000,3812.091064
755.500000,3804.452881
756.000000,3795.570068
756.500000,3788.943604
757.000000,3786.813965
757.500000,3789.659424
758.000000,3794.103271
758.500000,3796.255859
759.000000,3794.964111
759.500000,3790.954102
760.000000,3787.261963
760.500000,3786.744385
761.000000,3790.302246
761.500000,3796.377686
762.000000,3802.069824
762.500000,3804.801514
763.000000,3803.291016
763.500000,3799.307373
764.000000,3794.483887
764.500000,3790.636475
765.000000,3789.054199
765.500000,3790.068848
766.000000,3793.598633
766.500000,3799.200195
767.000000,3805.601562
767.500000,3811.346680
768.000000,3815.638916
768.500000,3818.398438
769.000000,3821.370605
769.500000,3827.363037
770.000000,3838.447998
770.500000,3855.843750
771.000000,3878.307129
771.500000,3902.138916
772.000000,3923.399658
772.500000,3940.295654
773.000000,3951.946045
773.500000,3961.160156
774.000000,3970.666260
774.500000,3982.655273
775.000000,3997.920898
775.500000,4014.898682
776.000000,4030.862305
776.500000,4043.788818
777.000000,4053.849365
777.500000,4062.220947
778.000000,4070.894287
778.500000,4080.646484
779.000000,4090.019531
779.500000,4095.534180
780.000000,4093.941650
780.500000,4083.179199
781.000000,4064.741699
781.500000,4042.208252
782.000000,4018.613037
782.500000,3995.897949
783.000000,3974.279785
783.500000,3952.584473
784.000000,3929.872803
784.500000,3906.491699
785.000000,3883.963623
785.500000,3863.805908
786.000000,3846.599854
786.500000,3832.018311
787.000000,3818.684814
787.500000,3805.554932
788.000000,3792.036377
788.500000,3778.225586
789.000000,3764.795654
789.500000,3752.805420
790.000000,3742.712891
790.500000,3734.450195
791.000000,3727.131836
791.500000,3719.253662
792.000000,3709.292969
792.500000,3697.263672
793.000000,3684.478760
793.500000,3674.021484
794.000000,3670.364502
794.500000,3674.834717
795.000000,3686.113037
795.500000,3699.769043
796.000000,3710.635986
796.500000,3714.876709
797.000000,3713.035400
797.500000,3707.701904
798.000000,3704.108643
798.500000,3707.244385
799.000000,3717.403564
799.500000,3732.209229
800.000000,3746.776855
800.500000,3757.177979
801.000000,3761.914062
801.500000,3762.860107
802.000000,3763.129395
802.500000,3765.821045
803.000000,3773.099365
803.500000,3783.323730
804.000000,3794.183838
804.500000,3803.416260
805.000000,3810.375244
805.500000,3816.026611
806.000000,3821.738525
806.500000,3828.018311
807.000000,3833.980957
807.500000,3837.561035
808.000000,3837.924072
808.500000,3834.899902
809.000000,3831.295410
809.500000,3830.387939
810.000000,3833.894775
810.500000,3841.691162
811.000000,3852.025146
811.500000,3862.441895
812.000000,3871.502197
812.500000,3879.718994
813.000000,3889.047607
813.500000,3901.521484
814.000000,3919.184082
814.500000,3941.375244
815.000000,3967.154297
815.500000,3995.054932
816.000000,4023.761475
816.500000,4052.503662
817.000000,4080.878662
817.500000,4108.699707
818.000000,4136.275391
818.500000,4164.310547
819.000000,4193.748535
819.500000,4225.512207
820.000000,4259.466797
820.500000,4294.434570
821.000000,4328.362793
821.500000,4359.327637
822.000000,4385.630371
822.500000,4408.505371
823.000000,4429.869629
823.500000,4453.058105
824.000000,4481.464844
824.500000,4515.210449
825.000000,4552.809570
825.500000,4591.209473
826.000000,4627.339355
826.500000,4659.009277
827.000000,4686.715820
827.500000,4710.961426
828.000000,4733.584473
828.500000,4754.347168
829.000000,4771.841309
829.500000,4782.872070
830.000000,4785.437988
830.500000,4778.818359
831.000000,4763.417480
831.500000,4742.123535
832.000000,4716.559082
832.500000,4689.205566
833.000000,4660.936523
833.500000,4632.409180
834.000000,4603.683594
834.500000,4574.418457
835.000000,4543.716309
835.500000,4510.521484
836.000000,4474.539062
836.500000,4436.343750
837.000000,4398.262695
837.500000,4363.594727
838.000000,4333.668457
838.500000,4309.417969
839.000000,4288.326172
839.500000,4267.397461
840.000000,4244.136719
840.500000,4218.103027
841.000000,4190.059082
841.500000,4161.324707
842.000000,4132.372559
842.500000,4103.284668
843.000000,4074.558350
843.500000,4047.677979
844.000000,4025.768066
844.500000,4010.934570
845.000000,4004.116943
845.500000,4003.264893
846.000000,4004.402344
846.500000,4005.044189
847.000000,4005.024170
847.500000,4006.654053
848.000000,4012.204834
848.500000,4023.794434
849.000000,4039.847412
849.500000,4057.628418
850.000000,4074.014893
850.500000,4087.512695
851.000000,4099.037109
851.500000,4111.373047
852.000000,4127.499512
852.500000,4147.835449
853.000000,4172.346680
853.500000,4198.316406
854.000000,4222.794922
854.500000,4243.231934
855.000000,4257.879883
855.500000,4266.288086
856.000000,4270.033203
856.500000,4270.617676
857.000000,4270.256348
857.500000,4269.204102
858.000000,4266.800293
858.500000,4261.298340
859.000000,4252.237305
859.500000,4240.233887
860.000000,4227.603516
860.500000,4217.083984
861.000000,4210.587402
861.500000,4207.151367
862.000000,4204.334473
862.500000,4199.001953
863.000000,4189.134277
863.500000,4176.227539
864.000000,4162.863281
864.500000,4151.894043
865.000000,4144.830078
865.500000,4141.353516
866.000000,4139.390137
866.500000,4137.041992
867.000000,4133.402832
867.500000,4128.327637
868.000000,4122.598145
868.500000,4116.321777
869.000000,4109.181152
869.500000,4100.648926
870.000000,4090.661621
870.500000,4079.670654
871.000000,4067.965088
871.500000,4055.524902
872.000000,4041.447021
872.500000,4025.613281
873.000000,4008.550049
873.500000,3992.576172
874.000000,3981.103027
874.500000,3975.594971
875.000000,3975.069580
875.500000,3976.410156
876.000000,3975.667236
876.500000,3969.769287
877.000000,3959.636719
877.500000,3947.100098
878.000000,3935.250000
878.500000,3925.566650
879.000000,3916.971680
879.500000,3907.018311
880.000000,3893.710693
880.500000,3877.832031
881.000000,3862.356445
881.500000,3850.718262
882.000000,3846.880615
882.500000,3849.964844
883.000000,3859.602051
883.500000,3872.557617
884.000000,3886.264648
884.500000,3898.381104
885.000000,3907.065674
885.500000,3910.799805
886.000000,3909.914307
886.500000,3905.611084
887.000000,3901.619141
887.500000,3901.873291
888.000000,3907.491211
888.500000,3918.223877
889.000000,3930.838135
889.500000,3942.050537
890.000000,3950.192627
890.500000,3956.218262
891.000000,3962.338623
891.500000,3970.295654
892.000000,3980.484619
892.500000,3990.860352
893.000000,3999.570557
893.500000,4006.748535
894.000000,4013.998779
894.500000,4023.143311
895.000000,4034.489746
895.500000,4046.381836
896.000000,4056.047607
896.500000,4060.546143
897.000000,4060.468994
897.500000,4057.082031
898.000000,4053.794922
898.500000,4053.581543
899.000000,4057.796875
899.500000,4066.235596
900.000000,4077.315186
900.500000,4088.576172
901.000000,4097.446289
901.500000,4102.781250
902.000000,4103.743164
902.500000,4102.697266
903.000000,4102.313965
903.500000,4104.916504
904.000000,4111.525879
904.500000,4120.871094
905.000000,4130.382324
905.500000,4137.630859
906.000000,4142.020996
906.500000,4143.959473
907.000000,4145.230469
907.500000,4147.102051
908.000000,4150.283691
908.500000,4155.451172
909.000000,4162.792969
909.500000,4172.236328
910.000000,4183.145508
910.500000,4194.261230
911.000000,4204.545898
911.500000,4214.115723
912.000000,4224.319336
912.500000,4236.833496
913.000000,4253.008301
913.500000,4271.737793
914.000000,4291.264648
914.500000,4310.150879
915.000000,4328.514648
915.500000,4347.983887
916.000000,4370.069336
916.500000,4395.776367
917.000000,4423.089844
917.500000,4449.409668
918.000000,4472.824219
918.500000,4492.778320
919.000000,4510.943848
919.500000,4529.485352
920.000000,4549.453613
920.500000,4569.784180
921.000000,4588.179688
921.500000,4603.254395
922.000000,4613.832520
922.500000,4621.567383
923.000000,4627.665527
923.500000,4633.265137
924.000000,4638.436035
924.500000,4642.751953
925.000000,4646.198242
925.500000,4649.632812
926.000000,4654.493164
926.500000,4662.536133
927.000000,4673.174805
927.500000,4684.925781
928.000000,4695.414551
928.500000,4702.848633
929.000000,4707.166992
929.500000,4709.523926
930.000000,4711.313477
930.500000,4713.373535
931.000000,4715.372070
931.500000,4716.269531
932.000000,4714.423828
932.500000,4709.649414
933.000000,4701.978516
933.500000,4693.010254
934.000000,4685.025879
934.500000,4680.699707
935.000000,4681.521484
935.500000,4687.893555
936.000000,4696.825684
936.500000,4704.175781
937.000000,4706.479004
937.500000,4700.828125
938.000000,4689.214355
938.500000,4675.035156
939.000000,4662.496582
939.500000,4654.035156
940.000000,4649.585938
940.500000,4646.333496
941.000000,4641.118164
941.500000,4632.570312
942.000000,4620.275879
942.500000,4606.523438
943.000000,4593.770020
943.500000,4584.043945
944.000000,4578.979980
944.500000,4579.435547
945.000000,4584.647949
945.500000,4593.401855
946.000000,4602.710449
946.500000,4609.593262
947.000000,4613.170898
947.500000,4614.043457
948.000000,4615.697754
948.500000,4622.797363
949.000000,4638.685547
949.500000,4663.660156
950.000000,4695.331543
950.500000,4727.689941
951.000000,4754.772949
951.500000,4774.998535
952.000000,4788.298828
952.500000,4799.209473
953.000000,4811.716797
953.500000,4827.657715
954.000000,4845.977539
954.500000,4863.632324
955.000000,4877.929688
955.500000,4887.502441
956.000000,4894.159668
956.500000,4899.096191
957.000000,4902.811035
957.500000,4902.989746
958.000000,4897.414551
958.500000,4884.595215
959.000000,4866.532227
959.500000,4847.562988
960.000000,4831.402344
960.500000,4818.844238
961.000000,4808.887695
961.500000,4798.658203
962.000000,4786.219727
962.500000,4771.768066
963.000000,4756.103516
963.500000,4739.922852
964.000000,4722.768555
964.500000,4703.374023
965.000000,4681.204102
965.500000,4656.554688
966.000000,4631.679199
966.500000,4609.468750
967.000000,4591.354004
967.500000,4578.678711
968.000000,4569.952148
968.500000,4563.225098
969.000000,4556.084961
969.500000,4546.696289
970.000000,4534.283203
970.500000,4520.263184
971.000000,4506.795410
971.500000,4495.536133
972.000000,4487.044434
972.500000,4479.331055
973.000000,4469.822266
973.500000,4457.163574
974.000000,4442.255859
974.500000,4427.807617
975.000000,4416.370605
975.500000,4409.257324
976.000000,4404.367676
976.500000,4399.495117
977.000000,4393.748047
977.500000,4388.835938
978.000000,4387.449219
978.500000,4391.372070
979.000000,4399.404297
979.500000,4407.559082
980.000000,4411.161621
980.500000,4408.506348
981.000000,4398.992188
981.500000,4386.823730
982.000000,4375.662598
982.500000,4368.017090
983.000000,4364.983887
983.500000,4365.610840
984.000000,4368.208008
984.500000,4371.140625
985.000000,4373.025391
985.500000,4372.617188
986.000000,4370.059570
986.500000,4366.041504
987.000000,4362.995605
987.500000,4364.277832
988.000000,4372.016113
988.500000,4386.947266
989.000000,4407.221191
989.500000,4428.665527
990.000000,4446.879883
990.500000,4459.855469
991.000000,4466.292480
991.500000,4469.245605
992.000000,4470.783691
992.500000,4472.566895
993.000000,4474.762207
993.500000,4476.923828
994.000000,4479.276855
994.500000,4483.343750
995.000000,4490.680664
995.500000,4502.714844
996.000000,4517.403320
996.500000,4531.741211
997.000000,4542.789062
997.500000,4548.755859
998.000000,4550.402344
998.500000,4548.799316
999.000000,4544.219238
999.500000,4536.156250
1000.000000,4522.976562
1000.500000,4505.404785
1001.000000,4484.298340
1001.500000,4462.668945
1002.000000,4442.556152
1002.500000,4424.210938
1003.000000,4406.402344
1003.500000,4387.086426
1004.000000,4364.680664
1004.500000,4338.365234
1005.000000,4309.273926
1005.500000,4278.833496
1006.000000,4249.455566
1006.500000,4223.973633
1007.000000,4203.413086
1007.500000,4188.493164
1008.000000,4177.385742
1008.500000,4167.969727
1009.000000,4158.939941
1009.500000,4150.435059
1010.000000,4144.030273
1010.500000,4140.487793
1011.000000,4140.124023
1011.500000,4140.771484
1012.000000,4140.328125
1012.500000,4137.829102
1013.000000,4133.789551
1013.500000,4129.955078
1014.000000,4128.053711
1014.500000,4129.324219
1015.000000,4133.581543
1015.500000,4141.472168
1016.000000,4152.432129
1016.500000,4166.985352
1017.000000,4183.988770
1017.500000,4202.094727
1018.000000,4219.595703
1018.500000,4235.518555
1019.000000,4250.063965
1019.500000,4264.516602
1020.000000,4280.155762
1020.500000,4297.027344
1021.000000,4314.161621
1021.500000,4329.550781
1022.000000,4340.222656
1022.500000,4344.454590
1023.000000,4341.043457
1023.500000,4330.921875
1024.000000,4317.363770
1024.500000,4304.367676
1025.000000,4295.212402
1025.500000,4292.503418
1026.000000,4294.234375
1026.500000,4298.493652
1027.000000,4302.676270
1027.500000,4305.737305
1028.000000,4308.101074
1028.500000,4310.544922
1029.000000,4313.111328
1029.500000,4314.961426
1030.000000,4314.931641
1030.500000,4313.422363
1031.000000,4311.983398
1031.500000,4312.849609
1032.000000,4318.275879
1032.500000,4328.316406
1033.000000,4341.957520
1033.500000,4357.641602
1034.000000,4373.908203
1034.500000,4389.908691
1035.000000,4405.159180
1035.500000,4418.864746
1036.000000,4430.868164
1036.500000,4440.733398
1037.000000,4449.159668
1037.500000,4457.227539
1038.000000,4466.442383
1038.500000,4478.189941
1039.000000,4493.476074
1039.500000,4511.677734
1040.000000,4531.719727
1040.500000,4551.337891
1041.000000,4568.522949
1041.500000,4583.386719
1042.000000,4597.605469
1042.500000,4614.258789
1043.000000,4636.116699
1043.500000,4663.821289
1044.000000,4694.854980
1044.500000,4725.742676
1045.000000,4753.906250
1045.500000,4778.492188
1046.000000,4802.099121
1046.500000,4827.352539
1047.000000,4855.139160
1047.500000,4884.439453
1048.000000,4913.344727
1048.500000,4940.994141
1049.000000,4968.135254
1049.500000,4996.128418
1050.000000,5025.232422
1050.500000,5053.480469
1051.000000,5077.486328
1051.500000,5096.345703
1052.000000,5110.969727
1052.500000,5125.117188
1053.000000,5142.210938
1053.500000,5163.067383
1054.000000,5184.945801
1054.500000,5203.518066
1055.000000,5216.567871
1055.500000,5222.874023
1056.000000,5225.822266
1056.500000,5227.863281
1057.000000,5230.541504
1057.500000,5233.720703
1058.000000,5236.607910
1058.500000,5239.023438
1059.000000,5241.708008
1059.500000,5245.491699
1060.000000,5250.642090
1060.500000,5255.833496
1061.000000,5258.992188
1061.500000,5258.915039
1062.000000,5254.864746
1062.500000,5247.832520
1063.000000,5239.397461
1063.500000,5231.050293
1064.000000,5223.446289
1064.500000,5216.024414
1065.000000,5207.332520
1065.500000,5195.344238
1066.000000,5180.299316
1066.500000,5163.456055
1067.000000,5147.568359
1067.500000,5134.728027
1068.000000,5124.630371
1068.500000,5114.530762
1069.000000,5101.165527
1069.500000,5084.172363
1070.000000,5066.164551
1070.500000,5052.208496
1071.000000,5047.609375
1071.500000,5051.417969
1072.000000,5059.666016
1072.500000,5065.673340
1073.000000,5064.394043
1073.500000,5054.359375
1074.000000,5038.968262
1074.500000,5021.796387
1075.000000,5005.762207
1075.500000,4991.595703
1076.000000,4978.099121
1076.500000,4964.390625
1077.000000,4950.370605
1077.500000,4936.378418
1078.000000,4922.390137
1078.500000,4907.735840
1079.000000,4891.522461
1079.500000,4874.042969
1080.000000,4856.625488
1080.500000,4841.156250
1081.000000,4829.570801
1081.500000,4821.519531
1082.000000,4815.989258
1082.500000,4811.262207
1083.000000,4806.191406
1083.500000,4800.544922
1084.000000,4794.814453
1084.500000,4789.787598
1085.000000,4786.110840
1085.500000,4785.392578
1086.000000,4788.568359
1086.500000,4797.245605
1087.000000,4810.598633
1087.500000,4826.012207
1088.000000,4839.355469
1088.500000,4847.416016
1089.000000,4849.070312
1089.500000,4848.188477
1090.000000,4850.443359
1090.500000,4859.333496
1091.000000,4876.370117
1091.500000,4897.210938
1092.000000,4916.582520
1092.500000,4930.988281
1093.000000,4940.854980
1093.500000,4949.405762
1094.000000,4960.238770
1094.500000,4975.023926
1095.000000,4991.427734
1095.500000,5006.489746
1096.000000,5018.949707
1096.500000,5029.751465
1097.000000,5041.509277
1097.500000,5055.802246
1098.000000,5071.472656
1098.500000,5084.992188
1099.000000,5092.054199
1099.500000,5092.265625
1100.000000,5086.061523
1100.500000,5077.973633
1101.000000,5071.168945
1101.500000,5066.746582
1102.000000,5063.745605
1102.500000,5059.876465
1103.000000,5053.103516
1103.500000,5042.167969
1104.000000,5027.899902
1104.500000,5011.245605
1105.000000,4994.538086
1105.500000,4980.304688
1106.000000,4970.110352
1106.500000,4965.518555
1107.000000,4966.104492
1107.500000,4970.679688
1108.000000,4977.812988
1108.500000,4986.137695
1109.000000,4995.367188
1109.500000,5005.503418
1110.000000,5017.375977
1110.500000,5031.469727
1111.000000,5049.443848
1111.500000,5072.188477
1112.000000,5100.374512
1112.500000,5132.537109
1113.000000,5165.014648
1113.500000,5193.291016
1114.000000,5215.390137
1114.500000,5230.973145
1115.000000,5244.800293
1115.500000,5261.396484
1116.000000,5282.314453
1116.500000,5306.014160
1117.000000,5328.349121
1117.500000,5345.855957
1118.000000,5357.634766
1118.500000,5366.158203
1119.000000,5373.925781
1119.500000,5382.479492
1120.000000,5391.873535
1120.500000,5401.697266
1121.000000,5413.044922
1121.500000,5427.756348
1122.000000,5447.503418
1122.500000,5471.630371
1123.000000,5496.944336
1123.500000,5519.749023
1124.000000,5538.683105
1124.500000,5554.310059
1125.000000,5570.207031
1125.500000,5589.584961
1126.000000,5612.860840
1126.500000,5638.670410
1127.000000,5664.091309
1127.500000,5686.478027
1128.000000,5704.047852
1128.500000,5716.882324
1129.000000,5724.507324
1129.500000,5728.571777
1130.000000,5730.055176
1130.500000,5731.448242
1131.000000,5735.241699
1131.500000,5742.714355
1132.000000,5753.668945
1132.500000,5766.009766
1133.000000,5776.713867
1133.500000,5783.019043
1134.000000,5784.996094
1134.500000,5783.414551
1135.000000,5781.572754
1135.500000,5782.539551
1136.000000,5787.908691
1136.500000,5798.610352
1137.000000,5813.790527
1137.500000,5831.570312
1138.000000,5849.718262
1138.500000,5866.220215
1139.000000,5879.856445
1139.500000,5891.989746
1140.000000,5904.986328
1140.500000,5920.713867
1141.000000,5939.239258
1141.500000,5957.371582
1142.000000,5970.601562
1142.500000,5976.120605
1143.000000,5976.021484
1143.500000,5975.664551
1144.000000,5980.969238
1144.500000,5996.830566
1145.000000,6019.808594
1145.500000,6045.844238
1146.000000,6070.443848
1146.500000,6092.419434
1147.000000,6113.600586
1147.500000,6135.931152
1148.000000,6158.916992
1148.500000,6179.566406
1149.000000,6193.660645
1149.500000,6201.687500
1150.000000,6206.168457
1150.500000,6213.023438
1151.000000,6228.264648
1151.500000,6254.438965
1152.000000,6291.696289
1152.500000,6338.126953
1153.000000,6389.521973
1153.500000,6442.187988
1154.000000,6492.467285
1154.500000,6536.876465
1155.000000,6575.631348
1155.500000,6608.943848
1156.000000,6639.437012
1156.500000,6669.596680
1157.000000,6701.778320
1157.500000,6737.815430
1158.000000,6779.377930
1158.500000,6825.691895
1159.000000,6875.415527
1159.500000,6924.658203
1160.000000,6969.500977
1160.500000,7008.969727
1161.000000,7043.654297
1161.500000,7076.197754
1162.000000,7108.230957
1162.500000,7138.889160
1163.000000,7165.615723
1163.500000,7184.633301
1164.000000,7196.175781
1164.500000,7200.026367
1165.000000,7199.674316
1165.500000,7196.568848
1166.000000,7191.936035
1166.500000,7186.204590
1167.000000,7179.944824
1167.500000,7173.879395
1168.000000,7168.341797
1168.500000,7162.756348
1169.000000,7155.558594
1169.500000,7145.584473
1170.000000,7130.871582
1170.500000,7111.108398
1171.000000,7085.357910
1171.500000,7054.163574
1172.000000,7019.127441
1172.500000,6982.732422
1173.000000,6947.699707
1173.500000,6915.876953
1174.000000,6886.485352
1174.500000,6858.467285
1175.000000,6830.648926
1175.500000,6803.519531
1176.000000,6778.402344
1176.500000,6756.551758
1177.000000,6737.924316
1177.500000,6721.160645
1178.000000,6705.111816
1178.500000,6689.210938
1179.000000,6673.973633
1179.500000,6660.016602
1180.000000,6648.746094
1180.500000,6641.527832
1181.000000,6641.521973
1181.500000,6651.159180
1182.000000,6670.695312
1182.500000,6697.222168
1183.000000,6723.833496
1183.500000,6743.823242
1184.000000,6756.973633
1184.500000,6768.208984
1185.000000,6787.016113
1185.500000,6823.063965
1186.000000,6876.825684
1186.500000,6942.310547
1187.000000,7009.150391
1187.500000,7068.748047
1188.000000,7117.440918
1188.500000,7159.954102
1189.000000,7201.636230
1189.500000,7246.134277
1190.000000,7292.799316
1190.500000,7337.228027
1191.000000,7374.145508
1191.500000,7400.818359
1192.000000,7417.649902
1192.500000,7426.438965
1193.000000,7431.370117
1193.500000,7435.280762
1194.000000,7440.187988
1194.500000,7446.071777
1195.000000,7450.585449
1195.500000,7449.784668
1196.000000,7441.479492
1196.500000,7426.349121
1197.000000,7408.846191
1197.500000,7395.193359
1198.000000,7390.422363
1198.500000,7392.670410
1199.000000,7397.444824
1199.500000,7398.307129
1200.000000,7391.210449
1200.500000,7378.435059
1201.000000,7364.880859
1201.500000,7355.570801
1202.000000,7352.620605
1202.500000,7355.807617
1203.000000,7362.418945
1203.500000,7371.258301
1204.000000,7381.080078
1204.500000,7391.109863
1205.000000,7399.974609
1205.500000,7405.976074
1206.000000,7408.723145
1206.500000,7409.070312
1207.000000,7408.416016
1207.500000,7407.574219
1208.000000,7405.779785
1208.500000,7401.861816
1209.000000,7394.094727
1209.500000,7382.888184
1210.000000,7367.800293
1210.500000,7348.875977
1211.000000,7325.246094
1211.500000,7296.919434
1212.000000,7265.792480
1212.500000,7235.005859
1213.000000,7207.467285
1213.500000,7185.241211
1214.000000,7166.160156
1214.500000,7147.411621
1215.000000,7125.889160
1215.500000,7099.146973
1216.000000,7066.781250
1216.500000,7029.611328
1217.000000,6989.518555
1217.500000,6949.710938
1218.000000,6913.691895
1218.500000,6882.383789
1219.000000,6855.375000
1219.500000,6828.595703
1220.000000,6798.312988
1220.500000,6764.076172
1221.000000,6728.900879
1221.500000,6697.936035
1222.000000,6674.771484
1222.500000,6660.527344
1223.000000,6651.015625
1223.500000,6642.123535
1224.000000,6630.672852
1224.500000,6615.380859
1225.000000,6597.653809
1225.500000,6579.000488
1226.000000,6560.912109
1226.500000,6544.563477
1227.000000,6531.014160
1227.500000,6520.400391
1228.000000,6512.986328
1228.500000,6507.689453
1229.000000,6504.791016
1229.500000,6504.652344
1230.000000,6509.159668
1230.500000,6518.819336
1231.000000,6532.914062
1231.500000,6548.967773
1232.000000,6563.981934
1232.500000,6576.106445
1233.000000,6586.363770
1233.500000,6597.585449
1234.000000,6612.830566
1234.500000,6635.334961
1235.000000,6664.316895
1235.500000,6697.289062
1236.000000,6729.428711
1236.500000,6756.036621
1237.000000,6774.382812
1237.500000,6787.129395
1238.000000,6799.709473
1238.500000,6818.541504
1239.000000,6849.777832
1239.500000,6891.513184
1240.000000,6940.363770
1240.500000,6990.567383
1241.000000,7039.056152
1241.500000,7086.447754
1242.000000,7135.886230
1242.500000,7191.087402
1243.000000,7252.191406
1243.500000,7318.634766
1244.000000,7386.455566
1244.500000,7452.760254
1245.000000,7516.480957
1245.500000,7578.402832
1246.000000,7640.817383
1246.500000,7705.715820
1247.000000,7773.302734
1247.500000,7840.575684
1248.000000,7901.366699
1248.500000,7951.302246
1249.000000,7983.692871
1249.500000,8000.188477
1250.000000,8001.896973
1250.500000,7994.353027
1251.000000,7982.744629
1251.500000,7970.903809
1252.000000,7960.464844
1252.500000,7950.713379
1253.000000,7939.229980
1253.500000,7922.238770
1254.000000,7898.886230
1254.500000,7868.192871
1255.000000,7832.346191
1255.500000,7793.197754
1256.000000,7752.276367
1256.500000,7710.401367
1257.000000,7667.929199
1257.500000,7625.380371
1258.000000,7583.134277
1258.500000,7541.034180
1259.000000,7498.713379
1259.500000,7456.470215
1260.000000,7416.039551
1260.500000,7379.589844
1261.000000,7348.305664
1261.500000,7321.135254
1262.000000,7294.781250
1262.500000,7266.803223
1263.000000,7237.904297
1263.500000,7211.683105
1264.000000,7190.672852
1264.500000,7175.430664
1265.000000,7162.037598
1265.500000,7146.493164
1266.000000,7128.160645
1266.500000,7110.877441
1267.000000,7100.528809
1267.500000,7098.752930
1268.000000,7104.870117
1268.500000,7112.733398
1269.000000,7118.509766
1269.500000,7122.044434
1270.000000,7125.298828
1270.500000,7129.700195
1271.000000,7134.316895
1271.500000,7137.406250
1272.000000,7139.407715
1272.500000,7143.954590
1273.000000,7154.656738
1273.500000,7174.970215
1274.000000,7201.754395
1274.500000,7231.900879
1275.000000,7262.595703
1275.500000,7293.972656
1276.000000,7327.877441
1276.500000,7365.607910
1277.000000,7408.153320
1277.500000,7455.486816
1278.000000,7511.572266
1278.500000,7577.799316
1279.000000,7657.105469
1279.500000,7744.913086
1280.000000,7835.130371
1280.500000,7922.403809
1281.000000,8006.585938
1281.500000,8092.658691
1282.000000,8185.840820
1282.500000,8288.648438
1283.000000,8395.002930
1283.500000,8497.309570
1284.000000,8592.250000
1284.500000,8680.757812
1285.000000,8767.784180
1285.500000,8855.623047
1286.000000,8940.711914
1286.500000,9015.285156
1287.000000,9068.888672
1287.500000,9100.746094
1288.000000,9107.054688
1288.500000,9095.994141
1289.000000,9067.028320
1289.500000,9021.640625
1290.000000,8956.765625
1290.500000,8872.943359
1291.000000,8775.788086
1291.500000,8674.420898
1292.000000,8579.509766
1292.500000,8500.322266
1293.000000,8435.132812
1293.500000,8381.814453
1294.000000,8333.329102
1294.500000,8287.653320
1295.000000,8246.309570
1295.500000,8212.875000
1296.000000,8188.962402
1296.500000,8171.227539
1297.000000,8154.793945
1297.500000,8135.371582
1298.000000,8111.152832
1298.500000,8084.672852
1299.000000,8058.088867
1299.500000,8032.437500
1300.000000,8007.550293
1300.500000,7983.294434
1301.000000,7960.433594
1301.500000,7940.300293
1302.000000,7922.860352
1302.500000,7907.866211
1303.000000,7894.479004
1303.500000,7884.483887
1304.000000,7879.881348
1304.500000,7882.996094
1305.000000,7892.100098
1305.500000,7902.489746
1306.000000,7909.167480
1306.500000,7910.508301
1307.000000,7907.914062
1307.500000,7905.664551
1308.000000,7906.800293
1308.500000,7910.175293
1309.000000,7912.521973
1309.500000,7910.774414
1310.000000,7904.204102
1310.500000,7895.575195
1311.000000,7889.194336
1311.500000,7888.387695
1312.000000,7892.151367
1312.500000,7897.526367
1313.000000,7900.356934
1313.500000,7897.874512
1314.000000,7891.483887
1314.500000,7883.440430
1315.000000,7875.384766
1315.500000,7866.181641
1316.000000,7852.460449
1316.500000,7831.892090
1317.000000,7802.843262
1317.500000,7768.655273
1318.000000,7732.105469
1318.500000,7696.375000
1319.000000,7663.175781
1319.500000,7632.533691
1320.000000,7603.847656
1320.500000,7575.805664
1321.000000,7546.719727
1321.500000,7515.012695
1322.000000,7480.889160
1322.500000,7445.502930
1323.000000,7411.200195
1323.500000,7379.943848
1324.000000,7351.639648
1324.500000,7325.784668
1325.000000,7301.919922
1325.500000,7280.715820
1326.000000,7263.711426
1326.500000,7251.382324
1327.000000,7244.761230
1327.500000,7242.702148
1328.000000,7246.061523
1328.500000,7253.907227
1329.000000,7266.329102
1329.500000,7282.279785
1330.000000,7301.607422
1330.500000,7325.268066
1331.000000,7354.385254
1331.500000,7390.137695
1332.000000,7430.039062
1332.500000,7471.225098
1333.000000,7510.740234
1333.500000,7547.880859
1334.000000,7584.261230
1334.500000,7620.944824
1335.000000,7657.065430
1335.500000,7690.175781
1336.000000,7717.709961
1336.500000,7739.732910
1337.000000,7756.080078
1337.500000,7768.345703
1338.000000,7775.351562
1338.500000,7777.512207
1339.000000,7775.223633
1339.500000,7770.984375
1340.000000,7766.843750
1340.500000,7762.689941
1341.000000,7756.076660
1341.500000,7743.142578
1342.000000,7723.937500
1342.500000,7699.414062
1343.000000,7673.973633
1343.500000,7650.906738
1344.000000,7631.626953
1344.500000,7616.783691
1345.000000,7606.113770
1345.500000,7598.727051
1346.000000,7592.945312
1346.500000,7585.576660
1347.000000,7572.005371
1347.500000,7550.788086
1348.000000,7520.494141
1348.500000,7485.205566
1349.000000,7449.553223
1349.500000,7418.247559
1350.000000,7393.672363
1350.500000,7375.167480
1351.000000,7359.037109
1351.500000,7341.397949
1352.000000,7320.383789
1352.500000,7296.154785
1353.000000,7272.158691
1353.500000,7252.063965
1354.000000,7237.083008
1354.500000,7226.567871
1355.000000,7218.336426
1355.500000,7210.788574
1356.000000,7204.242676
1356.500000,7199.730469
1357.000000,7198.197754
1357.500000,7197.494141
1358.000000,7193.837891
1358.500000,7184.420898
1359.000000,7167.357422
1359.500000,7144.307617
1360.000000,7118.502441
1360.500000,7093.397461
1361.000000,7071.355469
1361.500000,7053.969727
1362.000000,7040.199707
1362.500000,7029.228516
1363.000000,7018.607422
1363.500000,7005.941895
1364.000000,6989.854980
1364.500000,6970.350098
1365.000000,6950.018066
1365.500000,6932.956543
1366.000000,6923.778320
1366.500000,6923.325684
1367.000000,6932.408691
1367.500000,6946.210449
1368.000000,6961.354980
1368.500000,6975.193848
1369.000000,6987.567871
1369.500000,7000.572754
1370.000000,7016.939941
1370.500000,7038.515137
1371.000000,7064.163086
1371.500000,7091.347168
1372.000000,7116.187988
1372.500000,7134.723145
1373.000000,7146.549316
1373.500000,7150.927246
1374.000000,7149.506836
1374.500000,7143.753418
1375.000000,7135.541992
1375.500000,7127.118652
1376.000000,7120.377441
1376.500000,7115.496582
1377.000000,7110.750488
1377.500000,7102.787109
1378.000000,7087.404297
1378.500000,7064.532227
1379.000000,7036.834961
1379.500000,7009.770020
1380.000000,6988.105469
1380.500000,6974.487305
1381.000000,6967.383301
1381.500000,6965.225586
1382.000000,6964.628418
1382.500000,6963.230957
1383.000000,6959.154785
1383.500000,6950.498047
1384.000000,6937.600098
1384.500000,6922.856445
1385.000000,6910.637207
1385.500000,6904.733887
1386.000000,6906.856445
1386.500000,6913.450684
1387.000000,6920.633301
1387.500000,6925.351562
1388.000000,6926.985840
1388.500000,6927.636719
1389.000000,6929.254395
1389.500000,6932.364258
1390.000000,6936.297852
1390.500000,6940.673340
1391.000000,6945.949219
1391.500000,6953.099609
1392.000000,6960.952637
1392.500000,6965.897461
1393.000000,6964.905273
1393.500000,6956.404297
1394.000000,6943.971191
1394.500000,6933.400879
1395.000000,6929.189453
1395.500000,6930.528809
1396.000000,6932.639648
1396.500000,6929.795410
1397.000000,6918.367188
1397.500000,6903.210938
1398.000000,6892.211426
1398.500000,6891.758301
1399.000000,6903.916992
1399.500000,6924.818359
1400.000000,6948.135742
1400.500000,6969.435059
1401.000000,6988.162109
1401.500000,7006.216309
1402.000000,7025.919922
1402.500000,7047.794922
1403.000000,7069.528320
1403.500000,7088.094238
1404.000000,7102.483887
1404.500000,7114.849121
1405.000000,7129.832031
1405.500000,7151.101562
1406.000000,7180.434082
1406.500000,7213.456543
1407.000000,7243.791504
1407.500000,7266.287109
1408.000000,7277.215820
1408.500000,7279.489258
1409.000000,7277.879883
1409.500000,7277.338867
1410.000000,7279.891113
1410.500000,7283.971680
1411.000000,7285.718262
1411.500000,7281.332031
1412.000000,7272.031738
1412.500000,7260.850098
1413.000000,7252.797852
1413.500000,7251.966797
1414.000000,7258.417480
1414.500000,7269.124512
1415.000000,7279.902344
1415.500000,7287.721680
1416.000000,7291.330566
1416.500000,7292.527832
1417.000000,7292.708984
1417.500000,7293.184082
1418.000000,7295.209961
1418.500000,7300.020020
1419.000000,7308.674805
1419.500000,7320.244629
1420.000000,7331.210938
1420.500000,7336.921387
1421.000000,7336.246582
1421.500000,7330.909668
1422.000000,7327.603027
1422.500000,7332.153320
1423.000000,7343.795898
1423.500000,7358.327637
1424.000000,7370.413086
1424.500000,7378.326172
1425.000000,7384.995117
1425.500000,7395.555664
1426.000000,7414.527832
1426.500000,7440.095703
1427.000000,7469.520020
1427.500000,7498.451660
1428.000000,7525.005859
1428.500000,7550.010742
1429.000000,7575.292969
1429.500000,7602.571777
1430.000000,7632.506348
1430.500000,7665.056641
1431.000000,7698.643555
1431.500000,7731.607910
1432.000000,7763.209473
1432.500000,7794.116699
1433.000000,7826.670898
1433.500000,7863.405273
1434.000000,7904.686523
1434.500000,7948.562988
1435.000000,7991.992676
1435.500000,8032.713867
1436.000000,8070.003418
1436.500000,8106.371582
1437.000000,8145.215820
1437.500000,8188.289062
1438.000000,8235.328125
1438.500000,8282.455078
1439.000000,8325.494141
1439.500000,8364.131836
1440.000000,8404.194336
1440.500000,8455.986328
1441.000000,8523.499023
1441.500000,8605.573242
1442.000000,8685.786133
1442.500000,8743.902344
1443.000000,8771.571289
1443.500000,8771.814453
1444.000000,8763.799805
1444.500000,8768.211914
1445.000000,8796.474609
1445.500000,8842.663086
1446.000000,8897.042969
1446.500000,8947.651367
1447.000000,8988.367188
1447.500000,9021.290039
1448.000000,9048.777344
1448.500000,9072.999023
1449.000000,9093.965820
1449.500000,9111.106445
1450.000000,9124.808594
1450.500000,9135.204102
1451.000000,9143.247070
1451.500000,9147.986328
1452.000000,9148.724609
1452.500000,9142.518555
1453.000000,9128.169922
1453.500000,9105.143555
1454.000000,9076.084961
1454.500000,9046.006836
1455.000000,9018.638672
1455.500000,8993.978516
1456.000000,8969.471680
1456.500000,8942.526367
1457.000000,8913.329102
1457.500000,8885.981445
1458.000000,8865.642578
1458.500000,8853.876953
1459.000000,8848.454102
1459.500000,8845.154297
1460.000000,8841.310547
1460.500000,8837.167969
1461.000000,8834.131836
1461.500000,8833.135742
1462.000000,8833.314453
1462.500000,8834.415039
1463.000000,8837.225586
1463.500000,8843.535156
1464.000000,8853.875977
1464.500000,8865.741211
1465.000000,8875.349609
1465.500000,8880.528320
1466.000000,8880.639648
1466.500000,8879.330078
1467.000000,8880.560547
1467.500000,8886.686523
1468.000000,8898.468750
1468.500000,8913.533203
1469.000000,8927.666992
1469.500000,8936.568359
1470.000000,8938.785156
1470.500000,8934.335938
1471.000000,8927.380859
1471.500000,8921.079102
1472.000000,8916.344727
1472.500000,8911.753906
1473.000000,8905.621094
1473.500000,8899.132812
1474.000000,8897.149414
1474.500000,8904.363281
1475.000000,8923.410156
1475.500000,8949.332031
1476.000000,8976.459961
1476.500000,9000.448242
1477.000000,9021.779297
1477.500000,9045.486328
1478.000000,9077.268555
1478.500000,9118.073242
1479.000000,9163.871094
1479.500000,9209.373047
1480.000000,9251.064453
1480.500000,9287.987305
1481.000000,9322.942383
1481.500000,9358.052734
1482.000000,9393.687500
1482.500000,9427.486328
1483.000000,9455.753906
1483.500000,9475.433594
1484.000000,9485.885742
1484.500000,9490.340820
1485.000000,9492.988281
1485.500000,9497.953125
1486.000000,9507.487305
1486.500000,9519.374023
1487.000000,9530.540039
1487.500000,9538.388672
1488.000000,9542.145508
1488.500000,9542.828125
1489.000000,9541.884766
1489.500000,9540.109375
1490.000000,9537.626953
1490.500000,9532.687500
1491.000000,9522.668945
1491.500000,9500.688477
1492.000000,9463.618164
1492.500000,9410.219727
1493.000000,9347.446289
1493.500000,9285.896484
1494.000000,9235.688477
1494.500000,9200.042969
1495.000000,9177.895508
1495.500000,9160.954102
1496.000000,9143.664062
1496.500000,9123.896484
1497.000000,9102.386719
1497.500000,9080.830078
1498.000000,9060.593750
1498.500000,9043.313477
1499.000000,9031.148438
1499.500000,9026.414062
1500.000000,9027.511719
1500.500000,9031.455078
1501.000000,9034.028320
1501.500000,9034.954102
1502.000000,9038.171875
1502.500000,9049.083008
1503.000000,9069.198242
1503.500000,9096.100586
1504.000000,9125.992188
1504.500000,9157.130859
1505.000000,9193.185547
1505.500000,9237.527344
1506.000000,9294.270508
1506.500000,9359.727539
1507.000000,9431.277344
1507.500000,9505.641602
1508.000000,9581.811523
1508.500000,9659.024414
1509.000000,9735.200195
1509.500000,9807.245117
1510.000000,9874.642578
1510.500000,9938.228516
1511.000000,10001.442383
1511.500000,10066.368164
1512.000000,10133.105469
1512.500000,10201.917969
1513.000000,10274.513672
1513.500000,10354.284180
1514.000000,10443.203125
1514.500000,10538.117188
1515.000000,10633.625977
1515.500000,10724.346680
1516.000000,10806.736328
1516.500000,10883.408203
1517.000000,10956.520508
1517.500000,11027.924805
1518.000000,11097.627930
1518.500000,11165.404297
1519.000000,11231.529297
1519.500000,11295.073242
1520.000000,11353.726562
1520.500000,11400.649414
1521.000000,11434.265625
1521.500000,11452.121094
1522.000000,11460.983398
1522.500000,11466.050781
1523.000000,11469.339844
1523.500000,11468.108398
1524.000000,11456.982422
1524.500000,11434.319336
1525.000000,11399.758789
1525.500000,11359.219727
1526.000000,11315.772461
1526.500000,11270.809570
1527.000000,11223.195312
1527.500000,11172.906250
1528.000000,11121.394531
1528.500000,11070.374023
1529.000000,11019.270508
1529.500000,10963.635742
1530.000000,10899.522461
1530.500000,10823.341797
1531.000000,10740.460938
1531.500000,10656.564453
1532.000000,10576.669922
1532.500000,10501.644531
1533.000000,10427.789062
1533.500000,10350.090820
1534.000000,10265.790039
1534.500000,10176.725586
1535.000000,10085.602539
1535.500000,9996.102539
1536.000000,9912.155273
1536.500000,9835.512695
1537.000000,9768.627930
1537.500000,9710.431641
1538.000000,9657.857422
1538.500000,9608.127930
1539.000000,9560.821289
1539.500000,9519.561523
1540.000000,9486.883789
1540.500000,9465.981445
1541.000000,9452.271484
1541.500000,9442.583008
1542.000000,9435.172852
1542.500000,9433.180664
1543.000000,9440.279297
1543.500000,9456.312500
1544.000000,9476.794922
1544.500000,9494.502930
1545.000000,9504.191406
1545.500000,9508.917969
1546.000000,9513.724609
1546.500000,9521.520508
1547.000000,9530.358398
1547.500000,9534.826172
1548.000000,9530.469727
1548.500000,9517.181641
1549.000000,9500.511719
1549.500000,9487.159180
1550.000000,9480.354492
1550.500000,9482.297852
1551.000000,9490.127930
1551.500000,9502.342773
1552.000000,9516.252930
1552.500000,9529.640625
1553.000000,9541.120117
1553.500000,9551.364258
1554.000000,9562.708984
1554.500000,9577.375977
1555.000000,9596.955078
1555.500000,9619.125977
1556.000000,9641.402344
1556.500000,9662.168945
1557.000000,9682.164062
1557.500000,9703.334961
1558.000000,9726.832031
1558.500000,9752.377930
1559.000000,9778.858398
1559.500000,9806.409180
1560.000000,9836.078125
1560.500000,9869.340820
1561.000000,9904.248047
1561.500000,9936.659180
1562.000000,9962.060547
1562.500000,9976.900391
1563.000000,9981.060547
1563.500000,9977.843750
1564.000000,9970.928711
1564.500000,9964.283203
1565.000000,9960.315430
1565.500000,9959.299805
1566.000000,9961.295898
1566.500000,9964.290039
1567.000000,9965.254883
1567.500000,9961.146484
1568.000000,9951.515625
1568.500000,9938.894531
1569.000000,9928.020508
1569.500000,9922.505859
1570.000000,9919.837891
1570.500000,9912.631836
1571.000000,9893.927734
1571.500000,9860.682617
1572.000000,9819.379883
1572.500000,9777.822266
1573.000000,9739.287109
1573.500000,9699.068359
1574.000000,9647.198242
1574.500000,9580.193359
1575.000000,9501.839844
1575.500000,9426.114258
1576.000000,9364.591797
1576.500000,9317.709961
1577.000000,9280.312500
1577.500000,9244.514648
1578.000000,9206.687500
1578.500000,9168.529297
1579.000000,9132.507812
1579.500000,9099.296875
1580.000000,9067.417969
1580.500000,9037.723633
1581.000000,9012.536133
1581.500000,8995.472656
1582.000000,8984.355469
1582.500000,8974.013672
1583.000000,8959.572266
1583.500000,8940.589844
1584.000000,8920.394531
1584.500000,8903.194336
1585.000000,8891.014648
1585.500000,8879.955078
1586.000000,8866.323242
1586.500000,8849.238281
1587.000000,8830.584961
1587.500000,8813.938477
1588.000000,8802.360352
1588.500000,8798.132812
1589.000000,8799.572266
1589.500000,8804.657227
1590.000000,8808.490234
1590.500000,8805.245117
1591.000000,8793.034180
1591.500000,8771.811523
1592.000000,8746.270508
1592.500000,8720.865234
1593.000000,8697.076172
1593.500000,8673.930664
1594.000000,8650.567383
1594.500000,8627.799805
1595.000000,8608.212891
1595.500000,8591.842773
1596.000000,8576.967773
1596.500000,8561.035156
1597.000000,8543.503906
1597.500000,8526.211914
1598.000000,8510.817383
1598.500000,8495.963867
1599.000000,8477.631836
1599.500000,8451.955078
1600.000000,8421.695312
1600.500000,8392.113281
1601.000000,8368.206055
1601.500000,8351.873047
1602.000000,8339.763672
1602.500000,8327.862305
1603.000000,8314.629883
1603.500000,8299.995117
1604.000000,8281.850586
1604.500000,8256.908203
1605.000000,8218.634766
1605.500000,8170.736328
1606.000000,8120.625488
1606.500000,8078.056152
1607.000000,8048.808594
1607.500000,8030.347168
1608.000000,8014.158203
1608.500000,7992.759277
1609.000000,7966.694824
1609.500000,7941.672852
1610.000000,7923.253906
1610.500000,7913.645508
1611.000000,7906.937500
1611.500000,7894.815430
1612.000000,7873.228516
1612.500000,7844.814453
1613.000000,7816.314941
1613.500000,7793.555664
1614.000000,7777.964844
1614.500000,7762.984863
1615.000000,7738.897461
1615.500000,7703.164551
1616.000000,7657.374023
1616.500000,7609.657715
1617.000000,7567.082520
1617.500000,7531.464355
1618.000000,7498.212402
1618.500000,7461.102539
1619.000000,7418.779785
1619.500000,7374.358398
1620.000000,7334.239746
1620.500000,7304.020508
1621.000000,7282.221680
1621.500000,7263.504395
1622.000000,7241.488281
1622.500000,7212.968262
1623.000000,7178.434570
1623.500000,7142.111816
1624.000000,7108.431641
1624.500000,7078.881348
1625.000000,7051.853027
1625.500000,7022.492188
1626.000000,6984.889648
1626.500000,6936.560547
1627.000000,6878.113281
1627.500000,6813.892090
1628.000000,6749.852539
1628.500000,6688.600098
1629.000000,6628.395508
1629.500000,6564.547852
1630.000000,6494.035645
1630.500000,6414.463867
1631.000000,6329.913574
1631.500000,6244.933594
1632.000000,6164.003418
1632.500000,6090.238770
1633.000000,6026.033203
1633.500000,5970.620605
1634.000000,5922.620117
1634.500000,5876.674805
1635.000000,5828.042480
1635.500000,5774.615723
1636.000000,5717.361816
1636.500000,5661.428223
1637.000000,5612.344727
1637.500000,5572.367188
1638.000000,5539.060547
1638.500000,5509.406250
1639.000000,5480.605469
1639.500000,5453.834961
1640.000000,5431.195312
1640.500000,5414.722168
1641.000000,5402.445801
1641.500000,5390.901855
1642.000000,5376.668457
1642.500000,5358.571289
1643.000000,5338.082031
1643.500000,5317.804688
1644.000000,5298.776855
1644.500000,5279.589844
1645.000000,5257.485840
1645.500000,5231.519531
1646.000000,5203.396484
1646.500000,5177.141113
1647.000000,5155.713867
1647.500000,5138.696777
1648.000000,5121.742188
1648.500000,5099.205078
1649.000000,5070.305664
1649.500000,5037.041504
1650.000000,5004.512695
1650.500000,4976.229980
1651.000000,4952.396973
1651.500000,4932.612793
1652.000000,4916.554688
1652.500000,4904.248047
1653.000000,4894.585938
1653.500000,4883.499512
1654.000000,4864.892578
1654.500000,4837.616211
1655.000000,4803.732422
1655.500000,4769.586426
1656.000000,4739.423828
1656.500000,4713.194336
1657.000000,4687.939453
1657.500000,4660.892578
1658.000000,4632.512695
1658.500000,4605.062500
1659.000000,4579.898926
1659.500000,4556.806641
1660.000000,4533.468262
1660.500000,4508.284668
1661.000000,4482.112793
1661.500000,4457.237305
1662.000000,4435.838379
1662.500000,4418.305664
1663.000000,4403.469238
1663.500000,4388.178223
1664.000000,4369.197266
1664.500000,4345.966797
1665.000000,4318.369629
1665.500000,4288.960938
1666.000000,4260.858887
1666.500000,4236.585449
1667.000000,4217.075684
1667.500000,4201.518555
1668.000000,4186.761230
1668.500000,4168.892090
1669.000000,4146.127930
1669.500000,4118.759766
1670.000000,4090.824219
1670.500000,4066.498535
1671.000000,4047.704590
1671.500000,4034.033447
1672.000000,4022.575684
1672.500000,4010.171631
1673.000000,3994.880371
1673.500000,3976.891113
1674.000000,3956.704590
1674.500000,3936.310303
1675.000000,3917.420654
1675.500000,3900.598145
1676.000000,3885.777832
1676.500000,3872.382812
1677.000000,3860.394287
1677.500000,3850.540283
1678.000000,3842.330322
1678.500000,3833.801758
1679.000000,3822.277344
1679.500000,3805.658691
1680.000000,3786.876221
1680.500000,3771.540283
1681.000000,3763.496582
1681.500000,3762.516113
1682.000000,3763.860840
1682.500000,3761.135742
1683.000000,3749.439941
1683.500000,3731.337646
1684.000000,3710.434082
1684.500000,3691.966553
1685.000000,3679.977539
1685.500000,3674.519287
1686.000000,3672.925537
1686.500000,3670.613037
1687.000000,3663.909180
1687.500000,3651.371826
1688.000000,3635.612793
1688.500000,3620.335938
1689.000000,3607.786621
1689.500000,3598.293701
1690.000000,3589.907959
1690.500000,3581.309570
1691.000000,3572.239014
1691.500000,3563.001465
1692.000000,3553.329590
1692.500000,3542.395020
1693.000000,3529.288086
1693.500000,3514.794678
1694.000000,3501.052734
1694.500000,3490.265381
1695.000000,3484.512207
1695.500000,3483.108154
1696.000000,3484.034912
1696.500000,3483.869629
1697.000000,3480.061523
1697.500000,3471.749268
1698.000000,3460.849854
1698.500000,3449.384521
1699.000000,3438.939697
1699.500000,3429.635986
1700.000000,3420.603516
1700.500000,3411.482910
1701.000000,3402.552490
1701.500000,3394.279541
1702.000000,3386.622803
1702.500000,3378.913086
1703.000000,3370.524170
1703.500000,3361.562500
1704.000000,3352.833496
1704.500000,3345.591553
1705.000000,3341.064453
1705.500000,3338.865967
1706.000000,3337.336670
1706.500000,3333.808350
1707.000000,3326.341797
1707.500000,3315.611328
1708.000000,3305.139160
1708.500000,3299.057373
1709.000000,3297.886963
1709.500000,3300.470703
1710.000000,3302.660156
1710.500000,3301.550537
1711.000000,3296.587158
1711.500000,3288.676270
1712.000000,3279.281738
1712.500000,3270.562988
1713.000000,3265.171631
1713.500000,3263.970459
1714.000000,3266.862793
1714.500000,3269.743896
1715.000000,3267.570801
1715.500000,3259.127930
1716.000000,3246.764160
1716.500000,3235.162598
1717.000000,3227.723389
1717.500000,3225.052979
1718.000000,3223.889404
1718.500000,3222.348145
1719.000000,3220.358887
1719.500000,3218.745117
1720.000000,3217.517090
1720.500000,3215.469971
1721.000000,3211.761719
1721.500000,3206.988037
1722.000000,3202.814697
1722.500000,3200.435791
1723.000000,3199.505371
1723.500000,3198.220215
1724.000000,3194.864014
1724.500000,3189.317627
1725.000000,3181.917969
1725.500000,3174.025146
1726.000000,3166.819092
1726.500000,3161.213135
1727.000000,3157.428955
1727.500000,3155.285645
1728.000000,3153.665039
1728.500000,3152.094238
1729.000000,3150.745850
1729.500000,3150.085205
1730.000000,3149.665039
1730.500000,3147.895996
1731.000000,3143.414307
1731.500000,3136.481934
1732.000000,3129.204102
1732.500000,3124.665039
1733.000000,3125.019775
1733.500000,3128.373779
1734.000000,3131.975342
1734.500000,3132.824219
1735.000000,3128.613037
1735.500000,3120.353516
1736.000000,3110.179932
1736.500000,3100.466064
1737.000000,3092.675537
1737.500000,3086.935547
1738.000000,3081.284180
1738.500000,3073.975342
1739.000000,3065.601562
1739.500000,3059.078613
1740.000000,3057.926758
1740.500000,3063.232910
1741.000000,3071.501953
1741.500000,3076.934570
1742.000000,3074.678711
1742.500000,3065.909912
1743.000000,3055.553223
1743.500000,3048.680420
1744.000000,3047.087646
1744.500000,3047.149658
1745.000000,3044.449951
1745.500000,3038.218262
1746.000000,3031.438965
1746.500000,3028.263428
1747.000000,3030.207520
1747.500000,3035.738281
1748.000000,3040.396973
1748.500000,3041.039307
1749.000000,3038.334961
1749.500000,3034.037354
1750.000000,3030.539062
1750.500000,3028.536133
1751.000000,3027.049072
1751.500000,3024.521973
1752.000000,3019.938965
1752.500000,3014.376465
1753.000000,3010.101074
1753.500000,3008.594971
1754.000000,3010.552734
1754.500000,3013.895996
1755.000000,3016.099854
1755.500000,3016.012451
1756.000000,3014.279297
1756.500000,3012.542969
1757.000000,3012.110107
1757.500000,3013.117676
1758.000000,3014.621094
1758.500000,3016.094482
1759.000000,3017.517090
1759.500000,3019.020020
1760.000000,3020.257568
1760.500000,3020.399414
1761.000000,3018.871826
1761.500000,3016.247314
1762.000000,3014.419678
1762.500000,3015.084229
1763.000000,3019.361328
1763.500000,3025.084473
1764.000000,3028.746094
1764.500000,3028.046631
1765.000000,3022.677246
1765.500000,3015.033936
1766.000000,3007.899902
1766.500000,3002.473389
1767.000000,2997.234863
1767.500000,2989.912842
1768.000000,2979.877197
1768.500000,2967.446533
1769.000000,2954.954102
1769.500000,2944.479248
1770.000000,2936.902100
1770.500000,2932.242188
1771.000000,2929.395752
1771.500000,2926.473633
1772.000000,2922.427490
1772.500000,2917.977295
1773.000000,2915.311279
1773.500000,2915.504395
1774.000000,2917.464600
1774.500000,2917.846436
1775.000000,2913.593994
1775.500000,2904.756348
1776.000000,2894.924561
1776.500000,2888.197266
1777.000000,2885.668945
1777.500000,2886.302246
1778.000000,2886.594727
1778.500000,2884.154785
1779.000000,2879.273438
1779.500000,2872.658936
1780.000000,2865.304932
1780.500000,2857.964600
1781.000000,2851.723145
1781.500000,2847.767822
1782.000000,2846.935791
1782.500000,2847.408936
1783.000000,2845.825928
1783.500000,2840.759033
1784.000000,2832.990479
1784.500000,2826.173096
1785.000000,2822.951660
1785.500000,2821.721191
1786.000000,2818.813477
1786.500000,2812.232666
1787.000000,2804.924805
1787.500000,2802.455566
1788.000000,2805.501953
1788.500000,2810.782959
1789.000000,2812.199951
1789.500000,2806.873535
1790.000000,2799.042725
1790.500000,2794.010254
1791.000000,2793.679199
1791.500000,2794.888428
1792.000000,2793.769531
1792.500000,2790.655029
1793.000000,2788.697266
1793.500000,2789.951660
1794.000000,2793.123047
1794.500000,2794.317871
1795.000000,2791.391602
1795.500000,2785.536377
1796.000000,2779.893555
1796.500000,2776.833984
1797.000000,2776.599121
1797.500000,2779.718262
1798.000000,2785.243408
1798.500000,2791.420898
1799.000000,2794.843506
1799.500000,2792.265137
1800.000000,2784.130127
1800.500000,2774.610107
1801.000000,2768.864014
1801.500000,2768.218750
1802.000000,2770.957764
1802.500000,2772.965820
1803.000000,2772.308838
1803.500000,2770.875977
1804.000000,2770.952393
1804.500000,2773.027344
1805.000000,2775.563965
1805.500000,2776.700928
1806.000000,2776.076660
1806.500000,2774.189941
1807.000000,2771.784424
1807.500000,2768.986084
1808.000000,2766.231689
1808.500000,2764.440674
1809.000000,2763.947998
1809.500000,2763.975586
1810.000000,2763.461182
