440.000000,686.592346
440.500000,687.853516
441.000000,690.610291
441.500000,693.997803
442.000000,696.919495
442.500000,698.513123
443.000000,698.200562
443.500000,696.737427
444.000000,694.691650
444.500000,692.739929
445.000000,691.345642
445.500000,690.629822
446.000000,690.560242
446.500000,690.953796
447.000000,691.633484
447.500000,692.384644
448.000000,692.889526
448.500000,692.804565
449.000000,692.115112
449.500000,690.785583
450.000000,689.199402
450.500000,687.906494
451.000000,687.420837
451.500000,687.989807
452.000000,689.477295
452.500000,691.352356
453.000000,692.774292
453.500000,693.041565
454.000000,691.678467
454.500000,689.224976
455.000000,686.227722
455.500000,683.682007
456.000000,682.511658
456.500000,682.823914
457.000000,684.298218
457.500000,686.350037
458.000000,688.176147
458.500000,688.962402
459.000000,688.778992
459.500000,687.740051
460.000000,686.506714
460.500000,685.802795
461.000000,686.224304
461.500000,687.757446
462.000000,689.867920
462.500000,691.676208
463.000000,692.118591
463.500000,690.661499
464.000000,687.271423
464.500000,683.165466
465.000000,679.427795
465.500000,676.958374
466.000000,676.490173
466.500000,677.550720
467.000000,679.280884
467.500000,680.942871
468.000000,682.058716
468.500000,682.370422
469.000000,682.245544
469.500000,682.038879
470.000000,682.010132
470.500000,682.302673
471.000000,682.856323
471.500000,683.429382
472.000000,683.668701
472.500000,683.307007
473.000000,682.116089
473.500000,680.324829
474.000000,678.439880
474.500000,677.244202
475.000000,677.450012
475.500000,679.046509
476.000000,681.736389
476.500000,684.615540
477.000000,686.660461
477.500000,687.309143
478.000000,686.737549
478.500000,685.156738
479.000000,683.206604
479.500000,681.128357
480.000000,678.874390
480.500000,676.249390
481.000000,673.295532
481.500000,670.415344
482.000000,668.544434
482.500000,668.299744
483.000000,670.093994
483.500000,673.212585
484.000000,676.777649
484.500000,679.354248
485.000000,679.798889
485.500000,678.337097
486.000000,675.570740
486.500000,672.587463
487.000000,670.502319
487.500000,669.974182
488.000000,670.453674
488.500000,671.341736
489.000000,671.908630
489.500000,671.657837
490.000000,670.786438
490.500000,669.796875
491.000000,669.061951
491.500000,668.631592
492.000000,668.240967
492.500000,667.440125
493.000000,666.008240
493.500000,664.382263
494.000000,663.305603
494.500000,663.352966
495.000000,665.153748
495.500000,668.363037
496.000000,671.972107
496.500000,674.983582
497.000000,676.679016
497.500000,676.614563
498.000000,675.153931
498.500000,672.807983
499.000000,670.230530
499.500000,667.648804
500.000000,665.133362
500.500000,662.740967
501.000000,660.725830
501.500000,659.535583
502.000000,659.653198
502.500000,661.112854
503.000000,663.794739
503.500000,666.713318
504.000000,668.693665
504.500000,669.344727
505.000000,668.564880
505.500000,667.105469
506.000000,665.983032
506.500000,666.024902
507.000000,667.039124
507.500000,668.359924
508.000000,669.099243
508.500000,668.377380
509.000000,666.425659
509.500000,664.034851
510.000000,662.190491
510.500000,661.547791
511.000000,662.108398
511.500000,663.416809
512.000000,664.842529
512.500000,666.073853
513.000000,667.160583
513.500000,668.265991
514.000000,669.343323
514.500000,669.981262
515.000000,669.536011
515.500000,667.964233
516.000000,665.673279
516.500000,663.543640
517.000000,662.549622
517.500000,663.475342
518.000000,665.501404
518.500000,667.686707
519.000000,669.005066
519.500000,668.598328
520.000000,666.584229
520.500000,663.573792
521.000000,660.379517
521.500000,657.505432
522.000000,655.259399
522.500000,653.731201
523.000000,653.381470
523.500000,654.132751
524.000000,656.112671
524.500000,658.709717
525.000000,661.169434
525.500000,662.608521
526.000000,662.470154
526.500000,661.087402
527.000000,659.265991
527.500000,657.777100
528.000000,656.999084
528.500000,657.043640
529.000000,657.301514
529.500000,657.484802
530.000000,657.678772
530.500000,658.265503
531.000000,659.614868
531.500000,661.710815
532.000000,663.853455
532.500000,665.218933
533.000000,664.991638
533.500000,663.388245
534.000000,660.825928
534.500000,658.528687
535.000000,657.456970
535.500000,657.766907
536.000000,659.141602
536.500000,660.923340
537.000000,662.364380
537.500000,663.007812
538.000000,663.089539
538.500000,662.812256
539.000000,662.471008
539.500000,662.103882
540.000000,661.534668
540.500000,660.501587
541.000000,658.962463
541.500000,657.118103
542.000000,655.340271
542.500000,654.043701
543.000000,653.844360
543.500000,654.622375
544.000000,656.430176
544.500000,658.889526
545.000000,661.717651
545.500000,664.511536
546.000000,666.779114
546.500000,668.092407
547.000000,668.290100
547.500000,667.183838
548.000000,665.211853
548.500000,662.783508
549.000000,660.625061
549.500000,659.206238
550.000000,658.484192
550.500000,658.208374
551.000000,657.972412
551.500000,657.454529
552.000000,656.643494
552.500000,655.885315
553.000000,655.590820
553.500000,655.863098
554.000000,656.728088
554.500000,657.785034
555.000000,658.518433
555.500000,658.589294
556.000000,657.848450
556.500000,656.304138
557.000000,654.239868
557.500000,651.984619
558.000000,650.018311
558.500000,648.816833
559.000000,648.411316
559.500000,648.779358
560.000000,649.454529
560.500000,649.744446
561.000000,649.046875
561.500000,647.297302
562.000000,644.733704
562.500000,642.083313
563.000000,640.253479
563.500000,639.845520
564.000000,641.322205
564.500000,644.136597
565.000000,647.728271
565.500000,651.229614
566.000000,653.720703
566.500000,654.173096
567.000000,652.369202
567.500000,648.226013
568.000000,642.799622
568.500000,637.129944
569.000000,632.500427
569.500000,630.379456
570.000000,630.884277
570.500000,633.364197
571.000000,636.663940
571.500000,639.480347
572.000000,640.756592
572.500000,640.387634
573.000000,638.718628
573.500000,636.781555
574.000000,635.011902
574.500000,633.354492
575.000000,631.332947
575.500000,628.414368
576.000000,624.710144
576.500000,621.176208
577.000000,618.972046
577.500000,619.414673
578.000000,622.238770
578.500000,626.939453
579.000000,631.560730
579.500000,634.612000
580.000000,635.844421
580.500000,635.809509
581.000000,635.558777
581.500000,635.966675
582.000000,637.077576
582.500000,637.874573
583.000000,637.149109
583.500000,634.801941
584.000000,631.087708
584.500000,627.269592
585.000000,624.763000
585.500000,623.987366
586.000000,624.504211
586.500000,625.607117
587.000000,626.592407
587.500000,627.193176
588.000000,627.698730
588.500000,628.415161
589.000000,629.200562
589.500000,629.531250
590.000000,628.877808
590.500000,626.958313
591.000000,624.044006
591.500000,621.096741
592.000000,619.004761
592.500000,617.936401
593.000000,617.838806
593.500000,617.977722
594.000000,617.743530
594.500000,616.987610
595.000000,616.138672
595.500000,615.801880
596.000000,616.407227
596.500000,618.110046
597.000000,620.448303
597.500000,622.779358
598.000000,624.558716
598.500000,625.438232
599.000000,625.545288
599.500000,624.888489
600.000000,623.525391
600.500000,621.305969
601.000000,618.200684
601.500000,614.601440
602.000000,611.178894
602.500000,608.703796
603.000000,608.244934
603.500000,609.812561
604.000000,613.235840
604.500000,617.333191
605.000000,621.148376
605.500000,624.006042
606.000000,625.658447
606.500000,625.965942
607.000000,625.128174
607.500000,623.041321
608.000000,620.100525
608.500000,616.651978
609.000000,613.495605
609.500000,611.606812
610.000000,611.649902
610.500000,613.458557
611.000000,616.008057
611.500000,618.022583
612.000000,618.359009
612.500000,617.044495
613.000000,614.439697
613.500000,611.989014
614.000000,610.959900
614.500000,611.628113
615.000000,613.706909
615.500000,616.351440
616.000000,618.563171
616.500000,619.434753
617.000000,618.890747
617.500000,616.984009
618.000000,614.383911
618.500000,611.495850
619.000000,608.797791
619.500000,606.765381
620.000000,605.864014
620.500000,606.389526
621.000000,608.536377
621.500000,611.943665
622.000000,616.162964
622.500000,620.232300
623.000000,622.929565
623.500000,623.666992
624.000000,622.217712
624.500000,619.230957
625.000000,615.532288
625.500000,612.011719
626.000000,609.305237
626.500000,607.851562
627.000000,607.326904
627.500000,607.560303
628.000000,608.097656
628.500000,608.652954
629.000000,608.963379
629.500000,608.844788
630.000000,608.394226
630.500000,608.075500
631.000000,608.458557
631.500000,609.777466
632.000000,612.000427
632.500000,614.296509
633.000000,615.370789
633.500000,614.464417
634.000000,611.495667
634.500000,607.476929
635.000000,603.717590
635.500000,601.348694
636.000000,600.685547
636.500000,601.507935
637.000000,602.692139
637.500000,603.597290
638.000000,604.228394
638.500000,604.913757
639.000000,605.958801
639.500000,607.292725
640.000000,608.243774
640.500000,608.018555
641.000000,606.195618
641.500000,603.259521
642.000000,599.937744
642.500000,597.186157
643.000000,595.860229
643.500000,595.906067
644.000000,596.931458
644.500000,598.306519
645.000000,599.539734
645.500000,600.290833
646.000000,600.440918
646.500000,599.920288
647.000000,599.092529
647.500000,598.588623
648.000000,598.950745
648.500000,600.719543
649.000000,603.620361
649.500000,606.911682
650.000000,609.354736
650.500000,609.865540
651.000000,608.127075
651.500000,605.014526
652.000000,601.448975
652.500000,598.396118
653.000000,596.399597
653.500000,595.172974
654.000000,594.321289
654.500000,593.672607
655.000000,593.532166
655.500000,594.368530
656.000000,596.229187
656.500000,598.743835
657.000000,600.816284
657.500000,600.926575
658.000000,599.004761
658.500000,595.253662
659.000000,590.901245
659.500000,587.238098
660.000000,585.217224
660.500000,585.089539
661.000000,586.594849
661.500000,588.659363
662.000000,590.517761
662.500000,591.699951
663.000000,591.888977
663.500000,591.394470
664.000000,590.727966
664.500000,590.660522
665.000000,591.680115
665.500000,593.828003
666.000000,596.476501
666.500000,598.713074
667.000000,599.795288
667.500000,598.946106
668.000000,596.616882
668.500000,593.458191
669.000000,590.234863
669.500000,587.386414
670.000000,585.053040
670.500000,583.206360
671.000000,581.986084
671.500000,581.557800
672.000000,582.276611
672.500000,583.779968
673.000000,585.602722
673.500000,586.974609
674.000000,587.175598
674.500000,586.015869
675.000000,583.870056
675.500000,581.652039
676.000000,580.205688
676.500000,580.177063
677.000000,581.265015
677.500000,582.998169
678.000000,584.393188
678.500000,584.405579
679.000000,582.702942
679.500000,579.780151
680.000000,576.640259
680.500000,574.347107
681.000000,573.627808
681.500000,574.045227
682.000000,574.649109
682.500000,574.170532
683.000000,572.061462
683.500000,569.298706
684.000000,567.460144
684.500000,567.911316
685.000000,570.960327
685.500000,575.676758
686.000000,579.743896
686.500000,580.713379
687.000000,578.599976
687.500000,573.917419
688.000000,568.804138
688.500000,565.048950
689.000000,563.383362
689.500000,563.496521
690.000000,564.238831
690.500000,564.529175
691.000000,564.065857
691.500000,563.311951
692.000000,562.920898
692.500000,563.231201
693.000000,564.339111
693.500000,565.779297
694.000000,567.022705
694.500000,567.769165
695.000000,567.982605
695.500000,567.744873
696.000000,567.288208
696.500000,566.776245
697.000000,566.347290
697.500000,566.095154
698.000000,565.974854
698.500000,565.946716
699.000000,565.969116
699.500000,566.045288
700.000000,566.197388
700.500000,566.395142
701.000000,566.499207
701.500000,566.352234
702.000000,565.883423
702.500000,565.377625
703.000000,565.312195
703.500000,566.018738
704.000000,567.534119
704.500000,569.289673
705.000000,570.224365
705.500000,569.469727
706.000000,567.338135
706.500000,564.696777
707.000000,562.936035
707.500000,563.352783
708.000000,565.735046
708.500000,569.142883
709.000000,571.777527
709.500000,572.419495
710.000000,570.967346
710.500000,568.495422
711.000000,566.235229
711.500000,564.991089
712.000000,565.103149
712.500000,565.839966
713.000000,566.536133
713.500000,566.933533
714.000000,567.195312
714.500000,567.565247
715.000000,568.038635
715.500000,568.280579
716.000000,567.918823
716.500000,566.565979
717.000000,564.598022
717.500000,562.409180
718.000000,560.278137
718.500000,558.170532
719.000000,555.920715
719.500000,553.549316
720.000000,551.503113
720.500000,550.558716
721.000000,551.672058
721.500000,554.459045
722.000000,558.418152
722.500000,562.325317
723.000000,565.220276
723.500000,566.884399
724.000000,567.657227
724.500000,568.305237
725.000000,569.458435
725.500000,571.198364
726.000000,573.044006
726.500000,574.293945
727.000000,574.582092
727.500000,573.575256
728.000000,571.684204
728.500000,569.550354
729.000000,568.108887
729.500000,568.067749
730.000000,569.791382
730.500000,572.814880
731.000000,576.501221
731.500000,579.900391
732.000000,582.291321
732.500000,583.823914
733.000000,585.109741
733.500000,586.928528
734.000000,589.599548
734.500000,592.812012
735.000000,595.793274
735.500000,597.656433
736.000000,598.131409
736.500000,596.876770
737.000000,594.465332
737.500000,591.060791
738.000000,586.959473
738.500000,582.359680
739.000000,577.722107
739.500000,573.700867
740.000000,570.987549
740.500000,569.664185
741.000000,569.547607
741.500000,569.523438
742.000000,568.641846
742.500000,566.656311
743.000000,563.663940
743.500000,560.333008
744.000000,557.386169
744.500000,555.367249
745.000000,554.426880
745.500000,554.577393
746.000000,555.302673
746.500000,556.207764
747.000000,556.789856
747.500000,556.558960
748.000000,555.444275
748.500000,553.591736
749.000000,551.475403
749.500000,549.601196
750.000000,548.133057
750.500000,546.799988
751.000000,545.259583
751.500000,543.485413
752.000000,541.903870
752.500000,541.194641
753.000000,542.143494
753.500000,544.769836
754.000000,548.255859
754.500000,551.257141
755.000000,552.768372
755.500000,552.169922
756.000000,550.177551
756.500000,547.637634
757.000000,545.684998
757.500000,545.191650
758.000000,546.170776
758.500000,548.116882
759.000000,550.201843
759.500000,551.689941
760.000000,552.026550
760.500000,551.254639
761.000000,549.443848
761.500000,547.245667
762.000000,545.211792
762.500000,543.763611
763.000000,543.090637
763.500000,543.047180
764.000000,543.403870
764.500000,543.922913
765.000000,544.365417
765.500000,544.474304
766.000000,544.110229
766.500000,543.012085
767.000000,541.357361
767.500000,539.469482
768.000000,537.806274
768.500000,536.702393
769.000000,536.151611
769.500000,535.787659
770.000000,535.114075
770.500000,533.875854
771.000000,532.073181
771.500000,530.290344
772.000000,529.130066
772.500000,528.722595
773.000000,528.948853
773.500000,529.424255
774.000000,529.896423
774.500000,530.443237
775.000000,531.385132
775.500000,533.171326
776.000000,535.644531
776.500000,538.287109
777.000000,540.387512
777.500000,541.316406
778.000000,541.061218
778.500000,539.875122
779.000000,538.180115
779.500000,536.304626
780.000000,534.303101
780.500000,532.193237
781.000000,530.218872
781.500000,528.810913
782.000000,528.642334
782.500000,529.772522
783.000000,531.939331
783.500000,534.294250
784.000000,535.872925
784.500000,535.934326
785.000000,534.537964
785.500000,532.012939
786.000000,529.078247
786.500000,526.078796
787.000000,523.265259
787.500000,520.984985
788.000000,519.645569
788.500000,519.753723
789.000000,521.456299
789.500000,524.041260
790.000000,526.069641
790.500000,526.397583
791.000000,524.137329
791.500000,520.480896
792.000000,516.985168
792.500000,515.236633
793.000000,516.122864
793.500000,518.998962
794.000000,522.204590
794.500000,523.952148
795.000000,523.850281
795.500000,522.235474
796.000000,520.417969
796.500000,519.331909
797.000000,519.050354
797.500000,519.159790
798.000000,519.015015
798.500000,518.341858
799.000000,517.471985
799.500000,517.109802
800.000000,517.862427
800.500000,519.594360
801.000000,522.038086
801.500000,524.454529
802.000000,526.158997
802.500000,526.792175
803.000000,526.126892
803.500000,524.355774
804.000000,522.068298
804.500000,520.089050
805.000000,519.023499
805.500000,519.327332
806.000000,520.490112
806.500000,521.893738
807.000000,522.812744
807.500000,522.845703
808.000000,522.250183
808.500000,521.642212
809.000000,521.636475
809.500000,522.249817
810.000000,523.087219
810.500000,523.502563
811.000000,522.780762
811.500000,520.933289
812.000000,518.036072
812.500000,514.722595
813.000000,511.738495
813.500000,509.857727
814.000000,509.584961
814.500000,511.014862
815.000000,513.359741
815.500000,515.624512
816.000000,516.857605
816.500000,516.316101
817.000000,514.499268
817.500000,512.321228
818.000000,510.939301
818.500000,511.082550
819.000000,512.746826
819.500000,515.008118
820.000000,517.167908
820.500000,518.976013
821.000000,520.572876
821.500000,522.258972
822.000000,523.988342
822.500000,525.279663
823.000000,525.407837
823.500000,523.978821
824.000000,521.367615
824.500000,518.519958
825.000000,516.356079
825.500000,515.494873
826.000000,515.505737
826.500000,515.908936
827.000000,516.164185
827.500000,516.124939
828.000000,516.025085
828.500000,516.181396
829.000000,516.726868
829.500000,517.451355
830.000000,518.101624
830.500000,518.600098
831.000000,518.994080
831.500000,519.359924
832.000000,519.578003
832.500000,519.428650
833.000000,518.753235
833.500000,517.747559
834.000000,516.995911
834.500000,517.258545
835.000000,518.493896
835.500000,520.122864
836.000000,520.980591
836.500000,519.814636
837.000000,516.568481
837.500000,511.816956
838.000000,506.993103
838.500000,503.579865
839.000000,502.627045
839.500000,503.934265
840.000000,507.003265
840.500000,510.417145
841.000000,513.151184
841.500000,514.712097
842.000000,514.754395
842.500000,513.579834
843.000000,511.686157
843.500000,509.744110
844.000000,508.376221
844.500000,508.072052
845.000000,508.720856
845.500000,510.177155
846.000000,511.859406
846.500000,513.412781
847.000000,514.591858
847.500000,515.143921
848.000000,514.875549
848.500000,513.662170
849.000000,511.466644
849.500000,508.694183
850.000000,505.875000
850.500000,503.614990
851.000000,502.513092
851.500000,502.425018
852.000000,503.202209
852.500000,504.428345
853.000000,505.715942
853.500000,506.675842
854.000000,506.954132
854.500000,506.085999
855.000000,504.129822
855.500000,501.204193
856.000000,498.241302
856.500000,496.507874
857.000000,496.706635
857.500000,499.076202
858.000000,502.902618
858.500000,506.920319
859.000000,509.860535
859.500000,511.187805
860.000000,510.685760
860.500000,509.339661
861.000000,508.025421
861.500000,507.390900
862.000000,507.595367
862.500000,508.066040
863.000000,508.052490
863.500000,507.055328
864.000000,505.201355
864.500000,502.963715
865.000000,501.074402
865.500000,500.190796
866.000000,500.183960
866.500000,500.728516
867.000000,501.200165
867.500000,501.197052
868.000000,500.772064
868.500000,500.365479
869.000000,500.377167
869.500000,500.768768
870.000000,501.122528
870.500000,500.849060
871.000000,499.308899
871.500000,496.634613
872.000000,493.238037
872.500000,489.942505
873.000000,487.543823
873.500000,486.592957
874.000000,487.046967
874.500000,488.733948
875.000000,491.015594
875.500000,493.515594
876.000000,495.854187
876.500000,497.730438
877.000000,499.015961
877.500000,499.594910
878.000000,499.456879
878.500000,498.716492
879.000000,497.467010
879.500000,495.953979
880.000000,494.338776
880.500000,492.783783
881.000000,491.370911
881.500000,490.082123
882.000000,488.901001
882.500000,487.836395
883.000000,486.987518
883.500000,486.549225
884.000000,486.631378
884.500000,487.329346
885.000000,488.336304
885.500000,489.225830
886.000000,489.571014
886.500000,489.058197
887.000000,487.947693
887.500000,486.707458
888.000000,485.811066
888.500000,485.417206
889.000000,485.355011
889.500000,485.174255
890.000000,484.462402
890.500000,483.353577
891.000000,482.312042
891.500000,481.975555
892.000000,482.877167
892.500000,484.918915
893.000000,487.371490
893.500000,489.254761
894.000000,489.940521
894.500000,489.037720
895.000000,487.216553
895.500000,485.231781
896.000000,483.901886
896.500000,483.754669
897.000000,484.535706
897.500000,485.524323
898.000000,485.794495
898.500000,484.782776
899.000000,482.367126
899.500000,479.476135
900.000000,477.325867
900.500000,476.615814
901.000000,477.847565
901.500000,480.381378
902.000000,483.315460
902.500000,485.588776
903.000000,486.413361
903.500000,485.334259
904.000000,482.800446
904.500000,479.454681
905.000000,476.530853
905.500000,475.431091
906.000000,476.529755
906.500000,479.508423
907.000000,482.878754
907.500000,484.977081
908.000000,484.772675
908.500000,482.716492
909.000000,480.086578
909.500000,478.463898
910.000000,478.913483
910.500000,480.515625
911.000000,481.793976
911.500000,481.471924
912.000000,479.319916
912.500000,476.601959
913.000000,475.100006
913.500000,475.780182
914.000000,477.765015
914.500000,479.436371
915.000000,479.486847
915.500000,477.366547
916.000000,474.361603
916.500000,472.063171
917.000000,471.491119
917.500000,472.565125
918.000000,474.271271
918.500000,475.386108
919.000000,475.229919
919.500000,474.334351
920.000000,473.637054
920.500000,473.792023
921.000000,474.934937
921.500000,476.438904
922.000000,477.584229
922.500000,477.949158
923.000000,477.649139
923.500000,477.130066
924.000000,476.932434
924.500000,477.410889
925.000000,478.249420
925.500000,478.820282
926.000000,478.491486
926.500000,476.851593
927.000000,474.330627
927.500000,472.001617
928.000000,471.018158
928.500000,471.735718
929.000000,473.900970
929.500000,476.181244
930.000000,477.167603
930.500000,476.456879
931.000000,474.141083
931.500000,471.258728
932.000000,468.768555
932.500000,467.141663
933.000000,466.257568
933.500000,465.934784
934.000000,466.095825
934.500000,467.272125
935.000000,469.510956
935.500000,472.541748
936.000000,475.271393
936.500000,476.447083
937.000000,475.558960
937.500000,473.080933
938.000000,470.184631
938.500000,468.113617
939.000000,467.616760
939.500000,468.118988
940.000000,468.811218
940.500000,468.933716
941.000000,468.261719
941.500000,467.248718
942.000000,466.424103
942.500000,465.994080
943.000000,465.726349
943.500000,465.409088
944.000000,465.179504
944.500000,465.729218
945.000000,467.492065
945.500000,470.805267
946.000000,474.887787
946.500000,478.510223
947.000000,480.449921
947.500000,480.115387
948.000000,477.663879
948.500000,474.309235
949.000000,471.269226
949.500000,469.269318
950.000000,468.590515
950.500000,468.500916
951.000000,468.250732
951.500000,467.413757
952.000000,466.041321
952.500000,464.563629
953.000000,463.465454
953.500000,463.066711
954.000000,463.195160
954.500000,463.635559
955.000000,464.077545
955.500000,464.471527
956.000000,464.989838
956.500000,465.922241
957.000000,467.421204
957.500000,469.363403
958.000000,471.361176
958.500000,472.860779
959.000000,473.141602
959.500000,472.204620
960.000000,470.029602
960.500000,467.321350
961.000000,464.754028
961.500000,462.827515
962.000000,461.675385
962.500000,461.085205
963.000000,460.715515
963.500000,460.569092
964.000000,460.940948
964.500000,462.553986
965.000000,465.359100
965.500000,468.888000
966.000000,471.847931
966.500000,472.854095
967.000000,471.432678
967.500000,468.487640
968.000000,465.849426
968.500000,465.004791
969.000000,466.672424
969.500000,469.356842
970.000000,471.119690
970.500000,470.678192
971.000000,467.766266
971.500000,463.821198
972.000000,460.722321
972.500000,459.744476
973.000000,460.601013
973.500000,462.213623
974.000000,463.173859
974.500000,462.699463
975.000000,461.512787
975.500000,460.733307
976.000000,461.164032
976.500000,462.794159
977.000000,464.653503
977.500000,465.626862
978.000000,465.099670
978.500000,463.577423
979.000000,461.854950
979.500000,460.705688
980.000000,460.427155
980.500000,460.486877
981.000000,460.138245
981.500000,458.879059
982.000000,456.755157
982.500000,454.354828
983.000000,452.528381
983.500000,452.091614
984.000000,452.932617
984.500000,454.715485
985.000000,456.412109
985.500000,457.053009
986.000000,456.265808
986.500000,454.184296
987.000000,451.543976
987.500000,449.210754
988.000000,447.871368
988.500000,447.575867
989.000000,448.328003
989.500000,449.548828
990.000000,450.817902
990.500000,451.726898
991.000000,451.921814
991.500000,451.296539
992.000000,449.990234
992.500000,448.365082
993.000000,446.936035
993.500000,446.137512
994.000000,445.873322
994.500000,445.821808
995.000000,445.480011
995.500000,444.569702
996.000000,443.362122
996.500000,442.463470
997.000000,442.407684
997.500000,443.163055
998.000000,444.283478
998.500000,445.097961
999.000000,445.155060
999.500000,444.845337
1000.000000,444.944855
1000.500000,446.163086
1001.000000,448.863464
1001.500000,452.529236
1002.000000,456.050598
1002.500000,458.160095
1003.000000,458.303162
1003.500000,456.239777
1004.000000,453.161163
1004.500000,450.289368
1005.000000,448.594116
1005.500000,448.509399
1006.000000,449.352692
1006.500000,449.972748
1007.000000,449.307281
1007.500000,447.111511
1008.000000,443.863220
1008.500000,440.715576
1009.000000,438.691071
1009.500000,437.817413
1010.000000,437.894409
1010.500000,438.324066
1011.000000,438.875000
1011.500000,439.641876
1012.000000,440.753540
1012.500000,442.018951
1013.000000,442.840912
1013.500000,442.362152
1014.000000,440.592926
1014.500000,437.886414
1015.000000,435.344299
1015.500000,433.904968
1016.000000,433.689972
1016.500000,434.130005
1017.000000,434.376221
1017.500000,433.979492
1018.000000,433.141907
1018.500000,432.648590
1019.000000,433.413452
1019.500000,435.365295
1020.000000,438.034119
1020.500000,440.468384
1021.000000,441.906403
1021.500000,442.146698
1022.000000,441.553070
1022.500000,440.684326
1023.000000,440.086792
1023.500000,440.066742
1024.000000,440.379181
1024.500000,440.591553
1025.000000,440.254150
1025.500000,439.058075
1026.000000,437.208038
1026.500000,435.254700
1027.000000,433.874573
1027.500000,433.424316
1028.000000,433.959351
1028.500000,434.843475
1029.000000,435.383545
1029.500000,435.235962
1030.000000,434.430389
1030.500000,433.600739
1031.000000,433.542969
1031.500000,434.788666
1032.000000,437.261322
1032.500000,440.449524
1033.000000,443.413239
1033.500000,445.234558
1034.000000,445.809296
1034.500000,445.145599
1035.000000,443.935608
1035.500000,442.732910
1036.000000,441.816772
1036.500000,441.053375
1037.000000,440.032349
1037.500000,438.435516
1038.000000,436.184845
1038.500000,433.826355
1039.000000,432.245636
1039.500000,431.984619
1040.000000,433.391998
1040.500000,435.796173
1041.000000,438.127838
1041.500000,439.364410
1042.000000,439.249329
1042.500000,438.315430
1043.000000,437.779968
1043.500000,438.766998
1044.000000,440.886963
1044.500000,442.914886
1045.000000,443.279053
1045.500000,440.991150
1046.000000,436.843079
1046.500000,432.836121
1047.000000,431.091278
1047.500000,432.038666
1048.000000,435.034790
1048.500000,438.039551
1049.000000,439.442047
1049.500000,439.164612
1050.000000,437.677826
1050.500000,435.878723
1051.000000,434.193481
1051.500000,432.674652
1052.000000,431.439789
1052.500000,431.073059
1053.000000,431.998932
1053.500000,434.593231
1054.000000,437.846069
1054.500000,440.606262
1055.000000,442.218536
1055.500000,442.908356
1056.000000,443.706146
1056.500000,445.405975
1057.000000,447.819824
1057.500000,449.737579
1058.000000,449.672363
1058.500000,447.704193
1059.000000,444.620453
1059.500000,442.017181
1060.000000,440.741455
1060.500000,440.134735
1061.000000,438.692627
1061.500000,435.224487
1062.000000,430.108398
1062.500000,425.023010
1063.000000,422.016479
1063.500000,423.142639
1064.000000,427.344055
1064.500000,433.039307
1065.000000,437.770630
1065.500000,439.693146
1066.000000,438.515686
1066.500000,435.411499
1067.000000,432.178131
1067.500000,430.416962
1068.000000,431.140533
1068.500000,433.362518
1069.000000,435.687347
1069.500000,436.648529
1070.000000,435.438263
1070.500000,432.746857
1071.000000,430.013855
1071.500000,428.643463
1072.000000,428.982605
1072.500000,430.480408
1073.000000,431.684662
1073.500000,431.243164
1074.000000,429.277069
1074.500000,426.541168
1075.000000,424.427002
1075.500000,423.967682
1076.000000,425.178558
1076.500000,427.153748
1077.000000,428.780579
1077.500000,429.448517
1078.000000,429.079895
1078.500000,428.465851
1079.000000,428.312347
1079.500000,428.831451
1080.000000,429.862335
1080.500000,430.949463
1081.000000,431.742584
1081.500000,432.089355
1082.000000,431.992706
1082.500000,431.273193
1083.000000,429.895477
1083.500000,427.728241
1084.000000,425.225159
1084.500000,423.030945
1085.000000,421.720245
1085.500000,421.600342
1086.000000,422.491241
1086.500000,423.911591
1087.000000,425.488678
1087.500000,427.003296
1088.000000,428.373932
1088.500000,429.573608
1089.000000,430.440521
1089.500000,430.914612
1090.000000,430.952484
1090.500000,430.642731
1091.000000,430.031281
1091.500000,429.036652
1092.000000,427.606812
1092.500000,425.720306
1093.000000,423.697845
1093.500000,421.955139
1094.000000,420.708984
1094.500000,420.014740
1095.000000,419.631653
1095.500000,419.429993
1096.000000,419.539551
1096.500000,420.256500
1097.000000,421.875122
1097.500000,424.095856
1098.000000,426.304688
1098.500000,427.764099
1099.000000,427.809082
1099.500000,426.661469
1100.000000,424.851227
1100.500000,423.220459
1101.000000,422.479431
1101.500000,423.035278
1102.000000,424.624176
1102.500000,426.760895
1103.000000,428.542633
1103.500000,428.915802
1104.000000,427.619995
1104.500000,424.660706
1105.000000,421.032135
1105.500000,418.026093
1106.000000,416.747925
1106.500000,417.440765
1107.000000,419.795227
1107.500000,422.590149
1108.000000,424.685333
1108.500000,425.629608
1109.000000,425.277679
1109.500000,424.278809
1110.000000,423.335205
1110.500000,423.041840
1111.000000,423.651611
1111.500000,425.051025
1112.000000,426.586304
1112.500000,427.297638
1113.000000,426.598846
1113.500000,423.996033
1114.000000,420.386475
1114.500000,417.134216
1115.000000,415.661469
1115.500000,416.756622
1116.000000,419.998779
1116.500000,423.821136
1117.000000,426.546417
1117.500000,427.481384
1118.000000,426.431488
1118.500000,424.584869
1119.000000,422.716248
1119.500000,421.115387
1120.000000,419.544525
1120.500000,417.718140
1121.000000,415.786896
1121.500000,414.379791
1122.000000,414.018951
1122.500000,415.032318
1123.000000,416.711914
1123.500000,418.329651
1124.000000,419.423889
1124.500000,420.024963
1125.000000,420.541626
1125.500000,421.145142
1126.000000,421.431488
1126.500000,420.677185
1127.000000,418.133881
1127.500000,414.302887
1128.000000,410.264374
1128.500000,407.506653
1129.000000,407.328827
1129.500000,409.454620
1130.000000,412.857849
1130.500000,416.003510
1131.000000,417.767761
1131.500000,417.731842
1132.000000,416.608185
1132.500000,415.195709
1133.000000,414.293945
1133.500000,414.505829
1134.000000,415.850586
1134.500000,418.394836
1135.000000,421.819733
1135.500000,425.532715
1136.000000,428.655823
1136.500000,430.424011
1137.000000,430.196503
1137.500000,428.584106
1138.000000,426.352692
1138.500000,424.565430
1139.000000,423.827881
1139.500000,423.878143
1140.000000,424.098083
1140.500000,423.908234
1141.000000,423.165710
1141.500000,422.058044
1142.000000,420.934509
1142.500000,419.974060
1143.000000,419.169220
1143.500000,418.654572
1144.000000,418.647675
1144.500000,419.481262
1145.000000,421.090515
1145.500000,422.970062
1146.000000,424.391144
1146.500000,424.957611
1147.000000,424.684387
1147.500000,424.224701
1148.000000,424.020813
1148.500000,423.903076
1149.000000,423.170380
1149.500000,421.328186
1150.000000,418.573700
1150.500000,416.018341
1151.000000,414.975189
1151.500000,416.288177
1152.000000,419.071533
1152.500000,421.843842
1153.000000,423.200165
1153.500000,422.427979
1154.000000,420.498352
1154.500000,418.742004
1155.000000,418.156158
1155.500000,418.831482
1156.000000,420.201172
1156.500000,421.491913
1157.000000,422.325928
1157.500000,422.862579
1158.000000,423.253876
1158.500000,423.522858
1159.000000,423.472961
1159.500000,423.054291
1160.000000,422.450226
1160.500000,421.964386
1161.000000,421.683746
1161.500000,421.330750
1162.000000,420.514496
1162.500000,418.947357
1163.000000,417.107422
1163.500000,415.728424
1164.000000,415.314484
1164.500000,415.961823
1165.000000,417.197479
1165.500000,418.496643
1166.000000,419.702240
1166.500000,421.003998
1167.000000,422.558197
1167.500000,423.988251
1168.000000,424.281525
1168.500000,422.816223
1169.000000,419.330597
1169.500000,414.864044
1170.000000,410.943237
1170.500000,408.823853
1171.000000,408.610504
1171.500000,409.768402
1172.000000,411.163940
1172.500000,412.340149
1173.000000,413.650299
1173.500000,415.888885
1174.000000,419.249634
1174.500000,423.119843
1175.000000,426.100800
1175.500000,426.846313
1176.000000,424.549835
1176.500000,420.070068
1177.000000,414.557404
1177.500000,409.676514
1178.000000,406.838562
1178.500000,406.209381
1179.000000,407.736938
1179.500000,410.543091
1180.000000,413.642700
1180.500000,416.206299
1181.000000,417.900879
1181.500000,418.701355
1182.000000,419.025360
1182.500000,418.887604
1183.000000,418.145233
1183.500000,416.324463
1184.000000,413.554901
1184.500000,410.543457
1185.000000,408.424622
1185.500000,407.938812
1186.000000,409.031982
1186.500000,410.471161
1187.000000,410.880707
1187.500000,409.932281
1188.000000,407.997253
1188.500000,406.252808
1189.000000,405.523346
1189.500000,405.731415
1190.000000,406.314880
1190.500000,406.881592
1191.000000,407.556152
1191.500000,408.799591
1192.000000,410.572906
1192.500000,412.238525
1193.000000,412.913818
1193.500000,411.979187
1194.000000,410.069092
1194.500000,408.441711
1195.000000,408.271332
1195.500000,409.797272
1196.000000,412.510468
1196.500000,415.287781
1197.000000,417.309357
1197.500000,418.541962
1198.000000,418.962189
1198.500000,418.639648
1199.000000,417.211334
1199.500000,414.572479
1200.000000,411.255646
1200.500000,408.569580
1201.000000,407.896973
1201.500000,410.405365
1202.000000,414.966827
1202.500000,419.712677
1203.000000,422.427368
1203.500000,421.563171
1204.000000,417.980865
1204.500000,413.760437
1205.000000,411.195129
1205.500000,411.183655
1206.000000,413.119598
1206.500000,414.935211
1207.000000,414.746307
1207.500000,412.741730
1208.000000,410.064697
1208.500000,408.456787
1209.000000,408.855042
1209.500000,410.594391
1210.000000,412.138885
1210.500000,412.199280
1211.000000,410.836975
1211.500000,408.920166
1212.000000,407.646179
1212.500000,407.609680
1213.000000,408.126373
1213.500000,408.266754
1214.000000,407.576172
1214.500000,406.465942
1215.000000,405.984344
1215.500000,406.965210
1216.000000,409.699127
1216.500000,413.233337
1217.000000,416.375244
1217.500000,418.264587
1218.000000,418.250519
1218.500000,416.644135
1219.000000,413.769958
1219.500000,410.202057
1220.000000,406.660828
1220.500000,404.034393
1221.000000,402.964050
1221.500000,404.103241
1222.000000,406.667236
1222.500000,409.658386
1223.000000,411.823456
1223.500000,412.422668
1224.000000,411.879211
1224.500000,411.187134
1225.000000,411.243896
1225.500000,412.143127
1226.000000,413.322815
1226.500000,413.993256
1227.000000,413.668213
1227.500000,412.825897
1228.000000,412.035156
1228.500000,411.611877
1229.000000,411.406189
1229.500000,411.078796
1230.000000,410.631805
1230.500000,410.617096
1231.000000,411.649536
1231.500000,414.266876
1232.000000,417.803497
1232.500000,421.391846
1233.000000,424.165527
1233.500000,425.574005
1234.000000,425.673950
1234.500000,424.593811
1235.000000,422.378998
1235.500000,419.291046
1236.000000,415.753937
1236.500000,412.615814
1237.000000,410.929138
1237.500000,410.795837
1238.000000,412.089447
1238.500000,413.945557
1239.000000,415.645691
1239.500000,416.798248
1240.000000,417.325745
1240.500000,417.158386
1241.000000,416.412415
1241.500000,415.245941
1242.000000,414.255951
1242.500000,414.213470
1243.000000,415.304840
1243.500000,417.259674
1244.000000,419.230255
1244.500000,420.505402
1245.000000,420.965851
1245.500000,421.177917
1246.000000,421.768707
1246.500000,422.826416
1247.000000,423.940857
1247.500000,424.490417
1248.000000,424.005676
1248.500000,422.654999
1249.000000,420.795898
1249.500000,418.835297
1250.000000,417.106079
1250.500000,415.967377
1251.000000,415.611115
1251.500000,416.338074
1252.000000,417.736023
1252.500000,419.354248
1253.000000,420.700928
1253.500000,421.641571
1254.000000,422.471100
1254.500000,423.593506
1255.000000,425.252075
1255.500000,427.381409
1256.000000,429.958069
1256.500000,432.804199
1257.000000,435.582916
1257.500000,437.613770
1258.000000,437.839294
1258.500000,436.010010
1259.000000,432.785309
1259.500000,429.801392
1260.000000,428.636078
1260.500000,430.082520
1261.000000,433.025513
1261.500000,436.079712
1262.000000,438.237793
1262.500000,439.369019
1263.000000,440.171906
1263.500000,440.972992
1264.000000,441.421478
1264.500000,440.878204
1265.000000,439.129486
1265.500000,436.975891
1266.000000,435.584961
1266.500000,435.419464
1267.000000,436.320374
1267.500000,437.239655
1268.000000,437.411774
1268.500000,436.839722
1269.000000,435.977783
1269.500000,435.238342
1270.000000,434.664673
1270.500000,434.145569
1271.000000,433.759399
1271.500000,434.010162
1272.000000,435.089478
1272.500000,436.948517
1273.000000,438.910950
1273.500000,440.354370
1274.000000,441.169037
1274.500000,441.780548
1275.000000,442.709015
1275.500000,444.039307
1276.000000,445.389465
1276.500000,446.208466
1277.000000,446.038879
1277.500000,445.131470
1278.000000,443.825043
1278.500000,442.505615
1279.000000,441.348602
1279.500000,440.378479
1280.000000,439.571655
1280.500000,438.978485
1281.000000,438.600983
1281.500000,438.534119
1282.000000,438.786133
1282.500000,439.527313
1283.000000,440.763580
1283.500000,442.334778
1284.000000,443.787964
1284.500000,444.588593
1285.000000,444.326141
1285.500000,443.208588
1286.000000,441.598145
1286.500000,440.104065
1287.000000,439.123749
1287.500000,438.628296
1288.000000,438.515198
1288.500000,438.641296
1289.000000,438.998199
1289.500000,439.643036
1290.000000,440.524170
1290.500000,441.499969
1291.000000,442.358917
1291.500000,442.952728
1292.000000,443.409302
1292.500000,443.981842
1293.000000,444.890991
1293.500000,446.163849
1294.000000,447.493042
1294.500000,448.360779
1295.000000,448.282928
1295.500000,447.353333
1296.000000,445.875305
1296.500000,444.519379
1297.000000,443.757965
1297.500000,443.513489
1298.000000,443.464844
1298.500000,443.242249
1299.000000,442.742310
1299.500000,442.126282
1300.000000,441.612061
1300.500000,441.260803
1301.000000,440.925232
1301.500000,440.434509
1302.000000,439.741974
1302.500000,438.743469
1303.000000,437.317810
1303.500000,435.343689
1304.000000,433.093414
1304.500000,431.386993
1305.000000,431.384979
1305.500000,433.186218
1306.000000,436.072296
1306.500000,438.179138
1307.000000,437.882721
1307.500000,435.568390
1308.000000,432.782318
1308.500000,431.388733
1309.000000,431.969330
1309.500000,433.469391
1310.000000,434.080414
1310.500000,432.771088
1311.000000,430.722504
1311.500000,430.029999
1312.000000,431.736084
1312.500000,435.547455
1313.000000,439.403503
1313.500000,441.403717
1314.000000,441.099823
1314.500000,439.726776
1315.000000,438.858459
1315.500000,439.109497
1316.000000,440.181549
1316.500000,441.099915
1317.000000,441.433929
1317.500000,441.539124
1318.000000,441.923065
1318.500000,442.611328
1319.000000,442.964844
1319.500000,442.075836
1320.000000,439.740662
1320.500000,436.307098
1321.000000,433.015778
1321.500000,431.039093
1322.000000,430.454407
1322.500000,430.771515
1323.000000,430.979126
1323.500000,430.510162
1324.000000,429.684174
1324.500000,429.457977
1325.000000,430.641205
1325.500000,432.768311
1326.000000,434.627594
1326.500000,435.039795
1327.000000,433.341034
1327.500000,430.440216
1328.000000,427.581818
1328.500000,425.666595
1329.000000,424.759460
1329.500000,424.524811
1330.000000,424.651428
1330.500000,425.412903
1331.000000,426.886353
1331.500000,428.818390
1332.000000,430.308594
1332.500000,430.503143
1333.000000,429.532806
1333.500000,428.362000
1334.000000,427.995667
1334.500000,428.550720
1335.000000,429.388611
1335.500000,429.678314
1336.000000,429.076050
1336.500000,428.212585
1337.000000,427.673645
1337.500000,427.450256
1338.000000,426.966736
1338.500000,425.698334
1339.000000,423.802612
1339.500000,422.026855
1340.000000,421.055023
1340.500000,421.156281
1341.000000,421.671112
1341.500000,422.080231
1342.000000,422.342560
1342.500000,422.782074
1343.000000,423.493774
1343.500000,423.973114
1344.000000,423.321350
1344.500000,421.120117
1345.000000,417.536896
1345.500000,413.855133
1346.000000,411.592865
1346.500000,411.291046
1347.000000,413.136566
1347.500000,416.124664
1348.000000,419.066803
1348.500000,420.849182
1349.000000,420.871155
1349.500000,418.944183
1350.000000,416.009521
1350.500000,413.161194
1351.000000,411.379456
1351.500000,411.407990
1352.000000,412.813599
1352.500000,414.905273
1353.000000,416.761353
1353.500000,417.720154
1354.000000,417.473511
1354.500000,416.232758
1355.000000,414.221588
1355.500000,412.025238
1356.000000,410.256927
1356.500000,409.330109
1357.000000,409.612396
1357.500000,410.797058
1358.000000,412.278320
1358.500000,413.368439
1359.000000,413.672150
1359.500000,413.131317
1360.000000,412.208801
1360.500000,411.322632
1361.000000,410.676178
1361.500000,410.211182
1362.000000,409.688721
1362.500000,408.975037
1363.000000,408.157410
1363.500000,407.405853
1364.000000,406.750092
1364.500000,405.982025
1365.000000,404.823395
1365.500000,403.418823
1366.000000,402.332642
1366.500000,402.149445
1367.000000,403.241302
1367.500000,405.040863
1368.000000,406.515564
1368.500000,406.753540
1369.000000,405.711395
1369.500000,404.070435
1370.000000,402.953888
1370.500000,403.286316
1371.000000,404.667267
1371.500000,406.372681
1372.000000,407.519440
1372.500000,407.782318
1373.000000,407.522705
1373.500000,407.305939
1374.000000,407.386230
1374.500000,407.441193
1375.000000,406.694794
1375.500000,404.778137
1376.000000,401.591919
1376.500000,398.107849
1377.000000,395.491302
1377.500000,394.391663
1378.000000,394.622955
1378.500000,395.161713
1379.000000,394.878357
1379.500000,393.323578
1380.000000,391.271912
1380.500000,389.875427
1381.000000,389.681244
1381.500000,390.679565
1382.000000,391.985962
1382.500000,392.852203
1383.000000,393.089111
1383.500000,393.011902
1384.000000,392.962524
1384.500000,393.000519
1385.000000,392.964996
1385.500000,392.843811
1386.000000,392.938354
1386.500000,393.480682
1387.000000,394.352020
1387.500000,394.911743
1388.000000,394.443665
1388.500000,392.721222
1389.000000,390.389862
1389.500000,388.451721
1390.000000,387.560028
1390.500000,388.012939
1391.000000,389.083527
1391.500000,390.230011
1392.000000,391.256775
1392.500000,392.447144
1393.000000,394.085541
1393.500000,395.971802
1394.000000,397.317474
1394.500000,397.306366
1395.000000,395.102081
1395.500000,391.406616
1396.000000,387.174713
1396.500000,383.727112
1397.000000,382.023315
1397.500000,382.041931
1398.000000,383.217499
1398.500000,384.831604
1399.000000,386.353668
1399.500000,387.567322
1400.000000,388.469025
1400.500000,388.928772
1401.000000,389.003082
1401.500000,388.751617
1402.000000,388.400116
1402.500000,388.071960
1403.000000,387.660248
1403.500000,386.895660
1404.000000,385.553223
1404.500000,383.888641
1405.000000,382.508545
1405.500000,381.909882
1406.000000,382.457001
1406.500000,383.745056
1407.000000,385.248199
1407.500000,386.467743
1408.000000,387.207916
1408.500000,387.517242
1409.000000,387.550903
1409.500000,387.206726
1410.000000,386.328766
1410.500000,384.497040
1411.000000,381.904968
1411.500000,378.912048
1412.000000,376.237701
1412.500000,374.603088
1413.000000,374.364838
1413.500000,375.263580
1414.000000,376.750336
1414.500000,378.030975
1415.000000,378.420959
1415.500000,377.930237
1416.000000,376.628632
1416.500000,374.964081
1417.000000,373.217499
1417.500000,371.516113
1418.000000,369.926941
1418.500000,368.622162
1419.000000,367.853302
1419.500000,368.064423
1420.000000,369.182831
1420.500000,371.038574
1421.000000,372.910034
1421.500000,374.095673
1422.000000,374.325684
1422.500000,373.815125
1423.000000,373.062988
1423.500000,372.449615
1424.000000,371.988953
1424.500000,371.398468
1425.000000,370.329987
1425.500000,368.860840
1426.000000,367.223785
1426.500000,365.779694
1427.000000,364.772156
1427.500000,364.216797
1428.000000,363.986969
1428.500000,363.959045
1429.000000,363.990082
1429.500000,363.954742
1430.000000,363.788422
1430.500000,363.507019
1431.000000,363.283203
1431.500000,363.333801
1432.000000,363.705292
1432.500000,364.215759
1433.000000,364.467529
1433.500000,364.123230
1434.000000,363.062103
1434.500000,361.748474
1435.000000,361.013214
1435.500000,361.486847
1436.000000,363.649536
1436.500000,366.753906
1437.000000,369.385742
1437.500000,370.023132
1438.000000,368.071808
1438.500000,364.226501
1439.000000,360.709351
1439.500000,359.710632
1440.000000,361.276337
1440.500000,364.552368
1441.000000,367.440277
1441.500000,368.503204
1442.000000,367.885773
1442.500000,366.669281
1443.000000,365.850922
1443.500000,365.461304
1444.000000,364.696198
1444.500000,363.101166
1445.000000,361.096680
1445.500000,359.970001
1446.000000,360.989319
1446.500000,363.888702
1447.000000,367.419159
1447.500000,369.900482
1448.000000,370.407532
1448.500000,369.018707
1449.000000,367.053406
1449.500000,365.789612
1450.000000,365.613770
1450.500000,366.402985
1451.000000,367.252258
1451.500000,367.184357
1452.000000,365.621857
1452.500000,362.548920
1453.000000,358.573517
1453.500000,354.791931
1454.000000,352.301636
1454.500000,351.200256
1455.000000,351.430939
1455.500000,352.352264
1456.000000,353.907715
1456.500000,356.133057
1457.000000,358.946198
1457.500000,361.647858
1458.000000,363.135254
1458.500000,362.382141
1459.000000,359.784241
1459.500000,356.443817
1460.000000,353.840088
1460.500000,352.793274
1461.000000,352.773895
1461.500000,352.943512
1462.000000,352.664612
1462.500000,351.975098
1463.000000,351.416260
1463.500000,351.520416
1464.000000,352.651947
1464.500000,354.397644
1465.000000,356.255981
1465.500000,357.559875
1466.000000,357.598114
1466.500000,356.279785
1467.000000,354.054230
1467.500000,351.972321
1468.000000,351.062225
1468.500000,351.815582
1469.000000,353.306030
1469.500000,354.034058
1470.000000,353.144684
1470.500000,350.358521
1471.000000,346.821808
1471.500000,343.866150
1472.000000,342.403870
1472.500000,342.577515
1473.000000,344.022247
1473.500000,346.009644
1474.000000,348.166595
1474.500000,350.350708
1475.000000,352.497955
1475.500000,354.362000
1476.000000,355.323273
1476.500000,354.892273
1477.000000,352.871429
1477.500000,349.770538
1478.000000,346.750183
1478.500000,345.015747
1479.000000,344.681335
1479.500000,345.377716
1480.000000,345.955688
1480.500000,345.643921
1481.000000,344.546753
1481.500000,343.214325
1482.000000,342.207550
1482.500000,341.574432
1483.000000,340.872742
1483.500000,339.730835
1484.000000,338.266693
1484.500000,337.197205
1485.000000,337.501923
1485.500000,339.278381
1486.000000,342.166382
1486.500000,345.083527
1487.000000,347.015533
1487.500000,347.494751
1488.000000,347.002716
1488.500000,346.077209
1489.000000,345.146118
1489.500000,344.179504
1490.000000,343.049774
1490.500000,341.876404
1491.000000,341.106445
1491.500000,341.220703
1492.000000,342.151550
1492.500000,343.165344
1493.000000,343.464935
1493.500000,342.852722
1494.000000,341.546692
1494.500000,340.258911
1495.000000,339.494202
1495.500000,339.299500
1496.000000,339.691254
1496.500000,340.619446
1497.000000,341.983643
1497.500000,343.459686
1498.000000,344.522736
1498.500000,344.682648
1499.000000,344.131134
1499.500000,343.261475
1500.000000,342.566223
1500.500000,342.108337
1501.000000,341.546326
1501.500000,340.618805
1502.000000,339.423004
1502.500000,338.249573
1503.000000,337.244019
1503.500000,336.285736
1504.000000,335.279327
1504.500000,334.437775
1505.000000,334.391968
1505.500000,335.279572
1506.000000,336.776459
1506.500000,337.987671
1507.000000,338.086090
1507.500000,336.795715
1508.000000,334.719940
1508.500000,332.718964
1509.000000,331.509979
1509.500000,331.488281
1510.000000,332.090912
1510.500000,332.744263
1511.000000,333.024536
1511.500000,333.034180
1512.000000,333.421906
1512.500000,334.884796
1513.000000,337.702057
1513.500000,340.952301
1514.000000,343.074738
1514.500000,343.279144
1515.000000,341.221039
1515.500000,338.100586
1516.000000,335.191650
1516.500000,333.363525
1517.000000,332.751923
1517.500000,333.029205
1518.000000,333.614838
1518.500000,334.242767
1519.000000,334.810272
1519.500000,335.253876
1520.000000,335.520050
1520.500000,335.435638
1521.000000,334.867188
1521.500000,333.692505
1522.000000,332.074921
1522.500000,330.506104
1523.000000,329.614746
1523.500000,329.616821
1524.000000,330.456757
1524.500000,331.334473
1525.000000,331.451935
1525.500000,330.581604
1526.000000,329.096222
1526.500000,327.881409
1527.000000,327.729706
1527.500000,329.074005
1528.000000,331.533112
1528.500000,334.519318
1529.000000,337.181732
1529.500000,338.809906
1530.000000,339.494995
1530.500000,339.527771
1531.000000,339.355469
1531.500000,339.170044
1532.000000,338.911346
1532.500000,338.457062
1533.000000,337.752136
1533.500000,336.898682
1534.000000,335.920776
1534.500000,334.822693
1535.000000,333.605469
1535.500000,332.427795
1536.000000,331.530701
1536.500000,331.060852
1537.000000,331.030487
1537.500000,331.486115
1538.000000,332.411438
1538.500000,333.812531
1539.000000,335.230682
1539.500000,335.850342
1540.000000,335.219025
1540.500000,333.280762
1541.000000,330.888763
1541.500000,329.038513
1542.000000,328.079559
1542.500000,327.554230
1543.000000,326.941803
1543.500000,326.236176
1544.000000,326.170685
1544.500000,327.303253
1545.000000,329.864563
1545.500000,332.845795
1546.000000,334.888916
1546.500000,335.083801
1547.000000,333.405701
1547.500000,330.509857
1548.000000,327.732788
1548.500000,326.420746
1549.000000,326.761047
1549.500000,328.104767
1550.000000,328.835358
1550.500000,327.617828
1551.000000,324.599976
1551.500000,321.267975
1552.000000,319.657745
1552.500000,320.794678
1553.000000,324.493286
1553.500000,328.647888
1554.000000,331.473846
1554.500000,332.490570
1555.000000,331.656342
1555.500000,329.711609
1556.000000,327.127228
1556.500000,324.318268
1557.000000,321.831360
1557.500000,320.358429
1558.000000,320.128204
1558.500000,321.162079
1559.000000,322.543549
1559.500000,323.373749
1560.000000,323.186523
1560.500000,322.008759
1561.000000,320.468842
1561.500000,319.253967
1562.000000,318.909576
1562.500000,319.524078
1563.000000,320.958374
1563.500000,322.489410
1564.000000,323.230835
1564.500000,322.967072
1565.000000,321.966888
1565.500000,321.199402
1566.000000,321.563538
1566.500000,323.135345
1567.000000,324.912170
1567.500000,325.313477
1568.000000,323.838074
1568.500000,320.759583
1569.000000,317.687042
1569.500000,315.944397
1570.000000,315.630249
1570.500000,316.126617
1571.000000,316.452362
1571.500000,316.178619
1572.000000,315.480621
1572.500000,314.734009
1573.000000,314.098877
1573.500000,313.566437
1574.000000,313.296967
1574.500000,313.521423
1575.000000,314.398865
1575.500000,315.547394
1576.000000,316.358856
1576.500000,316.424255
1577.000000,315.923035
1577.500000,315.386902
1578.000000,315.263458
1578.500000,315.434296
1579.000000,315.224884
1579.500000,313.932709
1580.000000,311.674835
1580.500000,309.127991
1581.000000,307.291901
1581.500000,306.810547
1582.000000,307.412933
1582.500000,308.123322
1583.000000,308.163086
1583.500000,307.650299
1584.000000,307.239624
1584.500000,307.472717
1585.000000,308.128479
1585.500000,308.173187
1586.000000,306.922180
1586.500000,304.847595
1587.000000,303.408997
1587.500000,304.068329
1588.000000,306.571594
1588.500000,309.702301
1589.000000,311.732422
1589.500000,311.806976
1590.000000,310.532013
1590.500000,308.635803
1591.000000,306.556702
1591.500000,304.280396
1592.000000,301.809540
1592.500000,299.583862
1593.000000,298.366882
1593.500000,298.338257
1594.000000,299.586884
1594.500000,301.466980
1595.000000,303.370300
1595.500000,304.626007
1596.000000,304.630768
1596.500000,303.022034
1597.000000,300.153900
1597.500000,296.808868
1598.000000,294.146912
1598.500000,293.513245
1599.000000,294.736084
1599.500000,297.501770
1600.000000,300.628326
1600.500000,302.829193
1601.000000,303.143372
1601.500000,301.462219
1602.000000,298.586212
1602.500000,296.125946
1603.000000,295.294586
1603.500000,295.751923
1604.000000,296.673706
1604.500000,297.111633
1605.000000,296.947418
1605.500000,296.947449
1606.000000,297.713287
1606.500000,299.076050
1607.000000,300.218109
1607.500000,300.326569
1608.000000,299.446899
1608.500000,297.907562
1609.000000,296.411346
1609.500000,295.396088
1610.000000,295.075195
1610.500000,295.594086
1611.000000,296.712494
1611.500000,297.653320
1612.000000,297.424164
1612.500000,295.861023
1613.000000,293.331116
1613.500000,290.960083
1614.000000,289.475464
1614.500000,288.598694
1615.000000,287.663147
1615.500000,286.459778
1616.000000,285.659698
1616.500000,286.281952
1617.000000,288.454468
1617.500000,291.277466
1618.000000,292.893463
1618.500000,291.739807
1619.000000,288.717804
1619.500000,285.516968
1620.000000,283.942047
1620.500000,284.576202
1621.000000,286.201019
1621.500000,286.783661
1622.000000,285.203064
1622.500000,282.403687
1623.000000,280.115356
1623.500000,279.494080
1624.000000,280.710480
1624.500000,282.311279
1625.000000,283.054138
1625.500000,282.775696
1626.000000,282.088837
1626.500000,281.660767
1627.000000,281.720032
1627.500000,282.382172
1628.000000,283.657440
1628.500000,285.914490
1629.000000,288.801178
1629.500000,291.438019
1630.000000,292.752960
1630.500000,292.091309
1631.000000,290.032715
1631.500000,287.630066
1632.000000,285.492218
1632.500000,283.584442
1633.000000,281.711700
1633.500000,280.011414
1634.000000,279.107910
1634.500000,279.202271
1635.000000,279.990387
1635.500000,280.628967
1636.000000,280.413605
1636.500000,279.186707
1637.000000,277.620514
1637.500000,276.527679
1638.000000,276.305115
1638.500000,277.189178
1639.000000,278.662292
1639.500000,280.062622
1640.000000,280.758148
1640.500000,280.581909
1641.000000,279.897797
1641.500000,279.301361
1642.000000,279.052338
1642.500000,278.748383
1643.000000,277.571075
1643.500000,275.457550
1644.000000,272.807007
1644.500000,270.534973
1645.000000,269.370941
1645.500000,269.429352
1646.000000,270.291779
1646.500000,271.518921
1647.000000,272.739105
1647.500000,273.626953
1648.000000,274.039001
1648.500000,273.927460
1649.000000,273.757233
1649.500000,273.957642
1650.000000,274.471222
1650.500000,274.722107
1651.000000,274.055298
1651.500000,272.477600
1652.000000,270.740417
1652.500000,269.639801
1653.000000,269.452789
1653.500000,269.501190
1654.000000,269.278259
1654.500000,269.058746
1655.000000,269.756653
1655.500000,271.726318
1656.000000,274.053558
1656.500000,274.945984
1657.000000,273.420532
1657.500000,269.602844
1658.000000,266.066376
1658.500000,264.986084
1659.000000,266.300720
1659.500000,268.615051
1660.000000,269.901642
1660.500000,269.447479
1661.000000,268.448547
1661.500000,268.547546
1662.000000,270.496338
1662.500000,273.071167
1663.000000,274.342743
1663.500000,273.612885
1664.000000,271.390198
1664.500000,269.071045
1665.000000,267.430023
1665.500000,266.257294
1666.000000,264.968750
1666.500000,263.652710
1667.000000,263.019958
1667.500000,263.797180
1668.000000,265.265991
1668.500000,266.036224
1669.000000,265.174561
1669.500000,263.202271
1670.000000,261.844025
1670.500000,262.515289
1671.000000,265.253998
1671.500000,268.347626
1672.000000,269.650146
1672.500000,268.736328
1673.000000,265.922943
1673.500000,262.819489
1674.000000,260.628235
1674.500000,259.793823
1675.000000,260.137665
1675.500000,261.108948
1676.000000,262.015289
1676.500000,262.131348
1677.000000,261.148834
1677.500000,258.984131
1678.000000,256.609436
1678.500000,254.968292
1679.000000,254.488556
1679.500000,255.135376
1680.000000,256.258453
1680.500000,257.184845
1681.000000,257.676208
1681.500000,257.959534
1682.000000,258.326202
1682.500000,258.798035
1683.000000,258.934174
1683.500000,258.375580
1684.000000,257.119598
1684.500000,255.948013
1685.000000,255.914978
1685.500000,257.505035
1686.000000,259.713531
1686.500000,260.727539
1687.000000,259.581879
1687.500000,256.164917
1688.000000,252.510818
1688.500000,250.631989
1689.000000,250.702591
1689.500000,251.755447
1690.000000,252.415848
1690.500000,252.161102
1691.000000,251.440140
1691.500000,250.928375
1692.000000,250.541550
1692.500000,249.741043
1693.000000,248.281097
1693.500000,246.909958
1694.000000,246.674088
1694.500000,247.601105
1695.000000,248.817154
1695.500000,249.289032
1696.000000,248.881302
1696.500000,248.419388
1697.000000,248.766190
1697.500000,249.987747
1698.000000,251.090378
1698.500000,251.213364
1699.000000,250.479187
1699.500000,249.587387
1700.000000,248.931610
1700.500000,248.151245
1701.000000,246.623520
1701.500000,244.453278
1702.000000,242.659988
1702.500000,242.161301
1703.000000,243.328003
1703.500000,245.119080
1704.000000,246.413620
1704.500000,246.689453
1705.000000,246.312180
1705.500000,245.833435
1706.000000,245.524734
1706.500000,245.386414
1707.000000,245.394989
1707.500000,245.706848
1708.000000,246.200867
1708.500000,246.419296
1709.000000,245.859085
1709.500000,244.300674
1710.000000,242.244644
1710.500000,240.332626
1711.000000,238.782806
1711.500000,237.351990
1712.000000,235.902603
1712.500000,234.762161
1713.000000,234.596970
1713.500000,235.362473
1714.000000,236.463547
1714.500000,236.951630
1715.000000,236.376495
1715.500000,235.190216
1716.000000,234.163177
1716.500000,233.696213
1717.000000,233.500885
1717.500000,233.161835
1718.000000,232.689835
1718.500000,232.486862
1719.000000,232.836243
1719.500000,233.585464
1720.000000,234.074295
1720.500000,233.743073
1721.000000,232.540268
1721.500000,231.155563
1722.000000,230.515030
1722.500000,230.964142
1723.000000,232.243042
1723.500000,233.397125
1724.000000,233.697205
1724.500000,233.209351
1725.000000,232.730835
1725.500000,233.063980
1726.000000,234.071457
1726.500000,234.860001
1727.000000,234.542801
1727.500000,232.638245
1728.000000,230.262512
1728.500000,228.567215
1729.000000,228.016556
1729.500000,228.383179
1730.000000,229.056488
1730.500000,229.630676
1731.000000,230.077560
1731.500000,230.448547
1732.000000,230.663620
1732.500000,230.817108
1733.000000,231.368347
1733.500000,232.651840
1734.000000,234.444305
1734.500000,235.613831
1735.000000,234.620758
1735.500000,230.930222
1736.000000,225.941422
1736.500000,221.688354
1737.000000,219.535767
1737.500000,220.149536
1738.000000,221.905167
1738.500000,223.600113
1739.000000,224.765854
1739.500000,225.610092
1740.000000,226.399475
1740.500000,226.959793
1741.000000,226.816788
1741.500000,225.960007
1742.000000,224.653137
1742.500000,223.458740
1743.000000,222.486328
1743.500000,221.434372
1744.000000,220.090515
1744.500000,218.720627
1745.000000,217.996429
1745.500000,218.410538
1746.000000,219.683060
1746.500000,221.192627
1747.000000,222.094574
1747.500000,221.474777
1748.000000,219.415283
1748.500000,216.081589
1749.000000,212.338455
1749.500000,209.380585
1750.000000,208.323837
1750.500000,209.157364
1751.000000,211.371017
1751.500000,213.769684
1752.000000,215.572418
1752.500000,216.948227
1753.000000,218.382217
1753.500000,220.027725
1754.000000,221.360260
1754.500000,221.447906
1755.000000,219.883255
1755.500000,217.068253
1756.000000,214.184219
1756.500000,212.432983
1757.000000,212.070267
1757.500000,212.803238
1758.000000,213.725372
1758.500000,214.256393
1759.000000,214.253708
1759.500000,213.858398
1760.000000,213.264343
1760.500000,212.603226
1761.000000,212.042145
1761.500000,211.838104
1762.000000,212.353500
1762.500000,213.368271
1763.000000,214.501526
1763.500000,215.289642
1764.000000,215.509888
1764.500000,215.353699
1765.000000,214.985779
1765.500000,214.229294
1766.000000,212.882492
1766.500000,210.895172
1767.000000,209.027267
1767.500000,208.115158
1768.000000,208.252151
1768.500000,208.983765
1769.000000,209.438019
1769.500000,209.254547
1770.000000,208.713181
1770.500000,208.340408
1771.000000,208.379929
1771.500000,208.493439
1772.000000,208.261658
1772.500000,207.648315
1773.000000,206.844498
1773.500000,206.216888
1774.000000,206.028015
1774.500000,206.344223
1775.000000,206.997772
1775.500000,207.594833
1776.000000,207.668320
1776.500000,206.923065
1777.000000,205.802795
1777.500000,204.903748
1778.000000,204.559158
1778.500000,204.488647
1779.000000,204.113281
1779.500000,203.200821
1780.000000,202.073151
1780.500000,201.282990
1781.000000,201.020966
1781.500000,200.957153
1782.000000,200.964066
1782.500000,201.359940
1783.000000,202.765274
1783.500000,205.105423
1784.000000,207.644363
1784.500000,209.257965
1785.000000,209.269379
1785.500000,207.726868
1786.000000,205.425613
1786.500000,202.863464
1787.000000,200.446976
1787.500000,198.501007
1788.000000,197.275375
1788.500000,197.121262
1789.000000,197.987946
1789.500000,199.285370
1790.000000,200.046478
1790.500000,199.626709
1791.000000,197.738007
1791.500000,195.255280
1792.000000,193.273590
1792.500000,192.246292
1793.000000,191.993881
1793.500000,191.775818
1794.000000,191.223892
1794.500000,190.750336
1795.000000,190.921188
1795.500000,191.798218
1796.000000,192.504974
1796.500000,191.997955
1797.000000,190.594330
1797.500000,189.319489
1798.000000,189.341171
1798.500000,190.989166
1799.000000,193.216995
1799.500000,194.794327
1800.000000,195.054077
1800.500000,194.436340
1801.000000,193.760284
1801.500000,193.504959
1802.000000,193.589020
1802.500000,193.481873
1803.000000,192.836884
1803.500000,191.894028
1804.000000,191.129211
1804.500000,190.883560
1805.000000,191.071701
1805.500000,191.454697
1806.000000,191.909744
1806.500000,192.486435
1807.000000,192.955933
1807.500000,192.638367
1808.000000,191.189987
1808.500000,188.878891
1809.000000,186.813583
1809.500000,186.017242
1810.000000,186.511658
