440.000000,6466.651367
440.500000,6461.028320
441.000000,6454.738770
441.500000,6446.902832
442.000000,6437.854492
442.500000,6429.276367
443.000000,6424.288086
443.500000,6423.927734
444.000000,6428.923340
444.500000,6437.198242
445.000000,6447.617676
445.500000,6458.521973
446.000000,6468.831055
446.500000,6477.598145
447.000000,6483.635254
447.500000,6485.763672
448.000000,6484.114258
448.500000,6480.857422
449.000000,6479.170898
449.500000,6482.149902
450.000000,6489.734863
450.500000,6500.668457
451.000000,6510.644531
451.500000,6516.477051
452.000000,6517.063477
452.500000,6513.500977
453.000000,6507.708008
453.500000,6502.184570
454.000000,6497.809570
454.500000,6494.090332
455.000000,6490.513672
455.500000,6486.867676
456.000000,6483.846191
456.500000,6482.279785
457.000000,6482.556641
457.500000,6484.430176
458.000000,6486.644043
458.500000,6487.083008
459.000000,6484.752930
459.500000,6478.543945
460.000000,6469.595215
460.500000,6459.304199
461.000000,6450.304688
461.500000,6444.487305
462.000000,6441.971191
462.500000,6441.033203
463.000000,6438.759766
463.500000,6432.045410
464.000000,6418.745117
464.500000,6401.407715
465.000000,6382.459961
465.500000,6365.215820
466.000000,6352.561523
466.500000,6344.169922
467.000000,6338.167969
467.500000,6333.018555
468.000000,6327.912598
468.500000,6323.657715
469.000000,6321.599121
469.500000,6322.644043
470.000000,6325.310547
470.500000,6327.142090
471.000000,6324.967773
471.500000,6316.169434
472.000000,6301.628418
472.500000,6284.645996
473.000000,6269.270996
473.500000,6258.689941
474.000000,6256.733398
474.500000,6259.438965
475.000000,6263.375977
475.500000,6264.508789
476.000000,6259.780273
476.500000,6248.873535
477.000000,6235.080078
477.500000,6222.221191
478.000000,6212.685547
478.500000,6208.103516
479.000000,6207.025391
479.500000,6208.122559
480.000000,6209.906738
480.500000,6212.313477
481.000000,6215.424316
481.500000,6218.886719
482.000000,6221.033203
482.500000,6220.115723
483.000000,6214.860352
483.500000,6206.713379
484.000000,6198.047852
484.500000,6192.699707
485.000000,6193.795898
485.500000,6200.375000
486.000000,6210.421387
486.500000,6220.681641
487.000000,6228.054688
487.500000,6230.890137
488.000000,6230.903809
488.500000,6229.788574
489.000000,6229.616699
489.500000,6232.043945
490.000000,6236.921387
490.500000,6242.892578
491.000000,6247.954102
491.500000,6250.053711
492.000000,6247.429199
492.500000,6239.520508
493.000000,6226.998535
493.500000,6212.932129
494.000000,6200.183105
494.500000,6190.946289
495.000000,6187.663574
495.500000,6190.264648
496.000000,6196.948730
496.500000,6205.543945
497.000000,6213.775391
497.500000,6219.672852
498.000000,6222.294922
498.500000,6221.398438
499.000000,6218.747070
499.500000,6215.829590
500.000000,6214.417480
500.500000,6216.546875
501.000000,6223.377441
501.500000,6234.755859
502.000000,6250.357910
502.500000,6268.739258
503.000000,6288.569824
503.500000,6307.525879
504.000000,6322.887695
504.500000,6333.914062
505.000000,6339.622070
505.500000,6341.318359
506.000000,6340.994629
506.500000,6341.550781
507.000000,6344.712402
507.500000,6350.993164
508.000000,6358.987305
508.500000,6366.793945
509.000000,6372.176758
509.500000,6373.217285
510.000000,6370.153809
510.500000,6362.941895
511.000000,6352.434570
511.500000,6339.674316
512.000000,6326.096191
512.500000,6313.444824
513.000000,6303.414062
513.500000,6296.327148
514.000000,6292.614258
514.500000,6290.444824
515.000000,6287.359863
515.500000,6281.480957
516.000000,6271.765625
516.500000,6258.534180
517.000000,6243.639160
517.500000,6230.006348
518.000000,6219.706543
518.500000,6214.880859
519.000000,6214.473633
519.500000,6217.931641
520.000000,6222.828613
520.500000,6226.936523
521.000000,6229.191406
521.500000,6229.637695
522.000000,6228.885742
522.500000,6227.866699
523.000000,6226.736816
523.500000,6224.618164
524.000000,6219.498047
524.500000,6210.458008
525.000000,6196.364258
525.500000,6178.067871
526.000000,6157.607422
526.500000,6137.543457
527.000000,6119.538574
527.500000,6104.710449
528.000000,6092.511719
528.500000,6082.858887
529.000000,6074.490234
529.500000,6067.261719
530.000000,6061.153320
530.500000,6056.588379
531.000000,6053.934570
531.500000,6053.590332
532.000000,6055.734863
532.500000,6060.004883
533.000000,6066.500977
533.500000,6074.267090
534.000000,6082.254395
534.500000,6088.622559
535.000000,6091.396973
535.500000,6089.866211
536.000000,6084.257324
536.500000,6076.171387
537.000000,6068.787109
537.500000,6065.922363
538.000000,6068.100098
538.500000,6075.197266
539.000000,6083.394531
539.500000,6088.256836
540.000000,6086.100586
540.500000,6076.090332
541.000000,6061.506836
541.500000,6047.146973
542.000000,6037.742188
542.500000,6035.015625
543.000000,6039.410645
543.500000,6045.237305
544.000000,6048.043945
544.500000,6045.774902
545.000000,6037.727051
545.500000,6025.904297
546.000000,6012.791016
546.500000,5999.586914
547.000000,5985.901855
547.500000,5970.752441
548.000000,5954.274414
548.500000,5937.975098
549.000000,5924.750000
549.500000,5917.067871
550.000000,5914.202637
550.500000,5913.942383
551.000000,5912.849609
551.500000,5907.970215
552.000000,5898.430176
552.500000,5886.990234
553.000000,5876.125977
553.500000,5867.175293
554.000000,5860.284180
554.500000,5853.839844
555.000000,5846.867676
555.500000,5840.399902
556.000000,5836.773438
556.500000,5838.269531
557.000000,5844.659180
557.500000,5853.660645
558.000000,5859.954590
558.500000,5858.671875
559.000000,5850.309570
559.500000,5836.542480
560.000000,5822.150879
560.500000,5812.009277
561.000000,5807.779785
561.500000,5807.289551
562.000000,5807.658203
562.500000,5806.311035
563.000000,5801.807617
563.500000,5795.535156
564.000000,5789.192871
564.500000,5783.502930
565.000000,5777.884766
565.500000,5771.184570
566.000000,5762.727051
566.500000,5753.260254
567.000000,5745.316406
567.500000,5741.812500
568.000000,5742.956055
568.500000,5748.564941
569.000000,5755.372559
569.500000,5759.407715
570.000000,5758.067383
570.500000,5750.810547
571.000000,5738.817383
571.500000,5724.568848
572.000000,5710.280762
572.500000,5697.627930
573.000000,5687.565918
573.500000,5679.297363
574.000000,5672.710938
574.500000,5667.324707
575.000000,5663.034668
575.500000,5659.560547
576.000000,5656.223145
576.500000,5652.138672
577.000000,5646.838379
577.500000,5640.200684
578.000000,5633.297852
578.500000,5628.137207
579.000000,5626.514648
579.500000,5629.653320
580.000000,5636.774414
580.500000,5646.239746
581.000000,5655.784180
581.500000,5663.363770
582.000000,5667.663086
582.500000,5670.028320
583.000000,5671.671387
583.500000,5673.875000
584.000000,5677.091309
584.500000,5680.598633
585.000000,5683.045410
585.500000,5683.913086
586.000000,5684.041992
586.500000,5685.347656
587.000000,5689.709961
587.500000,5699.240234
588.000000,5712.699707
588.500000,5727.190918
589.000000,5738.823242
589.500000,5743.894531
590.000000,5741.350098
590.500000,5731.942871
591.000000,5718.377930
591.500000,5704.846191
592.000000,5694.041504
592.500000,5685.947754
593.000000,5679.660645
593.500000,5672.921875
594.000000,5663.962891
594.500000,5653.253418
595.000000,5643.360840
595.500000,5637.327148
596.000000,5637.290527
596.500000,5644.305176
597.000000,5655.903809
597.500000,5668.595215
598.000000,5678.193848
598.500000,5681.531738
599.000000,5679.041016
599.500000,5671.645996
600.000000,5662.145020
600.500000,5653.724121
601.000000,5648.887695
601.500000,5648.161133
602.000000,5651.772949
602.500000,5657.828613
603.000000,5664.734375
603.500000,5670.568848
604.000000,5674.232422
604.500000,5676.713867
605.000000,5679.763672
605.500000,5685.101074
606.000000,5693.246094
606.500000,5703.258301
607.000000,5712.087402
607.500000,5716.058594
608.000000,5715.006348
608.500000,5709.228027
609.000000,5701.792969
609.500000,5695.428711
610.000000,5691.622559
610.500000,5689.558105
611.000000,5687.240723
611.500000,5683.478027
612.000000,5678.290527
612.500000,5673.273438
613.000000,5670.578613
613.500000,5670.755371
614.000000,5673.010742
614.500000,5675.649902
615.000000,5677.908691
615.500000,5680.462402
616.000000,5685.122070
616.500000,5694.410156
617.000000,5708.054199
617.500000,5724.263184
618.000000,5739.515625
618.500000,5750.513184
619.000000,5756.489746
619.500000,5757.840332
620.000000,5757.119141
620.500000,5757.118164
621.000000,5759.238281
621.500000,5763.367188
622.000000,5769.221680
622.500000,5775.992188
623.000000,5783.771973
623.500000,5792.517090
624.000000,5801.764160
624.500000,5810.148438
625.000000,5815.635254
625.500000,5816.392578
626.000000,5812.115234
626.500000,5803.512695
627.000000,5794.280273
627.500000,5787.997559
628.000000,5785.895996
628.500000,5788.676270
629.000000,5794.213379
629.500000,5800.109375
630.000000,5804.137207
630.500000,5805.770996
631.000000,5805.358887
631.500000,5803.824219
632.000000,5801.476562
632.500000,5798.621582
633.000000,5795.619629
633.500000,5793.801270
634.000000,5795.400391
634.500000,5801.639648
635.000000,5812.504395
635.500000,5825.935547
636.000000,5838.173828
636.500000,5844.644043
637.000000,5844.678711
637.500000,5839.070801
638.000000,5832.174316
638.500000,5827.453613
639.000000,5826.264648
639.500000,5827.650879
640.000000,5828.038574
640.500000,5824.067871
641.000000,5814.638184
641.500000,5802.217285
642.000000,5790.414551
642.500000,5782.479004
643.000000,5780.935547
643.500000,5783.470703
644.000000,5785.899414
644.500000,5784.532227
645.000000,5777.675781
645.500000,5766.272949
646.000000,5753.812500
646.500000,5744.412598
647.000000,5739.976074
647.500000,5740.381836
648.000000,5742.183594
648.500000,5742.552246
649.000000,5740.179688
649.500000,5735.588867
650.000000,5731.220215
650.500000,5729.758789
651.000000,5732.138672
651.500000,5736.607422
652.000000,5740.796875
652.500000,5742.786133
653.000000,5741.674805
653.500000,5739.386719
654.000000,5739.160645
654.500000,5743.180664
655.000000,5751.755371
655.500000,5763.334473
656.000000,5774.892578
656.500000,5783.424805
657.000000,5787.986328
657.500000,5788.553223
658.000000,5787.830078
658.500000,5787.250977
659.000000,5787.022949
659.500000,5785.852539
660.000000,5781.732910
660.500000,5773.317871
661.000000,5760.810059
661.500000,5747.585449
662.000000,5737.372559
662.500000,5731.878906
663.000000,5732.268066
663.500000,5736.133301
664.000000,5740.792969
664.500000,5743.855469
665.000000,5745.075684
665.500000,5745.362793
666.000000,5745.623047
666.500000,5745.479492
667.000000,5743.562012
667.500000,5737.198730
668.000000,5726.241211
668.500000,5712.233887
669.000000,5698.457031
669.500000,5687.642578
670.000000,5680.697266
670.500000,5676.189453
671.000000,5671.705566
671.500000,5665.219238
672.000000,5656.582520
672.500000,5647.941895
673.000000,5641.396973
673.500000,5637.423828
674.000000,5635.232910
674.500000,5632.768066
675.000000,5628.032715
675.500000,5620.518555
676.000000,5611.486328
676.500000,5602.033203
677.000000,5592.896973
677.500000,5584.211914
678.000000,5575.914062
678.500000,5568.997070
679.000000,5565.408203
679.500000,5567.185059
680.000000,5575.064941
680.500000,5587.269043
681.000000,5600.867188
681.500000,5612.203613
682.000000,5617.528320
682.500000,5617.330078
683.000000,5613.156250
683.500000,5608.140625
684.000000,5604.326172
684.500000,5602.231445
685.000000,5600.868652
685.500000,5598.389160
686.000000,5593.085938
686.500000,5583.725098
687.000000,5571.613770
687.500000,5557.823242
688.000000,5544.291016
688.500000,5532.732422
689.000000,5524.001465
689.500000,5518.329102
690.000000,5515.055664
690.500000,5512.462891
691.000000,5509.054199
691.500000,5503.878418
692.000000,5495.768066
692.500000,5485.084961
693.000000,5471.545410
693.500000,5455.651855
694.000000,5437.745605
694.500000,5418.491211
695.000000,5398.800293
695.500000,5379.855469
696.000000,5362.724121
696.500000,5348.816895
697.000000,5337.872070
697.500000,5329.737305
698.000000,5322.490234
698.500000,5314.756836
699.000000,5305.882324
699.500000,5296.249023
700.000000,5287.230469
700.500000,5280.458008
701.000000,5277.720215
701.500000,5278.255859
702.000000,5280.735352
702.500000,5282.891602
703.000000,5283.219727
703.500000,5281.877441
704.000000,5280.268555
704.500000,5280.543945
705.000000,5284.429688
705.500000,5291.866211
706.000000,5300.604980
706.500000,5308.125488
707.000000,5312.958496
707.500000,5314.335938
708.000000,5313.906738
708.500000,5313.673340
709.000000,5315.320801
709.500000,5318.853516
710.000000,5323.195312
710.500000,5327.114258
711.000000,5330.270508
711.500000,5333.741699
712.000000,5339.824219
712.500000,5349.670898
713.000000,5363.326660
713.500000,5377.513184
714.000000,5388.278809
714.500000,5392.724121
715.000000,5390.817871
715.500000,5384.660645
716.000000,5378.849121
716.500000,5378.158203
717.000000,5382.963379
717.500000,5391.375977
718.000000,5399.309082
718.500000,5403.583984
719.000000,5403.691895
719.500000,5401.579590
720.000000,5400.495605
720.500000,5403.160156
721.000000,5410.988770
721.500000,5422.017578
722.000000,5435.421387
722.500000,5450.225098
723.000000,5466.945801
723.500000,5485.943359
724.000000,5507.241699
724.500000,5529.928711
725.000000,5552.713379
725.500000,5575.444824
726.000000,5599.291504
726.500000,5627.038574
727.000000,5659.853027
727.500000,5699.585938
728.000000,5744.875000
728.500000,5794.401367
729.000000,5845.788086
729.500000,5896.968750
730.000000,5946.383301
730.500000,5993.147461
731.000000,6036.097168
731.500000,6075.875488
732.000000,6112.479004
732.500000,6146.936035
733.000000,6178.309082
733.500000,6204.614746
734.000000,6221.984375
734.500000,6226.495605
735.000000,6216.785645
735.500000,6190.960938
736.000000,6153.072266
736.500000,6103.215820
737.000000,6045.709961
737.500000,5981.345703
738.000000,5912.458008
738.500000,5841.129883
739.000000,5770.484375
739.500000,5703.684570
740.000000,5643.353027
740.500000,5589.242188
741.000000,5541.168457
741.500000,5495.866211
742.000000,5452.137695
742.500000,5409.404297
743.000000,5368.506836
743.500000,5330.392578
744.000000,5296.061035
744.500000,5266.119629
745.000000,5240.399414
745.500000,5219.366699
746.000000,5201.970703
746.500000,5188.776367
747.000000,5178.589355
747.500000,5171.077637
748.000000,5164.951660
748.500000,5159.101074
749.000000,5152.568848
749.500000,5144.896973
750.000000,5136.307617
750.500000,5127.518555
751.000000,5119.128906
751.500000,5111.249512
752.000000,5103.720215
752.500000,5096.171875
753.000000,5088.595703
753.500000,5081.552734
754.000000,5075.960938
754.500000,5072.278320
755.000000,5069.937988
755.500000,5067.959961
756.000000,5065.309082
756.500000,5061.459961
757.000000,5057.140625
757.500000,5053.416016
758.000000,5050.957031
758.500000,5049.439453
759.000000,5047.787109
759.500000,5045.163086
760.000000,5041.434570
760.500000,5037.428711
761.000000,5034.206055
761.500000,5032.140625
762.000000,5031.207031
762.500000,5030.624023
763.000000,5029.881348
763.500000,5028.775879
764.000000,5026.868652
764.500000,5022.959961
765.000000,5015.624512
765.500000,5002.767090
766.000000,4985.189453
766.500000,4964.194336
767.000000,4943.891113
767.500000,4927.843750
768.000000,4916.759766
768.500000,4909.690430
769.000000,4904.388184
769.500000,4898.974121
770.000000,4893.132812
770.500000,4887.929199
771.000000,4885.126953
771.500000,4884.507812
772.000000,4884.523438
772.500000,4882.960938
773.000000,4878.218750
773.500000,4870.659180
774.000000,4862.068359
774.500000,4854.673828
775.000000,4849.707520
775.500000,4847.360840
776.000000,4845.722168
776.500000,4842.925781
777.000000,4838.466309
777.500000,4832.771484
778.000000,4827.362793
778.500000,4823.851074
779.000000,4823.159668
779.500000,4824.947754
780.000000,4828.242676
780.500000,4831.241699
781.000000,4832.267578
781.500000,4831.112793
782.000000,4827.672363
782.500000,4823.099609
783.000000,4818.616699
783.500000,4815.313477
784.000000,4813.674316
784.500000,4813.462891
785.000000,4813.472168
785.500000,4812.318848
786.000000,4809.632812
786.500000,4805.572266
787.000000,4801.441406
787.500000,4798.500977
788.000000,4797.075195
788.500000,4796.333984
789.000000,4794.463379
789.500000,4789.724121
790.000000,4781.570312
790.500000,4772.093750
791.000000,4764.222656
791.500000,4759.997559
792.000000,4761.082031
792.500000,4766.169434
793.000000,4773.578613
793.500000,4781.498535
794.000000,4789.207520
794.500000,4797.148926
795.000000,4805.723633
795.500000,4814.247070
796.000000,4820.955566
796.500000,4822.933105
797.000000,4819.666504
797.500000,4811.513672
798.000000,4801.720703
798.500000,4794.449219
799.000000,4793.521484
799.500000,4799.523926
800.000000,4811.469238
800.500000,4825.616211
801.000000,4838.794434
801.500000,4849.038086
802.000000,4855.011230
802.500000,4857.579590
803.000000,4857.917480
803.500000,4857.753906
804.000000,4858.866211
804.500000,4862.635254
805.000000,4869.077637
805.500000,4877.946289
806.000000,4887.349609
806.500000,4895.131836
807.000000,4899.846191
807.500000,4900.422852
808.000000,4897.761719
808.500000,4893.914551
809.000000,4891.808594
809.500000,4893.510254
810.000000,4900.468750
810.500000,4911.020508
811.000000,4923.051758
811.500000,4933.280762
812.000000,4938.728516
812.500000,4939.231445
813.000000,4936.566895
813.500000,4934.700195
814.000000,4937.645508
814.500000,4947.177734
815.000000,4960.545410
815.500000,4973.505371
816.000000,4981.984863
816.500000,4982.849121
817.000000,4978.043457
817.500000,4970.591309
818.000000,4964.174805
818.500000,4960.683594
819.000000,4959.686523
819.500000,4959.062988
820.000000,4957.690918
820.500000,4956.011230
821.000000,4955.428711
821.500000,4956.651367
822.000000,4959.528809
822.500000,4962.442383
823.000000,4963.590820
823.500000,4962.093262
824.000000,4958.634277
824.500000,4954.855957
825.000000,4952.363281
825.500000,4952.748047
826.000000,4955.996094
826.500000,4962.546875
827.000000,4971.238281
827.500000,4980.506348
828.000000,4988.042480
828.500000,4991.598145
829.000000,4989.628906
829.500000,4983.386230
830.000000,4974.708496
830.500000,4965.978027
831.000000,4958.168945
831.500000,4950.637695
832.000000,4942.011719
832.500000,4931.418457
833.000000,4918.912109
833.500000,4905.630859
834.000000,4893.118652
834.500000,4882.826172
835.000000,4874.850098
835.500000,4869.722656
836.000000,4866.664551
836.500000,4865.416992
837.000000,4864.932617
837.500000,4864.422363
838.000000,4863.747070
838.500000,4863.863281
839.000000,4866.626953
839.500000,4873.054688
840.000000,4883.138672
840.500000,4893.654297
841.000000,4901.208496
841.500000,4904.815918
842.000000,4905.361816
842.500000,4906.092285
843.000000,4909.757324
843.500000,4916.457031
844.000000,4922.919434
844.500000,4924.061035
845.000000,4917.656250
845.500000,4903.481934
846.000000,4887.799805
846.500000,4875.931641
847.000000,4869.851562
847.500000,4868.402832
848.000000,4867.634766
848.500000,4864.132324
849.000000,4857.120605
849.500000,4849.396973
850.000000,4845.175781
850.500000,4846.183594
851.000000,4852.176758
851.500000,4858.825195
852.000000,4862.565918
852.500000,4862.395508
853.000000,4859.738770
853.500000,4857.250000
854.000000,4856.669922
854.500000,4857.682617
855.000000,4857.716797
855.500000,4853.050781
856.000000,4842.992676
856.500000,4827.792480
857.000000,4811.212891
857.500000,4796.714355
858.000000,4786.536133
858.500000,4781.176270
859.000000,4780.453125
859.500000,4782.720703
860.000000,4787.107422
860.500000,4791.920410
861.000000,4795.495117
861.500000,4796.596191
862.000000,4794.226562
862.500000,4789.530273
863.000000,4785.021973
863.500000,4783.500488
864.000000,4786.232422
864.500000,4793.188477
865.000000,4801.351562
865.500000,4807.039062
866.000000,4808.092773
866.500000,4803.060059
867.000000,4793.927734
867.500000,4783.654297
868.000000,4775.644043
868.500000,4771.805664
869.000000,4772.422852
869.500000,4775.152832
870.000000,4777.050293
870.500000,4775.666504
871.000000,4768.962402
871.500000,4758.291992
872.000000,4745.874512
872.500000,4734.614746
873.000000,4726.164062
873.500000,4720.048340
874.000000,4713.669922
874.500000,4704.400391
875.000000,4692.526367
875.500000,4680.237793
876.000000,4670.791992
876.500000,4666.673340
877.000000,4666.517578
877.500000,4666.727051
878.000000,4663.165039
878.500000,4654.176270
879.000000,4641.043457
879.500000,4628.250000
880.000000,4620.455078
880.500000,4617.200684
881.000000,4615.463379
881.500000,4610.657715
882.000000,4599.815430
882.500000,4584.302734
883.000000,4568.592773
883.500000,4557.926758
884.000000,4554.553711
884.500000,4558.796387
885.000000,4566.143555
885.500000,4572.833008
886.000000,4576.940430
886.500000,4578.953125
887.000000,4581.293945
887.500000,4585.688477
888.000000,4592.059082
888.500000,4598.587402
889.000000,4602.890625
889.500000,4603.995605
890.000000,4601.418457
890.500000,4597.241699
891.000000,4593.221680
891.500000,4590.619629
892.000000,4589.776855
892.500000,4589.928223
893.000000,4589.865234
893.500000,4588.542480
894.000000,4585.548828
894.500000,4580.333496
895.000000,4573.323242
895.500000,4564.616211
896.000000,4555.323242
896.500000,4546.889648
897.000000,4540.812500
897.500000,4538.301758
898.000000,4539.492188
898.500000,4542.880859
899.000000,4546.259277
899.500000,4547.399902
900.000000,4544.211914
900.500000,4537.321289
901.000000,4527.008301
901.500000,4515.032227
902.000000,4503.194824
902.500000,4493.579102
903.000000,4488.230957
903.500000,4489.143066
904.000000,4495.790039
904.500000,4507.269531
905.000000,4519.671875
905.500000,4529.274902
906.000000,4534.616699
906.500000,4536.458496
907.000000,4537.835938
907.500000,4541.382324
908.000000,4547.671387
908.500000,4554.648438
909.000000,4559.231445
909.500000,4560.206543
910.000000,4558.063965
910.500000,4556.506348
911.000000,4559.379395
911.500000,4567.470703
912.000000,4578.853516
912.500000,4589.071289
913.000000,4594.236816
913.500000,4593.188477
914.000000,4588.923828
914.500000,4584.970703
915.000000,4583.624512
915.500000,4585.021973
916.000000,4586.339844
916.500000,4584.305176
917.000000,4577.595703
917.500000,4567.428711
918.000000,4557.222168
918.500000,4550.842285
919.000000,4551.750488
919.500000,4559.083008
920.000000,4571.808105
920.500000,4585.938477
921.000000,4599.064453
921.500000,4610.184082
922.000000,4619.393066
922.500000,4627.521484
923.000000,4635.366211
923.500000,4643.258789
924.000000,4651.267090
924.500000,4659.627441
925.000000,4668.704102
925.500000,4679.151367
926.000000,4690.732422
926.500000,4702.455566
927.000000,4712.543457
927.500000,4719.510742
928.000000,4723.174805
928.500000,4725.334473
929.000000,4728.372070
929.500000,4733.750977
930.000000,4741.676758
930.500000,4749.621582
931.000000,4754.120117
931.500000,4753.020996
932.000000,4745.694824
932.500000,4733.943359
933.000000,4721.015137
933.500000,4709.665527
934.000000,4700.812012
934.500000,4694.424316
935.000000,4688.782715
935.500000,4683.125000
936.000000,4677.631348
936.500000,4673.301758
937.000000,4670.937012
937.500000,4670.481445
938.000000,4670.872559
938.500000,4670.339355
939.000000,4667.021484
939.500000,4660.891602
940.000000,4652.324707
940.500000,4643.358887
941.000000,4635.856934
941.500000,4630.688965
942.000000,4627.727051
942.500000,4625.930176
943.000000,4624.112793
943.500000,4621.876465
944.000000,4619.620117
944.500000,4618.099121
945.000000,4617.445312
945.500000,4617.347656
946.000000,4616.946777
946.500000,4615.552734
947.000000,4613.196289
947.500000,4610.527344
948.000000,4608.295898
948.500000,4606.704102
949.000000,4605.364746
949.500000,4603.536621
950.000000,4600.715820
950.500000,4597.495117
951.000000,4595.116699
951.500000,4594.648926
952.000000,4596.561523
952.500000,4600.358398
953.000000,4604.666504
953.500000,4607.969238
954.000000,4609.405273
954.500000,4608.152832
955.000000,4605.157227
955.500000,4601.430664
956.000000,4598.517578
956.500000,4597.779297
957.000000,4599.567383
957.500000,4602.974121
958.000000,4606.177246
958.500000,4607.199707
959.000000,4604.073242
959.500000,4597.683594
960.000000,4588.964844
960.500000,4580.045898
961.000000,4572.467773
961.500000,4566.679199
962.000000,4562.182129
962.500000,4557.777832
963.000000,4552.135742
963.500000,4544.079590
964.000000,4533.985352
964.500000,4522.872070
965.000000,4513.041992
965.500000,4507.315918
966.000000,4506.687012
966.500000,4510.875000
967.000000,4517.369629
967.500000,4522.720703
968.000000,4524.290039
968.500000,4522.305176
969.000000,4517.935059
969.500000,4513.615723
970.000000,4510.592773
970.500000,4508.342773
971.000000,4505.552246
971.500000,4501.311035
972.000000,4495.994629
972.500000,4491.190918
973.000000,4488.458008
973.500000,4488.466797
974.000000,4489.319824
974.500000,4487.644043
975.000000,4481.012207
975.500000,4467.444336
976.000000,4448.994629
976.500000,4429.449707
977.000000,4413.444824
977.500000,4403.640625
978.000000,4400.552246
978.500000,4400.719238
979.000000,4400.269043
979.500000,4396.365723
980.000000,4387.581055
980.500000,4376.003906
981.000000,4364.093262
981.500000,4353.659668
982.000000,4344.607422
982.500000,4335.193848
983.000000,4323.530762
983.500000,4308.579102
984.000000,4292.189941
984.500000,4277.486816
985.000000,4267.008789
985.500000,4262.734375
986.000000,4263.325684
986.500000,4266.371582
987.000000,4269.269043
987.500000,4270.891602
988.000000,4271.826660
988.500000,4273.846680
989.000000,4279.342773
989.500000,4288.570312
990.000000,4301.782715
990.500000,4317.163086
991.000000,4332.858398
991.500000,4346.893555
992.000000,4357.608398
992.500000,4363.746094
993.000000,4365.902832
993.500000,4365.262695
994.000000,4364.992188
994.500000,4368.698730
995.000000,4377.526367
995.500000,4391.486816
996.000000,4407.601074
996.500000,4422.599609
997.000000,4434.656250
997.500000,4444.454590
998.000000,4453.576172
998.500000,4463.208496
999.000000,4472.816406
999.500000,4480.816895
1000.000000,4485.430176
1000.500000,4486.949707
1001.000000,4486.042969
1001.500000,4483.062988
1002.000000,4476.601074
1002.500000,4463.346680
1003.000000,4441.661621
1003.500000,4409.793457
1004.000000,4371.798340
1004.500000,4330.860352
1005.000000,4290.666992
1005.500000,4253.154785
1006.000000,4218.847656
1006.500000,4188.850586
1007.000000,4165.330566
1007.500000,4150.045410
1008.000000,4144.669922
1008.500000,4146.096680
1009.000000,4152.290527
1009.500000,4159.760742
1010.000000,4167.500488
1010.500000,4175.551270
1011.000000,4184.066406
1011.500000,4192.289551
1012.000000,4198.750000
1012.500000,4201.960938
1013.000000,4202.019043
1013.500000,4198.897949
1014.000000,4193.571289
1014.500000,4185.224121
1015.000000,4173.606445
1015.500000,4158.330078
1016.000000,4141.018555
1016.500000,4124.471680
1017.000000,4111.692383
1017.500000,4104.000000
1018.000000,4101.905762
1018.500000,4103.071777
1019.000000,4105.855469
1019.500000,4108.300781
1020.000000,4109.289551
1020.500000,4108.753906
1021.000000,4107.206543
1021.500000,4105.858398
1022.000000,4106.073242
1022.500000,4108.893066
1023.000000,4113.737305
1023.500000,4119.281250
1024.000000,4123.461914
1024.500000,4124.259766
1025.000000,4121.813965
1025.500000,4117.163086
1026.000000,4112.787598
1026.500000,4111.396973
1027.000000,4115.083496
1027.500000,4123.693848
1028.000000,4136.247559
1028.500000,4149.559570
1029.000000,4160.774414
1029.500000,4169.054199
1030.000000,4174.723633
1030.500000,4179.589844
1031.000000,4184.425781
1031.500000,4187.879883
1032.000000,4186.950684
1032.500000,4178.059082
1033.000000,4162.213867
1033.500000,4141.756836
1034.000000,4122.156738
1034.500000,4107.550293
1035.000000,4097.769531
1035.500000,4090.339355
1036.000000,4081.333252
1036.500000,4068.101562
1037.000000,4050.232422
1037.500000,4029.952637
1038.000000,4009.801270
1038.500000,3991.878174
1039.000000,3978.288086
1039.500000,3968.948975
1040.000000,3964.216797
1040.500000,3962.545898
1041.000000,3961.783691
1041.500000,3959.372314
1042.000000,3953.591797
1042.500000,3943.700684
1043.000000,3931.291992
1043.500000,3917.840576
1044.000000,3904.923096
1044.500000,3893.438965
1045.000000,3883.616455
1045.500000,3876.302246
1046.000000,3872.489502
1046.500000,3873.060303
1047.000000,3878.235352
1047.500000,3885.926270
1048.000000,3893.520508
1048.500000,3898.540283
1049.000000,3898.914307
1049.500000,3895.786621
1050.000000,3890.967773
1050.500000,3887.209229
1051.000000,3886.626465
1051.500000,3889.776123
1052.000000,3895.239746
1052.500000,3900.832520
1053.000000,3904.417969
1053.500000,3903.933838
1054.000000,3900.029053
1054.500000,3893.228271
1055.000000,3885.516357
1055.500000,3878.941406
1056.000000,3875.335938
1056.500000,3875.762695
1057.000000,3880.282227
1057.500000,3886.690430
1058.000000,3891.979004
1058.500000,3893.852051
1059.000000,3890.944092
1059.500000,3885.786377
1060.000000,3881.922363
1060.500000,3882.195801
1061.000000,3887.130859
1061.500000,3894.536133
1062.000000,3901.050781
1062.500000,3904.529053
1063.000000,3906.006104
1063.500000,3907.839600
1064.000000,3911.782227
1064.500000,3917.659912
1065.000000,3923.009277
1065.500000,3925.267334
1066.000000,3923.826172
1066.500000,3920.366455
1067.000000,3917.402100
1067.500000,3916.525635
1068.000000,3918.133545
1068.500000,3920.798828
1069.000000,3923.922852
1069.500000,3927.837158
1070.000000,3933.965576
1070.500000,3942.982910
1071.000000,3954.146484
1071.500000,3965.147217
1072.000000,3973.295166
1072.500000,3976.197754
1073.000000,3974.635742
1073.500000,3969.564941
1074.000000,3963.919678
1074.500000,3959.974365
1075.000000,3958.879150
1075.500000,3961.109619
1076.000000,3966.114258
1076.500000,3972.655273
1077.000000,3979.338135
1077.500000,3984.787354
1078.000000,3987.537109
1078.500000,3987.714111
1079.000000,3985.397949
1079.500000,3982.112549
1080.000000,3979.539551
1080.500000,3979.281982
1081.000000,3982.597412
1081.500000,3990.261475
1082.000000,4001.754883
1082.500000,4016.848633
1083.000000,4033.929443
1083.500000,4052.037109
1084.000000,4069.918457
1084.500000,4086.540283
1085.000000,4101.409180
1085.500000,4114.230469
1086.000000,4125.295898
1086.500000,4135.498535
1087.000000,4145.914551
1087.500000,4157.333008
1088.000000,4170.101562
1088.500000,4183.289551
1089.000000,4195.680176
1089.500000,4206.601562
1090.000000,4216.169922
1090.500000,4225.524902
1091.000000,4235.729492
1091.500000,4246.680664
1092.000000,4256.603516
1092.500000,4262.202637
1093.000000,4262.062500
1093.500000,4254.672363
1094.000000,4243.044922
1094.500000,4230.077637
1095.000000,4218.637207
1095.500000,4209.939453
1096.000000,4203.325195
1096.500000,4197.086914
1097.000000,4189.773926
1097.500000,4181.045410
1098.000000,4170.905762
1098.500000,4160.090332
1099.000000,4148.763184
1099.500000,4137.012207
1100.000000,4124.882812
1100.500000,4112.819336
1101.000000,4101.708984
1101.500000,4092.785400
1102.000000,4086.695068
1102.500000,4084.223389
1103.000000,4084.148438
1103.500000,4085.181641
1104.000000,4085.301025
1104.500000,4082.853516
1105.000000,4077.832764
1105.500000,4071.564209
1106.000000,4066.351807
1106.500000,4064.125732
1107.000000,4065.990479
1107.500000,4070.428223
1108.000000,4075.512939
1108.500000,4079.085693
1109.000000,4079.713379
1109.500000,4077.918701
1110.000000,4074.732178
1110.500000,4071.461670
1111.000000,4068.920654
1111.500000,4067.352539
1112.000000,4066.464355
1112.500000,4066.129883
1113.000000,4066.181396
1113.500000,4066.746582
1114.000000,4067.767090
1114.500000,4069.208984
1115.000000,4070.903809
1115.500000,4072.662109
1116.000000,4074.156982
1116.500000,4074.826660
1117.000000,4073.619385
1117.500000,4070.187988
1118.000000,4064.371094
1118.500000,4058.274170
1119.000000,4055.196045
1119.500000,4057.727539
1120.000000,4067.277832
1120.500000,4081.746582
1121.000000,4096.457520
1121.500000,4106.354980
1122.000000,4109.709961
1122.500000,4106.937500
1123.000000,4103.076660
1123.500000,4102.586426
1124.000000,4106.360352
1124.500000,4112.122070
1125.000000,4115.100098
1125.500000,4111.493652
1126.000000,4101.105957
1126.500000,4088.627930
1127.000000,4080.804688
1127.500000,4081.542236
1128.000000,4093.302734
1128.500000,4110.303711
1129.000000,4126.255859
1129.500000,4136.049805
1130.000000,4138.124512
1130.500000,4135.708008
1131.000000,4134.195801
1131.500000,4137.735840
1132.000000,4145.844727
1132.500000,4155.523438
1133.000000,4162.469727
1133.500000,4163.897949
1134.000000,4161.645020
1134.500000,4158.854980
1135.000000,4158.358398
1135.500000,4160.690430
1136.000000,4164.355469
1136.500000,4167.388672
1137.000000,4169.113281
1137.500000,4170.670410
1138.000000,4173.707520
1138.500000,4178.650879
1139.000000,4185.500977
1139.500000,4193.754395
1140.000000,4203.695801
1140.500000,4215.689453
1141.000000,4228.931641
1141.500000,4241.001465
1142.000000,4249.299805
1142.500000,4251.505371
1143.000000,4250.323242
1143.500000,4249.676758
1144.000000,4253.103027
1144.500000,4261.587891
1145.000000,4272.116211
1145.500000,4280.427246
1146.000000,4283.805664
1146.500000,4283.416992
1147.000000,4281.960449
1147.500000,4282.097656
1148.000000,4284.543945
1148.500000,4287.384277
1149.000000,4288.524414
1149.500000,4287.229980
1150.000000,4283.858887
1150.500000,4279.198242
1151.000000,4273.769531
1151.500000,4267.836426
1152.000000,4262.375488
1152.500000,4259.720215
1153.000000,4261.013672
1153.500000,4266.875977
1154.000000,4274.375488
1154.500000,4279.363281
1155.000000,4278.457520
1155.500000,4270.715820
1156.000000,4257.429688
1156.500000,4242.253906
1157.000000,4228.414551
1157.500000,4217.727539
1158.000000,4211.875000
1158.500000,4210.010254
1159.000000,4211.443848
1159.500000,4214.127441
1160.000000,4216.077148
1160.500000,4216.219238
1161.000000,4215.232422
1161.500000,4214.974121
1162.000000,4216.895996
1162.500000,4221.490234
1163.000000,4226.480957
1163.500000,4229.064941
1164.000000,4227.940918
1164.500000,4223.388672
1165.000000,4217.562012
1165.500000,4212.689453
1166.000000,4209.857422
1166.500000,4208.397949
1167.000000,4207.283691
1167.500000,4205.753906
1168.000000,4204.019043
1168.500000,4203.085938
1169.000000,4204.411621
1169.500000,4208.787598
1170.000000,4216.403809
1170.500000,4226.432129
1171.000000,4236.868164
1171.500000,4245.309570
1172.000000,4250.540039
1172.500000,4251.724609
1173.000000,4250.894043
1173.500000,4249.786621
1174.000000,4249.476562
1174.500000,4249.440430
1175.000000,4248.075684
1175.500000,4244.240723
1176.000000,4238.231445
1176.500000,4232.367676
1177.000000,4229.812012
1177.500000,4231.573242
1178.000000,4237.961426
1178.500000,4246.200195
1179.000000,4253.436035
1179.500000,4257.649902
1180.000000,4258.398926
1180.500000,4256.899902
1181.000000,4255.646973
1181.500000,4257.315918
1182.000000,4262.750488
1182.500000,4272.441895
1183.000000,4284.034180
1183.500000,4295.417480
1184.000000,4305.131348
1184.500000,4313.074219
1185.000000,4320.452637
1185.500000,4328.590820
1186.000000,4337.884766
1186.500000,4347.367188
1187.000000,4355.757812
1187.500000,4363.184082
1188.000000,4371.422363
1188.500000,4382.840820
1189.000000,4399.188965
1189.500000,4418.807617
1190.000000,4437.509277
1190.500000,4450.541016
1191.000000,4456.471191
1191.500000,4456.636719
1192.000000,4456.708984
1192.500000,4462.078125
1193.000000,4473.102539
1193.500000,4487.078613
1194.000000,4498.578613
1194.500000,4503.598145
1195.000000,4502.235840
1195.500000,4498.316406
1196.000000,4495.935059
1196.500000,4496.583984
1197.000000,4499.367188
1197.500000,4501.462402
1198.000000,4501.178711
1198.500000,4499.177246
1199.000000,4496.261230
1199.500000,4491.849121
1200.000000,4483.160156
1200.500000,4466.550781
1201.000000,4441.866211
1201.500000,4410.997070
1202.000000,4380.090820
1202.500000,4354.993164
1203.000000,4336.990234
1203.500000,4325.723633
1204.000000,4317.838867
1204.500000,4310.899902
1205.000000,4303.923340
1205.500000,4296.931641
1206.000000,4289.926758
1206.500000,4282.558105
1207.000000,4274.558594
1207.500000,4266.801270
1208.000000,4261.281738
1208.500000,4259.336914
1209.000000,4261.538574
1209.500000,4266.437012
1210.000000,4271.851562
1210.500000,4276.223633
1211.000000,4279.477539
1211.500000,4282.364258
1212.000000,4285.677734
1212.500000,4289.228027
1213.000000,4291.771973
1213.500000,4291.363770
1214.000000,4286.962402
1214.500000,4278.250000
1215.000000,4266.116211
1215.500000,4252.764160
1216.000000,4240.886719
1216.500000,4232.515625
1217.000000,4229.842773
1217.500000,4231.093262
1218.000000,4233.930176
1218.500000,4234.819336
1219.000000,4231.114258
1219.500000,4222.812500
1220.000000,4212.304199
1220.500000,4202.628906
1221.000000,4195.762207
1221.500000,4192.720215
1222.000000,4192.072754
1222.500000,4193.019531
1223.000000,4194.492188
1223.500000,4195.809570
1224.000000,4196.143066
1224.500000,4194.562012
1225.000000,4190.670410
1225.500000,4185.374512
1226.000000,4180.143066
1226.500000,4176.082520
1227.000000,4173.265625
1227.500000,4170.228027
1228.000000,4165.523438
1228.500000,4159.197266
1229.000000,4152.422852
1229.500000,4146.605957
1230.000000,4142.006836
1230.500000,4137.689453
1231.000000,4132.599121
1231.500000,4126.884277
1232.000000,4122.213379
1232.500000,4120.656250
1233.000000,4121.775391
1233.500000,4123.512207
1234.000000,4123.175781
1234.500000,4119.943359
1235.000000,4115.979980
1235.500000,4115.148438
1236.000000,4121.022461
1236.500000,4132.164551
1237.000000,4145.327148
1237.500000,4155.697266
1238.000000,4160.043457
1238.500000,4159.551270
1239.000000,4157.197754
1239.500000,4156.068848
1240.000000,4157.029297
1240.500000,4158.566406
1241.000000,4158.264160
1241.500000,4154.197754
1242.000000,4147.817383
1242.500000,4141.655273
1243.000000,4138.421387
1243.500000,4139.859863
1244.000000,4145.184570
1244.500000,4152.404297
1245.000000,4159.601562
1245.500000,4165.913574
1246.000000,4171.625977
1246.500000,4177.726074
1247.000000,4185.094727
1247.500000,4193.515625
1248.000000,4202.300293
1248.500000,4210.185547
1249.000000,4215.590332
1249.500000,4217.150391
1250.000000,4214.544434
1250.500000,4208.264160
1251.000000,4200.960449
1251.500000,4195.773926
1252.000000,4194.209961
1252.500000,4196.736816
1253.000000,4200.903320
1253.500000,4204.163086
1254.000000,4205.089844
1254.500000,4203.828613
1255.000000,4201.000488
1255.500000,4196.716797
1256.000000,4189.245117
1256.500000,4177.832520
1257.000000,4162.306152
1257.500000,4146.003906
1258.000000,4132.904297
1258.500000,4125.115723
1259.000000,4122.220215
1259.500000,4121.411133
1260.000000,4119.717773
1260.500000,4116.100586
1261.000000,4112.020996
1261.500000,4109.612793
1262.000000,4109.130859
1262.500000,4109.316406
1263.000000,4108.017578
1263.500000,4104.209473
1264.000000,4099.300293
1264.500000,4096.076172
1265.000000,4096.893555
1265.500000,4101.279297
1266.000000,4107.337891
1266.500000,4112.181152
1267.000000,4113.978027
1267.500000,4113.702148
1268.000000,4113.094727
1268.500000,4113.892578
1269.000000,4116.859863
1269.500000,4121.808105
1270.000000,4128.012207
1270.500000,4134.993652
1271.000000,4141.925293
1271.500000,4147.387207
1272.000000,4150.344727
1272.500000,4149.555664
1273.000000,4145.854004
1273.500000,4140.687988
1274.000000,4135.801270
1274.500000,4132.069824
1275.000000,4129.331055
1275.500000,4126.706055
1276.000000,4123.540039
1276.500000,4119.835449
1277.000000,4115.667480
1277.500000,4111.119629
1278.000000,4105.986328
1278.500000,4100.338379
1279.000000,4094.733154
1279.500000,4090.133545
1280.000000,4087.265381
1280.500000,4086.654297
1281.000000,4087.591553
1281.500000,4089.433594
1282.000000,4091.068848
1282.500000,4091.605225
1283.000000,4090.978516
1283.500000,4090.123291
1284.000000,4090.942871
1284.500000,4095.173096
1285.000000,4103.392578
1285.500000,4113.198242
1286.000000,4120.795898
1286.500000,4123.846680
1287.000000,4121.524414
1287.500000,4117.374512
1288.000000,4115.443359
1288.500000,4117.982910
1289.000000,4124.595215
1289.500000,4133.395996
1290.000000,4142.917480
1290.500000,4153.944336
1291.000000,4167.482422
1291.500000,4183.649902
1292.000000,4199.000488
1292.500000,4208.357910
1293.000000,4209.356934
1293.500000,4202.839844
1294.000000,4193.539551
1294.500000,4186.582520
1295.000000,4183.902344
1295.500000,4182.598633
1296.000000,4177.791504
1296.500000,4167.190430
1297.000000,4150.123047
1297.500000,4130.193359
1298.000000,4110.559570
1298.500000,4092.945312
1299.000000,4077.472412
1299.500000,4064.041016
1300.000000,4053.021973
1300.500000,4046.216064
1301.000000,4043.489502
1301.500000,4044.094727
1302.000000,4044.546387
1302.500000,4041.530518
1303.000000,4034.300537
1303.500000,4024.596680
1304.000000,4015.987061
1304.500000,4011.389160
1305.000000,4012.067383
1305.500000,4015.803955
1306.000000,4020.592529
1306.500000,4025.004150
1307.000000,4029.252441
1307.500000,4034.090576
1308.000000,4039.444580
1308.500000,4043.750488
1309.000000,4044.716064
1309.500000,4040.586182
1310.000000,4032.374756
1310.500000,4022.307617
1311.000000,4013.923096
1311.500000,4010.741211
1312.000000,4013.163330
1312.500000,4021.507568
1313.000000,4033.926270
1313.500000,4048.419189
1314.000000,4062.573730
1314.500000,4073.937012
1315.000000,4079.891846
1315.500000,4080.751953
1316.000000,4077.190186
1316.500000,4072.960205
1317.000000,4071.359131
1317.500000,4073.614014
1318.000000,4079.078857
1318.500000,4085.064941
1319.000000,4088.770508
1319.500000,4088.465576
1320.000000,4084.762939
1320.500000,4078.448486
1321.000000,4071.130127
1321.500000,4063.191162
1322.000000,4054.656494
1322.500000,4045.199219
1323.000000,4034.929443
1323.500000,4024.397217
1324.000000,4014.612305
1324.500000,4006.642090
1325.000000,4001.549805
1325.500000,3998.875488
1326.000000,3997.961670
1326.500000,3996.961670
1327.000000,3994.446289
1327.500000,3990.262695
1328.000000,3985.074707
1328.500000,3979.881348
1329.000000,3974.939941
1329.500000,3969.406494
1330.000000,3962.164307
1330.500000,3952.166504
1331.000000,3940.408691
1331.500000,3928.237793
1332.000000,3917.179199
1332.500000,3908.167236
1333.000000,3900.984375
1333.500000,3894.936523
1334.000000,3889.221436
1334.500000,3883.098145
1335.000000,3875.906738
1335.500000,3867.654297
1336.000000,3858.586670
1336.500000,3849.600830
1337.000000,3841.367920
1337.500000,3833.821533
1338.000000,3826.584229
1338.500000,3819.708496
1339.000000,3814.357666
1339.500000,3812.704346
1340.000000,3815.274902
1340.500000,3821.191650
1341.000000,3826.165771
1341.500000,3824.995605
1342.000000,3816.935303
1342.500000,3804.074463
1343.000000,3791.753418
1343.500000,3784.472412
1344.000000,3783.309814
1344.500000,3784.773926
1345.000000,3784.024658
1345.500000,3778.382080
1346.000000,3767.097900
1346.500000,3753.952393
1347.000000,3742.474121
1347.500000,3734.398682
1348.000000,3729.320557
1348.500000,3725.037354
1349.000000,3719.206543
1349.500000,3710.333740
1350.000000,3699.152832
1350.500000,3686.889648
1351.000000,3675.423828
1351.500000,3666.416992
1352.000000,3660.070557
1352.500000,3656.084717
1353.000000,3653.072510
1353.500000,3649.400146
1354.000000,3643.713379
1354.500000,3635.823730
1355.000000,3626.170166
1355.500000,3616.393555
1356.000000,3608.107666
1356.500000,3601.660156
1357.000000,3596.596924
1357.500000,3591.391357
1358.000000,3584.886475
1358.500000,3577.065674
1359.000000,3568.921875
1359.500000,3561.421631
1360.000000,3554.566162
1360.500000,3547.644775
1361.000000,3540.176758
1361.500000,3532.902832
1362.000000,3527.532471
1362.500000,3525.806152
1363.000000,3527.378906
1363.500000,3529.971924
1364.000000,3530.780518
1364.500000,3528.694580
1365.000000,3524.616699
1365.500000,3521.152100
1366.000000,3520.095459
1366.500000,3520.554688
1367.000000,3520.330078
1367.500000,3517.256836
1368.000000,3510.327393
1368.500000,3500.203857
1369.000000,3488.789795
1369.500000,3478.080078
1370.000000,3469.688965
1370.500000,3465.981201
1371.000000,3466.841309
1371.500000,3472.189209
1372.000000,3478.786133
1372.500000,3482.549072
1373.000000,3480.675781
1373.500000,3473.306641
1374.000000,3463.306885
1374.500000,3455.126221
1375.000000,3452.419678
1375.500000,3454.322021
1376.000000,3459.108887
1376.500000,3464.004150
1377.000000,3468.340332
1377.500000,3473.082764
1378.000000,3478.981689
1378.500000,3484.870605
1379.000000,3488.230469
1379.500000,3487.309082
1380.000000,3484.323730
1380.500000,3483.574463
1381.000000,3487.787354
1381.500000,3497.328369
1382.000000,3508.151367
1382.500000,3516.304199
1383.000000,3520.809814
1383.500000,3523.925537
1384.000000,3528.238037
1384.500000,3533.617676
1385.000000,3536.791748
1385.500000,3535.134033
1386.000000,3528.060547
1386.500000,3519.406006
1387.000000,3512.331543
1387.500000,3507.069824
1388.000000,3501.139893
1388.500000,3492.023682
1389.000000,3480.164795
1389.500000,3468.241455
1390.000000,3458.807129
1390.500000,3452.467041
1391.000000,3446.366455
1391.500000,3437.583252
1392.000000,3425.592285
1392.500000,3411.988525
1393.000000,3399.030762
1393.500000,3388.018311
1394.000000,3379.330078
1394.500000,3372.329590
1395.000000,3366.750488
1395.500000,3361.620117
1396.000000,3356.024414
1396.500000,3349.656738
1397.000000,3343.348877
1397.500000,3338.760986
1398.000000,3337.015137
1398.500000,3337.329102
1399.000000,3337.208496
1399.500000,3334.628174
1400.000000,3330.228760
1400.500000,3326.103516
1401.000000,3324.184814
1401.500000,3325.059326
1402.000000,3327.096680
1402.500000,3328.604736
1403.000000,3328.996582
1403.500000,3328.885986
1404.000000,3329.018311
1404.500000,3329.557373
1405.000000,3330.560059
1405.500000,3332.399170
1406.000000,3336.229980
1406.500000,3342.077881
1407.000000,3348.840820
1407.500000,3354.289307
1408.000000,3356.696045
1408.500000,3355.926514
1409.000000,3353.852051
1409.500000,3352.336670
1410.000000,3352.020752
1410.500000,3352.427734
1411.000000,3352.429688
1411.500000,3351.404785
1412.000000,3349.263184
1412.500000,3345.437256
1413.000000,3338.742676
1413.500000,3328.218750
1414.000000,3313.379395
1414.500000,3296.270996
1415.000000,3279.401367
1415.500000,3264.808105
1416.000000,3253.494873
1416.500000,3244.033447
1417.000000,3234.809326
1417.500000,3225.031494
1418.000000,3215.122559
1418.500000,3206.049805
1419.000000,3198.110352
1419.500000,3190.814941
1420.000000,3183.173584
1420.500000,3175.113525
1421.000000,3168.056396
1421.500000,3164.361328
1422.000000,3164.617920
1422.500000,3166.698486
1423.000000,3166.513428
1423.500000,3161.084229
1424.000000,3150.011475
1424.500000,3137.597656
1425.000000,3129.311035
1425.500000,3126.840820
1426.000000,3129.088623
1426.500000,3130.852783
1427.000000,3127.516357
1427.500000,3118.245361
1428.000000,3106.310791
1428.500000,3095.905273
1429.000000,3088.916260
1429.500000,3085.158203
1430.000000,3082.219482
1430.500000,3079.028809
1431.000000,3076.043945
1431.500000,3074.384277
1432.000000,3073.990967
1432.500000,3073.375732
1433.000000,3070.662109
1433.500000,3065.717529
1434.000000,3060.127930
1434.500000,3055.992920
1435.000000,3054.447021
1435.500000,3053.805908
1436.000000,3051.905273
1436.500000,3047.997559
1437.000000,3043.634766
1437.500000,3042.102295
1438.000000,3046.046387
1438.500000,3056.188965
1439.000000,3069.020264
1439.500000,3080.495605
1440.000000,3087.992676
1440.500000,3089.715088
1441.000000,3087.221924
1441.500000,3081.787354
1442.000000,3075.249512
1442.500000,3069.232422
1443.000000,3065.257080
1443.500000,3064.088867
1444.000000,3065.762695
1444.500000,3068.132080
1445.000000,3068.762939
1445.500000,3066.755615
1446.000000,3062.526611
1446.500000,3058.398926
1447.000000,3056.466064
1447.500000,3056.973389
1448.000000,3057.955078
1448.500000,3056.367432
1449.000000,3050.550049
1449.500000,3040.215820
1450.000000,3028.488281
1450.500000,3018.600098
1451.000000,3012.536621
1451.500000,3011.079102
1452.000000,3012.533936
1452.500000,3014.311768
1453.000000,3014.114990
1453.500000,3011.323730
1454.000000,3006.573975
1454.500000,3002.021973
1455.000000,2999.482666
1455.500000,2999.033203
1456.000000,3000.221191
1456.500000,3001.774414
1457.000000,3002.709961
1457.500000,3002.659668
1458.000000,3002.037354
1458.500000,3001.855469
1459.000000,3003.190430
1459.500000,3006.747314
1460.000000,3011.040771
1460.500000,3013.534424
1461.000000,3012.344971
1461.500000,3007.030518
1462.000000,3000.189453
1462.500000,2995.627686
1463.000000,2996.206055
1463.500000,3001.380859
1464.000000,3009.393066
1464.500000,3017.576416
1465.000000,3025.560791
1465.500000,3034.186035
1466.000000,3043.968750
1466.500000,3053.770752
1467.000000,3061.472412
1467.500000,3065.555664
1468.000000,3066.427246
1468.500000,3065.446533
1469.000000,3064.569580
1469.500000,3064.829834
1470.000000,3065.933350
1470.500000,3067.269287
1471.000000,3067.944336
1471.500000,3067.217041
1472.000000,3065.329102
1472.500000,3063.782471
1473.000000,3064.832031
1473.500000,3069.291504
1474.000000,3075.514160
1474.500000,3079.420898
1475.000000,3076.743408
1475.500000,3068.414062
1476.000000,3057.807617
1476.500000,3049.975830
1477.000000,3047.861816
1477.500000,3050.726074
1478.000000,3055.227051
1478.500000,3058.924316
1479.000000,3061.818359
1479.500000,3065.168701
1480.000000,3069.490967
1480.500000,3073.958496
1481.000000,3076.924561
1481.500000,3076.907959
1482.000000,3073.625732
1482.500000,3067.716553
1483.000000,3060.336914
1483.500000,3053.558105
1484.000000,3049.896729
1484.500000,3050.023926
1485.000000,3053.798828
1485.500000,3058.093262
1486.000000,3059.593994
1486.500000,3056.953613
1487.000000,3051.272705
1487.500000,3045.553467
1488.000000,3042.431152
1488.500000,3043.104980
1489.000000,3046.142578
1489.500000,3049.919678
1490.000000,3052.490234
1490.500000,3052.183350
1491.000000,3048.867188
1491.500000,3043.241699
1492.000000,3037.247803
1492.500000,3032.819092
1493.000000,3030.899902
1493.500000,3030.787109
1494.000000,3031.887207
1494.500000,3033.653076
1495.000000,3036.517334
1495.500000,3040.496826
1496.000000,3045.300049
1496.500000,3050.421143
1497.000000,3056.212646
1497.500000,3063.793213
1498.000000,3073.523926
1498.500000,3084.519043
1499.000000,3094.588867
1499.500000,3102.064697
1500.000000,3108.323486
1500.500000,3116.283936
1501.000000,3127.760742
1501.500000,3141.892822
1502.000000,3155.697021
1502.500000,3166.800293
1503.000000,3175.094971
1503.500000,3183.065918
1504.000000,3193.202881
1504.500000,3205.303467
1505.000000,3216.932129
1505.500000,3224.885254
1506.000000,3226.547363
1506.500000,3222.389893
1507.000000,3215.341064
1507.500000,3210.179932
1508.000000,3211.233398
1508.500000,3221.626221
1509.000000,3237.770508
1509.500000,3253.803467
1510.000000,3264.471191
1510.500000,3267.800293
1511.000000,3267.409912
1511.500000,3267.627930
1512.000000,3270.362549
1512.500000,3273.952148
1513.000000,3275.598389
1513.500000,3274.954834
1514.000000,3274.212646
1514.500000,3275.442139
1515.000000,3278.444092
1515.500000,3280.569336
1516.000000,3279.692383
1516.500000,3276.506592
1517.000000,3273.430176
1517.500000,3271.932129
1518.000000,3270.487549
1518.500000,3266.084473
1519.000000,3258.143555
1519.500000,3247.873779
1520.000000,3238.424316
1520.500000,3231.714600
1521.000000,3227.104980
1521.500000,3222.998535
1522.000000,3218.382812
1522.500000,3213.521240
1523.000000,3209.091797
1523.500000,3205.388184
1524.000000,3202.911133
1524.500000,3202.037842
1525.000000,3203.974609
1525.500000,3208.582275
1526.000000,3214.653564
1526.500000,3220.016113
1527.000000,3223.018555
1527.500000,3222.930908
1528.000000,3220.526367
1528.500000,3216.672852
1529.000000,3213.144287
1529.500000,3212.398438
1530.000000,3215.596191
1530.500000,3222.925781
1531.000000,3232.158691
1531.500000,3240.810303
1532.000000,3247.762451
1532.500000,3253.980225
1533.000000,3261.042725
1533.500000,3269.158447
1534.000000,3276.903564
1534.500000,3283.190430
1535.000000,3288.273193
1535.500000,3293.402832
1536.000000,3298.168213
1536.500000,3299.773438
1537.000000,3295.160156
1537.500000,3283.973877
1538.000000,3271.909180
1538.500000,3265.998779
1539.000000,3267.683350
1539.500000,3274.894287
1540.000000,3281.226562
1540.500000,3282.532959
1541.000000,3279.555908
1541.500000,3275.282471
1542.000000,3271.129150
1542.500000,3265.542236
1543.000000,3255.824707
1543.500000,3242.437500
1544.000000,3227.405762
1544.500000,3213.635498
1545.000000,3202.205078
1545.500000,3192.139160
1546.000000,3183.355713
1546.500000,3177.364990
1547.000000,3175.596436
1547.500000,3177.701172
1548.000000,3180.278809
1548.500000,3179.631104
1549.000000,3175.400879
1549.500000,3169.505615
1550.000000,3164.757812
1550.500000,3162.303711
1551.000000,3161.555664
1551.500000,3162.117188
1552.000000,3164.526367
1552.500000,3168.935059
1553.000000,3173.989014
1553.500000,3177.098633
1554.000000,3176.530762
1554.500000,3174.594971
1555.000000,3174.878174
1555.500000,3179.023193
1556.000000,3185.102783
1556.500000,3188.315674
1557.000000,3185.819580
1557.500000,3178.671143
1558.000000,3171.497559
1558.500000,3168.390869
1559.000000,3169.098145
1559.500000,3171.828125
1560.000000,3173.832275
1560.500000,3173.809814
1561.000000,3171.623779
1561.500000,3166.736572
1562.000000,3158.364258
1562.500000,3147.443115
1563.000000,3136.491699
1563.500000,3128.577637
1564.000000,3125.728027
1564.500000,3124.964355
1565.000000,3122.944092
1565.500000,3118.051270
1566.000000,3111.362793
1566.500000,3105.483887
1567.000000,3101.790771
1567.500000,3099.365479
1568.000000,3095.913574
1568.500000,3090.426514
1569.000000,3084.699707
1569.500000,3081.504883
1570.000000,3082.036133
1570.500000,3085.967773
1571.000000,3090.889893
1571.500000,3094.092041
1572.000000,3093.734863
1572.500000,3089.849609
1573.000000,3083.155273
1573.500000,3076.371582
1574.000000,3072.657959
1574.500000,3073.035400
1575.000000,3076.077393
1575.500000,3077.576660
1576.000000,3073.708496
1576.500000,3063.869873
1577.000000,3051.722168
1577.500000,3042.438721
1578.000000,3038.672852
1578.500000,3039.611572
1579.000000,3040.244141
1579.500000,3036.901611
1580.000000,3029.842529
1580.500000,3021.512207
1581.000000,3014.722656
1581.500000,3010.371582
1582.000000,3007.422852
1582.500000,3004.861328
1583.000000,3003.427002
1583.500000,3004.081055
1584.000000,3007.318604
1584.500000,3011.021484
1585.000000,3012.288818
1585.500000,3010.379150
1586.000000,3006.944336
1586.500000,3004.803223
1587.000000,3005.448242
1587.500000,3008.285889
1588.000000,3010.685547
1588.500000,3009.904297
1589.000000,3006.420410
1589.500000,3001.194824
1590.000000,2995.748047
1590.500000,2990.715576
1591.000000,2986.151855
1591.500000,2982.153320
1592.000000,2979.028320
1592.500000,2976.324463
1593.000000,2972.527100
1593.500000,2966.162354
1594.000000,2956.045410
1594.500000,2944.227295
1595.000000,2934.459717
1595.500000,2930.051514
1596.000000,2931.504150
1596.500000,2936.186035
1597.000000,2939.642578
1597.500000,2938.337891
1598.000000,2933.079590
1598.500000,2927.068848
1599.000000,2924.361572
1599.500000,2926.592773
1600.000000,2930.733154
1600.500000,2931.926758
1601.000000,2926.676758
1601.500000,2915.674072
1602.000000,2903.392090
1602.500000,2894.993652
1603.000000,2893.029053
1603.500000,2893.754883
1604.000000,2891.900635
1604.500000,2884.174561
1605.000000,2870.165771
1605.500000,2854.080078
1606.000000,2839.908203
1606.500000,2829.289795
1607.000000,2821.191895
1607.500000,2814.422607
1608.000000,2808.078613
1608.500000,2801.972656
1609.000000,2795.129883
1609.500000,2785.392822
1610.000000,2771.658203
1610.500000,2754.516357
1611.000000,2736.975342
1611.500000,2722.629883
1612.000000,2712.973145
1612.500000,2705.496826
1613.000000,2696.609863
1613.500000,2684.135986
1614.000000,2667.530762
1614.500000,2649.571533
1615.000000,2633.256348
1615.500000,2619.760742
1616.000000,2608.191895
1616.500000,2596.729980
1617.000000,2584.323486
1617.500000,2571.914307
1618.000000,2562.002686
1618.500000,2557.279053
1619.000000,2556.159668
1619.500000,2555.359131
1620.000000,2550.930664
1620.500000,2540.965088
1621.000000,2527.245605
1621.500000,2513.935303
1622.000000,2503.786377
1622.500000,2495.879883
1623.000000,2487.787109
1623.500000,2477.842285
1624.000000,2466.762451
1624.500000,2457.517578
1625.000000,2452.263672
1625.500000,2450.086182
1626.000000,2448.072266
1626.500000,2443.518799
1627.000000,2436.312256
1627.500000,2428.427734
1628.000000,2422.413330
1628.500000,2419.231201
1629.000000,2416.815430
1629.500000,2412.268799
1630.000000,2403.782471
1630.500000,2391.138428
1631.000000,2376.461670
1631.500000,2362.402832
1632.000000,2351.215820
1632.500000,2343.425781
1633.000000,2339.646240
1633.500000,2337.991211
1634.000000,2336.364746
1634.500000,2332.621094
1635.000000,2325.373047
1635.500000,2315.168457
1636.000000,2303.966309
1636.500000,2293.982178
1637.000000,2285.943115
1637.500000,2279.095947
1638.000000,2271.677979
1638.500000,2262.324219
1639.000000,2251.352539
1639.500000,2239.518555
1640.000000,2227.745117
1640.500000,2216.368896
1641.000000,2205.566895
1641.500000,2195.762695
1642.000000,2187.825439
1642.500000,2181.642090
1643.000000,2176.120605
1643.500000,2169.249512
1644.000000,2159.463135
1644.500000,2147.497314
1645.000000,2135.283447
1645.500000,2124.904785
1646.000000,2116.681152
1646.500000,2109.254883
1647.000000,2100.993896
1647.500000,2091.155273
1648.000000,2080.542480
1648.500000,2069.634277
1649.000000,2058.197998
1649.500000,2045.652222
1650.000000,2032.693115
1650.500000,2021.462280
1651.000000,2014.203491
1651.500000,2010.792114
1652.000000,2008.544678
1652.500000,2004.230713
1653.000000,1996.309570
1653.500000,1987.143188
1654.000000,1979.627075
1654.500000,1974.721191
1655.000000,1970.340088
1655.500000,1963.305298
1656.000000,1952.240112
1656.500000,1938.171753
1657.000000,1924.264038
1657.500000,1913.492432
1658.000000,1905.449341
1658.500000,1899.286865
1659.000000,1893.789917
1659.500000,1889.314453
1660.000000,1886.882446
1660.500000,1886.717163
1661.000000,1886.760864
1661.500000,1883.651978
1662.000000,1873.820923
1662.500000,1858.281372
1663.000000,1840.035767
1663.500000,1824.883057
1664.000000,1816.846558
1664.500000,1814.708740
1665.000000,1814.666626
1665.500000,1812.365112
1666.000000,1806.132446
1666.500000,1798.225952
1667.000000,1792.439575
1667.500000,1791.541992
1668.000000,1793.586670
1668.500000,1795.198120
1669.000000,1793.358032
1669.500000,1788.018921
1670.000000,1782.059082
1670.500000,1778.363403
1671.000000,1777.714722
1671.500000,1777.935547
1672.000000,1775.953857
1672.500000,1771.078979
1673.000000,1763.875000
1673.500000,1756.383911
1674.000000,1749.707642
1674.500000,1743.978027
1675.000000,1739.138794
1675.500000,1735.213501
1676.000000,1731.723999
1676.500000,1727.347168
1677.000000,1720.956421
1677.500000,1712.427612
1678.000000,1704.267090
1678.500000,1698.685669
1679.000000,1695.261475
1679.500000,1691.737671
1680.000000,1685.905396
1680.500000,1678.417603
1681.000000,1672.137451
1681.500000,1668.843994
1682.000000,1667.966797
1682.500000,1666.254639
1683.000000,1660.935913
1683.500000,1653.520996
1684.000000,1646.728760
1684.500000,1642.528564
1685.000000,1640.865845
1685.500000,1640.082520
1686.000000,1638.581177
1686.500000,1635.819946
1687.000000,1632.135376
1687.500000,1627.575928
1688.000000,1622.616455
1688.500000,1617.952148
1689.000000,1614.199707
1689.500000,1611.538696
1690.000000,1609.575439
1690.500000,1608.058716
1691.000000,1607.377930
1691.500000,1607.692505
1692.000000,1608.345337
1692.500000,1607.818481
1693.000000,1604.474731
1693.500000,1598.853027
1694.000000,1592.426025
1694.500000,1586.714722
1695.000000,1582.006958
1695.500000,1577.831299
1696.000000,1573.920898
1696.500000,1570.800659
1697.000000,1568.527222
1697.500000,1566.364868
1698.000000,1563.142334
1698.500000,1558.350708
1699.000000,1553.335815
1699.500000,1550.053467
1700.000000,1549.190674
1700.500000,1549.866089
1701.000000,1550.768799
1701.500000,1551.118774
1702.000000,1550.728271
1702.500000,1549.478638
1703.000000,1546.226074
1703.500000,1540.804199
1704.000000,1534.153442
1704.500000,1528.740967
1705.000000,1526.130859
1705.500000,1525.642212
1706.000000,1525.030518
1706.500000,1522.739624
1707.000000,1519.544189
1707.500000,1517.034424
1708.000000,1515.156616
1708.500000,1512.078125
1709.000000,1506.395752
1709.500000,1498.974976
1710.000000,1493.370605
1710.500000,1492.186523
1711.000000,1495.294067
1711.500000,1499.124878
1712.000000,1499.738892
1712.500000,1496.385010
1713.000000,1490.040649
1713.500000,1483.024658
1714.000000,1476.716553
1714.500000,1471.690186
1715.000000,1468.027100
1715.500000,1465.161255
1716.000000,1461.866333
1716.500000,1456.673462
1717.000000,1449.582031
1717.500000,1441.801514
1718.000000,1435.555908
1718.500000,1432.359619
1719.000000,1431.643311
1719.500000,1432.016602
1720.000000,1431.778931
1720.500000,1429.868530
1721.000000,1425.707275
1721.500000,1419.774170
1722.000000,1412.494507
1722.500000,1404.890747
1723.000000,1397.255493
1723.500000,1389.419678
1724.000000,1381.497803
1724.500000,1374.552612
1725.000000,1370.401733
1725.500000,1369.666138
1726.000000,1370.497559
1726.500000,1370.211304
1727.000000,1367.376465
1727.500000,1362.278564
1728.000000,1357.753662
1728.500000,1355.923828
1729.000000,1356.566162
1729.500000,1357.953735
1730.000000,1357.727783
1730.500000,1354.690308
1731.000000,1348.997559
1731.500000,1342.508301
1732.000000,1337.317627
1732.500000,1334.339111
1733.000000,1333.028687
1733.500000,1331.341553
1734.000000,1327.897339
1734.500000,1323.183960
1735.000000,1319.193481
1735.500000,1317.525635
1736.000000,1317.588623
1736.500000,1317.879517
1737.000000,1317.135254
1737.500000,1315.118042
1738.000000,1312.775757
1738.500000,1310.344849
1739.000000,1307.457886
1739.500000,1303.830566
1740.000000,1299.970093
1740.500000,1296.815552
1741.000000,1294.813477
1741.500000,1293.384766
1742.000000,1291.944214
1742.500000,1290.455078
1743.000000,1289.475952
1743.500000,1289.083008
1744.000000,1288.416748
1744.500000,1285.919800
1745.000000,1280.366943
1745.500000,1272.173218
1746.000000,1263.665161
1746.500000,1257.901978
1747.000000,1256.231445
1747.500000,1258.929565
1748.000000,1262.383789
1748.500000,1263.108765
1749.000000,1259.563354
1749.500000,1252.829956
1750.000000,1246.535522
1750.500000,1243.934204
1751.000000,1246.383057
1751.500000,1251.283691
1752.000000,1254.793945
1752.500000,1254.299805
1753.000000,1249.440552
1753.500000,1243.128296
1754.000000,1238.524658
1754.500000,1237.125000
1755.000000,1237.417847
1755.500000,1236.862305
1756.000000,1234.340332
1756.500000,1230.493408
1757.000000,1227.401489
1757.500000,1226.020386
1758.000000,1225.266479
1758.500000,1224.070435
1759.000000,1222.613281
1759.500000,1222.085205
1760.000000,1222.551758
1760.500000,1222.099854
1761.000000,1218.211060
1761.500000,1211.640503
1762.000000,1206.805664
1762.500000,1207.788208
1763.000000,1216.155273
1763.500000,1227.220947
1764.000000,1234.208130
1764.500000,1233.734741
1765.000000,1227.894165
1765.500000,1220.634399
1766.000000,1215.019653
1766.500000,1211.572021
1767.000000,1208.523682
1767.500000,1205.562866
1768.000000,1203.265137
1768.500000,1201.912598
1769.000000,1200.326538
1769.500000,1197.114502
1770.000000,1192.151611
1770.500000,1186.851074
1771.000000,1182.936890
1771.500000,1180.868896
1772.000000,1181.139282
1772.500000,1183.393433
1773.000000,1187.158691
1773.500000,1189.872070
1774.000000,1188.134644
1774.500000,1180.872437
1775.000000,1171.165527
1775.500000,1164.759155
1776.000000,1164.794922
1776.500000,1170.145874
1777.000000,1174.954468
1777.500000,1174.622070
1778.000000,1169.690186
1778.500000,1163.754395
1779.000000,1159.874512
1779.500000,1158.174805
1780.000000,1156.637451
1780.500000,1153.400513
1781.000000,1148.487061
1781.500000,1143.725342
1782.000000,1141.050659
1782.500000,1140.685059
1783.000000,1141.703003
1783.500000,1142.504272
1784.000000,1142.422363
1784.500000,1142.067993
1785.000000,1142.482788
1785.500000,1143.531616
1786.000000,1143.691895
1786.500000,1140.948975
1787.000000,1135.798828
1787.500000,1130.141113
1788.000000,1126.060425
1788.500000,1124.405640
1789.000000,1124.636963
1789.500000,1125.859131
1790.000000,1127.096191
1790.500000,1127.074585
1791.000000,1124.007812
1791.500000,1118.205078
1792.000000,1111.870850
1792.500000,1107.817139
1793.000000,1107.177246
1793.500000,1108.086792
1794.000000,1108.192627
1794.500000,1107.118286
1795.000000,1106.142822
1795.500000,1106.098022
1796.000000,1106.153198
1796.500000,1105.076416
1797.000000,1103.312012
1797.500000,1101.925903
1798.000000,1101.243896
1798.500000,1100.383667
1799.000000,1098.714600
1799.500000,1096.953003
1800.000000,1096.458740
1800.500000,1097.601318
1801.000000,1099.675659
1801.500000,1101.518555
1802.000000,1102.088013
1802.500000,1100.428833
1803.000000,1095.378418
1803.500000,1088.142822
1804.000000,1081.693848
1804.500000,1079.028076
1805.000000,1079.891235
1805.500000,1081.332520
1806.000000,1081.188599
1806.500000,1079.821777
1807.000000,1078.896851
1807.500000,1077.544678
1808.000000,1073.751099
1808.500000,1067.805176
1809.000000,1064.049683
1809.500000,1066.548584
1810.000000,1074.186768
