440.000000,1416.187988
440.500000,1409.857056
441.000000,1405.496094
441.500000,1403.119751
442.000000,1401.818115
442.500000,1401.247925
443.000000,1400.910278
443.500000,1400.406372
444.000000,1399.459717
444.500000,1398.030029
445.000000,1396.186890
445.500000,1394.189331
446.000000,1392.340576
446.500000,1390.876587
447.000000,1390.082642
447.500000,1390.073730
448.000000,1391.137695
448.500000,1393.369995
449.000000,1396.501221
449.500000,1399.854980
450.000000,1402.721191
450.500000,1404.403076
451.000000,1404.895630
451.500000,1404.378540
452.000000,1403.705444
452.500000,1403.358765
453.000000,1403.519897
453.500000,1404.181030
454.000000,1405.334595
454.500000,1407.050781
455.000000,1409.689331
455.500000,1413.227905
456.000000,1417.573242
456.500000,1421.736450
457.000000,1424.253174
457.500000,1424.239868
458.000000,1420.959717
458.500000,1414.441162
459.000000,1405.479126
459.500000,1395.593750
460.000000,1386.458862
460.500000,1379.832153
461.000000,1376.161377
461.500000,1376.416992
462.000000,1379.454346
462.500000,1383.695923
463.000000,1387.578857
463.500000,1389.896362
464.000000,1389.861206
464.500000,1387.862427
465.000000,1384.451660
465.500000,1380.361328
466.000000,1375.639526
466.500000,1370.320801
467.000000,1364.342773
467.500000,1358.397095
468.000000,1353.559692
468.500000,1351.034790
469.000000,1351.341797
469.500000,1354.994751
470.000000,1360.340698
470.500000,1366.032837
471.000000,1371.130371
471.500000,1375.508423
472.000000,1380.252197
472.500000,1387.522827
473.000000,1399.078979
473.500000,1415.488647
474.000000,1437.188354
474.500000,1462.420776
475.000000,1490.034180
475.500000,1517.645630
476.000000,1543.982910
476.500000,1568.386597
477.000000,1590.106445
477.500000,1608.384033
478.000000,1622.832275
478.500000,1632.958252
479.000000,1639.435303
479.500000,1642.155396
480.000000,1642.524048
480.500000,1640.912964
481.000000,1637.810059
481.500000,1632.559326
482.000000,1624.525391
482.500000,1613.173584
483.000000,1598.239014
483.500000,1581.349487
484.000000,1563.743530
484.500000,1546.595825
485.000000,1530.585571
485.500000,1515.386475
486.000000,1500.215698
486.500000,1484.415161
487.000000,1467.780396
487.500000,1450.526245
488.000000,1433.175781
488.500000,1416.233154
489.000000,1399.678101
489.500000,1383.413696
490.000000,1367.327515
490.500000,1351.793823
491.000000,1337.740723
491.500000,1326.588745
492.000000,1319.231445
492.500000,1315.636108
493.000000,1315.350708
493.500000,1316.309814
494.000000,1315.768066
494.500000,1312.241089
495.000000,1304.539429
495.500000,1293.675293
496.000000,1281.077148
496.500000,1269.043701
497.000000,1259.424927
497.500000,1253.075317
498.000000,1249.472900
498.500000,1248.438965
499.000000,1248.923462
499.500000,1250.873047
500.000000,1253.985596
500.500000,1258.356934
501.000000,1263.669189
501.500000,1269.386719
502.000000,1274.867554
502.500000,1279.898926
503.000000,1284.817139
503.500000,1290.163452
504.000000,1296.402466
504.500000,1303.105469
505.000000,1308.862915
505.500000,1312.279541
506.000000,1312.486938
506.500000,1309.715454
507.000000,1305.459595
507.500000,1301.680542
508.000000,1299.573120
508.500000,1298.993774
509.000000,1298.282593
509.500000,1295.583496
510.000000,1290.140991
510.500000,1282.781616
511.000000,1276.500488
511.500000,1274.155151
512.000000,1278.133301
512.500000,1287.837158
513.000000,1302.709106
513.500000,1319.104492
514.000000,1334.965332
514.500000,1349.879395
515.000000,1364.617554
515.500000,1380.640381
516.000000,1399.345459
516.500000,1420.417603
517.000000,1441.942383
517.500000,1461.279419
518.000000,1476.548828
518.500000,1484.744629
519.000000,1485.821899
519.500000,1479.949097
520.000000,1468.417480
520.500000,1452.018555
521.000000,1431.278809
521.500000,1406.997437
522.000000,1379.813721
522.500000,1351.735596
523.000000,1324.833496
523.500000,1300.880615
524.000000,1282.169678
524.500000,1269.283203
525.000000,1261.468384
525.500000,1257.025024
526.000000,1254.206177
526.500000,1252.032837
527.000000,1250.081543
527.500000,1248.961548
528.000000,1248.974243
528.500000,1250.394897
529.000000,1252.696533
529.500000,1255.223755
530.000000,1257.249023
530.500000,1258.381470
531.000000,1258.646606
531.500000,1258.358887
532.000000,1257.657227
532.500000,1256.772583
533.000000,1255.858765
533.500000,1255.182007
534.000000,1255.075562
534.500000,1255.716797
535.000000,1257.114746
535.500000,1259.080811
536.000000,1261.140259
536.500000,1262.742920
537.000000,1263.619385
537.500000,1263.322021
538.000000,1261.889404
538.500000,1259.149536
539.000000,1255.379639
539.500000,1251.176880
540.000000,1247.174927
540.500000,1243.801392
541.000000,1241.232788
541.500000,1239.047974
542.000000,1236.561523
542.500000,1233.496338
543.000000,1230.095581
543.500000,1227.178589
544.000000,1225.831421
544.500000,1226.901367
545.000000,1230.353271
545.500000,1235.385620
546.000000,1240.788574
546.500000,1245.686279
547.000000,1249.791138
547.500000,1252.986938
548.000000,1255.547241
548.500000,1257.383057
549.000000,1258.135254
549.500000,1257.320190
550.000000,1254.408813
550.500000,1249.430786
551.000000,1242.274048
551.500000,1233.825562
552.000000,1224.423706
552.500000,1214.855469
553.000000,1206.034790
553.500000,1199.060791
554.000000,1194.908936
554.500000,1193.731445
555.000000,1194.640259
555.500000,1196.585938
556.000000,1198.161255
556.500000,1198.280518
557.000000,1197.353882
557.500000,1196.365479
558.000000,1196.223511
558.500000,1197.291382
559.000000,1199.085571
559.500000,1200.387451
560.000000,1199.845703
560.500000,1197.498291
561.000000,1193.556274
561.500000,1189.213989
562.000000,1185.373779
562.500000,1182.537354
563.000000,1180.810791
563.500000,1179.999390
564.000000,1180.040283
564.500000,1181.024414
565.000000,1182.708862
565.500000,1184.642578
566.000000,1185.937500
566.500000,1185.832520
567.000000,1184.543579
567.500000,1182.673096
568.000000,1181.211670
568.500000,1180.949707
569.000000,1181.934814
569.500000,1183.181519
570.000000,1183.765747
570.500000,1183.387085
571.000000,1182.065186
571.500000,1180.467896
572.000000,1178.856567
572.500000,1176.736572
573.000000,1173.131348
573.500000,1167.297974
574.000000,1159.565430
574.500000,1151.134277
575.000000,1144.236694
575.500000,1141.097534
576.000000,1141.215576
576.500000,1143.745850
577.000000,1146.457397
577.500000,1147.228760
578.000000,1144.797852
578.500000,1139.941528
579.000000,1134.105591
579.500000,1128.936279
580.000000,1125.912842
580.500000,1125.065552
581.000000,1126.583008
581.500000,1129.446411
582.000000,1133.021240
582.500000,1136.823730
583.000000,1140.508911
583.500000,1143.757812
584.000000,1146.269165
584.500000,1147.431152
585.000000,1147.286255
585.500000,1145.631470
586.000000,1143.098999
586.500000,1140.509644
587.000000,1139.027466
587.500000,1139.874878
588.000000,1143.388062
588.500000,1148.705078
589.000000,1154.587524
589.500000,1159.473267
590.000000,1161.864014
590.500000,1162.078735
591.000000,1161.519653
591.500000,1162.159302
592.000000,1165.458130
592.500000,1171.700439
593.000000,1179.682983
593.500000,1187.436401
594.000000,1193.152588
594.500000,1195.742310
595.000000,1196.240112
595.500000,1195.359863
596.000000,1194.064209
596.500000,1192.563232
597.000000,1190.451782
597.500000,1187.467041
598.000000,1183.840942
598.500000,1180.374756
599.000000,1178.025146
599.500000,1176.885254
600.000000,1176.491577
600.500000,1175.502197
601.000000,1173.054932
601.500000,1169.431396
602.000000,1165.856445
602.500000,1164.077148
603.000000,1165.294922
603.500000,1170.467285
604.000000,1177.904785
604.500000,1186.667236
605.000000,1195.568481
605.500000,1204.061279
606.000000,1212.022217
606.500000,1219.281616
607.000000,1225.481201
607.500000,1230.305908
608.000000,1233.376831
608.500000,1235.203369
609.000000,1236.240845
609.500000,1237.291992
610.000000,1238.647949
610.500000,1239.942749
611.000000,1240.618164
611.500000,1240.423584
612.000000,1239.772217
612.500000,1239.750366
613.000000,1241.813599
613.500000,1247.793457
614.000000,1257.276245
614.500000,1270.392334
615.000000,1285.721191
615.500000,1302.050415
616.000000,1318.090942
616.500000,1332.878906
617.000000,1346.014038
617.500000,1357.785034
618.000000,1368.283569
618.500000,1378.064087
619.000000,1387.255859
619.500000,1395.987305
620.000000,1404.095947
620.500000,1411.492432
621.000000,1418.083130
621.500000,1423.747803
622.000000,1428.396484
622.500000,1431.324463
623.000000,1431.832520
623.500000,1428.173218
624.000000,1420.307983
624.500000,1407.674316
625.000000,1391.624756
625.500000,1374.069092
626.000000,1357.490356
626.500000,1343.981934
627.000000,1334.449097
627.500000,1327.544922
628.000000,1322.063599
628.500000,1316.289185
629.000000,1309.288452
629.500000,1301.239746
630.000000,1292.860474
630.500000,1284.675171
631.000000,1276.540039
631.500000,1267.885864
632.000000,1258.390991
632.500000,1248.145142
633.000000,1238.272949
633.500000,1230.218384
634.000000,1224.113892
634.500000,1219.374634
635.000000,1214.591675
635.500000,1208.531006
636.000000,1200.809692
636.500000,1192.600952
637.000000,1185.910278
637.500000,1181.558472
638.000000,1179.861938
638.500000,1179.331299
639.000000,1178.552856
639.500000,1176.691772
640.000000,1174.205444
640.500000,1172.743774
641.000000,1173.654297
641.500000,1177.965820
642.000000,1184.791748
642.500000,1193.344971
643.000000,1202.023804
643.500000,1209.668213
644.000000,1216.069458
644.500000,1221.395386
645.000000,1226.166626
645.500000,1231.136719
646.000000,1237.258301
646.500000,1245.137573
647.000000,1255.848145
647.500000,1268.309937
648.000000,1281.448242
648.500000,1293.573364
649.000000,1303.015015
649.500000,1308.953491
650.000000,1311.522217
650.500000,1311.248779
651.000000,1309.695801
651.500000,1307.335327
652.000000,1304.429932
652.500000,1300.570068
653.000000,1295.558594
653.500000,1289.120850
654.000000,1281.489136
654.500000,1273.245239
655.000000,1264.939941
655.500000,1257.053833
656.000000,1250.103882
656.500000,1244.227661
657.000000,1239.909790
657.500000,1237.013916
658.000000,1235.414307
658.500000,1234.524658
659.000000,1233.703735
659.500000,1232.286255
660.000000,1229.829834
660.500000,1225.959961
661.000000,1220.930176
661.500000,1214.937866
662.000000,1208.527100
662.500000,1201.956787
663.000000,1195.503296
663.500000,1189.499146
664.000000,1184.376343
664.500000,1180.729858
665.000000,1179.231812
665.500000,1179.690918
666.000000,1182.189819
666.500000,1185.767578
667.000000,1189.802002
667.500000,1193.629028
668.000000,1196.845093
668.500000,1199.337524
669.000000,1201.048218
669.500000,1201.641357
670.000000,1200.888794
670.500000,1198.253662
671.000000,1194.142212
671.500000,1188.949707
672.000000,1183.871094
672.500000,1180.025879
673.000000,1177.851685
673.500000,1177.281494
674.000000,1177.807861
674.500000,1178.624634
675.000000,1179.109375
675.500000,1179.022461
676.000000,1178.335083
676.500000,1177.257446
677.000000,1175.604004
677.500000,1173.040527
678.000000,1168.939331
678.500000,1162.775146
679.000000,1154.523193
679.500000,1144.618774
680.000000,1134.525269
680.500000,1125.832520
681.000000,1119.346191
681.500000,1115.967773
682.000000,1115.112793
682.500000,1116.039917
683.000000,1117.593994
683.500000,1118.860474
684.000000,1119.517456
684.500000,1119.774902
685.000000,1120.016357
685.500000,1120.708496
686.000000,1122.507690
686.500000,1125.819946
687.000000,1131.292725
687.500000,1138.914551
688.000000,1148.366089
688.500000,1158.997192
689.000000,1169.802368
689.500000,1179.950928
690.000000,1189.261597
690.500000,1197.942383
691.000000,1206.816528
691.500000,1216.452393
692.000000,1226.819946
692.500000,1237.430542
693.000000,1247.472778
693.500000,1256.181274
694.000000,1262.564941
694.500000,1266.371582
695.000000,1266.584717
695.500000,1263.513550
696.000000,1256.572144
696.500000,1246.547852
697.000000,1234.306030
697.500000,1221.161621
698.000000,1208.401123
698.500000,1196.796631
699.000000,1186.166504
699.500000,1176.375977
700.000000,1167.083862
700.500000,1158.530640
701.000000,1150.973511
701.500000,1144.824829
702.000000,1140.035278
702.500000,1136.024414
703.000000,1132.220093
703.500000,1128.343262
704.000000,1124.610107
704.500000,1121.452881
705.000000,1119.456421
705.500000,1118.463135
706.000000,1117.937378
706.500000,1116.968994
707.000000,1115.029053
707.500000,1112.153687
708.000000,1108.962524
708.500000,1106.130005
709.000000,1103.865723
709.500000,1101.776367
710.000000,1098.787109
710.500000,1093.747070
711.000000,1086.613892
711.500000,1078.082397
712.000000,1069.608398
712.500000,1062.755371
713.000000,1058.926880
713.500000,1057.933472
714.000000,1059.591797
714.500000,1062.092773
715.000000,1064.468750
715.500000,1066.187500
716.000000,1067.168579
716.500000,1067.691650
717.000000,1068.053467
717.500000,1068.285767
718.000000,1068.155396
718.500000,1067.189087
719.000000,1065.393433
719.500000,1062.862671
720.000000,1060.213379
720.500000,1058.107666
721.000000,1056.912598
721.500000,1056.468384
722.000000,1055.991333
722.500000,1054.554688
723.000000,1051.481689
723.500000,1047.327515
724.000000,1043.083862
724.500000,1040.068359
725.000000,1039.576782
725.500000,1041.808105
726.000000,1046.395386
726.500000,1052.371948
727.000000,1058.930908
727.500000,1065.798584
728.000000,1072.799805
728.500000,1079.695801
729.000000,1086.061890
729.500000,1091.192505
730.000000,1094.873291
730.500000,1097.512085
731.000000,1100.106079
731.500000,1103.609741
732.000000,1108.637329
732.500000,1114.789429
733.000000,1121.373657
733.500000,1127.339722
734.000000,1131.554443
734.500000,1133.639160
735.000000,1133.302734
735.500000,1130.649536
736.000000,1126.087402
736.500000,1120.255981
737.000000,1114.349121
737.500000,1109.746338
738.000000,1107.107666
738.500000,1107.061157
739.000000,1108.364380
739.500000,1109.794678
740.000000,1110.148071
740.500000,1108.669556
741.000000,1105.134766
741.500000,1100.076294
742.000000,1093.938599
742.500000,1087.505249
743.000000,1081.319824
743.500000,1075.609985
744.000000,1070.456909
744.500000,1065.611816
745.000000,1060.719971
745.500000,1055.447998
746.000000,1049.699585
746.500000,1043.600586
747.000000,1037.570312
747.500000,1032.056274
748.000000,1027.135986
748.500000,1022.973022
749.000000,1019.574036
749.500000,1017.212646
750.000000,1016.161621
750.500000,1016.469299
751.000000,1017.879700
751.500000,1019.343262
752.000000,1019.559204
752.500000,1018.099182
753.000000,1014.830566
753.500000,1010.913208
754.000000,1007.796143
754.500000,1006.686218
755.000000,1008.042847
755.500000,1011.497925
756.000000,1015.550049
756.500000,1018.900940
757.000000,1021.061584
757.500000,1021.884216
758.000000,1022.071838
758.500000,1022.164917
759.000000,1022.468445
759.500000,1022.936523
760.000000,1023.402466
760.500000,1023.963745
761.000000,1025.189209
761.500000,1027.561157
762.000000,1031.716431
762.500000,1037.083374
763.000000,1042.786377
763.500000,1047.518921
764.000000,1050.107422
764.500000,1050.161743
765.000000,1048.639771
765.500000,1046.733398
766.000000,1045.507935
766.500000,1045.555908
767.000000,1046.257446
767.500000,1046.690430
768.000000,1045.996826
768.500000,1043.735229
769.000000,1040.420166
769.500000,1037.254272
770.000000,1035.385620
770.500000,1035.220337
771.000000,1037.051392
771.500000,1040.110107
772.000000,1044.038696
772.500000,1048.352051
773.000000,1052.904297
773.500000,1057.524048
774.000000,1061.835815
774.500000,1065.283325
775.000000,1067.542480
775.500000,1068.377930
776.000000,1068.421631
776.500000,1068.398071
777.000000,1069.090942
777.500000,1071.165771
778.000000,1074.723022
778.500000,1079.693970
779.000000,1086.022827
779.500000,1093.696167
780.000000,1103.015259
780.500000,1113.670776
781.000000,1125.482056
781.500000,1137.521118
782.000000,1148.792847
782.500000,1158.447632
783.000000,1165.710327
783.500000,1170.453857
784.000000,1172.928467
784.500000,1173.242798
785.000000,1171.997314
785.500000,1169.094238
786.000000,1164.897583
786.500000,1159.169067
787.000000,1152.240479
787.500000,1144.554077
788.000000,1137.078491
788.500000,1130.735352
789.000000,1126.171387
789.500000,1123.148193
790.000000,1121.290405
790.500000,1119.741333
791.000000,1118.247192
791.500000,1117.212769
792.000000,1118.054810
792.500000,1122.354980
793.000000,1131.298218
793.500000,1145.451904
794.000000,1163.823486
794.500000,1185.534180
795.000000,1208.461792
795.500000,1231.175537
796.000000,1252.969604
796.500000,1274.015015
797.000000,1295.510376
797.500000,1318.791748
798.000000,1344.160156
798.500000,1370.390869
799.000000,1395.076538
799.500000,1416.053589
800.000000,1430.404053
800.500000,1439.092529
801.000000,1442.463013
801.500000,1443.036255
802.000000,1442.655640
802.500000,1442.698120
803.000000,1443.919800
803.500000,1447.199341
804.000000,1453.120239
804.500000,1463.223145
805.000000,1477.273438
805.500000,1496.054199
806.000000,1518.655518
806.500000,1545.317871
807.000000,1576.281250
807.500000,1611.927979
808.000000,1652.543579
808.500000,1696.927612
809.000000,1744.038818
809.500000,1791.783813
810.000000,1838.553467
810.500000,1883.335693
811.000000,1924.607056
811.500000,1961.122681
812.000000,1990.353271
812.500000,2010.268311
813.000000,2020.447632
813.500000,2019.267090
814.000000,2008.750854
814.500000,1987.044189
815.000000,1956.144409
815.500000,1914.560547
816.000000,1863.986938
816.500000,1805.978638
817.000000,1743.556152
817.500000,1680.129761
818.000000,1617.652222
818.500000,1556.423096
819.000000,1496.462402
819.500000,1437.807983
820.000000,1382.565918
820.500000,1333.008789
821.000000,1292.588135
821.500000,1262.598022
822.000000,1242.352051
822.500000,1230.200562
823.000000,1222.375977
823.500000,1218.179932
824.000000,1217.212036
824.500000,1221.742432
825.000000,1232.379028
825.500000,1250.335327
826.000000,1274.419678
826.500000,1302.750488
827.000000,1333.112061
827.500000,1363.171631
828.000000,1390.953857
828.500000,1415.640259
829.000000,1435.263306
829.500000,1449.672241
830.000000,1457.209717
830.500000,1458.017334
831.000000,1452.109375
831.500000,1440.408325
832.000000,1424.967896
832.500000,1407.778320
833.000000,1391.449463
833.500000,1378.761230
834.000000,1370.501343
834.500000,1368.408081
835.000000,1372.178101
835.500000,1382.203979
836.000000,1398.282349
836.500000,1420.044189
837.000000,1447.863525
837.500000,1480.834229
838.000000,1519.903809
838.500000,1563.890137
839.000000,1612.991211
839.500000,1665.421631
840.000000,1719.234619
840.500000,1771.226196
841.000000,1817.427856
841.500000,1853.203613
842.000000,1876.239624
842.500000,1881.626953
843.000000,1871.264893
843.500000,1841.909302
844.000000,1797.474243
844.500000,1739.590210
845.000000,1673.185181
845.500000,1603.061890
846.000000,1534.133667
846.500000,1470.147461
847.000000,1414.130127
847.500000,1365.055664
848.000000,1323.059204
848.500000,1285.355835
849.000000,1251.596191
849.500000,1221.622192
850.000000,1196.547729
850.500000,1177.151978
851.000000,1163.084961
851.500000,1153.647217
852.000000,1146.394287
852.500000,1139.542114
853.000000,1131.824097
853.500000,1123.070679
854.000000,1114.415283
854.500000,1107.586182
855.000000,1104.025146
855.500000,1104.236938
856.000000,1107.804443
856.500000,1113.229370
857.000000,1119.597290
857.500000,1126.100342
858.000000,1132.559326
858.500000,1138.952393
859.000000,1145.033325
859.500000,1150.284180
860.000000,1153.999268
860.500000,1155.575439
861.000000,1155.063965
861.500000,1152.498779
862.000000,1148.609863
862.500000,1143.363281
863.000000,1137.050293
863.500000,1129.574097
864.000000,1121.178223
864.500000,1112.136719
865.000000,1102.811768
865.500000,1093.607178
866.000000,1085.024902
866.500000,1077.472656
867.000000,1071.968506
867.500000,1068.566162
868.000000,1067.594238
868.500000,1068.424072
869.000000,1070.617188
869.500000,1073.896606
870.000000,1078.448608
870.500000,1085.066528
871.000000,1094.056396
871.500000,1106.060303
872.000000,1120.019775
872.500000,1135.041016
873.000000,1149.673706
873.500000,1162.692505
874.000000,1173.643188
874.500000,1182.668213
875.000000,1190.412842
875.500000,1198.192383
876.000000,1207.755493
876.500000,1220.221313
877.000000,1237.480103
877.500000,1259.387695
878.000000,1286.608032
878.500000,1318.667114
879.000000,1355.505371
879.500000,1397.278320
880.000000,1443.076782
880.500000,1492.469604
881.000000,1543.629517
881.500000,1595.216797
882.000000,1645.969849
882.500000,1694.956177
883.000000,1741.910278
883.500000,1786.182373
884.000000,1826.665527
884.500000,1861.881348
885.000000,1889.047485
885.500000,1907.678711
886.000000,1915.127075
886.500000,1914.659546
887.000000,1907.055054
887.500000,1895.215210
888.000000,1880.293335
888.500000,1862.572266
889.000000,1841.418335
889.500000,1815.679565
890.000000,1785.869263
890.500000,1752.588501
891.000000,1718.347778
891.500000,1685.029785
892.000000,1653.344116
892.500000,1623.001587
893.000000,1593.041138
893.500000,1563.175537
894.000000,1534.061646
894.500000,1506.575562
895.000000,1481.463623
895.500000,1457.810425
896.000000,1434.497070
896.500000,1410.581421
897.000000,1386.291138
897.500000,1362.976440
898.000000,1342.155029
898.500000,1324.226562
899.000000,1307.757935
899.500000,1290.701782
900.000000,1272.201294
900.500000,1253.221558
901.000000,1236.438599
901.500000,1225.479126
902.000000,1221.418091
902.500000,1224.028931
903.000000,1230.681885
903.500000,1237.774048
904.000000,1242.184326
904.500000,1242.858398
905.000000,1239.529053
905.500000,1234.791992
906.000000,1231.509766
906.500000,1231.609741
907.000000,1235.924805
907.500000,1243.082520
908.000000,1250.712769
908.500000,1256.711792
909.000000,1260.657471
909.500000,1263.465332
910.000000,1267.146118
910.500000,1273.313477
911.000000,1281.277100
911.500000,1289.093994
912.000000,1294.300049
912.500000,1295.149292
913.000000,1291.237183
913.500000,1284.088745
914.000000,1274.569824
914.500000,1263.890991
915.000000,1252.597778
915.500000,1241.636230
916.000000,1232.214478
916.500000,1224.909302
917.000000,1219.464478
917.500000,1214.365356
918.000000,1207.595825
918.500000,1197.428467
919.000000,1184.319458
919.500000,1169.230469
920.000000,1154.356812
920.500000,1141.127075
921.000000,1129.520508
921.500000,1119.044800
922.000000,1109.030640
922.500000,1099.188965
923.000000,1089.734009
923.500000,1081.085327
924.000000,1074.197388
924.500000,1069.470581
925.000000,1067.970581
925.500000,1069.267944
926.000000,1072.582153
926.500000,1075.971191
927.000000,1077.361572
927.500000,1075.386719
928.000000,1070.803101
928.500000,1065.166626
929.000000,1060.254517
929.500000,1056.828979
930.000000,1053.945068
930.500000,1050.262817
931.000000,1045.155273
931.500000,1039.271118
932.000000,1034.368896
932.500000,1032.097168
933.000000,1033.576050
933.500000,1037.604004
934.000000,1042.818726
934.500000,1047.384033
935.000000,1050.111450
935.500000,1050.950684
936.000000,1050.180664
936.500000,1048.267456
937.000000,1045.758789
937.500000,1043.270752
938.000000,1041.482422
938.500000,1041.194092
939.000000,1042.186157
939.500000,1043.992310
940.000000,1045.525391
940.500000,1045.853760
941.000000,1044.820068
941.500000,1043.099243
942.000000,1041.874146
942.500000,1042.148071
943.000000,1044.828735
943.500000,1049.413086
944.000000,1055.529663
944.500000,1062.240479
945.000000,1068.935791
945.500000,1075.111938
946.000000,1080.328247
946.500000,1084.169922
947.000000,1086.513306
947.500000,1087.009521
948.000000,1085.950195
948.500000,1082.972168
949.000000,1078.306030
949.500000,1071.562622
950.000000,1062.898193
950.500000,1052.530273
951.000000,1041.036987
951.500000,1029.255981
952.000000,1018.030579
952.500000,1007.910156
953.000000,999.888000
953.500000,994.134033
954.000000,991.489319
954.500000,991.537659
955.000000,993.538391
955.500000,995.913757
956.000000,996.959534
956.500000,995.368530
957.000000,991.391174
957.500000,985.634094
958.000000,979.672424
958.500000,974.531189
959.000000,970.339233
959.500000,966.827515
960.000000,963.615234
960.500000,960.808289
961.000000,958.992798
961.500000,958.541016
962.000000,959.670776
962.500000,961.589355
963.000000,963.520203
963.500000,964.833801
964.000000,965.209167
964.500000,964.808716
965.000000,963.844421
965.500000,962.509338
966.000000,961.066284
966.500000,959.950623
967.000000,959.633545
967.500000,960.856079
968.000000,963.421509
968.500000,966.932983
969.000000,970.314880
969.500000,972.433838
970.000000,972.654358
970.500000,971.190979
971.000000,968.609314
971.500000,965.926270
972.000000,964.011902
972.500000,963.059753
973.000000,963.022522
973.500000,963.217590
974.000000,962.923462
974.500000,961.727661
975.000000,959.783081
975.500000,957.734497
976.000000,956.367737
976.500000,956.286682
977.000000,956.987244
977.500000,957.510193
978.000000,956.823303
978.500000,954.259094
979.000000,950.359314
979.500000,946.452942
980.000000,944.039307
980.500000,943.811890
981.000000,946.051697
981.500000,949.648071
982.000000,953.681885
982.500000,957.225586
983.000000,959.744263
983.500000,961.358582
984.000000,962.473938
984.500000,963.651062
985.000000,965.276184
985.500000,967.350830
986.000000,969.278748
986.500000,969.894226
987.000000,968.590210
987.500000,964.725830
988.000000,959.060242
988.500000,952.678223
989.000000,946.769470
989.500000,941.916809
990.000000,937.907471
990.500000,933.919922
991.000000,929.281128
991.500000,924.155884
992.000000,919.397156
992.500000,916.159912
993.000000,915.764709
993.500000,918.647400
994.000000,924.545837
994.500000,932.773254
995.000000,942.054749
995.500000,951.604858
996.000000,961.060242
996.500000,970.797241
997.000000,981.485474
997.500000,993.945557
998.000000,1008.123657
998.500000,1023.187073
999.000000,1037.571045
999.500000,1049.687744
1000.000000,1057.863892
1000.500000,1062.265625
1001.000000,1062.359497
1001.500000,1059.270874
1002.000000,1052.764404
1002.500000,1043.322144
1003.000000,1031.316162
1003.500000,1017.821594
1004.000000,1004.500671
1004.500000,993.166138
1005.000000,984.572510
1005.500000,979.475220
1006.000000,976.534607
1006.500000,974.939270
1007.000000,973.695496
1007.500000,972.555054
1008.000000,971.775513
1008.500000,971.769775
1009.000000,972.822754
1009.500000,974.701660
1010.000000,977.282959
1010.500000,980.395813
1011.000000,984.582092
1011.500000,990.322998
1012.000000,998.337341
1012.500000,1008.390686
1013.000000,1019.518799
1013.500000,1030.264282
1014.000000,1039.261353
1014.500000,1045.140503
1015.000000,1048.092041
1015.500000,1047.731323
1016.000000,1045.067871
1016.500000,1040.474854
1017.000000,1034.829224
1017.500000,1028.994507
1018.000000,1023.860229
1018.500000,1020.003662
1019.000000,1017.764038
1019.500000,1016.598816
1020.000000,1016.063354
1020.500000,1015.552368
1021.000000,1014.847107
1021.500000,1013.980469
1022.000000,1012.947815
1022.500000,1011.565857
1023.000000,1009.540405
1023.500000,1006.610535
1024.000000,1003.039062
1024.500000,999.277466
1025.000000,995.930481
1025.500000,993.473999
1026.000000,991.816589
1026.500000,990.748901
1027.000000,989.825012
1027.500000,988.463928
1028.000000,985.852356
1028.500000,981.340820
1029.000000,973.898621
1029.500000,963.976807
1030.000000,951.912476
1030.500000,939.258240
1031.000000,927.379150
1031.500000,917.119263
1032.000000,908.765930
1032.500000,902.204651
1033.000000,897.006470
1033.500000,893.138977
1034.000000,890.186218
1034.500000,887.904053
1035.000000,885.700684
1035.500000,883.309998
1036.000000,881.084351
1036.500000,880.121155
1037.000000,881.763672
1037.500000,886.665710
1038.000000,894.897705
1038.500000,904.731689
1039.000000,914.319031
1039.500000,922.138062
1040.000000,927.091248
1040.500000,929.605042
1041.000000,930.192200
1041.500000,929.678833
1042.000000,928.812317
1042.500000,928.176270
1043.000000,928.133789
1043.500000,928.927673
1044.000000,930.138062
1044.500000,931.119202
1045.000000,931.306152
1045.500000,930.602722
1046.000000,929.939758
1046.500000,930.980652
1047.000000,935.468079
1047.500000,943.569336
1048.000000,954.514404
1048.500000,965.430969
1049.000000,973.104248
1049.500000,976.432922
1050.000000,975.247437
1050.500000,971.808899
1051.000000,968.530518
1051.500000,966.910217
1052.000000,966.752014
1052.500000,966.935852
1053.000000,966.310669
1053.500000,964.503845
1054.000000,962.595276
1054.500000,962.137634
1055.000000,964.120239
1055.500000,969.121704
1056.000000,976.934326
1056.500000,986.790161
1057.000000,997.877441
1057.500000,1008.751648
1058.000000,1017.274414
1058.500000,1022.203857
1059.000000,1021.851685
1059.500000,1017.247375
1060.000000,1009.897400
1060.500000,1002.218689
1061.000000,996.196106
1061.500000,992.928345
1062.000000,991.960022
1062.500000,992.606628
1063.000000,993.357239
1063.500000,992.819458
1064.000000,990.382385
1064.500000,985.870911
1065.000000,980.409668
1065.500000,975.724365
1066.000000,973.390503
1066.500000,973.527161
1067.000000,975.128479
1067.500000,976.016785
1068.000000,974.224731
1068.500000,970.138367
1069.000000,965.106689
1069.500000,961.113770
1070.000000,959.152283
1070.500000,958.535278
1071.000000,957.513245
1071.500000,954.553894
1072.000000,949.817444
1072.500000,944.150085
1073.000000,938.894775
1073.500000,934.550415
1074.000000,930.578064
1074.500000,926.349792
1075.000000,921.875000
1075.500000,917.903870
1076.000000,915.329956
1076.500000,914.003357
1077.000000,913.047852
1077.500000,911.301758
1078.000000,908.315430
1078.500000,905.179688
1079.000000,903.734619
1079.500000,905.302734
1080.000000,909.991943
1080.500000,916.655090
1081.000000,923.168518
1081.500000,927.456360
1082.000000,928.947510
1082.500000,927.189941
1083.000000,923.625671
1083.500000,919.663696
1084.000000,916.862244
1084.500000,916.317749
1085.000000,918.231018
1085.500000,921.616028
1086.000000,925.152710
1086.500000,927.639038
1087.000000,928.169006
1087.500000,927.193848
1088.000000,924.986145
1088.500000,922.070312
1089.000000,918.710144
1089.500000,915.295410
1090.000000,912.498413
1090.500000,911.235107
1091.000000,911.669556
1091.500000,913.652954
1092.000000,915.836975
1092.500000,916.987122
1093.000000,916.709839
1093.500000,915.205261
1094.000000,913.142212
1094.500000,910.890625
1095.000000,908.291321
1095.500000,905.158813
1096.000000,901.667725
1096.500000,898.650330
1097.000000,897.260620
1097.500000,897.657532
1098.000000,899.606995
1098.500000,902.290771
1099.000000,905.264832
1099.500000,908.644409
1100.000000,912.601807
1100.500000,916.922241
1101.000000,920.792358
1101.500000,923.330139
1102.000000,924.974976
1102.500000,927.045105
1103.000000,930.956360
1103.500000,937.102112
1104.000000,944.133362
1104.500000,949.770081
1105.000000,952.096741
1105.500000,951.711914
1106.000000,950.085571
1106.500000,949.350769
1107.000000,950.502991
1107.500000,952.736633
1108.000000,954.715698
1108.500000,955.452026
1109.000000,954.831360
1109.500000,953.095398
1110.000000,950.649475
1110.500000,947.367554
1111.000000,943.481445
1111.500000,939.425110
1112.000000,935.902893
1112.500000,933.317444
1113.000000,931.208313
1113.500000,928.606995
1114.000000,924.786011
1114.500000,920.172119
1115.000000,916.163330
1115.500000,914.181458
1116.000000,915.698853
1116.500000,920.017456
1117.000000,926.216553
1117.500000,932.630432
1118.000000,937.806519
1118.500000,940.760193
1119.000000,941.470520
1119.500000,940.340332
1120.000000,938.899475
1120.500000,938.869690
1121.000000,941.002075
1121.500000,945.607727
1122.000000,951.612366
1122.500000,957.929688
1123.000000,963.842773
1123.500000,969.115295
1124.000000,973.316833
1124.500000,975.798218
1125.000000,974.691650
1125.500000,969.908142
1126.000000,961.442871
1126.500000,951.573364
1127.000000,942.696472
1127.500000,936.432556
1128.000000,933.021729
1128.500000,931.986389
1129.000000,932.280884
1129.500000,933.665833
1130.000000,935.710754
1130.500000,937.998230
1131.000000,939.801941
1131.500000,940.664795
1132.000000,941.151550
1132.500000,942.690613
1133.000000,946.831726
1133.500000,953.773682
1134.000000,962.882141
1134.500000,972.164307
1135.000000,979.977844
1135.500000,986.094177
1136.000000,990.891235
1136.500000,995.443909
1137.000000,1000.635010
1137.500000,1006.946533
1138.000000,1014.310181
1138.500000,1022.329041
1139.000000,1030.029053
1139.500000,1035.956421
1140.000000,1039.638428
1140.500000,1040.838135
1141.000000,1040.796265
1141.500000,1040.714355
1142.000000,1041.040039
1142.500000,1041.021729
1143.000000,1039.180786
1143.500000,1034.994995
1144.000000,1028.638184
1144.500000,1022.020386
1145.000000,1016.853882
1145.500000,1013.631714
1146.000000,1012.222656
1146.500000,1012.074707
1147.000000,1013.156738
1147.500000,1015.961365
1148.000000,1020.324463
1148.500000,1025.347656
1149.000000,1029.243652
1149.500000,1030.202515
1150.000000,1028.679810
1150.500000,1026.148315
1151.000000,1024.758179
1151.500000,1025.660767
1152.000000,1028.289429
1152.500000,1030.743530
1153.000000,1031.191040
1153.500000,1029.606445
1154.000000,1026.860229
1154.500000,1024.726929
1155.000000,1024.388306
1155.500000,1025.602661
1156.000000,1027.550171
1156.500000,1029.504883
1157.000000,1031.510376
1157.500000,1034.374634
1158.000000,1038.641724
1158.500000,1044.552002
1159.000000,1050.892456
1159.500000,1056.296021
1160.000000,1060.067993
1160.500000,1062.362915
1161.000000,1064.335938
1161.500000,1067.248291
1162.000000,1071.789185
1162.500000,1077.413940
1163.000000,1083.146118
1163.500000,1088.000732
1164.000000,1091.311768
1164.500000,1093.488281
1165.000000,1095.146484
1165.500000,1097.114014
1166.000000,1100.061279
1166.500000,1104.384521
1167.000000,1109.857666
1167.500000,1116.093384
1168.000000,1122.346069
1168.500000,1128.239136
1169.000000,1134.135864
1169.500000,1141.064575
1170.000000,1149.863159
1170.500000,1160.605103
1171.000000,1171.976929
1171.500000,1181.682861
1172.000000,1187.064819
1172.500000,1187.797607
1173.000000,1183.638550
1173.500000,1177.300049
1174.000000,1170.788940
1174.500000,1165.587158
1175.000000,1162.114624
1175.500000,1159.695923
1176.000000,1157.120728
1176.500000,1153.204834
1177.000000,1147.649048
1177.500000,1140.625732
1178.000000,1133.636353
1178.500000,1128.544067
1179.000000,1126.269287
1179.500000,1126.932739
1180.000000,1129.002563
1180.500000,1130.367310
1181.000000,1129.359497
1181.500000,1126.012573
1182.000000,1121.071533
1182.500000,1116.092041
1183.000000,1111.832397
1183.500000,1107.934326
1184.000000,1103.568115
1184.500000,1098.193970
1185.000000,1091.924194
1185.500000,1085.379272
1186.000000,1079.200684
1186.500000,1073.755859
1187.000000,1068.923950
1187.500000,1064.818604
1188.000000,1061.368530
1188.500000,1058.579834
1189.000000,1055.978516
1189.500000,1052.855347
1190.000000,1048.695190
1190.500000,1043.707397
1191.000000,1038.723877
1191.500000,1034.725708
1192.000000,1032.636475
1192.500000,1031.945312
1193.000000,1032.127197
1193.500000,1032.460327
1194.000000,1032.842041
1194.500000,1033.699707
1195.000000,1035.569336
1195.500000,1038.702637
1196.000000,1042.463623
1196.500000,1045.722900
1197.000000,1047.452515
1197.500000,1046.614990
1198.000000,1043.720947
1198.500000,1039.656372
1199.000000,1035.740234
1199.500000,1032.750122
1200.000000,1030.499023
1200.500000,1027.946899
1201.000000,1023.949890
1201.500000,1018.681885
1202.000000,1013.314148
1202.500000,1009.715576
1203.000000,1009.786133
1203.500000,1013.671875
1204.000000,1020.548706
1204.500000,1028.917114
1205.000000,1037.230469
1205.500000,1044.379761
1206.000000,1049.996094
1206.500000,1053.438843
1207.000000,1055.239380
1207.500000,1056.004517
1208.000000,1057.118652
1208.500000,1059.959961
1209.000000,1065.092529
1209.500000,1071.843506
1210.000000,1078.954102
1210.500000,1085.284058
1211.000000,1090.490967
1211.500000,1095.566162
1212.000000,1101.639282
1212.500000,1108.821533
1213.000000,1115.989258
1213.500000,1121.151733
1214.000000,1122.747681
1214.500000,1120.496338
1215.000000,1116.525635
1215.500000,1113.636230
1216.000000,1113.558228
1216.500000,1116.838623
1217.000000,1121.274780
1217.500000,1124.418213
1218.000000,1124.875366
1218.500000,1122.872437
1219.000000,1119.765625
1219.500000,1116.950317
1220.000000,1114.831787
1220.500000,1112.821533
1221.000000,1110.378662
1221.500000,1107.772827
1222.000000,1105.836060
1222.500000,1105.042603
1223.000000,1105.072754
1223.500000,1104.946533
1224.000000,1103.977905
1224.500000,1102.346191
1225.000000,1101.052856
1225.500000,1101.118164
1226.000000,1102.254028
1226.500000,1103.848999
1227.000000,1105.347534
1227.500000,1107.081665
1228.000000,1109.853271
1228.500000,1113.838745
1229.000000,1117.940430
1229.500000,1120.250732
1230.000000,1118.700684
1230.500000,1114.216919
1231.000000,1108.582886
1231.500000,1104.310303
1232.000000,1102.644897
1232.500000,1102.586670
1233.000000,1102.128784
1233.500000,1099.934937
1234.000000,1096.734131
1234.500000,1094.712524
1235.000000,1095.454468
1235.500000,1099.456665
1236.000000,1104.138184
1236.500000,1106.537720
1237.000000,1105.234497
1237.500000,1100.912720
1238.000000,1095.940430
1238.500000,1092.637695
1239.000000,1092.056274
1239.500000,1092.908325
1240.000000,1093.631348
1240.500000,1093.285767
1241.000000,1091.895752
1241.500000,1090.303467
1242.000000,1089.098633
1242.500000,1088.373535
1243.000000,1088.052979
1243.500000,1088.432129
1244.000000,1089.754150
1244.500000,1092.018433
1245.000000,1094.003418
1245.500000,1093.889771
1246.000000,1091.012451
1246.500000,1085.923096
1247.000000,1080.772339
1247.500000,1077.772095
1248.000000,1078.085938
1248.500000,1080.704956
1249.000000,1084.303711
1249.500000,1087.517334
1250.000000,1089.893311
1250.500000,1091.771118
1251.000000,1093.328857
1251.500000,1094.513184
1252.000000,1095.194336
1252.500000,1095.463257
1253.000000,1095.611328
1253.500000,1095.679321
1254.000000,1095.402100
1254.500000,1094.297119
1255.000000,1092.590210
1255.500000,1091.027222
1256.000000,1090.536133
1256.500000,1091.530396
1257.000000,1093.341919
1257.500000,1094.447632
1258.000000,1093.102783
1258.500000,1089.039185
1259.000000,1082.443481
1259.500000,1075.492798
1260.000000,1070.585571
1260.500000,1069.244873
1261.000000,1072.140991
1261.500000,1078.120117
1262.000000,1084.910278
1262.500000,1090.413208
1263.000000,1094.065308
1263.500000,1096.698120
1264.000000,1100.461914
1264.500000,1107.413940
1265.000000,1117.245972
1265.500000,1128.324097
1266.000000,1138.037842
1266.500000,1144.651123
1267.000000,1147.966797
1267.500000,1149.769897
1268.000000,1152.052124
1268.500000,1156.030273
1269.000000,1162.197876
1269.500000,1169.475464
1270.000000,1176.815796
1270.500000,1183.373779
1271.000000,1188.704834
1271.500000,1192.622314
1272.000000,1195.263550
1272.500000,1196.780029
1273.000000,1198.105591
1273.500000,1200.815430
1274.000000,1206.058105
1274.500000,1214.843384
1275.000000,1226.043579
1275.500000,1237.591309
1276.000000,1247.328125
1276.500000,1254.611206
1277.000000,1260.514404
1277.500000,1267.443115
1278.000000,1277.828613
1278.500000,1291.104614
1279.000000,1306.060425
1279.500000,1320.972168
1280.000000,1335.616333
1280.500000,1351.196289
1281.000000,1369.007935
1281.500000,1389.143066
1282.000000,1409.601318
1282.500000,1427.572388
1283.000000,1442.018555
1283.500000,1452.491699
1284.000000,1460.539551
1284.500000,1466.269897
1285.000000,1468.667358
1285.500000,1465.782471
1286.000000,1456.147827
1286.500000,1441.049927
1287.000000,1421.962524
1287.500000,1401.553955
1288.000000,1380.750732
1288.500000,1359.912964
1289.000000,1339.727173
1289.500000,1321.753784
1290.000000,1308.039185
1290.500000,1299.530762
1291.000000,1294.917358
1291.500000,1292.338379
1292.000000,1289.660645
1292.500000,1286.009399
1293.000000,1281.735229
1293.500000,1277.123169
1294.000000,1272.397583
1294.500000,1268.068359
1295.000000,1265.388672
1295.500000,1265.791992
1296.000000,1270.055908
1296.500000,1276.216187
1297.000000,1281.154663
1297.500000,1282.817871
1298.000000,1280.963867
1298.500000,1278.687988
1299.000000,1279.239624
1299.500000,1283.419189
1300.000000,1288.870605
1300.500000,1291.668457
1301.000000,1289.774780
1301.500000,1282.875488
1302.000000,1274.191040
1302.500000,1266.391968
1303.000000,1260.695190
1303.500000,1257.173584
1304.000000,1254.875610
1304.500000,1253.049316
1305.000000,1251.271484
1305.500000,1249.285645
1306.000000,1246.916138
1306.500000,1244.368164
1307.000000,1242.256958
1307.500000,1241.141602
1308.000000,1241.384155
1308.500000,1242.350342
1309.000000,1242.935547
1309.500000,1242.050171
1310.000000,1239.291626
1310.500000,1234.789062
1311.000000,1229.554077
1311.500000,1224.616699
1312.000000,1220.828857
1312.500000,1219.079346
1313.000000,1219.270508
1313.500000,1221.006714
1314.000000,1223.298340
1314.500000,1225.076416
1315.000000,1225.546997
1315.500000,1224.776245
1316.000000,1223.141968
1316.500000,1221.626709
1317.000000,1221.118530
1317.500000,1221.782837
1318.000000,1223.425781
1318.500000,1225.472656
1319.000000,1227.736328
1319.500000,1230.850220
1320.000000,1235.775269
1320.500000,1243.744751
1321.000000,1254.221802
1321.500000,1266.760742
1322.000000,1280.236450
1322.500000,1294.748657
1323.000000,1310.891479
1323.500000,1329.156738
1324.000000,1348.803345
1324.500000,1367.725830
1325.000000,1383.333252
1325.500000,1395.103760
1326.000000,1403.095093
1326.500000,1409.783813
1327.000000,1416.662354
1327.500000,1423.911743
1328.000000,1430.022095
1328.500000,1432.694092
1329.000000,1430.102295
1329.500000,1420.681519
1330.000000,1405.833740
1330.500000,1386.679321
1331.000000,1366.640625
1331.500000,1348.262695
1332.000000,1332.551514
1332.500000,1319.465210
1333.000000,1308.071045
1333.500000,1297.973755
1334.000000,1289.894165
1334.500000,1284.392944
1335.000000,1281.862427
1335.500000,1280.577271
1336.000000,1278.937866
1336.500000,1276.417358
1337.000000,1274.060913
1337.500000,1273.333130
1338.000000,1274.661255
1338.500000,1276.941040
1339.000000,1278.469116
1339.500000,1278.453369
1340.000000,1278.027954
1340.500000,1278.984009
1341.000000,1281.798584
1341.500000,1285.736450
1342.000000,1289.108154
1342.500000,1291.034180
1343.000000,1292.204834
1343.500000,1294.163940
1344.000000,1297.997192
1344.500000,1302.958618
1345.000000,1307.604736
1345.500000,1311.080933
1346.000000,1313.466187
1346.500000,1315.751953
1347.000000,1318.464478
1347.500000,1321.113647
1348.000000,1322.593872
1348.500000,1321.961060
1349.000000,1319.634888
1349.500000,1316.355347
1350.000000,1313.094604
1350.500000,1309.811157
1351.000000,1305.710938
1351.500000,1299.706055
1352.000000,1291.579834
1352.500000,1282.122437
1353.000000,1272.504639
1353.500000,1263.556763
1354.000000,1255.385254
1354.500000,1247.210205
1355.000000,1238.062012
1355.500000,1227.685181
1356.000000,1216.287842
1356.500000,1204.853394
1357.000000,1194.598022
1357.500000,1186.614258
1358.000000,1181.223267
1358.500000,1178.489624
1359.000000,1177.012329
1359.500000,1175.092407
1360.000000,1171.260986
1360.500000,1164.402832
1361.000000,1155.159424
1361.500000,1144.849121
1362.000000,1135.176147
1362.500000,1127.370850
1363.000000,1122.185303
1363.500000,1119.154175
1364.000000,1118.302002
1364.500000,1118.795166
1365.000000,1120.289185
1365.500000,1121.977295
1366.000000,1123.039795
1366.500000,1122.973633
1367.000000,1122.049438
1367.500000,1121.238525
1368.000000,1121.659424
1368.500000,1124.285278
1369.000000,1128.391846
1369.500000,1132.768677
1370.000000,1135.950806
1370.500000,1137.140625
1371.000000,1137.092407
1371.500000,1137.427856
1372.000000,1139.683838
1372.500000,1144.026367
1373.000000,1149.667358
1373.500000,1154.912231
1374.000000,1158.557129
1374.500000,1160.913940
1375.000000,1162.599121
1375.500000,1164.356689
1376.000000,1166.565430
1376.500000,1169.486084
1377.000000,1173.479004
1377.500000,1179.144165
1378.000000,1186.115479
1378.500000,1193.370850
1379.000000,1199.265259
1379.500000,1202.281494
1380.000000,1202.719849
1380.500000,1201.690918
1381.000000,1200.444092
1381.500000,1199.387817
1382.000000,1198.216919
1382.500000,1196.696899
1383.000000,1195.076416
1383.500000,1193.813721
1384.000000,1192.804321
1384.500000,1191.050171
1385.000000,1187.178101
1385.500000,1180.861572
1386.000000,1173.068115
1386.500000,1165.403442
1387.000000,1158.813477
1387.500000,1152.981567
1388.000000,1146.643799
1388.500000,1138.781128
1389.000000,1129.894409
1389.500000,1121.169312
1390.000000,1113.793091
1390.500000,1108.226196
1391.000000,1104.113281
1391.500000,1100.698486
1392.000000,1097.887573
1392.500000,1096.112183
1393.000000,1096.985718
1393.500000,1100.784912
1394.000000,1107.541382
1394.500000,1115.261475
1395.000000,1121.151733
1395.500000,1122.801758
1396.000000,1119.945679
1396.500000,1114.321411
1397.000000,1109.799683
1397.500000,1110.616821
1398.000000,1116.845459
1398.500000,1127.151611
1399.000000,1137.184082
1399.500000,1143.197510
1400.000000,1144.273071
1400.500000,1142.253418
1401.000000,1140.263428
1401.500000,1141.027832
1402.000000,1146.398071
1402.500000,1154.810181
1403.000000,1164.287720
1403.500000,1172.276367
1404.000000,1177.189941
1404.500000,1179.732056
1405.000000,1182.386841
1405.500000,1188.191406
1406.000000,1198.189941
1406.500000,1211.840454
1407.000000,1225.861816
1407.500000,1236.955200
1408.000000,1244.199951
1408.500000,1247.703857
1409.000000,1249.188110
1409.500000,1249.611694
1410.000000,1248.817749
1410.500000,1246.234375
1411.000000,1241.400757
1411.500000,1235.428101
1412.000000,1229.339722
1412.500000,1223.692993
1413.000000,1218.314331
1413.500000,1212.797974
1414.000000,1207.308472
1414.500000,1202.718262
1415.000000,1200.037720
1415.500000,1200.070190
1416.000000,1202.293945
1416.500000,1206.358154
1417.000000,1211.159790
1417.500000,1216.303223
1418.000000,1221.712158
1418.500000,1227.786499
1419.000000,1234.920898
1419.500000,1243.001099
1420.000000,1250.960693
1420.500000,1257.083618
1421.000000,1259.366943
1421.500000,1258.590454
1422.000000,1256.888306
1422.500000,1257.832275
1423.000000,1264.071777
1423.500000,1274.952515
1424.000000,1287.902710
1424.500000,1299.899780
1425.000000,1309.342773
1425.500000,1316.023560
1426.000000,1321.553101
1426.500000,1327.201782
1427.000000,1333.697998
1427.500000,1341.323364
1428.000000,1349.658569
1428.500000,1357.966187
1429.000000,1365.438721
1429.500000,1371.739502
1430.000000,1377.174194
1430.500000,1382.770874
1431.000000,1389.421387
1431.500000,1396.684448
1432.000000,1403.177612
1432.500000,1407.457031
1433.000000,1408.475586
1433.500000,1406.616211
1434.000000,1402.814697
1434.500000,1397.251587
1435.000000,1389.684814
1435.500000,1378.458008
1436.000000,1363.316284
1436.500000,1343.452148
1437.000000,1320.688721
1437.500000,1297.399902
1438.000000,1276.459229
1438.500000,1259.714355
1439.000000,1246.586792
1439.500000,1234.129883
1440.000000,1219.280273
1440.500000,1201.533691
1441.000000,1182.441284
1441.500000,1165.284302
1442.000000,1152.565430
1442.500000,1143.522095
1443.000000,1135.564331
1443.500000,1126.024170
1444.000000,1114.487427
1444.500000,1102.615479
1445.000000,1092.583862
1445.500000,1086.177002
1446.000000,1082.376465
1446.500000,1080.005615
1447.000000,1077.467529
1447.500000,1073.884277
1448.000000,1069.225830
1448.500000,1064.111694
1449.000000,1059.373291
1449.500000,1055.458130
1450.000000,1052.460571
1450.500000,1049.692383
1451.000000,1046.565308
1451.500000,1043.024048
1452.000000,1039.573364
1452.500000,1036.882812
1453.000000,1035.172729
1453.500000,1034.034546
1454.000000,1032.632690
1454.500000,1030.381470
1455.000000,1027.554321
1455.500000,1024.757812
1456.000000,1022.712524
1456.500000,1022.094849
1457.000000,1022.998596
1457.500000,1025.060425
1458.000000,1027.337769
1458.500000,1028.427490
1459.000000,1026.774414
1459.500000,1022.471008
1460.000000,1015.891724
1460.500000,1008.990723
1461.000000,1003.545288
1461.500000,1000.303345
1462.000000,998.941284
1462.500000,998.149963
1463.000000,996.582764
1463.500000,993.716431
1464.000000,990.594055
1464.500000,988.797852
1465.000000,988.789185
1465.500000,990.165894
1466.000000,991.290588
1466.500000,990.807556
1467.000000,988.650146
1467.500000,985.890686
1468.000000,983.622559
1468.500000,981.896179
1469.000000,979.912964
1469.500000,977.237610
1470.000000,974.383179
1470.500000,972.520691
1471.000000,972.413940
1471.500000,973.329468
1472.000000,973.662048
1472.500000,972.070618
1473.000000,968.756958
1473.500000,964.682983
1474.000000,960.874084
1474.500000,957.663269
1475.000000,954.934387
1475.500000,953.154480
1476.000000,953.065430
1476.500000,955.266907
1477.000000,959.379272
1477.500000,963.898193
1478.000000,967.374023
1478.500000,969.588501
1479.000000,970.899902
1479.500000,972.206909
1480.000000,974.017456
1480.500000,976.527100
1481.000000,980.122375
1481.500000,985.211121
1482.000000,991.629944
1482.500000,998.174438
1483.000000,1003.117737
1483.500000,1004.528259
1484.000000,1003.031616
1484.500000,999.616943
1485.000000,996.217346
1485.500000,993.952820
1486.000000,992.765015
1486.500000,991.934631
1487.000000,991.008240
1487.500000,990.270569
1488.000000,990.630249
1488.500000,992.393372
1489.000000,995.456421
1489.500000,998.558044
1490.000000,1000.367981
1490.500000,1000.551575
1491.000000,1000.327209
1491.500000,1002.151733
1492.000000,1007.756836
1492.500000,1017.945557
1493.000000,1030.244995
1493.500000,1041.678101
1494.000000,1050.139404
1494.500000,1054.834839
1495.000000,1057.405151
1495.500000,1059.823120
1496.000000,1063.158569
1496.500000,1067.151367
1497.000000,1071.007812
1497.500000,1074.182739
1498.000000,1076.462402
1498.500000,1078.326904
1499.000000,1080.249878
1499.500000,1082.797974
1500.000000,1086.521118
1500.500000,1091.462280
1501.000000,1096.955688
1501.500000,1101.864258
1502.000000,1105.432251
1502.500000,1107.524536
1503.000000,1109.428101
1503.500000,1112.493530
1504.000000,1116.953491
1504.500000,1121.956787
1505.000000,1126.330444
1505.500000,1129.649536
1506.000000,1132.438232
1506.500000,1135.583252
1507.000000,1139.386475
1507.500000,1143.076050
1508.000000,1145.322510
1508.500000,1145.905151
1509.000000,1145.239258
1509.500000,1144.357544
1510.000000,1143.837891
1510.500000,1143.462036
1511.000000,1142.536377
1511.500000,1140.403931
1512.000000,1137.273193
1512.500000,1133.452148
1513.000000,1129.264038
1513.500000,1124.262085
1514.000000,1118.050537
1514.500000,1110.771606
1515.000000,1103.722412
1515.500000,1098.808716
1516.000000,1097.877075
1516.500000,1100.272095
1517.000000,1104.570068
1517.500000,1108.664917
1518.000000,1111.930542
1518.500000,1115.232178
1519.000000,1119.708374
1519.500000,1125.292847
1520.000000,1130.345581
1520.500000,1132.549927
1521.000000,1131.669067
1521.500000,1128.786743
1522.000000,1126.697876
1522.500000,1127.973755
1523.000000,1132.814941
1523.500000,1140.510742
1524.000000,1148.943237
1524.500000,1155.916016
1525.000000,1160.061401
1525.500000,1161.797363
1526.000000,1162.632690
1526.500000,1165.046387
1527.000000,1171.583130
1527.500000,1181.833618
1528.000000,1194.540649
1528.500000,1207.305420
1529.000000,1218.945923
1529.500000,1229.756470
1530.000000,1240.546997
1530.500000,1251.537598
1531.000000,1262.380615
1531.500000,1273.123535
1532.000000,1284.918823
1532.500000,1299.698853
1533.000000,1317.494751
1533.500000,1336.913086
1534.000000,1355.759033
1534.500000,1373.151611
1535.000000,1390.343750
1535.500000,1409.572998
1536.000000,1432.613281
1536.500000,1457.100586
1537.000000,1479.484497
1537.500000,1497.631104
1538.000000,1511.583862
1538.500000,1524.316040
1539.000000,1539.034180
1539.500000,1556.865234
1540.000000,1575.156250
1540.500000,1588.854248
1541.000000,1595.452637
1541.500000,1593.174561
1542.000000,1585.942383
1542.500000,1577.450439
1543.000000,1570.388916
1543.500000,1564.491821
1544.000000,1557.111084
1544.500000,1546.189819
1545.000000,1531.119385
1545.500000,1514.289795
1546.000000,1498.065796
1546.500000,1483.756714
1547.000000,1471.913086
1547.500000,1462.192871
1548.000000,1454.509277
1548.500000,1448.424194
1549.000000,1442.363525
1549.500000,1433.718506
1550.000000,1421.075562
1550.500000,1403.802856
1551.000000,1385.225464
1551.500000,1368.812866
1552.000000,1355.814697
1552.500000,1345.265381
1553.000000,1334.564819
1553.500000,1321.779053
1554.000000,1306.682861
1554.500000,1290.890259
1555.000000,1275.840942
1555.500000,1261.369385
1556.000000,1246.252930
1556.500000,1229.619507
1557.000000,1211.702515
1557.500000,1194.246216
1558.000000,1179.353516
1558.500000,1168.427979
1559.000000,1160.374756
1559.500000,1153.659668
1560.000000,1146.466797
1560.500000,1137.901245
1561.000000,1128.503540
1561.500000,1119.160767
1562.000000,1110.698364
1562.500000,1103.478149
1563.000000,1097.571167
1563.500000,1093.022705
1564.000000,1090.348145
1564.500000,1089.370239
1565.000000,1089.781372
1565.500000,1089.931396
1566.000000,1087.870483
1566.500000,1083.023193
1567.000000,1076.114868
1567.500000,1069.324585
1568.000000,1064.866577
1568.500000,1063.957764
1569.000000,1065.323853
1569.500000,1067.088135
1570.000000,1067.854492
1570.500000,1067.549316
1571.000000,1067.083984
1571.500000,1066.786987
1572.000000,1065.888428
1572.500000,1063.049438
1573.000000,1057.675293
1573.500000,1051.208130
1574.000000,1045.684204
1574.500000,1042.262329
1575.000000,1041.223633
1575.500000,1041.021118
1576.000000,1040.184326
1576.500000,1038.019409
1577.000000,1034.740112
1577.500000,1030.911011
1578.000000,1027.147095
1578.500000,1023.948303
1579.000000,1021.522217
1579.500000,1020.303223
1580.000000,1020.167480
1580.500000,1021.269287
1581.000000,1023.491272
1581.500000,1026.604248
1582.000000,1029.836060
1582.500000,1031.920776
1583.000000,1031.272095
1583.500000,1028.102051
1584.000000,1023.515442
1584.500000,1019.996460
1585.000000,1019.909485
1585.500000,1023.412231
1586.000000,1029.326660
1586.500000,1035.187500
1587.000000,1039.149414
1587.500000,1040.893921
1588.000000,1041.800049
1588.500000,1043.350220
1589.000000,1046.010986
1589.500000,1049.289185
1590.000000,1052.006470
1590.500000,1053.675781
1591.000000,1054.939209
1591.500000,1056.836304
1592.000000,1059.985718
1592.500000,1064.024048
1593.000000,1068.379761
1593.500000,1072.662720
1594.000000,1076.882080
1594.500000,1080.796265
1595.000000,1083.369629
1595.500000,1083.682861
1596.000000,1081.645752
1596.500000,1078.694580
1597.000000,1076.885620
1597.500000,1077.023193
1598.000000,1077.501221
1598.500000,1075.367554
1599.000000,1069.333740
1599.500000,1059.322754
1600.000000,1048.272217
1600.500000,1039.163574
1601.000000,1033.242554
1601.500000,1029.510742
1602.000000,1025.813599
1602.500000,1020.134094
1603.000000,1011.048157
1603.500000,1000.312439
1604.000000,989.909180
1604.500000,981.282227
1605.000000,974.510925
1605.500000,968.140686
1606.000000,960.707581
1606.500000,952.348938
1607.000000,945.108154
1607.500000,941.765503
1608.000000,942.410828
1608.500000,946.276428
1609.000000,950.484253
1609.500000,952.622864
1610.000000,951.996582
1610.500000,948.870239
1611.000000,943.994507
1611.500000,938.733276
1612.000000,934.751892
1612.500000,933.075439
1613.000000,933.733093
1613.500000,934.432617
1614.000000,932.926697
1614.500000,928.983337
1615.000000,924.558411
1615.500000,922.684753
1616.000000,924.635193
1616.500000,929.215637
1617.000000,933.681763
1617.500000,936.413635
1618.000000,938.217529
1618.500000,940.429382
1619.000000,943.455505
1619.500000,946.249756
1620.000000,947.798157
1620.500000,948.468140
1621.000000,949.766052
1621.500000,952.731201
1622.000000,957.090393
1622.500000,960.628967
1623.000000,961.305054
1623.500000,959.300842
1624.000000,955.747620
1624.500000,952.242432
1625.000000,949.350647
1625.500000,946.160339
1626.000000,941.332520
1626.500000,933.685974
1627.000000,924.080933
1627.500000,913.892639
1628.000000,905.039429
1628.500000,898.829346
1629.000000,894.746216
1629.500000,891.544617
1630.000000,887.796936
1630.500000,882.545410
1631.000000,874.945007
1631.500000,865.172363
1632.000000,853.295044
1632.500000,840.697266
1633.000000,829.031616
1633.500000,819.606873
1634.000000,812.912720
1634.500000,808.112305
1635.000000,803.858643
1635.500000,799.839417
1636.000000,796.424988
1636.500000,794.221802
1637.000000,792.616882
1637.500000,790.424438
1638.000000,786.973022
1638.500000,782.403198
1639.000000,777.393738
1639.500000,772.137512
1640.000000,765.927734
1640.500000,758.141296
1641.000000,748.765869
1641.500000,739.083252
1642.000000,730.244629
1642.500000,722.516052
1643.000000,715.721619
1643.500000,709.523804
1644.000000,703.953125
1644.500000,699.112122
1645.000000,694.578064
1645.500000,689.589233
1646.000000,683.724243
1646.500000,677.009033
1647.000000,670.056641
1647.500000,662.991089
1648.000000,655.723999
1648.500000,648.647888
1649.000000,643.352234
1649.500000,641.693909
1650.000000,644.725586
1650.500000,650.187561
1651.000000,654.571350
1651.500000,655.098083
1652.000000,650.409363
1652.500000,643.440735
1653.000000,637.388245
1653.500000,633.741516
1654.000000,631.543091
1654.500000,628.830322
1655.000000,624.790833
1655.500000,620.928894
1656.000000,619.361572
1656.500000,621.207703
1657.000000,624.143372
1657.500000,624.309387
1658.000000,618.814697
1658.500000,608.671875
1659.000000,597.345703
1659.500000,588.855042
1660.000000,586.106140
1660.500000,587.602905
1661.000000,590.902161
1661.500000,592.912292
1662.000000,591.954407
1662.500000,588.350403
1663.000000,583.530212
1663.500000,579.604126
1664.000000,578.110535
1664.500000,579.592163
1665.000000,582.343079
1665.500000,584.007751
1666.000000,583.006592
1666.500000,578.944458
1667.000000,574.072998
1667.500000,570.537170
1668.000000,569.041748
1668.500000,568.329407
1669.000000,566.328918
1669.500000,562.347900
1670.000000,557.494751
1670.500000,554.031982
1671.000000,553.726929
1671.500000,555.804993
1672.000000,558.080200
1672.500000,558.171021
1673.000000,555.287781
1673.500000,550.060913
1674.000000,544.447205
1674.500000,540.380859
1675.000000,538.549805
1675.500000,539.071045
1676.000000,540.784363
1676.500000,542.563843
1677.000000,543.391724
1677.500000,542.660767
1678.000000,540.461731
1678.500000,537.397705
1679.000000,533.861267
1679.500000,530.312256
1680.000000,527.300476
1680.500000,525.369507
1681.000000,525.031433
1681.500000,525.893250
1682.000000,526.855835
1682.500000,526.502686
1683.000000,524.131592
1683.500000,520.357117
1684.000000,516.965515
1684.500000,515.835754
1685.000000,517.045776
1685.500000,520.022583
1686.000000,522.923035
1686.500000,524.226746
1687.000000,523.337708
1687.500000,520.566772
1688.000000,516.459595
1688.500000,511.964722
1689.000000,507.889740
1689.500000,504.781006
1690.000000,503.415924
1690.500000,503.772003
1691.000000,505.416840
1691.500000,506.875946
1692.000000,506.678253
1692.500000,504.155762
1693.000000,500.387848
1693.500000,497.293091
1694.000000,496.252869
1694.500000,497.342560
1695.000000,498.853119
1695.500000,499.298218
1696.000000,498.360840
1696.500000,496.712189
1697.000000,494.971985
1697.500000,492.879547
1698.000000,489.682037
1698.500000,485.679321
1699.000000,482.519165
1699.500000,481.800659
1700.000000,483.987427
1700.500000,487.069794
1701.000000,488.263184
1701.500000,485.647491
1702.000000,479.965698
1702.500000,473.566559
1703.000000,468.754303
1703.500000,467.109863
1704.000000,467.586670
1704.500000,468.913177
1705.000000,469.700928
1705.500000,469.506531
1706.000000,468.647125
1706.500000,467.585876
1707.000000,466.428406
1707.500000,465.132080
1708.000000,464.110077
1708.500000,464.251892
1709.000000,466.885132
1709.500000,471.576691
1710.000000,476.355072
1710.500000,478.796600
1711.000000,477.851196
1711.500000,474.526123
1712.000000,471.598267
1712.500000,471.367004
1713.000000,473.383575
1713.500000,476.501526
1714.000000,479.151611
1714.500000,480.502258
1715.000000,480.514160
1715.500000,479.057861
1716.000000,475.924164
1716.500000,471.573761
1717.000000,467.114532
1717.500000,463.882690
1718.000000,462.593353
1718.500000,462.162537
1719.000000,461.195465
1719.500000,458.712677
1720.000000,454.843781
1720.500000,450.895660
1721.000000,448.230225
1721.500000,447.716705
1722.000000,448.752380
1722.500000,450.202209
1723.000000,450.809723
1723.500000,449.962891
1724.000000,448.128052
1724.500000,445.863342
1725.000000,443.572876
1725.500000,441.353760
1726.000000,439.340088
1726.500000,437.735291
1727.000000,436.601227
1727.500000,435.236206
1728.000000,432.539948
1728.500000,428.446533
1729.000000,423.877686
1729.500000,420.708557
1730.000000,420.420624
1730.500000,422.856018
1731.000000,426.382660
1731.500000,429.347198
1732.000000,430.889618
1732.500000,430.676331
1733.000000,429.461212
1733.500000,427.478333
1734.000000,425.029297
1734.500000,422.509491
1735.000000,420.665039
1735.500000,420.154053
1736.000000,421.383881
1736.500000,423.543610
1737.000000,425.157623
1737.500000,424.908356
1738.000000,422.206665
1738.500000,418.234344
1739.000000,414.639740
1739.500000,412.723114
1740.000000,412.361053
1740.500000,412.515625
1741.000000,412.188721
1741.500000,411.100647
1742.000000,409.997833
1742.500000,409.707520
1743.000000,410.206360
1743.500000,410.846985
1744.000000,410.651337
1744.500000,408.952423
1745.000000,406.069916
1745.500000,403.096985
1746.000000,401.104340
1746.500000,400.193085
1747.000000,399.818115
1747.500000,399.009979
1748.000000,397.583832
1748.500000,396.334564
1749.000000,396.411163
1749.500000,398.354889
1750.000000,401.205597
1750.500000,403.565399
1751.000000,404.383209
1751.500000,402.698547
1752.000000,399.210693
1752.500000,394.520935
1753.000000,389.505157
1753.500000,384.902405
1754.000000,381.424072
1754.500000,379.550598
1755.000000,379.795349
1755.500000,381.804565
1756.000000,385.098907
1756.500000,388.064178
1757.000000,389.074707
1757.500000,387.801392
1758.000000,384.688721
1758.500000,381.150299
1759.000000,378.642120
1759.500000,377.955902
1760.000000,378.779572
1760.500000,380.523346
1761.000000,381.851929
1761.500000,381.445312
1762.000000,379.376038
1762.500000,376.492310
1763.000000,374.219574
1763.500000,373.192230
1764.000000,372.372437
1764.500000,370.330444
1765.000000,366.586823
1765.500000,362.824036
1766.000000,361.685089
1766.500000,363.355927
1767.000000,366.625092
1767.500000,369.153595
1768.000000,369.456512
1768.500000,367.966766
1769.000000,366.017639
1769.500000,364.212738
1770.000000,362.328369
1770.500000,359.798309
1771.000000,357.020203
1771.500000,355.061310
1772.000000,354.871674
1772.500000,356.976959
1773.000000,360.622528
1773.500000,364.175690
1774.000000,366.026184
1774.500000,365.493225
1775.000000,361.842896
1775.500000,356.482513
1776.000000,350.620361
1776.500000,345.790436
1777.000000,343.427917
1777.500000,343.806946
1778.000000,345.538971
1778.500000,346.707886
1779.000000,346.011505
1779.500000,343.299957
1780.000000,340.579437
1780.500000,339.726196
1781.000000,340.791779
1781.500000,342.758423
1782.000000,343.885437
1782.500000,343.364838
1783.000000,341.536285
1783.500000,339.485229
1784.000000,338.216187
1784.500000,337.806580
1785.000000,337.704498
1785.500000,337.004639
1786.000000,335.094849
1786.500000,332.500153
1787.000000,330.465942
1787.500000,329.917572
1788.000000,330.765198
1788.500000,332.184387
1789.000000,333.035889
1789.500000,332.520050
1790.000000,330.841217
1790.500000,328.229065
1791.000000,325.634613
1791.500000,324.205750
1792.000000,324.517853
1792.500000,326.100250
1793.000000,327.656311
1793.500000,328.113861
1794.000000,327.230560
1794.500000,325.762268
1795.000000,323.935425
1795.500000,321.716370
1796.000000,319.321228
1796.500000,317.523956
1797.000000,316.920837
1797.500000,317.033875
1798.000000,316.501587
1798.500000,314.727905
1799.000000,312.807831
1799.500000,312.425964
1800.000000,313.555176
1800.500000,314.957092
1801.000000,315.361481
1801.500000,314.520721
1802.000000,313.076263
1802.500000,311.665375
1803.000000,310.463745
1803.500000,309.549072
1804.000000,309.007629
1804.500000,308.226685
1805.000000,306.421936
1805.500000,303.986328
1806.000000,302.727844
1806.500000,304.016724
1807.000000,306.469330
1807.500000,307.045715
1808.000000,304.320282
1808.500000,299.795288
1809.000000,297.231720
1809.500000,298.284637
1810.000000,300.935547
