440.000000,1009.283936
440.500000,1014.846863
441.000000,1020.835876
441.500000,1026.190552
442.000000,1030.294312
442.500000,1032.399902
443.000000,1032.547607
443.500000,1030.642944
444.000000,1027.230103
444.500000,1022.897217
445.000000,1018.006165
445.500000,1012.984619
446.000000,1008.252686
446.500000,1004.130615
447.000000,1000.968994
447.500000,998.687805
448.000000,997.133667
448.500000,995.722595
449.000000,993.581055
449.500000,990.044067
450.000000,985.125305
450.500000,979.067200
451.000000,972.927856
451.500000,968.181091
452.000000,965.248535
452.500000,964.276184
453.000000,964.472107
453.500000,964.787659
454.000000,964.149536
454.500000,962.489075
455.000000,960.311035
455.500000,958.532654
456.000000,958.238586
456.500000,959.595703
457.000000,962.125793
457.500000,964.686768
458.000000,966.265625
458.500000,966.263306
459.000000,964.755188
459.500000,962.614380
460.000000,960.937866
460.500000,960.742981
461.000000,962.121460
461.500000,965.269287
462.000000,969.397095
462.500000,973.731506
463.000000,977.650330
463.500000,980.654297
464.000000,982.205017
464.500000,982.124451
465.000000,980.213684
465.500000,977.055054
466.000000,972.973572
466.500000,968.712036
467.000000,964.908325
467.500000,961.637268
468.000000,958.553711
468.500000,955.119568
469.000000,950.937683
469.500000,945.811157
470.000000,940.478394
470.500000,935.986694
471.000000,932.989685
471.500000,932.208679
472.000000,933.517822
472.500000,936.310486
473.000000,939.564575
473.500000,942.454163
474.000000,944.337036
474.500000,945.159180
475.000000,944.847290
475.500000,944.238037
476.000000,943.861206
476.500000,944.017517
477.000000,944.691223
477.500000,945.318176
478.000000,945.015625
478.500000,943.100952
479.000000,939.757080
479.500000,935.421570
480.000000,931.411682
480.500000,929.356018
481.000000,929.508606
481.500000,931.710632
482.000000,934.883789
482.500000,937.640686
483.000000,938.532349
483.500000,937.455261
484.000000,934.632629
484.500000,931.157104
485.000000,927.885864
485.500000,925.386780
486.000000,923.658020
486.500000,922.143921
487.000000,920.383179
487.500000,918.203735
488.000000,915.918396
488.500000,914.458679
489.000000,914.392944
489.500000,916.380127
490.000000,919.850830
490.500000,924.236694
491.000000,928.403748
491.500000,931.411316
492.000000,932.958679
492.500000,933.203857
493.000000,932.285156
493.500000,930.567566
494.000000,927.892090
494.500000,924.490295
495.000000,920.414246
495.500000,916.129211
496.000000,912.244873
496.500000,909.423889
497.000000,907.903992
497.500000,907.653381
498.000000,908.334351
498.500000,910.026978
499.000000,912.729614
499.500000,917.138245
500.000000,923.120117
500.500000,930.562195
501.000000,938.731812
501.500000,946.696777
502.000000,953.494507
502.500000,958.989441
503.000000,963.499756
503.500000,967.875427
504.000000,972.926025
504.500000,979.000732
505.000000,986.127258
505.500000,993.585938
506.000000,1000.700256
506.500000,1006.921143
507.000000,1012.009827
507.500000,1015.641113
508.000000,1018.023376
508.500000,1018.762207
509.000000,1017.939575
509.500000,1015.091980
510.000000,1010.435364
510.500000,1004.352844
511.000000,997.879395
511.500000,991.885681
512.000000,986.945190
512.500000,982.909790
513.000000,979.300354
513.500000,975.212341
514.000000,970.167297
514.500000,964.565125
515.000000,959.286072
515.500000,955.460999
516.000000,954.255310
516.500000,955.778076
517.000000,958.978516
517.500000,962.828613
518.000000,966.109802
518.500000,967.787781
519.000000,967.914612
519.500000,967.066895
520.000000,966.067749
520.500000,965.561890
521.000000,965.876465
521.500000,966.852112
522.000000,968.002258
522.500000,968.810364
523.000000,968.877869
523.500000,968.297607
524.000000,967.171265
524.500000,965.808655
525.000000,964.398682
525.500000,962.959290
526.000000,961.457397
526.500000,959.908997
527.000000,958.439819
527.500000,957.339783
528.000000,956.582886
528.500000,956.040588
529.000000,955.412109
529.500000,954.475403
530.000000,953.340637
530.500000,952.616211
531.000000,953.085022
531.500000,954.951843
532.000000,958.242493
532.500000,961.989624
533.000000,965.009583
533.500000,966.642395
534.000000,967.015686
534.500000,967.030151
535.000000,967.753723
535.500000,969.975586
536.000000,973.535034
536.500000,977.355408
537.000000,980.258362
537.500000,981.294678
538.000000,980.866699
538.500000,979.821594
539.000000,979.714783
539.500000,981.653015
540.000000,985.738037
540.500000,991.070129
541.000000,996.390625
541.500000,1000.417725
542.000000,1001.645386
542.500000,1000.806824
543.000000,998.408508
543.500000,995.601135
544.000000,993.331482
544.500000,992.187622
545.000000,992.113831
545.500000,992.589905
546.000000,992.953979
546.500000,992.601746
547.000000,991.420227
547.500000,989.329834
548.000000,986.848206
548.500000,984.600769
549.000000,983.080566
549.500000,982.561035
550.000000,983.072388
550.500000,984.141113
551.000000,985.095825
551.500000,985.507751
552.000000,985.305664
552.500000,985.091370
553.000000,985.877930
553.500000,988.760132
554.000000,994.377075
554.500000,1002.372681
555.000000,1011.588440
555.500000,1020.823486
556.000000,1029.068604
556.500000,1035.474609
557.000000,1040.594238
557.500000,1045.035889
558.000000,1049.306641
558.500000,1053.366943
559.000000,1056.623291
559.500000,1058.075073
560.000000,1056.576660
560.500000,1052.628174
561.000000,1046.624756
561.500000,1040.273071
562.000000,1035.181396
562.500000,1032.441650
563.000000,1032.236206
563.500000,1033.228271
564.000000,1033.614624
564.500000,1031.496216
565.000000,1026.100464
565.500000,1016.551331
566.000000,1004.571228
566.500000,991.790222
567.000000,979.731323
567.500000,969.431152
568.000000,961.078186
568.500000,954.417908
569.000000,949.066956
569.500000,944.547791
570.000000,941.026367
570.500000,938.430420
571.000000,936.910217
571.500000,935.982788
572.000000,934.939819
572.500000,933.110596
573.000000,930.208435
573.500000,926.455078
574.000000,922.561462
574.500000,919.419983
575.000000,917.462891
575.500000,916.527649
576.000000,915.557373
576.500000,913.400208
577.000000,909.468811
577.500000,903.729736
578.000000,897.208008
578.500000,891.571533
579.000000,888.153564
579.500000,886.976929
580.000000,887.889160
580.500000,889.441101
581.000000,890.359497
581.500000,890.065186
582.000000,888.687988
582.500000,886.849121
583.000000,885.200684
583.500000,884.190552
584.000000,883.851257
584.500000,884.061646
585.000000,884.390564
585.500000,884.435181
586.000000,883.827820
586.500000,882.094116
587.000000,879.147095
587.500000,875.481812
588.000000,872.342163
588.500000,870.905701
589.000000,872.229370
589.500000,875.614441
590.000000,879.794495
590.500000,882.353210
591.000000,881.262756
591.500000,876.848572
592.000000,870.617676
592.500000,864.980408
593.000000,862.013916
593.500000,863.080994
594.000000,866.609741
594.500000,870.423462
595.000000,872.721863
595.500000,872.512390
596.000000,870.628784
596.500000,868.635681
597.000000,868.429688
597.500000,870.647705
598.000000,875.063354
598.500000,880.369934
599.000000,885.285034
599.500000,888.948364
600.000000,890.640991
600.500000,891.014160
601.000000,890.801331
601.500000,890.836975
602.000000,891.787048
602.500000,894.067505
603.000000,897.507263
603.500000,901.718262
604.000000,905.808838
604.500000,908.982849
605.000000,910.932007
605.500000,911.348022
606.000000,910.471863
606.500000,908.623291
607.000000,906.316711
607.500000,903.982056
608.000000,901.923279
608.500000,900.265320
609.000000,899.214783
609.500000,898.758057
610.000000,899.178101
610.500000,900.607666
611.000000,903.394958
611.500000,907.752136
612.000000,913.557190
612.500000,920.560059
613.000000,927.935364
613.500000,934.800171
614.000000,940.792236
614.500000,945.689148
615.000000,949.846558
615.500000,953.578369
616.000000,957.128174
616.500000,960.450134
617.000000,963.265137
617.500000,965.409302
618.000000,966.630310
618.500000,967.107056
619.000000,966.783936
619.500000,965.816528
620.000000,964.212891
620.500000,962.138794
621.000000,959.766479
621.500000,957.241638
622.000000,954.615784
622.500000,951.716003
623.000000,948.361084
623.500000,944.558533
624.000000,940.934998
624.500000,938.595459
625.000000,938.464233
625.500000,941.175720
626.000000,946.404236
626.500000,952.373352
627.000000,956.707214
627.500000,958.135376
628.000000,955.494202
628.500000,950.345520
629.000000,944.305542
629.500000,939.600342
630.000000,937.739990
630.500000,938.464539
631.000000,940.562134
631.500000,942.778320
632.000000,944.330688
632.500000,945.191223
633.000000,946.323608
633.500000,948.788696
634.000000,952.472961
634.500000,956.555176
635.000000,959.658813
635.500000,960.592102
636.000000,958.786743
636.500000,955.127441
637.000000,951.086365
637.500000,947.899170
638.000000,946.202393
638.500000,945.439514
639.000000,944.838135
639.500000,943.612549
640.000000,941.399963
640.500000,938.514893
641.000000,935.459412
641.500000,932.505066
642.000000,929.637024
642.500000,926.646667
643.000000,923.376282
643.500000,919.804321
644.000000,916.240479
644.500000,913.075195
645.000000,910.692749
645.500000,909.350464
646.000000,909.351135
646.500000,910.468323
647.000000,912.519470
647.500000,914.591431
648.000000,915.963379
648.500000,916.404480
649.000000,916.127563
649.500000,915.917725
650.000000,916.709717
650.500000,919.226440
651.000000,922.805359
651.500000,926.488464
652.000000,929.284729
652.500000,930.471924
653.000000,930.489197
653.500000,930.131042
654.000000,930.444031
654.500000,931.914612
655.000000,934.493103
655.500000,937.741699
656.000000,941.452576
656.500000,945.452026
657.000000,949.772522
657.500000,954.101746
658.000000,957.628418
658.500000,959.489441
659.000000,958.846069
659.500000,955.328430
660.000000,949.425110
660.500000,941.690979
661.000000,933.395203
661.500000,925.610107
662.000000,918.858948
662.500000,913.601013
663.000000,909.628845
663.500000,906.646118
664.000000,904.164307
664.500000,901.788696
665.000000,899.542969
665.500000,897.752563
666.000000,896.978760
666.500000,897.117188
667.000000,897.837524
667.500000,898.274231
668.000000,897.538879
668.500000,895.484497
669.000000,892.906982
669.500000,890.866516
670.000000,890.060669
670.500000,890.865295
671.000000,892.567200
671.500000,894.548462
672.000000,896.349976
672.500000,898.090149
673.000000,900.006775
673.500000,901.994141
674.000000,903.482056
674.500000,903.835938
675.000000,902.547791
675.500000,900.326721
676.000000,898.410950
676.500000,897.570129
677.000000,897.750549
677.500000,897.769653
678.000000,896.142151
678.500000,892.055725
679.000000,886.232178
679.500000,880.759644
680.000000,877.512634
680.500000,877.837830
681.000000,880.306641
681.500000,883.248901
682.000000,884.798340
682.500000,883.970398
683.000000,881.395691
683.500000,878.804626
684.000000,877.515686
684.500000,877.653687
685.000000,878.799072
685.500000,879.869812
686.000000,880.118530
686.500000,879.620667
687.000000,878.960693
687.500000,878.782471
688.000000,879.345215
688.500000,880.587036
689.000000,882.195740
689.500000,884.023621
690.000000,886.004639
690.500000,888.262207
691.000000,890.742554
691.500000,893.359497
692.000000,896.000916
692.500000,898.623291
693.000000,901.193481
693.500000,903.550415
694.000000,905.121765
694.500000,905.281860
695.000000,903.105225
695.500000,899.037781
696.000000,893.622131
696.500000,888.188660
697.000000,883.955750
697.500000,881.472656
698.000000,880.274902
698.500000,879.180542
699.000000,877.222229
699.500000,874.063477
700.000000,870.622986
700.500000,868.237671
701.000000,867.849426
701.500000,870.003906
702.000000,874.115112
702.500000,878.891907
703.000000,883.258972
703.500000,886.645386
704.000000,888.474670
704.500000,888.747375
705.000000,886.749512
705.500000,882.541443
706.000000,876.124695
706.500000,868.916992
707.000000,862.671570
707.500000,859.042297
708.000000,858.539612
708.500000,861.268250
709.000000,865.625854
709.500000,870.351685
710.000000,874.407776
710.500000,877.554993
711.000000,880.132019
711.500000,882.372375
712.000000,884.290100
712.500000,885.773438
713.000000,886.685974
713.500000,887.220581
714.000000,887.571716
714.500000,887.848816
715.000000,887.815125
715.500000,887.267212
716.000000,886.173523
716.500000,884.886658
717.000000,883.901367
717.500000,883.459412
718.000000,883.031494
718.500000,881.459656
719.000000,878.266663
719.500000,873.330017
720.000000,867.880859
720.500000,863.420776
721.000000,860.975525
721.500000,860.577576
722.000000,861.317810
722.500000,861.896851
723.000000,862.022949
723.500000,862.454407
724.000000,864.645325
724.500000,869.139160
725.000000,876.000427
725.500000,883.911926
726.000000,891.300232
726.500000,897.470703
727.000000,903.090820
727.500000,909.583435
728.000000,918.063049
728.500000,929.757507
729.000000,943.997131
729.500000,960.457520
730.000000,978.221252
730.500000,996.668945
731.000000,1015.175537
731.500000,1032.891113
732.000000,1048.506348
732.500000,1061.302368
733.000000,1069.947632
733.500000,1075.323730
734.000000,1077.593994
734.500000,1077.896118
735.000000,1076.344238
735.500000,1072.472900
736.000000,1065.607300
736.500000,1055.139893
737.000000,1041.891602
737.500000,1026.705322
738.000000,1011.309875
738.500000,996.828613
739.000000,983.080566
739.500000,969.256592
740.000000,954.453735
740.500000,938.303650
741.000000,921.270081
741.500000,904.596313
742.000000,889.896545
742.500000,877.882996
743.000000,869.149841
743.500000,862.520447
744.000000,857.491821
744.500000,853.468201
745.000000,850.359802
745.500000,848.236633
746.000000,846.927063
746.500000,845.998718
747.000000,844.647644
747.500000,842.123535
748.000000,838.691956
748.500000,834.957520
749.000000,831.893982
749.500000,830.346436
750.000000,830.511597
750.500000,831.896851
751.000000,833.759033
751.500000,835.341431
752.000000,836.326172
752.500000,836.956055
753.000000,837.457764
753.500000,838.019958
754.000000,838.684448
754.500000,839.424438
755.000000,840.245972
755.500000,841.149536
756.000000,841.909241
756.500000,841.847534
757.000000,840.409729
757.500000,836.736938
758.000000,831.258301
758.500000,824.742920
759.000000,818.685242
759.500000,814.548584
760.000000,813.209412
760.500000,813.908508
761.000000,815.492371
761.500000,816.541016
762.000000,815.911011
762.500000,813.692261
763.000000,810.090881
763.500000,805.884033
764.000000,801.705688
764.500000,798.061035
765.000000,795.268616
765.500000,793.817139
766.000000,793.857849
766.500000,796.012817
767.000000,799.841797
767.500000,805.163147
768.000000,811.082214
768.500000,816.700439
769.000000,821.196167
769.500000,824.263245
770.000000,825.938843
770.500000,826.841919
771.000000,827.506775
771.500000,828.402649
772.000000,829.653870
772.500000,830.924561
773.000000,831.669678
773.500000,831.499451
774.000000,830.502563
774.500000,829.146057
775.000000,828.022827
775.500000,827.598999
776.000000,827.833435
776.500000,828.713379
777.000000,830.040283
777.500000,831.997314
778.000000,834.818115
778.500000,838.628418
779.000000,843.175903
779.500000,847.958496
780.000000,852.617249
780.500000,857.140015
781.000000,861.799744
781.500000,866.743713
782.000000,871.629639
782.500000,875.452698
783.000000,876.752869
783.500000,874.905884
784.000000,870.448059
784.500000,864.507690
785.000000,858.725647
785.500000,854.345154
786.000000,851.323364
786.500000,849.318359
787.000000,847.458496
787.500000,845.145813
788.000000,842.243713
788.500000,838.802551
789.000000,834.871521
789.500000,830.713013
790.000000,826.945618
790.500000,824.410767
791.000000,824.595703
791.500000,827.749573
792.000000,833.922852
792.500000,841.609863
793.000000,849.000854
793.500000,854.879150
794.000000,859.136475
794.500000,862.243835
795.000000,865.378784
795.500000,869.789185
796.000000,876.121460
796.500000,885.498474
797.000000,898.463135
797.500000,915.465393
798.000000,935.951904
798.500000,958.216858
799.000000,980.018250
799.500000,999.350464
800.000000,1014.074890
800.500000,1025.026978
801.000000,1032.857544
801.500000,1039.543823
802.000000,1046.423462
802.500000,1053.839722
803.000000,1061.238647
803.500000,1067.669922
804.000000,1072.477539
804.500000,1074.677490
805.000000,1074.368652
805.500000,1070.716675
806.000000,1063.935425
806.500000,1053.649170
807.000000,1040.227539
807.500000,1024.504517
808.000000,1007.320374
808.500000,989.629822
809.000000,972.034851
809.500000,954.858948
810.000000,938.362244
810.500000,922.491699
811.000000,907.371582
811.500000,893.023743
812.000000,879.670227
812.500000,867.571960
813.000000,856.937744
813.500000,848.306091
814.000000,841.537415
814.500000,836.988159
815.000000,833.945435
815.500000,832.021606
816.000000,830.422974
816.500000,828.441162
817.000000,825.478577
817.500000,821.292969
818.000000,815.909485
818.500000,809.989319
819.000000,804.519714
819.500000,800.501526
820.000000,799.262390
820.500000,800.823242
821.000000,804.791809
821.500000,809.659912
822.000000,813.550781
822.500000,814.832031
823.000000,813.702759
823.500000,810.939453
824.000000,808.323425
824.500000,807.237793
825.000000,807.672729
825.500000,808.837524
826.000000,809.336426
826.500000,808.173462
827.000000,805.335083
827.500000,802.005310
828.000000,799.619507
828.500000,798.559692
829.000000,798.469238
829.500000,798.067261
830.000000,796.261414
830.500000,793.056274
831.000000,789.376282
831.500000,786.728516
832.000000,786.228943
832.500000,788.384827
833.000000,791.988770
833.500000,795.492859
834.000000,797.715149
834.500000,798.037964
835.000000,797.178040
835.500000,796.269226
836.000000,796.490723
836.500000,798.393311
837.000000,801.761719
837.500000,805.310486
838.000000,807.279358
838.500000,806.801453
839.000000,803.581360
839.500000,799.139160
840.000000,795.171753
840.500000,792.994873
841.000000,792.897644
841.500000,794.149658
842.000000,795.283325
842.500000,794.977173
843.000000,793.119385
843.500000,789.995239
844.000000,786.711609
844.500000,784.024109
845.000000,782.109802
845.500000,780.905029
846.000000,780.345398
846.500000,780.387634
847.000000,781.062622
847.500000,781.977478
848.000000,782.409424
848.500000,781.719238
849.000000,779.273499
849.500000,775.411316
850.000000,770.971191
850.500000,766.946655
851.000000,763.955933
851.500000,762.271973
852.000000,761.514587
852.500000,761.533875
853.000000,762.027466
853.500000,763.151489
854.000000,764.978760
854.500000,767.588013
855.000000,770.667114
855.500000,773.505737
856.000000,775.203857
856.500000,775.346313
857.000000,773.658630
857.500000,771.068420
858.000000,768.561279
858.500000,766.983643
859.000000,766.691467
859.500000,767.142334
860.000000,767.465271
860.500000,767.040710
861.000000,766.083008
861.500000,765.533020
862.000000,766.168640
862.500000,768.496887
863.000000,771.743591
863.500000,775.056580
864.000000,777.742432
864.500000,779.626038
865.000000,780.960632
865.500000,782.033752
866.000000,782.726746
866.500000,782.805481
867.000000,781.987976
867.500000,780.948975
868.000000,780.821472
868.500000,782.494446
869.000000,786.484497
869.500000,792.339478
870.000000,798.922974
870.500000,804.923584
871.000000,809.367065
871.500000,811.168640
872.000000,810.734436
872.500000,808.418823
873.000000,805.881653
873.500000,805.206299
874.000000,807.833191
874.500000,814.004822
875.000000,822.670837
875.500000,831.466003
876.000000,837.974548
876.500000,841.463013
877.000000,841.557495
877.500000,839.792969
878.000000,837.111572
878.500000,834.045959
879.000000,830.423645
879.500000,825.938721
880.000000,820.918945
880.500000,816.137878
881.000000,812.307983
881.500000,810.031860
882.000000,808.809937
882.500000,808.074402
883.000000,807.022278
883.500000,804.905457
884.000000,801.125854
884.500000,795.435303
885.000000,787.824951
885.500000,779.507812
886.000000,772.613342
886.500000,768.670410
887.000000,768.950623
887.500000,771.993530
888.000000,775.398560
888.500000,776.481079
889.000000,773.823120
889.500000,767.554016
890.000000,759.811096
890.500000,752.599915
891.000000,746.846924
891.500000,742.518799
892.000000,738.554138
892.500000,734.506958
893.000000,730.902283
893.500000,728.736816
894.000000,728.567078
894.500000,729.588928
895.000000,730.239075
895.500000,729.111206
896.000000,725.232727
896.500000,719.830688
897.000000,714.672913
897.500000,711.534546
898.000000,711.386169
898.500000,713.895813
899.000000,717.538269
899.500000,720.692993
900.000000,722.459961
900.500000,722.220276
901.000000,720.635437
901.500000,718.137512
902.000000,715.409485
902.500000,712.917297
903.000000,710.927734
903.500000,709.488708
904.000000,708.530090
904.500000,707.749084
905.000000,706.847656
905.500000,705.709717
906.000000,704.570068
906.500000,704.044373
907.000000,704.970276
907.500000,707.689636
908.000000,711.792053
908.500000,716.128540
909.000000,719.239807
909.500000,719.742981
910.000000,718.129578
910.500000,715.457764
911.000000,713.664429
911.500000,714.278198
912.000000,717.174377
912.500000,720.901794
913.000000,723.267273
913.500000,723.032227
914.000000,719.990967
914.500000,715.885620
915.000000,712.536377
915.500000,710.939331
916.000000,711.340576
916.500000,712.680725
917.000000,713.781982
917.500000,713.891785
918.000000,713.082581
918.500000,711.931946
919.000000,711.218933
919.500000,711.639771
920.000000,713.061890
920.500000,715.290100
921.000000,717.802429
921.500000,720.279175
922.000000,722.570251
922.500000,724.646667
923.000000,726.453369
923.500000,727.932251
924.000000,728.892456
924.500000,729.446655
925.000000,729.850586
925.500000,730.617004
926.000000,732.279846
926.500000,734.881409
927.000000,737.898743
927.500000,740.364502
928.000000,741.556458
928.500000,741.257812
929.000000,740.427673
929.500000,740.194641
930.000000,741.095215
930.500000,742.915771
931.000000,744.493042
931.500000,744.623535
932.000000,742.948242
932.500000,740.515869
933.000000,739.205872
933.500000,740.334351
934.000000,744.768127
934.500000,750.706482
935.000000,755.947266
935.500000,758.653137
936.000000,758.368042
936.500000,756.291443
937.000000,754.255554
937.500000,753.609924
938.000000,754.361206
938.500000,756.016479
939.000000,757.647583
939.500000,758.948730
940.000000,760.217224
940.500000,761.869873
941.000000,763.919495
941.500000,765.875000
942.000000,767.061584
942.500000,767.295715
943.000000,766.771912
943.500000,766.253479
944.000000,766.295898
944.500000,766.873291
945.000000,767.814575
945.500000,768.976440
946.000000,770.542114
946.500000,772.925903
947.000000,776.351318
947.500000,780.978577
948.000000,786.330872
948.500000,791.976135
949.000000,797.291321
949.500000,801.540710
950.000000,804.253723
950.500000,805.104919
951.000000,804.353699
951.500000,802.915771
952.000000,801.798767
952.500000,801.412415
953.000000,801.468994
953.500000,801.044067
954.000000,799.311584
954.500000,796.422729
955.000000,793.000183
955.500000,789.735413
956.000000,786.695801
956.500000,783.256042
957.000000,778.834351
957.500000,773.341858
958.000000,768.013916
958.500000,764.757080
959.000000,764.493347
959.500000,767.423401
960.000000,772.044495
960.500000,776.260193
961.000000,778.350098
961.500000,778.019470
962.000000,775.458435
962.500000,772.069641
963.000000,768.972839
963.500000,766.892395
964.000000,766.245117
964.500000,766.759827
965.000000,767.996277
965.500000,769.489563
966.000000,770.904480
966.500000,772.087219
967.000000,773.055054
967.500000,773.792175
968.000000,774.422485
968.500000,775.139648
969.000000,776.150879
969.500000,777.479858
970.000000,778.696350
970.500000,779.103271
971.000000,778.067200
971.500000,775.910095
972.000000,773.384644
972.500000,771.552979
973.000000,771.126221
973.500000,771.708008
974.000000,772.547668
974.500000,772.907837
975.000000,772.525513
975.500000,771.495667
976.000000,770.150696
976.500000,768.751465
977.000000,767.710327
977.500000,767.853149
978.000000,769.543701
978.500000,772.719177
979.000000,776.203064
979.500000,778.762634
980.000000,780.434692
980.500000,782.830505
981.000000,787.975891
981.500000,795.301147
982.000000,801.942200
982.500000,804.564941
983.000000,801.633362
983.500000,796.736938
984.000000,795.396118
984.500000,800.489685
985.000000,808.378540
985.500000,811.127686
986.000000,804.926453
986.500000,794.350525
987.000000,795.225281
987.500000,828.149475
988.000000,894.741516
988.500000,979.873352
989.000000,1050.571411
989.500000,1074.737671
990.000000,1037.054565
990.500000,960.637024
991.000000,875.749451
991.500000,813.100342
992.000000,790.387146
992.500000,795.846252
993.000000,813.588623
993.500000,828.902039
994.000000,838.039062
994.500000,845.799805
995.000000,858.075317
995.500000,876.601013
996.000000,896.331421
996.500000,911.593445
997.000000,921.177551
997.500000,926.651855
998.000000,931.257324
998.500000,935.702393
999.000000,937.730591
999.500000,934.852356
1000.000000,925.762756
1000.500000,913.543396
1001.000000,901.351318
1001.500000,890.840759
1002.000000,881.504211
1002.500000,871.448792
1003.000000,859.264954
1003.500000,844.916870
1004.000000,829.418152
1004.500000,813.751587
1005.000000,798.650574
1005.500000,785.029846
1006.000000,773.367188
1006.500000,764.721313
1007.000000,758.682373
1007.500000,754.306458
1008.000000,750.030212
1008.500000,744.905823
1009.000000,739.257202
1009.500000,734.474854
1010.000000,732.356384
1010.500000,732.837952
1011.000000,735.375061
1011.500000,738.195557
1012.000000,740.106201
1012.500000,741.007019
1013.000000,741.546814
1013.500000,742.371277
1014.000000,743.549561
1014.500000,744.631531
1015.000000,745.171814
1015.500000,745.102051
1016.000000,745.157654
1016.500000,746.374573
1017.000000,749.222412
1017.500000,753.404663
1018.000000,757.738159
1018.500000,760.795715
1019.000000,761.440002
1019.500000,760.174377
1020.000000,757.930115
1020.500000,756.251709
1021.000000,756.083496
1021.500000,757.003662
1022.000000,757.835754
1022.500000,757.285461
1023.000000,754.869385
1023.500000,750.993652
1024.000000,747.031738
1024.500000,744.398376
1025.000000,743.447083
1025.500000,744.251343
1026.000000,746.058777
1026.500000,748.511597
1027.000000,751.453918
1027.500000,754.831787
1028.000000,758.380798
1028.500000,761.498962
1029.000000,763.298523
1029.500000,763.621948
1030.000000,762.417664
1030.500000,760.590454
1031.000000,758.946350
1031.500000,757.979614
1032.000000,757.684509
1032.500000,757.629517
1033.000000,757.202332
1033.500000,755.759949
1034.000000,753.190491
1034.500000,749.350464
1035.000000,744.936707
1035.500000,740.776428
1036.000000,737.636597
1036.500000,735.800842
1037.000000,734.626709
1037.500000,732.822083
1038.000000,729.150635
1038.500000,723.864624
1039.000000,718.267944
1039.500000,714.383545
1040.000000,713.825378
1040.500000,715.771912
1041.000000,718.345947
1041.500000,719.449829
1042.000000,718.360168
1042.500000,716.033997
1043.000000,714.609680
1043.500000,716.200684
1044.000000,720.493958
1044.500000,726.408691
1045.000000,731.696228
1045.500000,734.543396
1046.000000,734.551758
1046.500000,732.399048
1047.000000,729.308838
1047.500000,726.574585
1048.000000,725.038025
1048.500000,724.508362
1049.000000,724.482056
1049.500000,724.073303
1050.000000,722.627625
1050.500000,720.248291
1051.000000,717.536682
1051.500000,715.241455
1052.000000,713.677063
1052.500000,712.679016
1053.000000,711.699219
1053.500000,710.526794
1054.000000,709.557373
1054.500000,709.599915
1055.000000,710.975830
1055.500000,713.448059
1056.000000,716.163391
1056.500000,718.380615
1057.000000,720.027039
1057.500000,721.802368
1058.000000,724.753784
1058.500000,729.106628
1059.000000,734.782959
1059.500000,740.791626
1060.000000,746.086792
1060.500000,749.954346
1061.000000,752.255859
1061.500000,753.387085
1062.000000,754.386902
1062.500000,756.432678
1063.000000,760.002197
1063.500000,765.414246
1064.000000,771.983826
1064.500000,779.556641
1065.000000,788.529541
1065.500000,800.114746
1066.000000,815.541443
1066.500000,834.376282
1067.000000,855.040405
1067.500000,874.419373
1068.000000,888.973877
1068.500000,898.115662
1069.000000,901.419800
1069.500000,900.674377
1070.000000,897.243835
1070.500000,892.258301
1071.000000,886.851746
1071.500000,882.388855
1072.000000,879.994873
1072.500000,880.933899
1073.000000,884.005005
1073.500000,887.681213
1074.000000,890.201599
1074.500000,890.889465
1075.000000,890.585510
1075.500000,890.618103
1076.000000,891.454895
1076.500000,891.966492
1077.000000,889.766418
1077.500000,883.968750
1078.000000,874.194702
1078.500000,862.637451
1079.000000,851.327087
1079.500000,841.345154
1080.000000,832.250061
1080.500000,822.657532
1081.000000,811.527527
1081.500000,798.695862
1082.000000,785.675964
1082.500000,774.567139
1083.000000,766.414185
1083.500000,761.789978
1084.000000,759.596497
1084.500000,758.574768
1085.000000,757.896729
1085.500000,757.492065
1086.000000,757.896851
1086.500000,759.167908
1087.000000,760.708496
1087.500000,761.207825
1088.000000,759.307312
1088.500000,755.265198
1089.000000,750.572327
1089.500000,747.533508
1090.000000,747.768005
1090.500000,751.759521
1091.000000,757.660034
1091.500000,763.397095
1092.000000,767.402405
1092.500000,768.810730
1093.000000,768.333618
1093.500000,766.626282
1094.000000,764.282715
1094.500000,761.589722
1095.000000,758.762939
1095.500000,756.231079
1096.000000,754.798767
1096.500000,754.877747
1097.000000,757.159424
1097.500000,761.267761
1098.000000,766.849609
1098.500000,772.991638
1099.000000,778.685303
1099.500000,783.022888
1100.000000,785.716614
1100.500000,786.717163
1101.000000,786.899414
1101.500000,786.949768
1102.000000,787.350647
1102.500000,788.137939
1103.000000,788.897034
1103.500000,789.043335
1104.000000,788.046631
1104.500000,785.713196
1105.000000,782.023254
1105.500000,777.768372
1106.000000,774.153442
1106.500000,772.248718
1107.000000,773.214050
1107.500000,776.755249
1108.000000,782.237366
1108.500000,788.674744
1109.000000,795.467468
1109.500000,802.684326
1110.000000,810.524292
1110.500000,819.076111
1111.000000,827.702332
1111.500000,835.552002
1112.000000,842.256042
1112.500000,847.828552
1113.000000,852.771912
1113.500000,857.402771
1114.000000,861.485901
1114.500000,864.498657
1115.000000,865.568481
1115.500000,864.789001
1116.000000,861.998901
1116.500000,857.899231
1117.000000,852.782715
1117.500000,847.068604
1118.000000,841.063049
1118.500000,834.985840
1119.000000,828.877014
1119.500000,822.501648
1120.000000,815.631958
1120.500000,808.095398
1121.000000,800.363770
1121.500000,793.212036
1122.000000,787.285278
1122.500000,782.922363
1123.000000,779.847168
1123.500000,777.412659
1124.000000,775.217957
1124.500000,773.247742
1125.000000,772.179504
1125.500000,772.501953
1126.000000,774.906006
1126.500000,779.011780
1127.000000,784.219604
1127.500000,789.630554
1128.000000,794.595337
1128.500000,798.857849
1129.000000,802.549316
1129.500000,805.485413
1130.000000,807.444214
1130.500000,807.684082
1131.000000,806.377014
1131.500000,804.186218
1132.000000,802.484314
1132.500000,802.397705
1133.000000,804.080261
1133.500000,806.362427
1134.000000,807.760986
1134.500000,807.732605
1135.000000,806.594849
1135.500000,805.702393
1136.000000,806.020447
1136.500000,807.305298
1137.000000,808.552368
1137.500000,808.793152
1138.000000,807.930237
1138.500000,806.443848
1139.000000,804.976196
1139.500000,803.474854
1140.000000,801.425415
1140.500000,798.331238
1141.000000,794.636963
1141.500000,791.382751
1142.000000,789.606018
1142.500000,789.650269
1143.000000,791.396973
1143.500000,794.177673
1144.000000,798.008972
1144.500000,802.795166
1145.000000,808.682495
1145.500000,815.046692
1146.000000,820.938354
1146.500000,825.454041
1147.000000,828.114136
1147.500000,828.813477
1148.000000,828.102722
1148.500000,826.367676
1149.000000,824.520874
1149.500000,823.729553
1150.000000,824.849731
1150.500000,828.661926
1151.000000,834.616760
1151.500000,841.456482
1152.000000,847.701965
1152.500000,852.557190
1153.000000,856.055176
1153.500000,859.394287
1154.000000,864.072937
1154.500000,870.784668
1155.000000,880.105591
1155.500000,891.472961
1156.000000,904.247986
1156.500000,917.692688
1157.000000,931.180176
1157.500000,944.255615
1158.000000,956.655273
1158.500000,967.802307
1159.000000,977.639465
1159.500000,985.899658
1160.000000,993.127441
1160.500000,999.920105
1161.000000,1006.625183
1161.500000,1012.704407
1162.000000,1016.545715
1162.500000,1016.911194
1163.000000,1012.539185
1163.500000,1005.407349
1164.000000,997.901184
1164.500000,992.515198
1165.000000,990.490234
1165.500000,990.747253
1166.000000,991.211426
1166.500000,990.127747
1167.000000,987.246094
1167.500000,983.228821
1168.000000,979.430054
1168.500000,976.829834
1169.000000,975.416809
1169.500000,975.060852
1170.000000,975.298218
1170.500000,975.729370
1171.000000,975.998535
1171.500000,975.977661
1172.000000,975.930054
1172.500000,976.415771
1173.000000,978.059326
1173.500000,980.362488
1174.000000,982.087280
1174.500000,981.855591
1175.000000,978.847351
1175.500000,973.724609
1176.000000,968.166077
1176.500000,963.682556
1177.000000,960.528687
1177.500000,958.176086
1178.000000,955.582764
1178.500000,952.411926
1179.000000,949.234070
1179.500000,946.813660
1180.000000,945.276428
1180.500000,943.923706
1181.000000,941.689270
1181.500000,938.059204
1182.000000,932.940796
1182.500000,927.212402
1183.000000,921.542480
1183.500000,916.347046
1184.000000,911.882751
1184.500000,908.203796
1185.000000,905.321533
1185.500000,903.045288
1186.000000,900.869568
1186.500000,898.245361
1187.000000,895.028564
1187.500000,891.281555
1188.000000,887.363586
1188.500000,883.287598
1189.000000,878.810303
1189.500000,873.652161
1190.000000,867.942200
1190.500000,862.270447
1191.000000,857.302490
1191.500000,853.125061
1192.000000,849.565063
1192.500000,846.136780
1193.000000,842.864807
1193.500000,840.075562
1194.000000,838.087036
1194.500000,836.695312
1195.000000,835.411377
1195.500000,834.202393
1196.000000,833.874634
1196.500000,836.311401
1197.000000,841.905518
1197.500000,850.390381
1198.000000,859.154236
1198.500000,865.462646
1199.000000,868.182861
1199.500000,868.249451
1200.000000,867.889160
1200.500000,869.071472
1201.000000,872.482117
1201.500000,876.627197
1202.000000,879.530884
1202.500000,880.084900
1203.000000,877.713074
1203.500000,873.159851
1204.000000,867.304749
1204.500000,861.042725
1205.000000,855.218689
1205.500000,850.662476
1206.000000,847.548828
1206.500000,846.036987
1207.000000,845.243225
1207.500000,844.367310
1208.000000,842.761780
1208.500000,840.115356
1209.000000,836.542297
1209.500000,832.424072
1210.000000,828.131958
1210.500000,823.988220
1211.000000,820.156372
1211.500000,816.503113
1212.000000,812.984131
1212.500000,809.832520
1213.000000,807.883179
1213.500000,808.038513
1214.000000,810.643860
1214.500000,815.104797
1215.000000,819.574219
1215.500000,821.885559
1216.000000,821.458557
1216.500000,818.181946
1217.000000,813.722168
1217.500000,809.623108
1218.000000,807.154724
1218.500000,807.203003
1219.000000,810.207947
1219.500000,815.409546
1220.000000,821.358032
1220.500000,825.821228
1221.000000,826.489441
1221.500000,823.948364
1222.000000,819.954224
1222.500000,817.360779
1223.000000,817.918030
1223.500000,821.080994
1224.000000,824.511780
1224.500000,826.029419
1225.000000,825.538208
1225.500000,824.187500
1226.000000,823.753662
1226.500000,824.981873
1227.000000,826.982178
1227.500000,828.685120
1228.000000,829.921692
1228.500000,831.756653
1229.000000,835.825500
1229.500000,842.552551
1230.000000,851.767639
1230.500000,861.540833
1231.000000,870.037964
1231.500000,876.162720
1232.000000,879.051147
1232.500000,878.880554
1233.000000,876.444336
1233.500000,873.068665
1234.000000,870.491455
1234.500000,870.415771
1235.000000,872.901733
1235.500000,877.781494
1236.000000,883.454163
1236.500000,888.669434
1237.000000,892.627930
1237.500000,894.927429
1238.000000,895.431702
1238.500000,894.381287
1239.000000,891.909668
1239.500000,888.790283
1240.000000,885.864014
1240.500000,884.014404
1241.000000,884.408203
1241.500000,887.554749
1242.000000,893.876282
1242.500000,902.966980
1243.000000,913.457214
1243.500000,923.561951
1244.000000,931.774536
1244.500000,936.740784
1245.000000,939.299316
1245.500000,940.000000
1246.000000,939.773743
1246.500000,938.626160
1247.000000,936.207153
1247.500000,932.410156
1248.000000,927.754639
1248.500000,923.407471
1249.000000,920.473022
1249.500000,918.796570
1250.000000,917.772888
1250.500000,916.466919
1251.000000,914.560852
1251.500000,912.466736
1252.000000,910.629517
1252.500000,908.839539
1253.000000,906.274475
1253.500000,901.973938
1254.000000,896.365601
1254.500000,890.672791
1255.000000,886.471008
1255.500000,884.857239
1256.000000,885.202271
1256.500000,886.189514
1257.000000,886.620422
1257.500000,886.244263
1258.000000,885.537231
1258.500000,885.085205
1259.000000,884.824280
1259.500000,884.043579
1260.000000,881.959351
1260.500000,878.818848
1261.000000,875.633301
1261.500000,873.684570
1262.000000,873.528870
1262.500000,874.732788
1263.000000,875.773071
1263.500000,874.899109
1264.000000,871.825928
1264.500000,866.920349
1265.000000,862.091614
1265.500000,859.575745
1266.000000,860.713684
1266.500000,865.464966
1267.000000,872.633484
1267.500000,879.974182
1268.000000,885.480347
1268.500000,888.696777
1269.000000,889.578735
1269.500000,889.356323
1270.000000,888.660217
1270.500000,887.643372
1271.000000,886.037292
1271.500000,883.769531
1272.000000,881.438721
1272.500000,880.170715
1273.000000,880.574341
1273.500000,882.957520
1274.000000,886.072693
1274.500000,888.613525
1275.000000,889.845825
1275.500000,890.004211
1276.000000,890.258911
1276.500000,891.863159
1277.000000,895.564087
1277.500000,900.613281
1278.000000,905.805908
1278.500000,909.837036
1279.000000,911.768372
1279.500000,911.946411
1280.000000,911.061279
1280.500000,910.189636
1281.000000,910.304199
1281.500000,912.103210
1282.000000,915.372437
1282.500000,919.615784
1283.000000,923.685486
1283.500000,926.682800
1284.000000,928.787048
1284.500000,931.033630
1285.000000,934.904968
1285.500000,941.424988
1286.000000,950.551270
1286.500000,960.792419
1287.000000,970.463013
1287.500000,978.573975
1288.000000,984.607910
1288.500000,989.341431
1289.000000,993.175964
1289.500000,996.432434
1290.000000,999.239380
1290.500000,1001.940491
1291.000000,1005.123657
1291.500000,1009.324890
1292.000000,1014.170227
1292.500000,1018.486755
1293.000000,1020.988525
1293.500000,1020.502563
1294.000000,1017.786194
1294.500000,1014.571411
1295.000000,1012.991333
1295.500000,1014.143127
1296.000000,1017.726440
1296.500000,1021.693054
1297.000000,1023.950317
1297.500000,1024.282227
1298.000000,1023.891968
1298.500000,1025.155396
1299.000000,1030.002563
1299.500000,1038.143188
1300.000000,1047.465942
1300.500000,1055.419067
1301.000000,1060.946533
1301.500000,1064.206299
1302.000000,1066.907471
1302.500000,1070.005737
1303.000000,1073.314209
1303.500000,1075.942871
1304.000000,1077.433960
1304.500000,1078.335815
1305.000000,1079.958984
1305.500000,1083.215210
1306.000000,1088.092407
1306.500000,1092.979736
1307.000000,1095.676025
1307.500000,1095.359985
1308.000000,1091.797241
1308.500000,1086.604248
1309.000000,1081.588989
1309.500000,1078.027588
1310.000000,1075.887329
1310.500000,1074.068604
1311.000000,1071.076782
1311.500000,1065.363525
1312.000000,1057.357300
1312.500000,1047.729004
1313.000000,1038.088013
1313.500000,1029.827515
1314.000000,1023.675415
1314.500000,1019.632812
1315.000000,1017.426880
1315.500000,1016.197205
1316.000000,1015.368958
1316.500000,1014.440735
1317.000000,1013.400879
1317.500000,1012.683350
1318.000000,1012.937683
1318.500000,1014.335144
1319.000000,1016.324646
1319.500000,1017.744568
1320.000000,1017.702881
1320.500000,1015.815857
1321.000000,1013.129333
1321.500000,1010.800964
1322.000000,1009.411316
1322.500000,1008.619812
1323.000000,1007.155701
1323.500000,1003.650330
1324.000000,997.479431
1324.500000,989.394897
1325.000000,980.689209
1325.500000,972.841858
1326.000000,966.947021
1326.500000,962.492432
1327.000000,958.721619
1327.500000,954.640137
1328.000000,949.793274
1328.500000,944.416504
1329.000000,938.938416
1329.500000,933.455261
1330.000000,927.752808
1330.500000,921.667114
1331.000000,915.739014
1331.500000,911.154297
1332.000000,908.510620
1332.500000,907.520020
1333.000000,906.455505
1333.500000,903.329895
1334.000000,897.120911
1334.500000,889.134521
1335.000000,881.625244
1335.500000,876.321228
1336.000000,873.910767
1336.500000,872.785461
1337.000000,871.581177
1337.500000,870.064819
1338.000000,869.129883
1338.500000,869.672913
1339.000000,871.243774
1339.500000,872.207275
1340.000000,871.044312
1340.500000,866.772156
1341.000000,860.945129
1341.500000,855.387878
1342.000000,851.470154
1342.500000,849.527466
1343.000000,849.076355
1343.500000,849.566833
1344.000000,851.152893
1344.500000,853.842407
1345.000000,857.440430
1345.500000,860.806702
1346.000000,862.628967
1346.500000,862.479309
1347.000000,860.541992
1347.500000,857.694641
1348.000000,854.791321
1348.500000,852.257019
1349.000000,850.055481
1349.500000,848.027344
1350.000000,845.910156
1350.500000,843.431519
1351.000000,840.547180
1351.500000,837.534485
1352.000000,835.207214
1352.500000,834.602539
1353.000000,836.521667
1353.500000,840.619446
1354.000000,846.346130
1354.500000,852.420776
1355.000000,857.912964
1355.500000,862.321533
1356.000000,865.044678
1356.500000,865.969421
1357.000000,865.394409
1357.500000,864.410095
1358.000000,864.569702
1358.500000,867.245911
1359.000000,871.892761
1359.500000,877.046204
1360.000000,880.764709
1360.500000,881.922546
1361.000000,881.255493
1361.500000,879.977539
1362.000000,879.007019
1362.500000,878.413330
1363.000000,877.859741
1363.500000,877.267883
1364.000000,877.140991
1364.500000,877.790710
1365.000000,879.064697
1365.500000,880.033142
1366.000000,879.810669
1366.500000,878.402771
1367.000000,876.698242
1367.500000,875.610046
1368.000000,875.297241
1368.500000,875.475830
1369.000000,875.753479
1369.500000,876.479797
1370.000000,878.233093
1370.500000,881.444031
1371.000000,885.471191
1371.500000,889.043030
1372.000000,891.030396
1372.500000,891.482727
1373.000000,891.311829
1373.500000,892.041443
1374.000000,894.964233
1374.500000,899.638428
1375.000000,905.029968
1375.500000,909.385132
1376.000000,911.059814
1376.500000,909.327393
1377.000000,905.066833
1377.500000,899.945679
1378.000000,896.023376
1378.500000,894.928833
1379.000000,895.804260
1379.500000,897.099182
1380.000000,896.834106
1380.500000,893.990845
1381.000000,889.310242
1381.500000,884.614258
1382.000000,881.837830
1382.500000,881.627930
1383.000000,884.059326
1383.500000,887.317871
1384.000000,889.693848
1384.500000,890.333923
1385.000000,889.535461
1385.500000,889.003540
1386.000000,890.667847
1386.500000,895.558289
1387.000000,902.319519
1387.500000,908.723328
1388.000000,913.155579
1388.500000,915.158447
1389.000000,916.393555
1389.500000,918.287781
1390.000000,920.916443
1390.500000,922.840942
1391.000000,922.239136
1391.500000,918.786316
1392.000000,913.471313
1392.500000,908.591980
1393.000000,906.092041
1393.500000,905.567078
1394.000000,906.143066
1394.500000,906.560425
1395.000000,906.033936
1395.500000,904.168640
1396.000000,900.814819
1396.500000,895.877686
1397.000000,890.254456
1397.500000,885.504028
1398.000000,882.836121
1398.500000,882.947083
1399.000000,884.416382
1399.500000,885.481934
1400.000000,885.532288
1400.500000,885.892151
1401.000000,889.068970
1401.500000,896.119690
1402.000000,906.675110
1402.500000,917.251465
1403.000000,924.138062
1403.500000,926.340881
1404.000000,924.643860
1404.500000,922.016968
1405.000000,921.091492
1405.500000,922.654175
1406.000000,925.391602
1406.500000,927.641846
1407.000000,928.508606
1407.500000,927.677917
1408.000000,925.822449
1408.500000,922.993713
1409.000000,919.023071
1409.500000,913.610840
1410.000000,906.997070
1410.500000,900.136658
1411.000000,894.098999
1411.500000,889.021118
1412.000000,884.295349
1412.500000,878.860901
1413.000000,872.078064
1413.500000,864.561218
1414.000000,857.530518
1414.500000,852.055969
1415.000000,848.305237
1415.500000,845.812378
1416.000000,843.625916
1416.500000,841.202698
1417.000000,838.379822
1417.500000,834.757141
1418.000000,829.912170
1418.500000,823.361206
1419.000000,815.571899
1419.500000,807.894897
1420.000000,801.936096
1420.500000,798.160095
1421.000000,796.130249
1421.500000,794.087280
1422.000000,790.626160
1422.500000,785.788269
1423.000000,780.299316
1423.500000,774.933777
1424.000000,769.901794
1424.500000,765.146912
1425.000000,760.881592
1425.500000,757.944153
1426.000000,756.609375
1426.500000,756.718689
1427.000000,756.785583
1427.500000,755.501160
1428.000000,752.990479
1428.500000,750.673157
1429.000000,749.966858
1429.500000,750.833618
1430.000000,751.783203
1430.500000,751.028198
1431.000000,747.527405
1431.500000,743.153076
1432.000000,740.698303
1432.500000,742.044189
1433.000000,747.663269
1433.500000,755.541931
1434.000000,763.035950
1434.500000,768.453064
1435.000000,772.033081
1435.500000,774.785095
1436.000000,778.054016
1436.500000,782.269287
1437.000000,786.542114
1437.500000,789.545105
1438.000000,790.740417
1438.500000,791.024902
1439.000000,792.422913
1439.500000,796.303711
1440.000000,802.833984
1440.500000,809.698730
1441.000000,813.928528
1441.500000,814.419312
1442.000000,811.374573
1442.500000,807.244934
1443.000000,804.443420
1443.500000,804.133972
1444.000000,805.536194
1444.500000,807.467163
1445.000000,809.239380
1445.500000,811.504028
1446.000000,815.458252
1446.500000,822.693848
1447.000000,833.162659
1447.500000,845.909912
1448.000000,858.892334
1448.500000,870.029053
1449.000000,878.160706
1449.500000,884.480896
1450.000000,890.821167
1450.500000,898.708679
1451.000000,908.325684
1451.500000,917.691650
1452.000000,924.088196
1452.500000,925.999207
1453.000000,923.903442
1453.500000,919.632385
1454.000000,915.644348
1454.500000,913.389343
1455.000000,912.724609
1455.500000,913.655518
1456.000000,915.711548
1456.500000,918.576172
1457.000000,921.250244
1457.500000,922.274536
1458.000000,920.518433
1458.500000,916.598145
1459.000000,912.655212
1459.500000,911.037292
1460.000000,913.400696
1460.500000,917.957214
1461.000000,921.942139
1461.500000,922.786743
1462.000000,919.571167
1462.500000,913.762878
1463.000000,908.220703
1463.500000,905.450439
1464.000000,905.201111
1464.500000,905.996094
1465.000000,905.463318
1465.500000,901.943726
1466.000000,896.032043
1466.500000,889.271179
1467.000000,883.456116
1467.500000,879.401245
1468.000000,876.858826
1468.500000,874.695190
1469.000000,872.396240
1469.500000,870.360779
1470.000000,869.697327
1470.500000,870.855591
1471.000000,873.695374
1471.500000,877.006165
1472.000000,879.342407
1472.500000,879.620972
1473.000000,878.002258
1473.500000,875.375549
1474.000000,873.391907
1474.500000,873.885437
1475.000000,877.162231
1475.500000,882.824158
1476.000000,888.839661
1476.500000,892.905945
1477.000000,893.573853
1477.500000,891.361694
1478.000000,887.708313
1478.500000,884.126587
1479.000000,880.741760
1479.500000,876.729980
1480.000000,871.236877
1480.500000,864.624573
1481.000000,857.882446
1481.500000,851.811462
1482.000000,846.255249
1482.500000,840.459045
1483.000000,834.147461
1483.500000,827.767212
1484.000000,821.941895
1484.500000,816.757751
1485.000000,811.573303
1485.500000,806.108093
1486.000000,801.176575
1486.500000,798.393555
1487.000000,798.695374
1487.500000,800.888062
1488.000000,803.258484
1488.500000,804.659180
1489.000000,805.406677
1489.500000,806.810120
1490.000000,809.575562
1490.500000,812.914062
1491.000000,815.544434
1491.500000,817.262390
1492.000000,819.207153
1492.500000,822.616760
1493.000000,827.092285
1493.500000,831.300659
1494.000000,834.371338
1494.500000,837.031189
1495.000000,841.310974
1495.500000,848.448364
1496.000000,857.008728
1496.500000,863.942810
1497.000000,866.528625
1497.500000,865.407043
1498.000000,862.202881
1498.500000,859.418823
1499.000000,857.743713
1499.500000,856.111023
1500.000000,853.305298
1500.500000,849.304993
1501.000000,845.055542
1501.500000,841.447021
1502.000000,838.526001
1502.500000,835.908081
1503.000000,833.165894
1503.500000,830.283203
1504.000000,827.397400
1504.500000,824.428223
1505.000000,821.319824
1505.500000,818.532166
1506.000000,817.192017
1506.500000,818.107605
1507.000000,821.683716
1507.500000,826.299072
1508.000000,829.901611
1508.500000,831.344666
1509.000000,830.389221
1509.500000,827.983887
1510.000000,824.935303
1510.500000,821.606445
1511.000000,818.229126
1511.500000,815.405518
1512.000000,813.908325
1512.500000,814.577881
1513.000000,816.454651
1513.500000,818.147949
1514.000000,818.351868
1514.500000,816.589294
1515.000000,813.439514
1515.500000,809.862488
1516.000000,806.374817
1516.500000,803.056213
1517.000000,800.066589
1517.500000,797.664185
1518.000000,796.195923
1518.500000,795.281677
1519.000000,794.256592
1519.500000,792.777954
1520.000000,791.465210
1520.500000,791.823730
1521.000000,794.552429
1521.500000,799.776611
1522.000000,805.780151
1522.500000,810.866699
1523.000000,814.049805
1523.500000,814.815430
1524.000000,813.711304
1524.500000,811.945801
1525.000000,811.241516
1525.500000,812.908508
1526.000000,817.742859
1526.500000,824.218811
1527.000000,830.481079
1527.500000,835.360291
1528.000000,839.335510
1528.500000,844.372742
1529.000000,851.690857
1529.500000,860.451111
1530.000000,868.348389
1530.500000,873.367065
1531.000000,876.077209
1531.500000,878.137878
1532.000000,881.441772
1532.500000,886.372925
1533.000000,891.714600
1533.500000,896.624084
1534.000000,901.351562
1534.500000,906.776550
1535.000000,913.378296
1535.500000,920.403442
1536.000000,926.524902
1536.500000,931.305115
1537.000000,934.904724
1537.500000,938.104675
1538.000000,941.209839
1538.500000,944.180237
1539.000000,947.088318
1539.500000,950.500488
1540.000000,955.086548
1540.500000,961.252930
1541.000000,968.219177
1541.500000,975.111145
1542.000000,981.237488
1542.500000,986.152283
1543.000000,989.725952
1543.500000,991.512817
1544.000000,990.986938
1544.500000,988.397888
1545.000000,984.292419
1545.500000,980.112366
1546.000000,977.249939
1546.500000,976.087036
1547.000000,976.698547
1547.500000,978.271362
1548.000000,979.931824
1548.500000,980.989319
1549.000000,981.066406
1549.500000,979.961487
1550.000000,978.112549
1550.500000,976.007812
1551.000000,974.158691
1551.500000,972.455078
1552.000000,970.146240
1552.500000,966.285400
1553.000000,960.630798
1553.500000,953.885071
1554.000000,947.138794
1554.500000,941.055908
1555.000000,935.312683
1555.500000,928.910767
1556.000000,921.246582
1556.500000,913.067078
1557.000000,905.635864
1557.500000,899.731018
1558.000000,895.086121
1558.500000,890.797913
1559.000000,886.366882
1559.500000,882.481995
1560.000000,880.022034
1560.500000,879.630188
1561.000000,880.144226
1561.500000,880.007874
1562.000000,878.175537
1562.500000,874.931458
1563.000000,871.610107
1563.500000,869.638611
1564.000000,870.353394
1564.500000,873.872375
1565.000000,880.992981
1565.500000,890.793945
1566.000000,902.458252
1566.500000,914.316406
1567.000000,925.123047
1567.500000,934.495117
1568.000000,943.002869
1568.500000,951.538208
1569.000000,960.761536
1569.500000,970.873840
1570.000000,981.237488
1570.500000,990.962585
1571.000000,999.029785
1571.500000,1003.838928
1572.000000,1004.118225
1572.500000,998.981689
1573.000000,988.263733
1573.500000,974.014526
1574.000000,957.845520
1574.500000,941.997070
1575.000000,928.230103
1575.500000,917.038818
1576.000000,908.991577
1576.500000,903.766968
1577.000000,901.007751
1577.500000,900.355286
1578.000000,900.850891
1578.500000,901.375244
1579.000000,900.860840
1579.500000,898.559143
1580.000000,895.391968
1580.500000,892.563965
1581.000000,890.772095
1581.500000,889.734070
1582.000000,888.469421
1582.500000,886.394104
1583.000000,884.024902
1583.500000,882.624512
1584.000000,883.094482
1584.500000,884.291687
1585.000000,884.385681
1585.500000,882.215149
1586.000000,877.848694
1586.500000,872.669128
1587.000000,867.734436
1587.500000,862.681519
1588.000000,856.626709
1588.500000,849.366089
1589.000000,842.649963
1589.500000,839.304199
1590.000000,840.014709
1590.500000,843.054810
1591.000000,845.089111
1591.500000,843.743835
1592.000000,838.958191
1592.500000,833.110779
1593.000000,828.525574
1593.500000,825.529907
1594.000000,823.277344
1594.500000,820.931091
1595.000000,819.062500
1595.500000,818.836670
1596.000000,820.646667
1596.500000,822.908936
1597.000000,822.869263
1597.500000,818.324280
1598.000000,810.424011
1598.500000,801.395569
1599.000000,794.192932
1599.500000,790.595337
1600.000000,789.362488
1600.500000,787.930481
1601.000000,784.195618
1601.500000,777.866028
1602.000000,770.231689
1602.500000,763.540588
1603.000000,759.767273
1603.500000,757.990417
1604.000000,756.955017
1604.500000,755.566467
1605.000000,754.066284
1605.500000,753.502014
1606.000000,754.394165
1606.500000,755.862976
1607.000000,756.335693
1607.500000,754.986267
1608.000000,752.975403
1608.500000,751.777649
1609.000000,751.624023
1609.500000,751.059326
1610.000000,748.415161
1610.500000,743.737183
1611.000000,739.044128
1611.500000,736.661926
1612.000000,737.693237
1612.500000,740.039185
1613.000000,740.862244
1613.500000,739.270874
1614.000000,736.120544
1614.500000,733.636292
1615.000000,733.409790
1615.500000,735.492249
1616.000000,738.560913
1616.500000,741.392334
1617.000000,743.550781
1617.500000,744.944946
1618.000000,745.870178
1618.500000,746.328430
1619.000000,746.468628
1619.500000,746.559448
1620.000000,746.867981
1620.500000,747.404602
1621.000000,747.833374
1621.500000,747.674927
1622.000000,746.287964
1622.500000,743.909851
1623.000000,740.888184
1623.500000,737.966614
1624.000000,735.836975
1624.500000,734.820251
1625.000000,734.771606
1625.500000,734.906555
1626.000000,734.023865
1626.500000,730.514771
1627.000000,724.115723
1627.500000,714.672119
1628.000000,704.130676
1628.500000,694.683044
1629.000000,687.545715
1629.500000,682.462524
1630.000000,677.971802
1630.500000,672.572510
1631.000000,665.822754
1631.500000,659.005249
1632.000000,653.818237
1632.500000,650.380493
1633.000000,647.888367
1633.500000,644.819702
1634.000000,640.388855
1634.500000,635.255798
1635.000000,630.845947
1635.500000,627.977051
1636.000000,625.903931
1636.500000,623.054504
1637.000000,618.344727
1637.500000,611.554688
1638.000000,604.409729
1638.500000,598.721130
1639.000000,595.360901
1639.500000,593.752930
1640.000000,592.300964
1640.500000,589.290527
1641.000000,583.766113
1641.500000,576.862183
1642.000000,570.186340
1642.500000,565.347595
1643.000000,563.514404
1643.500000,564.237671
1644.000000,565.965027
1644.500000,567.085999
1645.000000,566.610535
1645.500000,564.112854
1646.000000,560.466492
1646.500000,556.403687
1647.000000,552.451416
1647.500000,548.625366
1648.000000,544.881531
1648.500000,541.550171
1649.000000,539.334961
1649.500000,538.549072
1650.000000,538.797241
1650.500000,538.828552
1651.000000,537.227844
1651.500000,533.901428
1652.000000,529.244202
1652.500000,524.507812
1653.000000,520.420044
1653.500000,517.041504
1654.000000,514.136230
1654.500000,511.735962
1655.000000,510.030884
1655.500000,509.265991
1656.000000,508.937134
1656.500000,508.408783
1657.000000,507.241272
1657.500000,505.414215
1658.000000,503.401276
1658.500000,501.681824
1659.000000,500.452698
1659.500000,499.621063
1660.000000,499.138947
1660.500000,498.808960
1661.000000,498.287933
1661.500000,497.193665
1662.000000,495.235229
1662.500000,492.764648
1663.000000,490.625793
1663.500000,489.779114
1664.000000,490.259155
1664.500000,491.282196
1665.000000,491.579315
1665.500000,490.138184
1666.000000,487.643463
1666.500000,485.680939
1667.000000,485.626434
1667.500000,487.616913
1668.000000,490.180023
1668.500000,491.232117
1669.000000,489.168640
1669.500000,484.853516
1670.000000,479.951935
1670.500000,476.043671
1671.000000,473.781281
1671.500000,472.592224
1672.000000,472.054962
1672.500000,472.065582
1673.000000,472.629150
1673.500000,473.302216
1674.000000,473.203857
1674.500000,471.331085
1675.000000,468.107300
1675.500000,464.402832
1676.000000,461.073639
1676.500000,458.368469
1677.000000,456.079468
1677.500000,454.256622
1678.000000,453.389648
1678.500000,453.739716
1679.000000,455.220306
1679.500000,456.837158
1680.000000,457.423706
1680.500000,456.417786
1681.000000,453.515167
1681.500000,449.007050
1682.000000,443.329834
1682.500000,437.273499
1683.000000,431.873535
1683.500000,427.885468
1684.000000,425.026733
1684.500000,422.975403
1685.000000,421.236877
1685.500000,419.909241
1686.000000,418.978516
1686.500000,417.885254
1687.000000,415.738373
1687.500000,412.175415
1688.000000,407.816895
1688.500000,404.220306
1689.000000,402.598358
1689.500000,402.090607
1690.000000,401.242432
1690.500000,399.032166
1691.000000,395.798035
1691.500000,393.311127
1692.000000,392.913269
1692.500000,394.592590
1693.000000,396.709961
1693.500000,397.352722
1694.000000,396.036011
1694.500000,393.350494
1695.000000,390.727814
1695.500000,389.055847
1696.000000,388.293091
1696.500000,387.908752
1697.000000,387.505676
1697.500000,387.179718
1698.000000,387.311829
1698.500000,387.958038
1699.000000,388.878479
1699.500000,389.480103
1700.000000,389.248474
1700.500000,388.048370
1701.000000,385.798370
1701.500000,382.518311
1702.000000,378.544891
1702.500000,374.497009
1703.000000,371.108124
1703.500000,369.230377
1704.000000,368.706390
1704.500000,369.327271
1705.000000,370.356323
1705.500000,371.389832
1706.000000,372.183899
1706.500000,372.544708
1707.000000,372.254150
1707.500000,371.572418
1708.000000,371.090149
1708.500000,371.392212
1709.000000,372.781525
1709.500000,374.437744
1710.000000,375.087341
1710.500000,374.082306
1711.000000,371.828339
1711.500000,369.545715
1712.000000,368.433533
1712.500000,368.668701
1713.000000,368.898041
1713.500000,367.470825
1714.000000,364.097992
1714.500000,359.720734
1715.000000,356.683502
1715.500000,356.761627
1716.000000,359.907715
1716.500000,363.850922
1717.000000,365.378967
1717.500000,363.140228
1718.000000,357.770569
1718.500000,352.638824
1719.000000,350.814392
1719.500000,352.811646
1720.000000,356.703186
1720.500000,359.412323
1721.000000,359.460388
1721.500000,357.330750
1722.000000,355.245880
1722.500000,355.005798
1723.000000,355.884521
1723.500000,356.321869
1724.000000,355.126007
1724.500000,352.280975
1725.000000,349.189209
1725.500000,347.183319
1726.000000,346.564209
1726.500000,346.488068
1727.000000,345.999237
1727.500000,344.810669
1728.000000,343.257599
1728.500000,341.877777
1729.000000,340.870728
1729.500000,340.066498
1730.000000,339.320374
1730.500000,338.756989
1731.000000,338.515991
1731.500000,338.428894
1732.000000,337.863312
1732.500000,336.000122
1733.000000,333.256927
1733.500000,330.661224
1734.000000,329.385010
1734.500000,329.898926
1735.000000,331.311920
1735.500000,332.181732
1736.000000,331.803467
1736.500000,330.854034
1737.000000,330.499268
1737.500000,331.028015
1738.000000,331.584045
1738.500000,330.985962
1739.000000,328.768768
1739.500000,325.893646
1740.000000,323.942444
1740.500000,323.708954
1741.000000,324.405945
1741.500000,324.735016
1742.000000,323.896423
1742.500000,322.115723
1743.000000,320.481812
1743.500000,319.709686
1744.000000,319.615631
1744.500000,319.316040
1745.000000,317.975555
1745.500000,315.590759
1746.000000,312.628937
1746.500000,310.029541
1747.000000,308.821838
1747.500000,309.007904
1748.000000,310.476227
1748.500000,312.589752
1749.000000,314.678223
1749.500000,316.082123
1750.000000,316.399780
1750.500000,315.065063
1751.000000,312.198730
1751.500000,307.846954
1752.000000,303.223358
1752.500000,299.645447
1753.000000,297.880676
1753.500000,298.211670
1754.000000,300.271667
1754.500000,303.240723
1755.000000,306.430115
1755.500000,309.033447
1756.000000,309.629974
1756.500000,307.626068
1757.000000,302.936554
1757.500000,297.364807
1758.000000,293.049103
1758.500000,291.486450
1759.000000,292.542664
1759.500000,294.900970
1760.000000,297.164276
1760.500000,298.699341
1761.000000,299.663940
1761.500000,300.060486
1762.000000,299.852539
1762.500000,298.947144
1763.000000,297.772858
1763.500000,297.088318
1764.000000,297.300079
1764.500000,298.013824
1765.000000,298.465118
1765.500000,298.109802
1766.000000,296.789307
1766.500000,295.184601
1767.000000,293.747955
1767.500000,292.539886
1768.000000,291.229492
1768.500000,289.463348
1769.000000,287.325165
1769.500000,285.256622
1770.000000,283.732849
1770.500000,283.146210
1771.000000,282.995087
1771.500000,282.877808
1772.000000,282.578369
1772.500000,282.169128
1773.000000,281.765381
1773.500000,281.244751
1774.000000,280.333191
1774.500000,279.018768
1775.000000,277.550262
1775.500000,276.366547
1776.000000,275.762390
1776.500000,275.688080
1777.000000,276.144806
1777.500000,277.001129
1778.000000,277.820343
1778.500000,277.903473
1779.000000,276.815857
1779.500000,274.496033
1780.000000,272.071777
1780.500000,270.640900
1781.000000,270.350769
1781.500000,270.785736
1782.000000,271.113403
1782.500000,270.941132
1783.000000,270.324707
1783.500000,269.434448
1784.000000,268.247528
1784.500000,266.954926
1785.000000,266.149414
1785.500000,266.326111
1786.000000,267.714569
1786.500000,269.456177
1787.000000,270.357941
1787.500000,269.892944
1788.000000,268.579285
1788.500000,267.430359
1789.000000,267.002289
1789.500000,267.007996
1790.000000,266.609680
1790.500000,265.230408
1791.000000,263.193085
1791.500000,261.132294
1792.000000,259.383911
1792.500000,257.938049
1793.000000,256.816010
1793.500000,256.124207
1794.000000,255.999771
1794.500000,256.061951
1795.000000,255.942459
1795.500000,255.911804
1796.000000,256.947083
1796.500000,259.496979
1797.000000,262.677429
1797.500000,264.349060
1798.000000,263.485992
1798.500000,260.694000
1799.000000,258.270569
1799.500000,257.899048
1800.000000,258.541687
1800.500000,258.367523
1801.000000,256.634796
1801.500000,254.112701
1802.000000,252.153320
1802.500000,250.974152
1803.000000,249.979767
1803.500000,248.800873
1804.000000,248.189545
1804.500000,248.863373
1805.000000,250.968750
1805.500000,253.505402
1806.000000,255.325684
1806.500000,255.765121
1807.000000,254.859299
1807.500000,252.921432
1808.000000,250.959381
1808.500000,250.343079
1809.000000,251.056000
1809.500000,252.224411
1810.000000,252.534958
