440.000000,705.099548
440.500000,703.180908
441.000000,701.043396
441.500000,698.990601
442.000000,697.771179
442.500000,697.796570
443.000000,699.117554
443.500000,701.224854
444.000000,703.008118
444.500000,703.373596
445.000000,702.224060
445.500000,699.507812
446.000000,696.160583
446.500000,693.149902
447.000000,691.233215
447.500000,690.749329
448.000000,691.563232
448.500000,693.220947
449.000000,695.138123
449.500000,696.694214
450.000000,697.572205
450.500000,697.999084
451.000000,698.322876
451.500000,699.097168
452.000000,700.791687
452.500000,703.290833
453.000000,706.236328
453.500000,709.116394
454.000000,711.404480
454.500000,712.542725
455.000000,712.709961
455.500000,711.856262
456.000000,710.441589
456.500000,708.922241
457.000000,708.050415
457.500000,708.493652
458.000000,710.527161
458.500000,713.836182
459.000000,717.717712
459.500000,720.845642
460.000000,721.817078
460.500000,720.750671
461.000000,717.768738
461.500000,714.045227
462.000000,710.955566
462.500000,709.450317
463.000000,709.693604
463.500000,711.555786
464.000000,714.378845
464.500000,717.651978
465.000000,720.661621
465.500000,722.707581
466.000000,723.460510
466.500000,722.448792
467.000000,719.783630
467.500000,716.113159
468.000000,712.530884
468.500000,709.841431
469.000000,708.561951
469.500000,708.269348
470.000000,708.208679
470.500000,707.508545
471.000000,705.854614
471.500000,703.669861
472.000000,701.686035
472.500000,700.706421
473.000000,700.816345
473.500000,701.499390
474.000000,701.950806
474.500000,701.380859
475.000000,699.744568
475.500000,697.454407
476.000000,695.412964
476.500000,694.260376
477.000000,694.138550
477.500000,694.727905
478.000000,695.322144
478.500000,695.305542
479.000000,694.354248
479.500000,692.755005
480.000000,690.804626
480.500000,688.981995
481.000000,687.515076
481.500000,686.300720
482.000000,685.173523
482.500000,684.035278
483.000000,683.007141
483.500000,682.576355
484.000000,683.029236
484.500000,684.773254
485.000000,687.403748
485.500000,690.418579
486.000000,692.848572
486.500000,693.918213
487.000000,693.488586
487.500000,691.967285
488.000000,690.031433
488.500000,688.590454
489.000000,688.304016
489.500000,688.864319
490.000000,689.977661
490.500000,691.150330
491.000000,692.194336
491.500000,693.395630
492.000000,695.279114
492.500000,698.207397
493.000000,701.994263
493.500000,706.125549
494.000000,709.559998
494.500000,711.140381
495.000000,710.883423
495.500000,708.791809
496.000000,705.621826
496.500000,702.179871
497.000000,699.220154
497.500000,696.980835
498.000000,695.503296
498.500000,694.485291
499.000000,693.701843
499.500000,692.793518
500.000000,691.410400
500.500000,689.399109
501.000000,686.611145
501.500000,683.131470
502.000000,679.260681
502.500000,675.531311
503.000000,672.394165
503.500000,670.287659
504.000000,669.091370
504.500000,668.794006
505.000000,668.941345
505.500000,669.134888
506.000000,669.109070
506.500000,668.730408
507.000000,667.963196
507.500000,666.899536
508.000000,665.677856
508.500000,664.536682
509.000000,663.742737
509.500000,663.404968
510.000000,663.685181
510.500000,664.513672
511.000000,665.743347
511.500000,667.266602
512.000000,669.107239
512.500000,671.472778
513.000000,674.469421
513.500000,678.203308
514.000000,681.994263
514.500000,684.905762
515.000000,686.177551
515.500000,685.076233
516.000000,681.743958
516.500000,677.477783
517.000000,674.000244
517.500000,672.467651
518.000000,673.790649
518.500000,677.052612
519.000000,680.939331
519.500000,683.685242
520.000000,684.363953
520.500000,683.333923
521.000000,681.640564
521.500000,680.756775
522.000000,681.692078
522.500000,684.503784
523.000000,688.134277
523.500000,691.524353
524.000000,693.877197
524.500000,694.559387
525.000000,694.009644
525.500000,692.748291
526.000000,691.249207
526.500000,689.908264
527.000000,689.138123
527.500000,689.332825
528.000000,691.026794
528.500000,693.889648
529.000000,697.489380
529.500000,700.730774
530.000000,702.212952
530.500000,700.919434
531.000000,697.262024
531.500000,692.262451
532.000000,687.517456
532.500000,684.619568
533.000000,684.082703
533.500000,685.924866
534.000000,688.601685
534.500000,690.998596
535.000000,692.353699
535.500000,692.376038
536.000000,691.284668
536.500000,689.744751
537.000000,688.218628
537.500000,686.954468
538.000000,686.187256
538.500000,685.930664
539.000000,686.489197
539.500000,687.804993
540.000000,689.828186
540.500000,692.284241
541.000000,694.759033
541.500000,696.756714
542.000000,697.909119
542.500000,697.909912
543.000000,697.040588
543.500000,695.453613
544.000000,693.690369
544.500000,692.376282
545.000000,692.135986
545.500000,693.141174
546.000000,695.195984
546.500000,697.587280
547.000000,699.412048
547.500000,699.986267
548.000000,698.802490
548.500000,696.796082
549.000000,694.945435
549.500000,694.210205
550.000000,695.227783
550.500000,697.945129
551.000000,701.395325
551.500000,704.461365
552.000000,706.490845
552.500000,706.863037
553.000000,705.917908
553.500000,703.646545
554.000000,700.503784
554.500000,696.710083
555.000000,692.518799
555.500000,688.239441
556.000000,684.201294
556.500000,680.616150
557.000000,677.475891
557.500000,674.428833
558.000000,671.213135
558.500000,667.806885
559.000000,664.451233
559.500000,661.620361
560.000000,659.679626
560.500000,658.595154
561.000000,658.000793
561.500000,657.574341
562.000000,657.112915
562.500000,656.786316
563.000000,656.898254
563.500000,657.652710
564.000000,658.824463
564.500000,660.033447
565.000000,660.927368
565.500000,661.508911
566.000000,662.352112
566.500000,664.076111
567.000000,667.327881
567.500000,671.719421
568.000000,676.681519
568.500000,681.036560
569.000000,683.637329
569.500000,684.208008
570.000000,682.991821
570.500000,680.527649
571.000000,677.687012
571.500000,675.184326
572.000000,673.312927
572.500000,672.015625
573.000000,670.835266
573.500000,669.317810
574.000000,667.228455
574.500000,664.692139
575.000000,662.414795
575.500000,661.213867
576.000000,661.804810
576.500000,663.881042
577.000000,666.940979
577.500000,669.670959
578.000000,670.659546
578.500000,669.773438
579.000000,667.394836
579.500000,664.479614
580.000000,661.993835
580.500000,660.556396
581.000000,659.943420
581.500000,659.467529
582.000000,658.453918
582.500000,656.372925
583.000000,653.330688
583.500000,649.508728
584.000000,645.348083
584.500000,641.279968
585.000000,637.609070
585.500000,634.491089
586.000000,632.147766
586.500000,630.480774
587.000000,629.575195
587.500000,629.137878
588.000000,629.019348
588.500000,629.052979
589.000000,629.103821
589.500000,629.014771
590.000000,628.608032
590.500000,627.680969
591.000000,626.394043
591.500000,625.005127
592.000000,623.910828
592.500000,623.517212
593.000000,623.827515
593.500000,624.588318
594.000000,625.257568
594.500000,625.542480
595.000000,625.516479
595.500000,625.646057
596.000000,626.666809
596.500000,628.921570
597.000000,632.405640
597.500000,636.206299
598.000000,639.360413
598.500000,641.149536
599.000000,641.272949
599.500000,639.982361
600.000000,638.242065
600.500000,636.998901
601.000000,636.604614
601.500000,637.150635
602.000000,638.002991
602.500000,638.459106
603.000000,637.982300
603.500000,636.539429
604.000000,634.571777
604.500000,632.649902
605.000000,631.228027
605.500000,630.372314
606.000000,630.059570
606.500000,629.997925
607.000000,630.237000
607.500000,630.949158
608.000000,632.421936
608.500000,634.673828
609.000000,637.403076
609.500000,640.007996
610.000000,641.987061
610.500000,643.108948
611.000000,643.754944
611.500000,644.349182
612.000000,645.299133
612.500000,646.858215
613.000000,648.928589
613.500000,651.395020
614.000000,654.302185
614.500000,657.703491
615.000000,661.627563
615.500000,665.703369
616.000000,669.109070
616.500000,671.337708
617.000000,672.077454
617.500000,671.937622
618.000000,671.842957
618.500000,672.774109
619.000000,675.265381
619.500000,679.203430
620.000000,683.508789
620.500000,687.299438
621.000000,690.238403
621.500000,692.249512
622.000000,693.847473
622.500000,695.454163
623.000000,697.161804
623.500000,698.703308
624.000000,699.735596
624.500000,700.169678
625.000000,700.061707
625.500000,699.809143
626.000000,699.759583
626.500000,699.921021
627.000000,700.092651
627.500000,699.991272
628.000000,699.381775
628.500000,698.165344
629.000000,696.372925
629.500000,693.889893
630.000000,690.753418
630.500000,686.697021
631.000000,681.951172
631.500000,676.760437
632.000000,671.722351
632.500000,667.593079
633.000000,664.794495
633.500000,663.181641
634.000000,662.396606
634.500000,661.823303
635.000000,661.076416
635.500000,660.151306
636.000000,659.441650
636.500000,659.348938
637.000000,660.033691
637.500000,661.137146
638.000000,662.044556
638.500000,662.168518
639.000000,661.425476
639.500000,660.267883
640.000000,659.707458
640.500000,660.696838
641.000000,663.069336
641.500000,666.297119
642.000000,669.199890
642.500000,670.610168
643.000000,669.930237
643.500000,667.847107
644.000000,665.148438
644.500000,662.591553
645.000000,660.437927
645.500000,658.365967
646.000000,655.960449
646.500000,653.268250
647.000000,650.997620
647.500000,649.956299
648.000000,650.530579
648.500000,652.475159
649.000000,654.684937
649.500000,655.842896
650.000000,655.534485
650.500000,654.302490
651.000000,653.534180
651.500000,654.547424
652.000000,657.659119
652.500000,662.279541
653.000000,667.026917
653.500000,670.446594
654.000000,671.791748
654.500000,671.665955
655.000000,670.521790
655.500000,669.061829
656.000000,667.359436
656.500000,665.233765
657.000000,662.565247
657.500000,659.820984
658.000000,657.769592
658.500000,657.147034
659.000000,657.810242
659.500000,659.197815
660.000000,660.046997
660.500000,659.065247
661.000000,656.518066
661.500000,653.230408
662.000000,650.463013
662.500000,649.158142
663.000000,649.605469
663.500000,651.076782
664.000000,652.590149
664.500000,653.439392
665.000000,653.448608
665.500000,653.086365
666.000000,652.727722
666.500000,652.503418
667.000000,652.182373
667.500000,651.307678
668.000000,649.687988
668.500000,647.365234
669.000000,644.717651
669.500000,641.965698
670.000000,639.204651
670.500000,636.322327
671.000000,633.207397
671.500000,629.933167
672.000000,626.806030
672.500000,624.171814
673.000000,622.343384
673.500000,621.285095
674.000000,621.013428
674.500000,621.167358
675.000000,621.461121
675.500000,621.535278
676.000000,621.042053
676.500000,619.821350
677.000000,617.924622
677.500000,615.667419
678.000000,613.601318
678.500000,612.370911
679.000000,611.918274
679.500000,611.946838
680.000000,611.772766
680.500000,610.786621
681.000000,608.890991
681.500000,606.407776
682.000000,604.089111
682.500000,602.683960
683.000000,602.625244
683.500000,603.587219
684.000000,605.216736
684.500000,606.771973
685.000000,607.602173
685.500000,607.426086
686.000000,606.180969
686.500000,604.423767
687.000000,602.927124
687.500000,602.537781
688.000000,603.634888
688.500000,606.527222
689.000000,610.402405
689.500000,614.272400
690.000000,617.026367
690.500000,617.908142
691.000000,617.038940
691.500000,614.996521
692.000000,612.648682
692.500000,610.854126
693.000000,610.296509
693.500000,610.859192
694.000000,612.182251
694.500000,613.490967
695.000000,614.132080
695.500000,613.818604
696.000000,612.512573
696.500000,610.535828
697.000000,608.414917
697.500000,606.632019
698.000000,605.319275
698.500000,604.535278
699.000000,604.047729
699.500000,603.747803
700.000000,603.501343
700.500000,603.208618
701.000000,602.745972
701.500000,602.026733
702.000000,601.112000
702.500000,600.297729
703.000000,600.117615
703.500000,600.862671
704.000000,602.869507
704.500000,605.659302
705.000000,608.510498
705.500000,610.663330
706.000000,611.834656
706.500000,612.344849
707.000000,612.999390
707.500000,614.731201
708.000000,617.820190
708.500000,622.385315
709.000000,627.465942
709.500000,632.267395
710.000000,636.541687
710.500000,640.615906
711.000000,645.221741
711.500000,650.979614
712.000000,658.087830
712.500000,665.708557
713.000000,672.231323
713.500000,676.590942
714.000000,677.693115
714.500000,676.164856
715.000000,672.716492
715.500000,668.545227
716.000000,664.541931
716.500000,661.070007
717.000000,657.886230
717.500000,654.566284
718.000000,650.874451
718.500000,646.685669
719.000000,642.211487
719.500000,637.675415
720.000000,633.352234
720.500000,629.551758
721.000000,626.542114
721.500000,624.322388
722.000000,622.864990
722.500000,621.839478
723.000000,621.139282
723.500000,620.744446
724.000000,621.104309
724.500000,622.682556
725.000000,625.955444
725.500000,630.661987
726.000000,636.110779
726.500000,641.535645
727.000000,646.435181
727.500000,650.747803
728.000000,655.135742
728.500000,660.764282
729.000000,668.550781
729.500000,679.263977
730.000000,692.711243
730.500000,708.207764
731.000000,724.558594
731.500000,740.180847
732.000000,753.318970
732.500000,763.478760
733.000000,769.874512
733.500000,774.271057
734.000000,777.749207
734.500000,781.157898
735.000000,784.357361
735.500000,786.401245
736.000000,786.229553
736.500000,782.946960
737.000000,777.289001
737.500000,770.368774
738.000000,763.623962
738.500000,757.507202
739.000000,751.522644
739.500000,744.787292
740.000000,736.773743
740.500000,727.773743
741.000000,718.879517
741.500000,711.404602
742.000000,706.302429
742.500000,702.924072
743.000000,700.643799
743.500000,698.436218
744.000000,695.813354
744.500000,692.868530
745.000000,690.012207
745.500000,687.621216
746.000000,685.626282
746.500000,683.708435
747.000000,681.532532
747.500000,678.870117
748.000000,675.882568
748.500000,672.746704
749.000000,669.632202
749.500000,666.492493
750.000000,663.006165
750.500000,658.759094
751.000000,653.272461
751.500000,646.587585
752.000000,638.778381
752.500000,630.708862
753.000000,623.411682
753.500000,617.651733
754.000000,614.001770
754.500000,611.818481
755.000000,609.895874
755.500000,607.126038
756.000000,603.173645
756.500000,598.400085
757.000000,594.007507
757.500000,591.390686
758.000000,590.753601
758.500000,591.731812
759.000000,592.765625
759.500000,592.593384
760.000000,590.689453
760.500000,587.522583
761.000000,583.918335
761.500000,580.821228
762.000000,579.034424
762.500000,578.482056
763.000000,579.226868
763.500000,580.781616
764.000000,582.760681
764.500000,584.607666
765.000000,585.717712
765.500000,585.545288
766.000000,584.204407
766.500000,582.032104
767.000000,579.993164
767.500000,579.081787
768.000000,579.430969
768.500000,580.893250
769.000000,582.865662
769.500000,584.755798
770.000000,586.096741
770.500000,586.629272
771.000000,585.902222
771.500000,583.841919
772.000000,579.977661
772.500000,574.934021
773.000000,569.301636
773.500000,564.006958
774.000000,559.913696
774.500000,557.585449
775.000000,557.098145
775.500000,558.532166
776.000000,561.260925
776.500000,564.768250
777.000000,567.918945
777.500000,569.553284
778.000000,569.221924
778.500000,566.911438
779.000000,563.574646
779.500000,560.574707
780.000000,559.102478
780.500000,559.295349
781.000000,560.764282
781.500000,562.268372
782.000000,563.262451
782.500000,564.094177
783.000000,565.602356
783.500000,568.364990
784.000000,572.227234
784.500000,576.146973
785.000000,578.719604
785.500000,578.557434
786.000000,576.166321
786.500000,572.490662
787.000000,569.101929
787.500000,567.087708
788.000000,566.556458
788.500000,567.155029
789.000000,568.249329
789.500000,569.342957
790.000000,570.235962
790.500000,570.914307
791.000000,571.227966
791.500000,571.106995
792.000000,570.463135
792.500000,569.620483
793.000000,569.120911
793.500000,569.489380
794.000000,570.950378
794.500000,573.326477
795.000000,575.920715
795.500000,577.984375
796.000000,579.276917
796.500000,579.686462
797.000000,579.571960
797.500000,579.100647
798.000000,578.382141
798.500000,577.409424
799.000000,576.223938
799.500000,575.036621
800.000000,574.230103
800.500000,574.001648
801.000000,574.532654
801.500000,575.541687
802.000000,576.836426
802.500000,578.169556
803.000000,579.388489
803.500000,580.390808
804.000000,581.077576
804.500000,581.286987
805.000000,581.018433
805.500000,580.336060
806.000000,579.576172
806.500000,579.067017
807.000000,578.973328
807.500000,579.344604
808.000000,580.010803
808.500000,580.756775
809.000000,581.432373
809.500000,582.022888
810.000000,582.643066
810.500000,583.449097
811.000000,584.657104
811.500000,586.291321
812.000000,588.390015
812.500000,590.777588
813.000000,593.203857
813.500000,595.396729
814.000000,597.229492
814.500000,598.788147
815.000000,600.521240
815.500000,603.205505
816.000000,607.158264
816.500000,612.804688
817.000000,619.735718
817.500000,627.401917
818.000000,635.075378
818.500000,642.289490
819.000000,649.102722
819.500000,656.220886
820.000000,665.013245
820.500000,675.904541
821.000000,688.958496
821.500000,702.561707
822.000000,714.580811
822.500000,723.275635
823.000000,727.865723
823.500000,728.854248
824.000000,728.130066
824.500000,727.176453
825.000000,726.560852
825.500000,725.210571
826.000000,721.802307
826.500000,715.200684
827.000000,706.235107
827.500000,696.601990
828.000000,688.177612
828.500000,681.765564
829.000000,676.955200
829.500000,672.125061
830.000000,665.792236
830.500000,658.226501
831.000000,650.992065
831.500000,645.849976
832.000000,643.845520
832.500000,644.167053
833.000000,644.812622
833.500000,643.643066
834.000000,639.865540
834.500000,633.667847
835.000000,627.103455
835.500000,622.332947
836.000000,620.234131
836.500000,620.657837
837.000000,622.253052
837.500000,623.744446
838.000000,624.418213
838.500000,624.374146
839.000000,624.060364
839.500000,623.944153
840.000000,624.073792
840.500000,623.980713
841.000000,622.955322
841.500000,620.800354
842.000000,617.984314
842.500000,615.514771
843.000000,614.406128
843.500000,615.353455
844.000000,617.830383
844.500000,621.012207
845.000000,623.659973
845.500000,624.886414
846.000000,624.921326
846.500000,624.429504
847.000000,624.219788
847.500000,624.394165
848.000000,624.318542
848.500000,623.275879
849.000000,620.948181
849.500000,618.349060
850.000000,617.274963
850.500000,618.877319
851.000000,623.753906
851.500000,630.411194
852.000000,636.484741
852.500000,639.696411
853.000000,639.724426
853.500000,637.440186
854.000000,634.892273
854.500000,633.549133
855.000000,633.353699
855.500000,633.557434
856.000000,633.138977
856.500000,631.736694
857.000000,630.000061
857.500000,629.072021
858.000000,629.938416
858.500000,632.347595
859.000000,635.613098
859.500000,638.717468
860.000000,641.010315
860.500000,642.430603
861.000000,642.910034
861.500000,642.540344
862.000000,641.487000
862.500000,640.225647
863.000000,639.606934
863.500000,640.750000
864.000000,643.753296
864.500000,648.076782
865.000000,652.067749
865.500000,654.239380
866.000000,654.310547
866.500000,652.961975
867.000000,651.595764
867.500000,651.428467
868.000000,653.081970
868.500000,655.991821
869.000000,659.727417
869.500000,663.827637
870.000000,668.631470
870.500000,674.409058
871.000000,681.220642
871.500000,688.583557
872.000000,695.904968
872.500000,702.961914
873.000000,710.132385
873.500000,718.328674
874.000000,728.061584
874.500000,739.989014
875.000000,753.712891
875.500000,769.216675
876.000000,786.404541
876.500000,805.422791
877.000000,826.305237
877.500000,848.533203
878.000000,871.602478
878.500000,894.871643
879.000000,918.207031
879.500000,941.675232
880.000000,965.086670
880.500000,987.521118
881.000000,1007.032959
881.500000,1021.474182
882.000000,1029.645386
882.500000,1030.818848
883.000000,1027.507202
883.500000,1020.680847
884.000000,1011.817993
884.500000,999.984802
885.000000,984.329468
885.500000,963.495422
886.000000,937.900146
886.500000,909.408142
887.000000,880.637695
887.500000,853.979980
888.000000,831.228455
888.500000,811.661621
889.000000,794.654541
889.500000,778.727356
890.000000,763.489258
890.500000,748.852478
891.000000,734.748230
891.500000,720.598877
892.000000,705.327515
892.500000,687.539307
893.000000,667.280151
893.500000,645.380188
894.000000,624.684509
894.500000,609.165344
895.000000,601.225769
895.500000,602.004517
896.000000,609.202393
896.500000,618.762085
897.000000,626.722351
897.500000,630.914185
898.000000,630.266785
898.500000,627.002563
899.000000,622.852600
899.500000,619.282349
900.000000,616.590454
900.500000,614.220154
901.000000,611.695618
901.500000,609.220032
902.000000,607.559631
902.500000,607.513123
903.000000,608.628784
903.500000,609.982239
904.000000,610.392700
904.500000,609.068604
905.000000,606.390869
905.500000,603.282166
906.000000,600.763123
906.500000,599.335144
907.000000,599.036804
907.500000,599.266968
908.000000,599.596191
908.500000,599.788391
909.000000,599.908020
909.500000,600.176453
910.000000,600.816467
910.500000,601.913269
911.000000,603.378357
911.500000,605.000122
912.000000,606.511597
912.500000,607.794556
913.000000,609.101746
913.500000,610.998169
914.000000,613.808289
914.500000,617.530212
915.000000,621.394592
915.500000,624.337158
916.000000,625.667358
916.500000,626.002808
917.000000,626.608765
917.500000,628.551697
918.000000,632.263855
918.500000,636.407288
919.000000,639.199463
919.500000,639.609558
920.000000,637.758545
920.500000,635.104187
921.000000,633.401672
921.500000,633.690674
922.000000,635.287842
922.500000,636.896606
923.000000,637.304932
923.500000,636.055115
924.000000,633.937378
924.500000,631.649475
925.000000,629.460876
925.500000,627.128418
926.000000,624.313843
926.500000,621.121277
927.000000,618.032959
927.500000,615.526489
928.000000,613.844238
928.500000,612.519836
929.000000,611.046875
929.500000,609.237061
930.000000,607.399170
930.500000,606.096558
931.000000,605.524109
931.500000,605.394775
932.000000,605.021851
932.500000,603.723145
933.000000,601.531006
933.500000,598.583801
934.000000,595.319336
934.500000,592.031067
935.000000,588.943542
935.500000,586.311096
936.000000,584.523926
936.500000,583.630371
937.000000,583.473511
937.500000,583.168579
938.000000,581.634888
938.500000,578.588074
939.000000,574.593323
939.500000,571.053650
940.000000,569.315430
940.500000,570.011230
941.000000,572.327087
941.500000,575.055420
942.000000,576.972412
942.500000,577.412048
943.000000,576.981262
943.500000,576.476746
944.000000,576.577332
944.500000,577.479126
945.000000,578.962646
945.500000,580.718750
946.000000,582.759827
946.500000,585.219788
947.000000,588.259399
947.500000,591.472656
948.000000,594.166443
948.500000,595.738220
949.000000,595.776917
949.500000,594.480774
950.000000,592.476624
950.500000,590.451233
951.000000,588.935120
951.500000,588.324890
952.000000,588.450256
952.500000,589.227600
953.000000,590.297974
953.500000,591.401550
954.000000,592.349670
954.500000,593.094482
955.000000,593.737305
955.500000,594.473816
956.000000,595.509277
956.500000,596.885315
957.000000,598.696899
957.500000,600.853577
958.000000,603.354553
958.500000,606.069946
959.000000,608.784790
959.500000,611.166382
960.000000,612.875488
960.500000,613.523315
961.000000,613.152893
961.500000,611.621460
962.000000,609.369385
962.500000,606.663330
963.000000,604.005127
963.500000,601.992981
964.000000,601.110779
964.500000,601.589172
965.000000,603.424072
965.500000,606.043213
966.000000,608.909119
966.500000,611.479614
967.000000,613.363098
967.500000,614.570740
968.000000,615.049683
968.500000,614.896790
969.000000,614.222290
969.500000,613.250244
970.000000,612.344910
970.500000,611.868103
971.000000,611.840881
971.500000,612.070984
972.000000,612.089600
972.500000,611.493103
973.000000,610.365234
973.500000,609.113525
974.000000,608.233521
974.500000,607.968079
975.000000,608.289673
975.500000,608.854370
976.000000,609.465698
976.500000,610.108765
977.000000,610.933472
977.500000,611.925903
978.000000,612.754761
978.500000,612.836060
979.000000,611.656250
979.500000,609.109314
980.000000,605.982971
980.500000,603.531921
981.000000,602.718262
981.500000,604.332458
982.000000,607.428101
982.500000,610.619202
983.000000,612.477295
983.500000,612.370911
984.000000,610.783142
984.500000,609.056763
985.000000,608.527832
985.500000,609.529907
986.000000,611.976074
986.500000,614.779175
987.000000,617.162231
987.500000,618.871399
988.000000,620.046265
988.500000,621.027161
989.000000,622.059387
989.500000,623.281433
990.000000,624.817505
990.500000,627.005615
991.000000,629.815491
991.500000,632.874878
992.000000,635.175476
992.500000,635.341797
993.000000,632.966858
993.500000,628.857788
994.000000,624.853638
994.500000,622.917786
995.000000,624.712463
995.500000,629.483948
996.000000,636.356689
996.500000,643.471802
997.000000,649.782288
997.500000,655.228821
998.000000,660.356812
998.500000,665.834473
999.000000,671.921143
999.500000,678.392822
1000.000000,684.546814
1000.500000,689.177673
1001.000000,691.584351
1001.500000,690.305786
1002.000000,685.076050
1002.500000,675.557617
1003.000000,662.590454
1003.500000,647.865540
1004.000000,633.392822
1004.500000,620.778931
1005.000000,611.403809
1005.500000,604.658142
1006.000000,600.121521
1006.500000,596.405640
1007.000000,592.623352
1007.500000,588.380127
1008.000000,583.868713
1008.500000,579.699524
1009.000000,576.502014
1009.500000,574.906555
1010.000000,574.676270
1010.500000,575.653809
1011.000000,577.099487
1011.500000,578.646790
1012.000000,580.227783
1012.500000,582.101746
1013.000000,584.519470
1013.500000,587.330261
1014.000000,589.881287
1014.500000,591.372070
1015.000000,590.837097
1015.500000,588.756348
1016.000000,585.921265
1016.500000,583.580017
1017.000000,582.602539
1017.500000,582.974792
1018.000000,584.063660
1018.500000,585.181030
1019.000000,586.001526
1019.500000,586.614136
1020.000000,587.274475
1020.500000,587.908569
1021.000000,588.108887
1021.500000,587.333557
1022.000000,585.624878
1022.500000,583.617371
1023.000000,582.305481
1023.500000,582.324097
1024.000000,583.792603
1024.500000,585.766785
1025.000000,587.157349
1025.500000,587.404785
1026.000000,586.327393
1026.500000,584.540649
1027.000000,582.660278
1027.500000,581.100403
1028.000000,579.980286
1028.500000,579.351990
1029.000000,579.187195
1029.500000,579.654236
1030.000000,580.578796
1030.500000,581.738403
1031.000000,582.740906
1031.500000,583.309021
1032.000000,583.482422
1032.500000,583.505859
1033.000000,583.586121
1033.500000,583.670898
1034.000000,583.386597
1034.500000,582.453918
1035.000000,580.679688
1035.500000,578.565735
1036.000000,576.814453
1036.500000,576.007874
1037.000000,576.392578
1037.500000,577.761353
1038.000000,579.613525
1038.500000,581.623352
1039.000000,583.617432
1039.500000,585.495483
1040.000000,587.087036
1040.500000,587.970215
1041.000000,588.001831
1041.500000,587.364563
1042.000000,586.785034
1042.500000,587.125732
1043.000000,588.886475
1043.500000,591.511230
1044.000000,593.961670
1044.500000,595.229187
1045.000000,594.499878
1045.500000,592.266235
1046.000000,589.255371
1046.500000,586.462769
1047.000000,584.651062
1047.500000,584.266663
1048.000000,585.210022
1048.500000,587.382996
1049.000000,590.118103
1049.500000,592.858521
1050.000000,595.164551
1050.500000,596.854980
1051.000000,598.173096
1051.500000,599.371643
1052.000000,600.441162
1052.500000,601.016174
1053.000000,600.474121
1053.500000,598.747009
1054.000000,595.963684
1054.500000,593.078308
1055.000000,591.025269
1055.500000,590.249146
1056.000000,590.927612
1056.500000,592.775085
1057.000000,595.372803
1057.500000,598.327576
1058.000000,601.151367
1058.500000,603.289001
1059.000000,604.588440
1059.500000,605.062866
1060.000000,605.416504
1060.500000,606.478943
1061.000000,608.778442
1061.500000,612.428467
1062.000000,617.120300
1062.500000,622.207458
1063.000000,627.082275
1063.500000,631.275269
1064.000000,634.135803
1064.500000,635.685852
1065.000000,635.931580
1065.500000,635.595886
1066.000000,635.526978
1066.500000,636.357727
1067.000000,638.091858
1067.500000,640.235535
1068.000000,642.022827
1068.500000,642.799500
1069.000000,642.723022
1069.500000,642.029663
1070.000000,641.217407
1070.500000,640.636414
1071.000000,640.548950
1071.500000,641.237732
1072.000000,643.021179
1072.500000,645.787964
1073.000000,649.190430
1073.500000,652.354309
1074.000000,654.346191
1074.500000,655.072327
1075.000000,654.864990
1075.500000,654.678284
1076.000000,655.359924
1076.500000,657.198303
1077.000000,659.684631
1077.500000,661.950806
1078.000000,663.277954
1078.500000,663.117920
1079.000000,662.081238
1079.500000,661.000671
1080.000000,660.866638
1080.500000,662.387817
1081.000000,665.526978
1081.500000,669.608643
1082.000000,673.840820
1082.500000,677.667664
1083.000000,680.990662
1083.500000,684.270203
1084.000000,687.996887
1084.500000,692.286316
1085.000000,697.002014
1085.500000,701.760986
1086.000000,706.159058
1086.500000,709.728577
1087.000000,712.018433
1087.500000,712.105713
1088.000000,709.977539
1088.500000,705.519897
1089.000000,700.171509
1089.500000,695.456177
1090.000000,692.419312
1090.500000,691.118103
1091.000000,690.470459
1091.500000,688.987854
1092.000000,685.572815
1092.500000,680.601074
1093.000000,674.844055
1093.500000,669.497681
1094.000000,665.297119
1094.500000,662.159546
1095.000000,659.886963
1095.500000,658.271606
1096.000000,657.283508
1096.500000,657.009094
1097.000000,657.270081
1097.500000,657.881531
1098.000000,658.513000
1098.500000,658.907471
1099.000000,658.885803
1099.500000,658.119873
1100.000000,656.430664
1100.500000,653.884583
1101.000000,651.013000
1101.500000,648.739136
1102.000000,648.155151
1102.500000,649.398804
1103.000000,652.549255
1103.500000,656.550049
1104.000000,660.565186
1104.500000,663.917786
1105.000000,666.201843
1105.500000,667.341553
1106.000000,667.591187
1106.500000,667.301086
1107.000000,666.994934
1107.500000,666.941040
1108.000000,666.881897
1108.500000,666.143677
1109.000000,664.364197
1109.500000,661.808960
1110.000000,659.723633
1110.500000,659.610840
1111.000000,662.354614
1111.500000,666.954773
1112.000000,671.554932
1112.500000,674.324646
1113.000000,674.201843
1113.500000,672.616577
1114.000000,671.636658
1114.500000,672.924438
1115.000000,676.741943
1115.500000,681.754272
1116.000000,685.870728
1116.500000,687.393250
1117.000000,686.672058
1117.500000,684.771423
1118.000000,683.627197
1118.500000,684.676575
1119.000000,687.790710
1119.500000,692.041748
1120.000000,696.070984
1120.500000,699.014282
1121.000000,700.804260
1121.500000,702.301514
1122.000000,704.499329
1122.500000,707.730896
1123.000000,711.970642
1123.500000,716.545532
1124.000000,720.997986
1124.500000,725.272522
1125.000000,729.611633
1125.500000,734.136719
1126.000000,738.471680
1126.500000,741.610107
1127.000000,742.938049
1127.500000,741.865723
1128.000000,739.539307
1128.500000,737.551880
1129.000000,737.496338
1129.500000,740.176453
1130.000000,744.976440
1130.500000,750.032898
1131.000000,753.319153
1131.500000,754.210754
1132.000000,752.883911
1132.500000,751.356323
1133.000000,751.398987
1133.500000,753.398132
1134.000000,756.476196
1134.500000,758.819458
1135.000000,759.018311
1135.500000,756.744507
1136.000000,753.428772
1136.500000,750.963623
1137.000000,750.575317
1137.500000,753.135559
1138.000000,757.792480
1138.500000,763.805237
1139.000000,770.325562
1139.500000,776.901123
1140.000000,783.374390
1140.500000,789.722290
1141.000000,795.915833
1141.500000,801.997559
1142.000000,808.059021
1142.500000,814.280518
1143.000000,820.885986
1143.500000,827.842590
1144.000000,834.698547
1144.500000,840.428772
1145.000000,843.771179
1145.500000,843.266235
1146.000000,839.350647
1146.500000,832.787231
1147.000000,826.243896
1147.500000,822.079346
1148.000000,820.863342
1148.500000,821.752991
1149.000000,822.508728
1149.500000,821.113831
1150.000000,816.748596
1150.500000,810.657715
1151.000000,804.557312
1151.500000,799.788818
1152.000000,796.871094
1152.500000,794.814819
1153.000000,792.588806
1153.500000,789.564575
1154.000000,785.737854
1154.500000,781.467651
1155.000000,777.110291
1155.500000,772.732666
1156.000000,768.294617
1156.500000,763.915894
1157.000000,759.969360
1157.500000,757.150085
1158.000000,755.761292
1158.500000,755.776917
1159.000000,756.514343
1159.500000,756.927551
1160.000000,756.062683
1160.500000,753.895203
1161.000000,750.957642
1161.500000,748.590881
1162.000000,748.187134
1162.500000,749.896667
1163.000000,753.174255
1163.500000,756.589111
1164.000000,758.792297
1164.500000,759.070068
1165.000000,757.874878
1165.500000,755.803711
1166.000000,753.603821
1166.500000,751.421082
1167.000000,749.147278
1167.500000,746.899353
1168.000000,745.328796
1168.500000,745.546021
1169.000000,748.467773
1169.500000,753.861877
1170.000000,760.766296
1170.500000,767.223572
1171.000000,771.124756
1171.500000,772.133728
1172.000000,770.261353
1172.500000,767.143005
1173.000000,764.515991
1173.500000,763.763611
1174.000000,765.352234
1174.500000,769.028625
1175.000000,773.408875
1175.500000,776.883972
1176.000000,778.386780
1176.500000,776.950989
1177.000000,773.369141
1177.500000,768.816040
1178.000000,764.947266
1178.500000,763.039368
1179.000000,763.563904
1179.500000,765.656799
1180.000000,768.084412
1180.500000,769.552612
1181.000000,769.126160
1181.500000,767.368530
1182.000000,765.274719
1182.500000,764.215027
1183.000000,765.351135
1183.500000,769.165833
1184.000000,775.186157
1184.500000,782.691467
1185.000000,790.345093
1185.500000,796.790894
1186.000000,801.441833
1186.500000,803.751709
1187.000000,804.456299
1187.500000,804.561157
1188.000000,805.168335
1188.500000,806.801392
1189.000000,809.228271
1189.500000,811.532410
1190.000000,812.734497
1190.500000,812.765564
1191.000000,811.875549
1191.500000,810.850647
1192.000000,810.102478
1192.500000,809.531494
1193.000000,808.800354
1193.500000,807.798889
1194.000000,806.930298
1194.500000,807.029785
1195.000000,808.507629
1195.500000,811.724304
1196.000000,815.895386
1196.500000,820.266174
1197.000000,824.089966
1197.500000,826.954224
1198.000000,828.937012
1198.500000,830.561157
1199.000000,832.549744
1199.500000,835.463623
1200.000000,839.847107
1200.500000,845.227905
1201.000000,851.076904
1201.500000,856.653137
1202.000000,861.529419
1202.500000,865.791687
1203.000000,869.788452
1203.500000,873.765869
1204.000000,877.695618
1204.500000,881.300110
1205.000000,884.502930
1205.500000,887.456787
1206.000000,890.652344
1206.500000,894.589539
1207.000000,899.303284
1207.500000,904.379517
1208.000000,909.061340
1208.500000,912.651794
1209.000000,914.495117
1209.500000,914.768005
1210.000000,913.283203
1210.500000,910.532227
1211.000000,906.423340
1211.500000,901.153992
1212.000000,894.834534
1212.500000,887.816345
1213.000000,880.604736
1213.500000,873.669189
1214.000000,867.259766
1214.500000,861.614014
1215.000000,856.562195
1215.500000,852.014282
1216.000000,847.549988
1216.500000,842.586548
1217.000000,836.616699
1217.500000,829.539124
1218.000000,821.802307
1218.500000,814.301453
1219.000000,807.821411
1219.500000,802.210693
1220.000000,796.942993
1220.500000,791.368164
1221.000000,785.493591
1221.500000,780.055542
1222.000000,775.902039
1222.500000,773.168823
1223.000000,770.925110
1223.500000,767.810852
1224.000000,763.123657
1224.500000,756.568970
1225.000000,749.185364
1225.500000,741.709900
1226.000000,734.641846
1226.500000,728.276062
1227.000000,722.878296
1227.500000,718.713501
1228.000000,715.900757
1228.500000,713.796509
1229.000000,711.601196
1229.500000,708.830139
1230.000000,705.651672
1230.500000,702.837708
1231.000000,700.982361
1231.500000,699.815125
1232.000000,698.519775
1232.500000,696.489685
1233.000000,694.065552
1233.500000,692.348877
1234.000000,692.096924
1234.500000,693.565002
1235.000000,695.516296
1235.500000,696.698975
1236.000000,696.599548
1236.500000,695.523987
1237.000000,694.276611
1237.500000,693.466003
1238.000000,693.326782
1238.500000,693.802124
1239.000000,695.319336
1239.500000,697.967590
1240.000000,701.729309
1240.500000,705.489624
1241.000000,707.565552
1241.500000,706.731567
1242.000000,703.031372
1242.500000,697.734680
1243.000000,693.007080
1243.500000,690.756592
1244.000000,690.881165
1244.500000,692.808594
1245.000000,695.026917
1245.500000,696.777466
1246.000000,698.223206
1246.500000,700.011902
1247.000000,702.514282
1247.500000,705.243103
1248.000000,707.024719
1248.500000,707.055420
1249.000000,704.686340
1249.500000,700.966736
1250.000000,696.923340
1250.500000,693.476135
1251.000000,690.891357
1251.500000,688.760742
1252.000000,686.388672
1252.500000,683.137451
1253.000000,678.905396
1253.500000,673.783081
1254.000000,668.691406
1254.500000,664.995483
1255.000000,663.690857
1255.500000,665.486145
1256.000000,669.547852
1256.500000,674.016663
1257.000000,676.875244
1257.500000,677.407043
1258.000000,676.084106
1258.500000,674.969360
1259.000000,675.986267
1259.500000,679.152649
1260.000000,683.521057
1260.500000,687.505127
1261.000000,690.436035
1261.500000,693.017090
1262.000000,696.558960
1262.500000,701.819336
1263.000000,707.760071
1263.500000,712.450012
1264.000000,714.945496
1264.500000,715.535828
1265.000000,716.414185
1265.500000,719.749817
1266.000000,725.965271
1266.500000,733.375427
1267.000000,739.527039
1267.500000,743.252502
1268.000000,744.915833
1268.500000,746.608521
1269.000000,749.526245
1269.500000,752.847168
1270.000000,754.480103
1270.500000,752.984192
1271.000000,748.823242
1271.500000,744.259705
1272.000000,741.765015
1272.500000,742.621460
1273.000000,745.100403
1273.500000,746.828247
1274.000000,746.384094
1274.500000,743.835510
1275.000000,741.004456
1275.500000,739.534729
1276.000000,739.719116
1276.500000,740.387573
1277.000000,740.126953
1277.500000,738.653748
1278.000000,736.649719
1278.500000,735.314636
1279.000000,735.022522
1279.500000,734.656799
1280.000000,732.480408
1280.500000,727.806519
1281.000000,721.708923
1281.500000,716.358093
1282.000000,713.375000
1282.500000,713.303955
1283.000000,714.192078
1283.500000,714.029053
1284.000000,712.056641
1284.500000,708.745422
1285.000000,705.420593
1285.500000,702.707764
1286.000000,700.033264
1286.500000,696.396118
1287.000000,691.452454
1287.500000,686.503357
1288.000000,683.698120
1288.500000,683.711609
1289.000000,686.266357
1289.500000,689.413940
1290.000000,691.516357
1290.500000,692.075989
1291.000000,691.601868
1291.500000,690.364136
1292.000000,688.183289
1292.500000,684.216370
1293.000000,679.046814
1293.500000,674.235535
1294.000000,671.789368
1294.500000,673.192017
1295.000000,677.832886
1295.500000,683.719727
1296.000000,688.737671
1296.500000,691.882507
1297.000000,693.000793
1297.500000,693.275635
1298.000000,693.590393
1298.500000,694.492920
1299.000000,696.171509
1299.500000,698.300415
1300.000000,700.262390
1300.500000,701.323486
1301.000000,701.161377
1301.500000,699.900574
1302.000000,698.490112
1302.500000,697.865662
1303.000000,698.081909
1303.500000,698.656494
1304.000000,698.764465
1304.500000,697.911011
1305.000000,696.241150
1305.500000,694.288025
1306.000000,692.547546
1306.500000,691.297913
1307.000000,690.900513
1307.500000,691.327881
1308.000000,692.516357
1308.500000,693.692627
1309.000000,693.746399
1309.500000,691.952576
1310.000000,688.412415
1310.500000,683.987061
1311.000000,679.811279
1311.500000,676.462158
1312.000000,673.541748
1312.500000,670.513733
1313.000000,667.239807
1313.500000,663.988403
1314.000000,660.954712
1314.500000,657.824341
1315.000000,653.955200
1315.500000,649.148071
1316.000000,643.975708
1316.500000,639.602295
1317.000000,637.170227
1317.500000,636.020874
1318.000000,634.762268
1318.500000,631.818359
1319.000000,626.377258
1319.500000,619.203552
1320.000000,612.051270
1320.500000,606.745361
1321.000000,603.991455
1321.500000,604.085449
1322.000000,605.602051
1322.500000,607.332275
1323.000000,607.966370
1323.500000,606.325317
1324.000000,602.135925
1324.500000,595.873169
1325.000000,588.760254
1325.500000,582.469116
1326.000000,578.632568
1326.500000,577.326599
1327.000000,578.424622
1327.500000,580.363647
1328.000000,582.017700
1328.500000,582.871826
1329.000000,583.033630
1329.500000,582.855225
1330.000000,582.405273
1330.500000,581.287964
1331.000000,579.362244
1331.500000,576.854614
1332.000000,574.686523
1332.500000,573.665771
1333.000000,573.502991
1333.500000,573.134399
1334.000000,571.474670
1334.500000,568.525391
1335.000000,565.615662
1335.500000,564.489258
1336.000000,566.480530
1336.500000,570.341431
1337.000000,574.265259
1337.500000,576.728699
1338.000000,577.594482
1338.500000,578.368469
1339.000000,580.533081
1339.500000,584.228333
1340.000000,588.038879
1340.500000,590.146606
1341.000000,590.204285
1341.500000,588.883362
1342.000000,588.096863
1342.500000,589.199951
1343.000000,591.806580
1343.500000,594.474976
1344.000000,595.659607
1344.500000,595.007507
1345.000000,593.445984
1345.500000,592.720886
1346.000000,594.384460
1346.500000,597.835205
1347.000000,601.753479
1347.500000,604.650757
1348.000000,605.984131
1348.500000,606.572083
1349.000000,607.652832
1349.500000,609.842163
1350.000000,612.462830
1350.500000,614.139709
1351.000000,614.203674
1351.500000,612.776794
1352.000000,611.441223
1352.500000,611.829895
1353.000000,614.492737
1353.500000,619.063660
1354.000000,624.642639
1354.500000,630.405396
1355.000000,635.981445
1355.500000,641.088867
1356.000000,644.905334
1356.500000,647.093262
1357.000000,647.501160
1357.500000,647.407532
1358.000000,648.653992
1358.500000,652.635071
1359.000000,659.343140
1359.500000,667.661377
1360.000000,675.670654
1360.500000,681.793213
1361.000000,686.007935
1361.500000,688.355164
1362.000000,689.675171
1362.500000,690.386414
1363.000000,691.062317
1363.500000,692.439941
1364.000000,695.181274
1364.500000,699.052673
1365.000000,702.870300
1365.500000,704.852417
1366.000000,702.748596
1366.500000,696.858337
1367.000000,688.035950
1367.500000,678.665466
1368.000000,670.811523
1368.500000,665.433960
1369.000000,661.878357
1369.500000,658.947815
1370.000000,655.437378
1370.500000,650.569214
1371.000000,644.664917
1371.500000,637.927551
1372.000000,630.697754
1372.500000,623.026794
1373.000000,615.097778
1373.500000,607.501526
1374.000000,601.282776
1374.500000,597.053772
1375.000000,595.144958
1375.500000,594.104492
1376.000000,592.244690
1376.500000,588.732056
1377.000000,583.799866
1377.500000,578.871582
1378.000000,575.260315
1378.500000,573.269165
1379.000000,571.916016
1379.500000,569.996033
1380.000000,567.127441
1380.500000,563.755798
1381.000000,560.929077
1381.500000,559.374451
1382.000000,558.824707
1382.500000,558.614563
1383.000000,558.195129
1383.500000,557.465149
1384.000000,556.563293
1384.500000,555.699829
1385.000000,555.149719
1385.500000,555.172913
1386.000000,556.194519
1386.500000,557.919128
1387.000000,559.317017
1387.500000,558.868103
1388.000000,555.544678
1388.500000,549.595642
1389.000000,543.287354
1389.500000,539.404724
1390.000000,538.821350
1390.500000,541.464905
1391.000000,544.918091
1391.500000,547.078979
1392.000000,547.147705
1392.500000,545.687622
1393.000000,544.042725
1393.500000,543.308899
1394.000000,543.856567
1394.500000,544.976135
1395.000000,545.754639
1395.500000,545.629089
1396.000000,544.387573
1396.500000,542.622864
1397.000000,541.310181
1397.500000,541.527283
1398.000000,543.863831
1398.500000,548.281921
1399.000000,553.424438
1399.500000,557.525208
1400.000000,559.496216
1400.500000,558.578003
1401.000000,555.790527
1401.500000,552.317078
1402.000000,549.236877
1402.500000,547.016724
1403.000000,545.717102
1403.500000,545.095764
1404.000000,545.068054
1404.500000,545.307373
1405.000000,545.453369
1405.500000,545.193726
1406.000000,544.461060
1406.500000,543.731445
1407.000000,543.801331
1407.500000,545.268005
1408.000000,547.903442
1408.500000,550.962158
1409.000000,553.389221
1409.500000,554.226746
1410.000000,553.832336
1410.500000,552.923401
1411.000000,552.616455
1411.500000,553.643066
1412.000000,555.788879
1412.500000,558.053223
1413.000000,559.213257
1413.500000,558.895874
1414.000000,557.335449
1414.500000,555.689758
1415.000000,554.932739
1415.500000,555.246704
1416.000000,556.421509
1416.500000,557.908081
1417.000000,559.361633
1417.500000,560.712646
1418.000000,562.002747
1418.500000,563.159241
1419.000000,564.082764
1419.500000,564.748108
1420.000000,565.465027
1420.500000,566.750549
1421.000000,568.940247
1421.500000,572.083679
1422.000000,575.703369
1422.500000,578.954529
1423.000000,580.963806
1423.500000,581.694214
1424.000000,581.613770
1424.500000,582.065796
1425.000000,584.225403
1425.500000,587.906250
1426.000000,592.112610
1426.500000,595.462830
1427.000000,597.241394
1427.500000,597.672363
1428.000000,597.762024
1428.500000,598.118164
1429.000000,598.575745
1429.500000,598.603943
1430.000000,598.284058
1430.500000,598.622375
1431.000000,600.763000
1431.500000,605.152954
1432.000000,611.000183
1432.500000,616.583557
1433.000000,620.268921
1433.500000,621.874817
1434.000000,621.569153
1434.500000,620.637085
1435.000000,619.923706
1435.500000,619.882568
1436.000000,620.611877
1436.500000,621.973572
1437.000000,623.703491
1437.500000,625.580017
1438.000000,627.423157
1438.500000,629.124817
1439.000000,630.615356
1439.500000,631.623352
1440.000000,631.982849
1440.500000,631.606506
1441.000000,630.910706
1441.500000,630.496216
1442.000000,630.790894
1442.500000,631.656494
1443.000000,632.692444
1443.500000,633.497620
1444.000000,634.074219
1444.500000,634.876282
1445.000000,636.449524
1445.500000,638.863220
1446.000000,641.694641
1446.500000,644.249084
1447.000000,646.070068
1447.500000,647.051880
1448.000000,647.749451
1448.500000,648.971313
1449.000000,651.278137
1449.500000,655.170593
1450.000000,660.270996
1450.500000,665.924866
1451.000000,671.272156
1451.500000,675.820068
1452.000000,679.572937
1452.500000,683.113831
1453.000000,687.076416
1453.500000,691.632874
1454.000000,696.601868
1454.500000,701.428650
1455.000000,705.767883
1455.500000,709.836548
1456.000000,714.205872
1456.500000,719.159912
1457.000000,724.180237
1457.500000,728.139587
1458.000000,730.531372
1458.500000,731.497314
1459.000000,732.630920
1459.500000,735.554321
1460.000000,740.499329
1460.500000,746.322021
1461.000000,751.165100
1461.500000,754.293701
1462.000000,756.483887
1462.500000,759.607300
1463.000000,765.584839
1463.500000,773.933838
1464.000000,783.503479
1464.500000,792.250488
1465.000000,798.495300
1465.500000,801.663513
1466.000000,802.440857
1466.500000,802.137878
1467.000000,802.510986
1467.500000,805.311340
1468.000000,810.602966
1468.500000,818.013000
1469.000000,825.742737
1469.500000,832.252136
1470.000000,836.953064
1470.500000,840.194885
1471.000000,842.788635
1471.500000,845.371887
1472.000000,848.135742
1472.500000,850.942261
1473.000000,853.425964
1473.500000,855.187439
1474.000000,855.584229
1474.500000,854.567017
1475.000000,852.565918
1475.500000,850.583069
1476.000000,849.300293
1476.500000,848.664673
1477.000000,847.908142
1477.500000,846.291504
1478.000000,844.057068
1478.500000,841.904175
1479.000000,840.452698
1479.500000,839.718567
1480.000000,839.015869
1480.500000,837.730652
1481.000000,835.633057
1481.500000,832.896790
1482.000000,829.521912
1482.500000,825.791260
1483.000000,822.361816
1483.500000,820.204956
1484.000000,820.309143
1484.500000,821.911011
1485.000000,822.907654
1485.500000,821.115051
1486.000000,816.182068
1486.500000,809.411316
1487.000000,803.460693
1487.500000,800.333984
1488.000000,799.089905
1488.500000,797.726868
1489.000000,794.461060
1489.500000,789.220581
1490.000000,783.526489
1490.500000,779.060913
1491.000000,776.651672
1491.500000,775.595886
1492.000000,775.146912
1492.500000,774.724609
1493.000000,774.496277
1493.500000,774.644531
1494.000000,774.910950
1494.500000,774.596008
1495.000000,773.102173
1495.500000,770.423767
1496.000000,767.419312
1496.500000,765.157471
1497.000000,764.018433
1497.500000,763.793091
1498.000000,763.392761
1498.500000,762.093384
1499.000000,760.081726
1499.500000,758.148560
1500.000000,757.086792
1500.500000,757.008301
1501.000000,757.580322
1501.500000,758.347595
1502.000000,759.728210
1502.500000,762.330566
1503.000000,766.748169
1503.500000,772.174988
1504.000000,777.186401
1504.500000,780.591553
1505.000000,782.393066
1505.500000,783.634705
1506.000000,785.675110
1506.500000,789.132324
1507.000000,793.266724
1507.500000,797.506348
1508.000000,801.823547
1508.500000,806.869507
1509.000000,813.060303
1509.500000,820.023865
1510.000000,826.634949
1510.500000,831.967041
1511.000000,835.843384
1511.500000,839.226685
1512.000000,842.988647
1512.500000,847.347839
1513.000000,851.958679
1513.500000,856.138672
1514.000000,859.236816
1514.500000,860.782837
1515.000000,860.711548
1515.500000,859.037048
1516.000000,856.736572
1516.500000,855.355103
1517.000000,856.106140
1517.500000,859.966248
1518.000000,865.808167
1518.500000,871.720459
1519.000000,875.867188
1519.500000,877.738403
1520.000000,878.168884
1520.500000,879.076172
1521.000000,882.548401
1521.500000,888.929138
1522.000000,898.115662
1522.500000,907.946960
1523.000000,916.020081
1523.500000,920.853943
1524.000000,922.149231
1524.500000,920.909607
1525.000000,919.021973
1525.500000,917.840454
1526.000000,917.502258
1526.500000,917.244751
1527.000000,916.117737
1527.500000,913.703552
1528.000000,910.552490
1528.500000,907.320801
1529.000000,904.298401
1529.500000,901.208313
1530.000000,897.478821
1530.500000,892.890991
1531.000000,887.446228
1531.500000,881.619629
1532.000000,875.673767
1532.500000,869.880310
1533.000000,864.582336
1533.500000,860.040466
1534.000000,856.191101
1534.500000,852.401672
1535.000000,847.812012
1535.500000,841.905273
1536.000000,835.502563
1536.500000,830.149536
1537.000000,826.895691
1537.500000,826.065308
1538.000000,826.200745
1538.500000,825.261780
1539.000000,821.876465
1539.500000,816.153687
1540.000000,808.887390
1540.500000,801.657776
1541.000000,796.038269
1541.500000,792.561279
1542.000000,791.661194
1542.500000,791.971436
1543.000000,791.769348
1543.500000,789.695923
1544.000000,785.829956
1544.500000,781.745300
1545.000000,779.599548
1545.500000,781.311401
1546.000000,785.595398
1546.500000,790.226440
1547.000000,793.030273
1547.500000,792.953247
1548.000000,790.820740
1548.500000,788.243164
1549.000000,786.778870
1549.500000,787.209473
1550.000000,789.590027
1550.500000,792.677551
1551.000000,795.065735
1551.500000,795.852234
1552.000000,794.759949
1552.500000,792.897278
1553.000000,791.702393
1553.500000,792.036438
1554.000000,793.504944
1554.500000,795.459351
1555.000000,797.468140
1555.500000,799.780396
1556.000000,802.573853
1556.500000,805.624634
1557.000000,808.239502
1557.500000,810.046814
1558.000000,811.429077
1558.500000,812.977539
1559.000000,814.803284
1559.500000,816.416199
1560.000000,817.295227
1560.500000,817.843201
1561.000000,818.943481
1561.500000,820.783691
1562.000000,822.567749
1562.500000,823.114319
1563.000000,822.049133
1563.500000,820.334717
1564.000000,819.551819
1564.500000,820.470947
1565.000000,821.958069
1565.500000,822.632019
1566.000000,822.243408
1566.500000,821.555786
1567.000000,821.628479
1567.500000,822.533691
1568.000000,822.986938
1568.500000,821.605164
1569.000000,817.706543
1569.500000,812.166138
1570.000000,805.740295
1570.500000,799.305542
1571.000000,793.436462
1571.500000,788.657043
1572.000000,785.495728
1572.500000,783.703186
1573.000000,782.215515
1573.500000,779.781006
1574.000000,776.154907
1574.500000,772.236145
1575.000000,769.415955
1575.500000,767.930725
1576.000000,765.968445
1576.500000,761.051392
1577.000000,752.456055
1577.500000,741.666199
1578.000000,731.916321
1578.500000,725.863403
1579.000000,724.235107
1579.500000,724.762451
1580.000000,725.444336
1580.500000,725.105164
1581.000000,723.663269
1581.500000,721.711182
1582.000000,719.374939
1582.500000,716.490723
1583.000000,713.248718
1583.500000,710.500122
1584.000000,709.102356
1584.500000,709.537354
1585.000000,710.446899
1585.500000,709.799622
1586.000000,706.667542
1586.500000,701.317871
1587.000000,695.664062
1587.500000,691.898621
1588.000000,691.449829
1588.500000,693.869690
1589.000000,697.846130
1589.500000,701.514648
1590.000000,703.511230
1590.500000,703.613281
1591.000000,701.538635
1591.500000,697.676758
1592.000000,692.548889
1592.500000,687.206116
1593.000000,682.820740
1593.500000,680.461487
1594.000000,679.955688
1594.500000,680.871582
1595.000000,681.822083
1595.500000,681.746277
1596.000000,680.500610
1596.500000,678.378357
1597.000000,675.988953
1597.500000,673.794861
1598.000000,671.868591
1598.500000,669.807068
1599.000000,666.953430
1599.500000,663.294312
1600.000000,659.357605
1600.500000,656.253967
1601.000000,654.928650
1601.500000,654.944946
1602.000000,654.514404
1602.500000,651.670105
1603.000000,646.134033
1603.500000,638.875122
1604.000000,631.985168
1604.500000,626.786804
1605.000000,622.637085
1605.500000,618.407288
1606.000000,613.766785
1606.500000,609.655151
1607.000000,607.298462
1607.500000,606.785156
1608.000000,606.965881
1608.500000,606.047974
1609.000000,602.891052
1609.500000,598.383972
1610.000000,593.460144
1610.500000,588.930603
1611.000000,585.069519
1611.500000,581.880676
1612.000000,579.376099
1612.500000,577.505981
1613.000000,575.817810
1613.500000,573.756714
1614.000000,571.261597
1614.500000,568.892273
1615.000000,567.401184
1615.500000,566.971619
1616.000000,566.835999
1616.500000,566.017761
1617.000000,564.039551
1617.500000,561.261414
1618.000000,558.124695
1618.500000,554.834290
1619.000000,551.196472
1619.500000,547.476013
1620.000000,544.576599
1620.500000,543.260742
1621.000000,543.519287
1621.500000,543.846008
1622.000000,542.663208
1622.500000,539.482910
1623.000000,535.788330
1623.500000,533.844543
1624.000000,534.575134
1624.500000,537.658997
1625.000000,541.063843
1625.500000,543.378845
1626.000000,544.349121
1626.500000,544.481628
1627.000000,544.233215
1627.500000,543.773315
1628.000000,543.200500
1628.500000,542.947815
1629.000000,543.675354
1629.500000,545.206543
1630.000000,546.634644
1630.500000,546.636719
1631.000000,544.621765
1631.500000,541.037354
1632.000000,537.000671
1632.500000,533.304443
1633.000000,530.056458
1633.500000,527.058411
1634.000000,524.087280
1634.500000,521.262390
1635.000000,518.769714
1635.500000,516.850830
1636.000000,515.741028
1636.500000,515.566650
1637.000000,515.888245
1637.500000,515.408569
1638.000000,511.901611
1638.500000,504.827118
1639.000000,494.407623
1639.500000,483.883392
1640.000000,476.955170
1640.500000,475.213776
1641.000000,477.809570
1641.500000,482.102081
1642.000000,485.077087
1642.500000,484.672333
1643.000000,481.920166
1643.500000,477.839386
1644.000000,473.648407
1644.500000,469.538727
1645.000000,465.142273
1645.500000,460.156738
1646.000000,454.992340
1646.500000,450.583191
1647.000000,448.054535
1647.500000,447.484619
1648.000000,448.622528
1648.500000,449.792969
1649.000000,449.438324
1649.500000,447.196259
1650.000000,443.631683
1650.500000,440.220093
1651.000000,438.289551
1651.500000,438.173004
1652.000000,438.533417
1652.500000,437.712982
1653.000000,435.052948
1653.500000,430.616852
1654.000000,425.992554
1654.500000,422.817322
1655.000000,421.630829
1655.500000,421.922882
1656.000000,422.427032
1656.500000,421.830597
1657.000000,419.202454
1657.500000,415.293121
1658.000000,411.263916
1658.500000,408.217651
1659.000000,406.673340
1659.500000,405.994690
1660.000000,405.232880
1660.500000,403.835754
1661.000000,401.966248
1661.500000,400.014618
1662.000000,398.200958
1662.500000,396.470154
1663.000000,394.752411
1663.500000,393.249146
1664.000000,392.091400
1664.500000,391.135437
1665.000000,389.990845
1665.500000,388.516541
1666.000000,387.162689
1666.500000,386.457214
1667.000000,386.453552
1667.500000,386.291595
1668.000000,384.841034
1668.500000,381.959412
1669.000000,378.226227
1669.500000,374.568207
1670.000000,371.464569
1670.500000,369.044403
1671.000000,367.455444
1671.500000,367.305573
1672.000000,368.369232
1672.500000,369.914978
1673.000000,370.517334
1673.500000,368.955200
1674.000000,365.571655
1674.500000,361.646210
1675.000000,358.459656
1675.500000,356.419220
1676.000000,355.303619
1676.500000,354.494080
1677.000000,353.668640
1677.500000,352.742737
1678.000000,351.708984
1678.500000,350.629822
1679.000000,349.590302
1679.500000,348.602844
1680.000000,347.486115
1680.500000,345.989166
1681.000000,344.131470
1681.500000,342.190247
1682.000000,340.529053
1682.500000,339.287659
1683.000000,338.102417
1683.500000,336.683105
1684.000000,335.041687
1684.500000,333.377075
1685.000000,331.845367
1685.500000,330.472290
1686.000000,329.415680
1686.500000,328.883331
1687.000000,329.109955
1687.500000,329.535309
1688.000000,329.174744
1688.500000,327.614685
1689.000000,325.224243
1689.500000,323.050568
1690.000000,321.849274
1690.500000,321.516510
1691.000000,321.085693
1691.500000,319.920807
1692.000000,318.420807
1692.500000,317.446106
1693.000000,317.507324
1693.500000,318.467285
1694.000000,319.551300
1694.500000,320.173340
1695.000000,320.109070
1695.500000,319.433044
1696.000000,317.987427
1696.500000,315.934479
1697.000000,313.561096
1697.500000,311.657593
1698.000000,311.105286
1698.500000,311.791656
1699.000000,312.381073
1699.500000,311.087036
1700.000000,307.160339
1700.500000,301.266174
1701.000000,295.830841
1701.500000,293.418549
1702.000000,293.701233
1702.500000,295.686310
1703.000000,297.685974
1703.500000,299.134460
1704.000000,300.459503
1704.500000,301.858154
1705.000000,302.536530
1705.500000,301.605530
1706.000000,298.684082
1706.500000,295.300995
1707.000000,293.148560
1707.500000,292.494080
1708.000000,292.780243
1708.500000,293.175537
1709.000000,293.665192
1709.500000,294.709839
1710.000000,296.140503
1710.500000,296.960358
1711.000000,296.373901
1711.500000,294.116058
1712.000000,291.553711
1712.500000,289.725403
1713.000000,288.724609
1713.500000,288.194183
1714.000000,287.973572
1714.500000,288.359192
1715.000000,289.591003
1715.500000,291.159821
1716.000000,292.235840
1716.500000,292.481445
1717.000000,292.035950
1717.500000,291.345245
1718.000000,290.201202
1718.500000,288.159454
1719.000000,285.236206
1719.500000,282.406372
1720.000000,280.868134
1720.500000,281.307800
1721.000000,282.780334
1721.500000,284.126831
1722.000000,284.587585
1722.500000,284.297638
1723.000000,283.945465
1723.500000,284.042389
1724.000000,284.694061
1724.500000,285.611450
1725.000000,286.354950
1725.500000,286.554230
1726.000000,285.718414
1726.500000,284.000977
1727.000000,281.667603
1727.500000,279.373962
1728.000000,277.521393
1728.500000,276.184967
1729.000000,275.304565
1729.500000,275.057861
1730.000000,275.517822
1730.500000,276.730286
1731.000000,278.027252
1731.500000,278.414886
1732.000000,277.360596
1732.500000,275.056854
1733.000000,272.461761
1733.500000,270.516724
1734.000000,269.658875
1734.500000,269.511993
1735.000000,269.553345
1735.500000,269.517395
1736.000000,269.494446
1736.500000,269.541412
1737.000000,269.313385
1737.500000,268.376587
1738.000000,266.658905
1738.500000,264.814453
1739.000000,263.892883
1739.500000,264.637329
1740.000000,266.231384
1740.500000,267.412933
1741.000000,267.415436
1741.500000,266.404541
1742.000000,265.793121
1742.500000,266.615662
1743.000000,268.472900
1743.500000,269.858307
1744.000000,269.192596
1744.500000,266.679932
1745.000000,263.601990
1745.500000,261.323578
1746.000000,260.152893
1746.500000,258.950226
1747.000000,256.695618
1747.500000,253.749603
1748.000000,251.445465
1748.500000,251.013611
1749.000000,252.313766
1749.500000,254.151794
1750.000000,255.335526
1750.500000,255.397644
1751.000000,254.913834
1751.500000,254.285416
1752.000000,253.565140
1752.500000,252.568665
1753.000000,251.263779
1753.500000,249.777924
1754.000000,248.118317
1754.500000,246.258652
1755.000000,244.380615
1755.500000,243.015518
1756.000000,242.878662
1756.500000,243.609772
1757.000000,244.158966
1757.500000,243.561752
1758.000000,241.780060
1758.500000,239.810776
1759.000000,238.802002
1759.500000,239.107590
1760.000000,239.815720
1760.500000,239.989807
1761.000000,239.443298
1761.500000,238.655258
1762.000000,238.125458
1762.500000,237.895218
1763.000000,237.700760
1763.500000,237.460419
1764.000000,237.470825
1764.500000,237.894409
1765.000000,238.528793
1765.500000,238.731674
1766.000000,238.072281
1766.500000,236.948730
1767.000000,236.037796
1767.500000,235.724594
1768.000000,235.605530
1768.500000,234.771835
1769.000000,232.814468
1769.500000,229.812469
1770.000000,226.868790
1770.500000,225.303589
1771.000000,225.567505
1771.500000,227.714493
1772.000000,230.801651
1772.500000,233.276306
1773.000000,233.760925
1773.500000,232.226547
1774.000000,229.540802
1774.500000,227.529465
1775.000000,227.590881
1775.500000,228.763931
1776.000000,229.414520
1776.500000,228.342453
1777.000000,225.744675
1777.500000,223.360031
1778.000000,222.638550
1778.500000,223.949799
1779.000000,226.015961
1779.500000,227.287582
1780.000000,227.291656
1780.500000,226.095154
1781.000000,224.399002
1781.500000,222.617065
1782.000000,220.815613
1782.500000,218.860275
1783.000000,216.691818
1783.500000,214.537460
1784.000000,213.026840
1784.500000,212.473297
1785.000000,213.087463
1785.500000,214.202957
1786.000000,214.903397
1786.500000,214.546494
1787.000000,213.248978
1787.500000,211.681625
1788.000000,210.674713
1788.500000,210.966370
1789.000000,212.266556
1789.500000,214.312393
1790.000000,216.434647
1790.500000,217.950729
1791.000000,218.362411
1791.500000,217.338638
1792.000000,214.932892
1792.500000,211.771454
1793.000000,208.930435
1793.500000,207.337265
1794.000000,207.726608
1794.500000,209.309036
1795.000000,211.057968
1795.500000,211.932739
1796.000000,211.594177
1796.500000,210.392303
1797.000000,208.788010
1797.500000,207.037506
1798.000000,205.400696
1798.500000,204.410507
1799.000000,204.385773
1799.500000,205.452545
1800.000000,206.600845
1800.500000,206.915466
1801.000000,206.324615
1801.500000,205.634796
1802.000000,205.850433
1802.500000,206.949158
1803.000000,208.072266
1803.500000,208.218018
1804.000000,206.827072
1804.500000,205.096024
1805.000000,204.347549
1805.500000,205.160385
1806.000000,207.038727
1806.500000,208.326065
1807.000000,207.756897
1807.500000,205.105209
1808.000000,201.823883
1808.500000,199.705338
1809.000000,199.070999
1809.500000,199.477432
1810.000000,199.955460
