440.000000,4205.267578
440.500000,4207.113770
441.000000,4211.728027
441.500000,4218.446777
442.000000,4226.914551
442.500000,4238.159668
443.000000,4252.568848
443.500000,4271.187500
444.000000,4294.150879
444.500000,4321.566895
445.000000,4354.576660
445.500000,4393.212402
446.000000,4439.643066
446.500000,4492.283203
447.000000,4550.489746
447.500000,4611.828125
448.000000,4674.273926
448.500000,4735.088379
449.000000,4791.208008
449.500000,4840.180176
450.000000,4881.378418
450.500000,4912.924316
451.000000,4936.553223
451.500000,4951.394531
452.000000,4960.193848
452.500000,4962.498047
453.000000,4958.857422
453.500000,4949.527344
454.000000,4935.521973
454.500000,4919.915039
455.000000,4904.790527
455.500000,4891.167969
456.000000,4879.094238
456.500000,4866.589355
457.000000,4851.104980
457.500000,4831.681152
458.000000,4808.080566
458.500000,4781.420898
459.000000,4753.982422
459.500000,4728.648926
460.000000,4707.093750
460.500000,4691.805664
461.000000,4682.200684
461.500000,4678.928223
462.000000,4679.329102
462.500000,4680.627441
463.000000,4680.659668
463.500000,4678.182617
464.000000,4672.764648
464.500000,4665.326172
465.000000,4656.278320
465.500000,4645.756348
466.000000,4632.738281
466.500000,4617.090332
467.000000,4599.049316
467.500000,4581.226562
468.000000,4566.569336
468.500000,4557.857910
469.000000,4556.046875
469.500000,4562.668945
470.000000,4574.828613
470.500000,4591.107910
471.000000,4609.061035
471.500000,4627.187988
472.000000,4644.085449
472.500000,4658.848145
473.000000,4671.921875
473.500000,4684.918457
474.000000,4700.514648
474.500000,4720.949219
475.000000,4751.062500
475.500000,4788.495605
476.000000,4831.986328
476.500000,4877.049316
477.000000,4918.518555
477.500000,4950.520996
478.000000,4969.645020
478.500000,4974.044434
479.000000,4966.494629
479.500000,4947.345215
480.000000,4921.488281
480.500000,4890.668457
481.000000,4856.670410
481.500000,4818.387207
482.000000,4774.730957
482.500000,4725.230957
483.000000,4671.394043
483.500000,4618.825684
484.000000,4574.244629
484.500000,4540.591309
485.000000,4522.065430
485.500000,4515.008301
486.000000,4514.153809
486.500000,4513.131836
487.000000,4508.719727
487.500000,4500.669922
488.000000,4491.692383
488.500000,4486.105469
489.000000,4484.906738
489.500000,4487.564453
490.000000,4490.389648
490.500000,4489.277344
491.000000,4481.459961
491.500000,4466.957520
492.000000,4448.560059
492.500000,4429.639160
493.000000,4413.142578
493.500000,4400.419922
494.000000,4392.841797
494.500000,4388.600586
495.000000,4387.658691
495.500000,4389.112793
496.000000,4392.444336
496.500000,4396.428711
497.000000,4399.169434
497.500000,4398.761230
498.000000,4394.457520
498.500000,4385.077148
499.000000,4371.780273
499.500000,4354.899414
500.000000,4336.135254
500.500000,4316.046387
501.000000,4295.259277
501.500000,4274.390625
502.000000,4254.370117
502.500000,4236.047363
503.000000,4220.385254
503.500000,4207.241211
504.000000,4197.186523
504.500000,4189.733398
505.000000,4185.515625
505.500000,4184.473145
506.000000,4187.023438
506.500000,4193.250000
507.000000,4202.413574
507.500000,4213.754883
508.000000,4225.523438
508.500000,4236.549805
509.000000,4246.467285
509.500000,4254.985840
510.000000,4262.273926
510.500000,4267.864746
511.000000,4270.918945
511.500000,4270.248047
512.000000,4264.166504
512.500000,4252.815918
513.000000,4235.671387
513.500000,4216.051270
514.000000,4197.287109
514.500000,4181.966797
515.000000,4172.181152
515.500000,4167.995605
516.000000,4168.395020
516.500000,4171.571289
517.000000,4176.527344
517.500000,4184.446289
518.000000,4196.490234
518.500000,4216.148438
519.000000,4244.064941
519.500000,4279.788086
520.000000,4320.529785
520.500000,4363.177246
521.000000,4404.566406
521.500000,4442.052246
522.000000,4473.412598
522.500000,4499.547852
523.000000,4519.632812
523.500000,4535.226562
524.000000,4546.213867
524.500000,4553.059082
525.000000,4555.404785
525.500000,4552.390137
526.000000,4543.160156
526.500000,4525.985352
527.000000,4501.812012
527.500000,4470.222656
528.000000,4435.908691
528.500000,4401.941406
529.000000,4371.178711
529.500000,4346.104004
530.000000,4328.016602
530.500000,4317.096191
531.000000,4313.399414
531.500000,4316.015137
532.000000,4326.288574
532.500000,4342.763672
533.000000,4366.226074
533.500000,4394.220215
534.000000,4425.202148
534.500000,4457.895020
535.000000,4491.982910
535.500000,4528.241699
536.000000,4568.233887
536.500000,4614.263184
537.000000,4666.210449
537.500000,4725.765137
538.000000,4791.611816
538.500000,4864.134766
539.000000,4942.162598
539.500000,5023.363770
540.000000,5104.124023
540.500000,5179.460449
541.000000,5241.518066
541.500000,5285.619141
542.000000,5298.045410
542.500000,5283.679199
543.000000,5239.496582
543.500000,5172.573730
544.000000,5088.490234
544.500000,4994.791992
545.000000,4899.424316
545.500000,4808.223145
546.000000,4723.872559
546.500000,4650.725586
547.000000,4588.700684
547.500000,4542.643555
548.000000,4512.821289
548.500000,4499.320801
549.000000,4499.481445
549.500000,4508.908203
550.000000,4522.694824
550.500000,4535.243164
551.000000,4542.556641
551.500000,4545.808105
552.000000,4546.785645
552.500000,4548.479980
553.000000,4552.879883
553.500000,4559.785156
554.000000,4566.973145
554.500000,4572.034668
555.000000,4574.130859
555.500000,4573.200684
556.000000,4570.775391
556.500000,4567.472656
557.000000,4563.013672
557.500000,4555.768555
558.000000,4545.053711
558.500000,4531.292969
559.000000,4516.773438
559.500000,4505.278320
560.000000,4500.863770
560.500000,4503.128906
561.000000,4511.956543
561.500000,4523.515137
562.000000,4535.144043
562.500000,4544.787109
563.000000,4552.095215
563.500000,4558.428711
564.000000,4565.444824
564.500000,4574.772461
565.000000,4587.117188
565.500000,4603.832031
566.000000,4624.212891
566.500000,4647.893066
567.000000,4673.236816
567.500000,4698.558594
568.000000,4721.895020
568.500000,4741.206055
569.000000,4754.632324
569.500000,4762.900879
570.000000,4766.080566
570.500000,4766.387207
571.000000,4765.065918
571.500000,4763.539551
572.000000,4761.642090
572.500000,4757.678711
573.000000,4748.774902
573.500000,4731.889648
574.000000,4705.800781
574.500000,4669.063965
575.000000,4625.101562
575.500000,4577.187012
576.000000,4529.324707
576.500000,4483.836426
577.000000,4441.303711
577.500000,4401.715332
578.000000,4364.972656
578.500000,4331.499512
579.000000,4303.203125
579.500000,4280.777344
580.000000,4266.215332
580.500000,4257.281738
581.000000,4252.345703
581.500000,4247.578125
582.000000,4240.790039
582.500000,4231.889160
583.000000,4222.603027
583.500000,4215.874512
584.000000,4214.330566
584.500000,4220.547363
585.000000,4231.871582
585.500000,4246.192383
586.000000,4259.775879
586.500000,4269.187500
587.000000,4272.423340
587.500000,4268.616699
588.000000,4258.800293
588.500000,4245.029785
589.000000,4228.388184
589.500000,4210.520508
590.000000,4192.139648
590.500000,4173.947754
591.000000,4156.713379
591.500000,4141.290039
592.000000,4129.054199
592.500000,4121.377441
593.000000,4118.718262
593.500000,4121.248535
594.000000,4125.841309
594.500000,4128.303711
595.000000,4125.718262
595.500000,4115.345703
596.000000,4098.863770
596.500000,4079.994385
597.000000,4065.164062
597.500000,4059.029053
598.000000,4063.851318
598.500000,4076.465088
599.000000,4093.510010
599.500000,4109.668457
600.000000,4120.975098
600.500000,4128.050781
601.000000,4133.039062
601.500000,4138.539062
602.000000,4146.080566
602.500000,4155.777344
603.000000,4166.313965
603.500000,4176.363281
604.000000,4185.772461
604.500000,4195.110352
605.000000,4204.990723
605.500000,4215.382812
606.000000,4225.224609
606.500000,4232.424805
607.000000,4235.425293
607.500000,4234.315918
608.000000,4229.391113
608.500000,4222.523926
609.000000,4214.890625
609.500000,4207.649414
610.000000,4201.576660
610.500000,4196.914551
611.000000,4194.071289
611.500000,4193.217285
612.000000,4193.981445
612.500000,4195.584473
613.000000,4196.446289
613.500000,4194.567871
614.000000,4189.672852
614.500000,4181.329590
615.000000,4170.825195
615.500000,4159.581543
616.000000,4149.362305
616.500000,4141.823242
617.000000,4138.060547
617.500000,4137.926270
618.000000,4141.997070
618.500000,4149.185547
619.000000,4159.580078
619.500000,4172.362305
620.000000,4187.143066
620.500000,4202.954590
621.000000,4218.638672
621.500000,4232.792969
622.000000,4244.504883
622.500000,4253.175781
623.000000,4260.535156
623.500000,4269.783691
624.000000,4283.364258
624.500000,4303.375977
625.000000,4328.530273
625.500000,4355.707520
626.000000,4380.157715
626.500000,4397.734375
627.000000,4406.859863
627.500000,4411.081543
628.000000,4414.755371
628.500000,4422.855957
629.000000,4440.009277
629.500000,4466.184082
630.000000,4498.125488
630.500000,4529.386230
631.000000,4554.031738
631.500000,4567.030273
632.000000,4568.878906
632.500000,4560.056152
633.000000,4547.263184
633.500000,4536.313965
634.000000,4530.044922
634.500000,4528.553711
635.000000,4528.781738
635.500000,4526.644043
636.000000,4518.556641
636.500000,4503.827148
637.000000,4483.574707
637.500000,4461.149902
638.000000,4437.880371
638.500000,4414.143555
639.000000,4389.068848
639.500000,4362.011230
640.000000,4333.356445
640.500000,4305.092285
641.000000,4279.197754
641.500000,4257.359863
642.000000,4238.995605
642.500000,4223.914062
643.000000,4210.722168
643.500000,4199.837402
644.000000,4191.886230
644.500000,4188.122559
645.000000,4189.122070
645.500000,4194.329102
646.000000,4203.249023
646.500000,4214.441895
647.000000,4227.902832
647.500000,4242.950684
648.000000,4259.713379
648.500000,4277.562012
649.000000,4295.848633
649.500000,4313.967773
650.000000,4331.784180
650.500000,4349.763184
651.000000,4368.392578
651.500000,4387.673828
652.000000,4406.624023
652.500000,4423.332031
653.000000,4436.334961
653.500000,4443.646973
654.000000,4444.650879
654.500000,4440.240234
655.000000,4431.672363
655.500000,4421.314453
656.000000,4411.709961
656.500000,4405.304199
657.000000,4405.734375
657.500000,4413.765137
658.000000,4429.503906
658.500000,4449.896484
659.000000,4471.535156
659.500000,4491.264648
660.000000,4507.790527
660.500000,4521.916016
661.000000,4537.552246
661.500000,4560.653320
662.000000,4592.991699
662.500000,4637.013184
663.000000,4690.283203
663.500000,4750.567383
664.000000,4815.298828
664.500000,4883.057129
665.000000,4953.748535
665.500000,5026.010742
666.000000,5096.063477
666.500000,5158.117676
667.000000,5200.718262
667.500000,5217.444336
668.000000,5198.380859
668.500000,5143.176270
669.000000,5059.983398
669.500000,4956.501953
670.000000,4844.318359
670.500000,4730.861816
671.000000,4621.253906
671.500000,4519.229492
672.000000,4425.520508
672.500000,4342.950684
673.000000,4273.667480
673.500000,4220.626953
674.000000,4185.776855
674.500000,4166.351074
675.000000,4160.416016
675.500000,4161.000977
676.000000,4163.913086
676.500000,4166.890625
677.000000,4170.747070
677.500000,4177.302734
678.000000,4188.358398
678.500000,4204.069336
679.000000,4222.312012
679.500000,4239.541504
680.000000,4253.051270
680.500000,4260.232910
681.000000,4262.330566
681.500000,4259.883301
682.000000,4255.225098
682.500000,4250.276855
683.000000,4246.955566
683.500000,4246.692871
684.000000,4250.879883
684.500000,4259.529297
685.000000,4273.311035
685.500000,4290.234375
686.000000,4308.463379
686.500000,4324.829102
687.000000,4335.489746
687.500000,4338.370605
688.000000,4332.583008
688.500000,4318.653320
689.000000,4300.268066
689.500000,4282.149902
690.000000,4269.825684
690.500000,4272.556641
691.000000,4292.086426
691.500000,4332.111328
692.000000,4390.129883
692.500000,4462.880859
693.000000,4545.426758
693.500000,4631.144043
694.000000,4713.284180
694.500000,4785.707520
695.000000,4838.924316
695.500000,4870.798340
696.000000,4873.012207
696.500000,4846.477051
697.000000,4791.668457
697.500000,4714.491699
698.000000,4624.841309
698.500000,4533.059082
699.000000,4447.010254
699.500000,4372.660645
700.000000,4308.942871
700.500000,4257.260254
701.000000,4215.666016
701.500000,4185.484863
702.000000,4168.043945
702.500000,4163.229980
703.000000,4170.335449
703.500000,4185.544922
704.000000,4207.237793
704.500000,4232.528320
705.000000,4261.633301
705.500000,4294.192871
706.000000,4330.024902
706.500000,4366.364746
707.000000,4399.734863
707.500000,4427.116211
708.000000,4448.177734
708.500000,4463.502441
709.000000,4476.551270
709.500000,4489.680176
710.000000,4503.735352
710.500000,4517.459473
711.000000,4528.914551
711.500000,4536.174316
712.000000,4537.930176
712.500000,4533.736328
713.000000,4522.119629
713.500000,4503.662598
714.000000,4477.083496
714.500000,4446.333008
715.000000,4414.444336
715.500000,4384.939941
716.000000,4360.243164
716.500000,4340.436035
717.000000,4323.720703
717.500000,4308.038086
718.000000,4292.025879
718.500000,4276.290527
719.000000,4262.199707
719.500000,4251.606445
720.000000,4244.770020
720.500000,4242.301270
721.000000,4244.388184
721.500000,4251.951660
722.000000,4266.812012
722.500000,4287.607910
723.000000,4312.238281
723.500000,4335.509277
724.000000,4350.660156
724.500000,4354.550781
725.000000,4344.036133
725.500000,4321.727539
726.000000,4292.151367
726.500000,4261.504395
727.000000,4234.609863
727.500000,4215.663574
728.000000,4205.357910
728.500000,4206.919434
729.000000,4218.589844
729.500000,4241.418945
730.000000,4273.204590
730.500000,4311.736816
731.000000,4354.604492
731.500000,4399.941895
732.000000,4446.791016
732.500000,4493.909668
733.000000,4539.437500
733.500000,4581.532227
734.000000,4616.907227
734.500000,4645.486328
735.000000,4669.250977
735.500000,4692.637695
736.000000,4720.650879
736.500000,4757.385254
737.000000,4802.244141
737.500000,4852.709473
738.000000,4901.496582
738.500000,4937.890137
739.000000,4956.887695
739.500000,4952.321289
740.000000,4924.751465
740.500000,4876.946289
741.000000,4813.525879
741.500000,4742.509766
742.000000,4670.383301
742.500000,4603.125977
743.000000,4545.893066
743.500000,4497.870605
744.000000,4459.235352
744.500000,4427.103516
745.000000,4398.840820
745.500000,4371.855957
746.000000,4344.198242
746.500000,4315.033203
747.000000,4285.336426
747.500000,4257.635254
748.000000,4233.988770
748.500000,4217.218262
749.000000,4207.334961
749.500000,4203.910645
750.000000,4204.885254
750.500000,4207.537109
751.000000,4209.346191
751.500000,4208.624023
752.000000,4204.158203
752.500000,4196.980469
753.000000,4188.012695
753.500000,4179.089355
754.000000,4171.490723
754.500000,4165.093262
755.000000,4158.019043
755.500000,4146.626465
756.000000,4128.440918
756.500000,4101.490234
757.000000,4068.772217
757.500000,4032.883789
758.000000,3997.588623
758.500000,3965.119873
759.000000,3935.485352
759.500000,3907.574463
760.000000,3880.301514
760.500000,3853.646240
761.000000,3829.029785
761.500000,3807.428711
762.000000,3790.415527
762.500000,3777.153564
763.000000,3767.546143
763.500000,3760.653076
764.000000,3756.336670
764.500000,3754.892822
765.000000,3756.479980
765.500000,3762.011719
766.000000,3771.552734
766.500000,3786.912842
767.000000,3807.490234
767.500000,3834.058105
768.000000,3865.010742
768.500000,3899.078125
769.000000,3934.889648
769.500000,3971.976807
770.000000,4011.078369
770.500000,4052.562256
771.000000,4096.424316
771.500000,4140.369141
772.000000,4180.433594
772.500000,4213.283691
773.000000,4234.833496
773.500000,4244.328613
774.000000,4244.131348
774.500000,4237.937012
775.000000,4230.341797
775.500000,4224.413574
776.000000,4220.677734
776.500000,4217.751465
777.000000,4212.621582
777.500000,4201.867188
778.000000,4184.592285
778.500000,4162.523926
779.000000,4139.397461
779.500000,4118.789062
780.000000,4103.221191
780.500000,4091.929199
781.000000,4084.157227
781.500000,4077.793457
782.000000,4072.858154
782.500000,4070.837402
783.000000,4075.207031
783.500000,4088.795410
784.000000,4112.896973
784.500000,4148.571289
785.000000,4192.641113
785.500000,4242.904785
786.000000,4293.764648
786.500000,4339.324707
787.000000,4375.270020
787.500000,4396.287598
788.000000,4402.630859
788.500000,4396.643555
789.000000,4381.196777
789.500000,4360.885742
790.000000,4337.888672
790.500000,4313.869629
791.000000,4288.417480
791.500000,4260.832520
792.000000,4229.551270
792.500000,4193.871094
793.000000,4153.875488
793.500000,4110.250488
794.000000,4064.750488
794.500000,4018.975342
795.000000,3974.156982
795.500000,3930.816895
796.000000,3888.108398
796.500000,3845.149902
797.000000,3801.864502
797.500000,3759.972412
798.000000,3722.464600
798.500000,3691.970947
799.000000,3671.192871
799.500000,3658.785156
800.000000,3655.324219
800.500000,3657.824951
801.000000,3666.675781
801.500000,3681.201172
802.000000,3701.708496
802.500000,3725.901367
803.000000,3749.954590
803.500000,3769.519775
804.000000,3782.655762
804.500000,3788.552246
805.000000,3791.627930
805.500000,3796.956299
806.000000,3808.581299
806.500000,3829.345459
807.000000,3858.168945
807.500000,3891.860107
808.000000,3927.782959
808.500000,3964.240967
809.000000,4000.829346
809.500000,4037.208496
810.000000,4071.824951
810.500000,4102.455078
811.000000,4124.739746
811.500000,4135.839844
812.000000,4132.494629
812.500000,4114.460449
813.000000,4084.524414
813.500000,4044.437500
814.000000,3999.389648
814.500000,3952.934082
815.000000,3908.620850
815.500000,3869.181152
816.000000,3835.032227
816.500000,3806.468994
817.000000,3783.784912
817.500000,3767.881348
818.000000,3761.548096
818.500000,3765.030029
819.000000,3780.077393
819.500000,3801.665771
820.000000,3824.818848
820.500000,3843.072510
821.000000,3850.254395
821.500000,3843.552734
822.000000,3822.724365
822.500000,3788.373291
823.000000,3745.474365
823.500000,3696.609863
824.000000,3646.640869
824.500000,3599.867676
825.000000,3558.862061
825.500000,3525.591064
826.000000,3498.746338
826.500000,3475.948242
827.000000,3455.047607
827.500000,3435.453857
828.000000,3419.578613
828.500000,3409.512451
829.000000,3408.668945
829.500000,3415.263916
830.000000,3427.743896
830.500000,3442.422119
831.000000,3456.551514
831.500000,3468.697021
832.000000,3478.737549
832.500000,3486.511230
833.000000,3491.993408
833.500000,3493.652344
834.000000,3491.451172
834.500000,3484.628906
835.000000,3474.553223
835.500000,3462.962402
836.000000,3452.246094
836.500000,3444.586426
837.000000,3441.721924
837.500000,3443.095459
838.000000,3447.949707
838.500000,3453.608643
839.000000,3458.664307
839.500000,3463.626221
840.000000,3470.810791
840.500000,3482.655518
841.000000,3500.270752
841.500000,3522.645996
842.000000,3546.212646
842.500000,3567.328369
843.000000,3584.777588
843.500000,3598.983154
844.000000,3613.141602
844.500000,3629.734619
845.000000,3648.809326
845.500000,3668.709717
846.000000,3687.226807
846.500000,3703.185059
847.000000,3716.337158
847.500000,3728.018311
848.000000,3739.019531
848.500000,3749.892822
849.000000,3760.569336
849.500000,3770.838135
850.000000,3780.158691
850.500000,3787.326660
851.000000,3790.468506
851.500000,3786.762207
852.000000,3775.936035
852.500000,3756.973389
853.000000,3733.306396
853.500000,3706.804443
854.000000,3679.416992
854.500000,3651.358887
855.000000,3622.208008
855.500000,3592.222656
856.000000,3563.047607
856.500000,3536.574707
857.000000,3514.694336
857.500000,3496.225098
858.000000,3479.811279
858.500000,3463.266113
859.000000,3445.479980
859.500000,3426.608398
860.000000,3407.270996
860.500000,3387.773682
861.000000,3367.962646
861.500000,3347.828125
862.000000,3328.301270
862.500000,3311.495361
863.000000,3298.380859
863.500000,3289.620361
864.000000,3283.558594
864.500000,3278.049072
865.000000,3271.264160
865.500000,3262.613037
866.000000,3252.211182
866.500000,3240.798584
867.000000,3228.044434
867.500000,3213.709717
868.000000,3197.400635
868.500000,3180.085205
869.000000,3163.411621
869.500000,3149.094727
870.000000,3137.980957
870.500000,3130.132568
871.000000,3124.052246
871.500000,3118.308838
872.000000,3111.433838
872.500000,3101.912354
873.000000,3089.239746
873.500000,3072.997559
874.000000,3054.226807
874.500000,3034.858398
875.000000,3017.455811
875.500000,3003.947266
876.000000,2996.210205
876.500000,2992.833496
877.000000,2992.621338
877.500000,2992.868896
878.000000,2991.692871
878.500000,2988.499268
879.000000,2983.801514
879.500000,2978.848145
880.000000,2974.783203
880.500000,2972.166992
881.000000,2970.489746
881.500000,2969.116455
882.000000,2967.302002
882.500000,2964.476807
883.000000,2960.517334
883.500000,2955.288086
884.000000,2948.754883
884.500000,2941.097656
885.000000,2932.608887
885.500000,2924.014404
886.000000,2916.055420
886.500000,2908.797119
887.000000,2901.994629
887.500000,2895.177490
888.000000,2888.437256
888.500000,2882.668945
889.000000,2879.228516
889.500000,2879.369385
890.000000,2882.495850
890.500000,2887.308838
891.000000,2891.308594
891.500000,2892.320312
892.000000,2890.388672
892.500000,2886.736084
893.000000,2883.715332
893.500000,2883.229248
894.000000,2886.285645
894.500000,2892.273193
895.000000,2900.267334
895.500000,2908.234131
896.000000,2913.898438
896.500000,2916.175293
897.000000,2914.407227
897.500000,2910.427002
898.000000,2907.404785
898.500000,2908.869629
899.000000,2916.432373
899.500000,2929.228760
900.000000,2942.854492
900.500000,2952.336914
901.000000,2955.760254
901.500000,2952.438965
902.000000,2945.792969
902.500000,2939.772217
903.000000,2937.676514
903.500000,2940.773438
904.000000,2949.051025
904.500000,2960.266113
905.000000,2972.729492
905.500000,2984.526855
906.000000,2994.072510
906.500000,3001.013428
907.000000,3005.098389
907.500000,3007.012695
908.000000,3007.926025
908.500000,3009.275391
909.000000,3012.400635
909.500000,3018.973877
910.000000,3029.044922
910.500000,3043.140869
911.000000,3059.627197
911.500000,3076.762695
912.000000,3092.484131
912.500000,3105.369873
913.000000,3115.204346
913.500000,3123.446777
914.000000,3131.357910
914.500000,3139.508301
915.000000,3147.068115
915.500000,3152.705322
916.000000,3154.784180
916.500000,3153.398438
917.000000,3149.399658
917.500000,3144.177490
918.000000,3138.669922
918.500000,3132.664307
919.000000,3125.479736
919.500000,3116.251953
920.000000,3105.995605
920.500000,3096.815674
921.000000,3090.751221
921.500000,3089.015869
922.000000,3090.516113
922.500000,3092.545166
923.000000,3092.221191
923.500000,3088.629150
924.000000,3082.565430
924.500000,3077.373047
925.000000,3076.811523
925.500000,3081.658936
926.000000,3090.948242
926.500000,3101.102295
927.000000,3108.618164
927.500000,3111.742188
928.000000,3111.967285
928.500000,3111.539062
929.000000,3111.994629
929.500000,3112.846191
930.000000,3112.078369
930.500000,3107.355957
931.000000,3098.443604
931.500000,3086.548828
932.000000,3073.756348
932.500000,3061.772705
933.000000,3051.391357
933.500000,3042.396240
934.000000,3035.475342
934.500000,3031.125488
935.000000,3030.795166
935.500000,3034.093018
936.000000,3039.626953
936.500000,3045.707764
937.000000,3051.984863
937.500000,3060.370850
938.000000,3073.308105
938.500000,3094.324219
939.000000,3121.847656
939.500000,3154.090088
940.000000,3186.934082
940.500000,3217.696533
941.000000,3245.988281
941.500000,3272.962402
942.000000,3299.297363
942.500000,3323.840088
943.000000,3342.016602
943.500000,3350.627930
944.000000,3345.371826
944.500000,3329.423096
945.000000,3305.946533
945.500000,3280.103760
946.000000,3255.251221
946.500000,3232.259766
947.000000,3209.992676
947.500000,3187.262451
948.000000,3164.236084
948.500000,3142.921875
949.000000,3125.237061
949.500000,3112.989258
950.000000,3104.994385
950.500000,3098.967773
951.000000,3092.537598
951.500000,3085.003906
952.000000,3077.891846
952.500000,3073.402344
953.000000,3073.743896
953.500000,3077.317139
954.000000,3081.894531
954.500000,3084.761230
955.000000,3084.700195
955.500000,3082.970947
956.000000,3082.403564
956.500000,3085.996338
957.000000,3094.352051
957.500000,3107.251221
958.000000,3121.450195
958.500000,3133.827148
959.000000,3142.325195
959.500000,3145.454834
960.000000,3143.659668
960.500000,3138.108887
961.000000,3130.265137
961.500000,3121.615234
962.000000,3112.825195
962.500000,3104.127686
963.000000,3095.531006
963.500000,3087.142090
964.000000,3079.486084
964.500000,3073.200195
965.000000,3069.041748
965.500000,3067.633057
966.000000,3069.043701
966.500000,3073.590576
967.000000,3080.220215
967.500000,3087.726562
968.000000,3093.946777
968.500000,3096.448486
969.000000,3094.682861
969.500000,3089.586670
970.000000,3084.001709
970.500000,3080.596191
971.000000,3080.350342
971.500000,3081.313965
972.000000,3080.369629
972.500000,3075.894043
973.000000,3067.648926
973.500000,3058.391113
974.000000,3051.057861
974.500000,3047.115479
975.000000,3045.966064
975.500000,3046.029053
976.000000,3045.877930
976.500000,3045.452637
977.000000,3045.658691
977.500000,3047.525146
978.000000,3050.795654
978.500000,3054.896240
979.000000,3059.305176
979.500000,3064.261719
980.000000,3070.247070
980.500000,3076.836182
981.000000,3082.312012
981.500000,3084.807861
982.000000,3082.082275
982.500000,3075.315674
983.000000,3066.296387
983.500000,3058.048828
984.000000,3053.079590
984.500000,3052.639160
985.000000,3056.339111
985.500000,3063.584717
986.000000,3072.389893
986.500000,3080.827637
987.000000,3086.983154
987.500000,3088.577637
988.000000,3085.200684
988.500000,3076.749756
989.000000,3064.231445
989.500000,3048.906738
990.000000,3031.550781
990.500000,3013.203125
991.000000,2994.909180
991.500000,2978.039307
992.000000,2964.555176
992.500000,2955.042969
993.000000,2950.130127
993.500000,2949.274902
994.000000,2951.790283
994.500000,2957.220215
995.000000,2964.578857
995.500000,2973.158691
996.000000,2981.796387
996.500000,2989.848877
997.000000,2997.710938
997.500000,3006.760498
998.000000,3018.420166
998.500000,3033.344727
999.000000,3050.475830
999.500000,3066.919678
1000.000000,3078.582031
1000.500000,3083.249512
1001.000000,3077.898438
1001.500000,3064.874756
1002.000000,3045.628662
1002.500000,3024.113525
1003.000000,3004.051758
1003.500000,2988.373779
1004.000000,2978.068604
1004.500000,2972.938965
1005.000000,2970.270752
1005.500000,2967.836914
1006.000000,2964.254883
1006.500000,2959.721924
1007.000000,2955.914062
1007.500000,2954.758301
1008.000000,2956.945068
1008.500000,2961.622803
1009.000000,2967.237793
1009.500000,2972.434082
1010.000000,2977.256592
1010.500000,2983.113770
1011.000000,2992.227295
1011.500000,3004.995605
1012.000000,3021.050781
1012.500000,3038.571045
1013.000000,3056.383301
1013.500000,3074.914551
1014.000000,3095.709229
1014.500000,3121.104004
1015.000000,3150.890381
1015.500000,3184.702393
1016.000000,3219.925049
1016.500000,3254.697021
1017.000000,3287.811523
1017.500000,3318.164551
1018.000000,3344.053223
1018.500000,3363.447266
1019.000000,3372.964844
1019.500000,3373.323975
1020.000000,3364.379883
1020.500000,3351.210693
1021.000000,3337.169434
1021.500000,3324.545410
1022.000000,3313.508301
1022.500000,3302.825195
1023.000000,3291.421143
1023.500000,3279.288574
1024.000000,3267.486572
1024.500000,3257.503418
1025.000000,3249.672852
1025.500000,3244.220459
1026.000000,3240.181152
1026.500000,3236.522217
1027.000000,3231.818604
1027.500000,3224.600830
1028.000000,3213.755371
1028.500000,3199.949219
1029.000000,3184.408936
1029.500000,3169.156494
1030.000000,3154.995361
1030.500000,3140.673584
1031.000000,3123.568848
1031.500000,3101.927246
1032.000000,3075.935791
1032.500000,3048.260986
1033.000000,3022.864014
1033.500000,3003.508301
1034.000000,2990.103027
1034.500000,2982.303223
1035.000000,2976.797607
1035.500000,2971.681152
1036.000000,2965.986816
1036.500000,2959.916260
1037.000000,2954.361328
1037.500000,2950.337402
1038.000000,2949.034424
1038.500000,2950.604492
1039.000000,2955.708252
1039.500000,2963.054199
1040.000000,2971.783936
1040.500000,2980.760010
1041.000000,2989.539795
1041.500000,2998.277344
1042.000000,3007.355957
1042.500000,3017.007568
1043.000000,3027.058838
1043.500000,3037.389404
1044.000000,3048.000244
1044.500000,3059.282959
1045.000000,3071.303955
1045.500000,3083.671143
1046.000000,3095.297119
1046.500000,3104.893066
1047.000000,3111.607178
1047.500000,3116.085938
1048.000000,3119.592773
1048.500000,3123.935791
1049.000000,3130.383301
1049.500000,3138.093018
1050.000000,3144.893311
1050.500000,3148.097656
1051.000000,3145.634033
1051.500000,3137.598633
1052.000000,3126.989258
1052.500000,3117.887695
1053.000000,3113.217773
1053.500000,3114.895264
1054.000000,3119.861084
1054.500000,3124.717041
1055.000000,3126.636230
1055.500000,3124.965576
1056.000000,3121.525879
1056.500000,3118.657227
1057.000000,3117.045898
1057.500000,3115.055420
1058.000000,3109.617676
1058.500000,3100.024902
1059.000000,3086.882324
1059.500000,3073.626709
1060.000000,3063.432373
1060.500000,3057.194580
1061.000000,3053.295410
1061.500000,3049.016357
1062.000000,3042.538818
1062.500000,3033.591797
1063.000000,3024.161133
1063.500000,3016.212402
1064.000000,3010.303223
1064.500000,3006.203125
1065.000000,3003.028809
1065.500000,3000.484131
1066.000000,2998.906738
1066.500000,2998.448730
1067.000000,2998.721191
1067.500000,2998.543701
1068.000000,2996.768066
1068.500000,2993.864990
1069.000000,2991.420166
1069.500000,2991.447510
1070.000000,2995.368896
1070.500000,3002.900146
1071.000000,3012.077148
1071.500000,3020.632812
1072.000000,3027.085938
1072.500000,3030.389404
1073.000000,3031.684082
1073.500000,3031.939209
1074.000000,3032.556885
1074.500000,3034.708008
1075.000000,3039.032715
1075.500000,3045.578857
1076.000000,3054.177490
1076.500000,3064.027344
1077.000000,3074.824707
1077.500000,3086.238037
1078.000000,3098.630615
1078.500000,3112.350586
1079.000000,3128.273926
1079.500000,3147.071777
1080.000000,3169.272949
1080.500000,3194.986328
1081.000000,3222.901123
1081.500000,3251.366211
1082.000000,3278.506348
1082.500000,3302.806885
1083.000000,3324.793701
1083.500000,3345.298340
1084.000000,3365.555420
1084.500000,3386.145508
1085.000000,3406.964600
1085.500000,3427.572266
1086.000000,3447.376953
1086.500000,3465.808105
1087.000000,3480.908936
1087.500000,3491.481689
1088.000000,3495.331299
1088.500000,3493.373779
1089.000000,3487.847412
1089.500000,3482.182861
1090.000000,3478.716064
1090.500000,3477.460938
1091.000000,3475.909668
1091.500000,3470.731689
1092.000000,3461.307373
1092.500000,3447.675537
1093.000000,3431.859619
1093.500000,3414.621582
1094.000000,3395.706543
1094.500000,3374.576416
1095.000000,3351.582031
1095.500000,3328.720703
1096.000000,3308.610596
1096.500000,3291.924072
1097.000000,3278.835449
1097.500000,3267.802246
1098.000000,3258.751465
1098.500000,3252.471924
1099.000000,3250.150391
1099.500000,3252.025146
1100.000000,3256.463379
1100.500000,3262.264893
1101.000000,3269.118652
1101.500000,3279.088623
1102.000000,3293.118164
1102.500000,3310.971680
1103.000000,3329.130859
1103.500000,3343.496338
1104.000000,3352.114502
1104.500000,3356.792236
1105.000000,3360.491455
1105.500000,3364.905273
1106.000000,3367.592285
1106.500000,3364.520996
1107.000000,3351.021240
1107.500000,3328.708008
1108.000000,3301.870850
1108.500000,3276.186523
1109.000000,3254.727539
1109.500000,3237.184570
1110.000000,3220.482422
1110.500000,3202.402832
1111.000000,3183.270752
1111.500000,3164.997070
1112.000000,3149.315918
1112.500000,3137.207275
1113.000000,3128.123291
1113.500000,3121.177734
1114.000000,3115.624023
1114.500000,3110.404297
1115.000000,3104.340332
1115.500000,3096.993896
1116.000000,3089.218750
1116.500000,3083.615967
1117.000000,3083.823730
1117.500000,3091.086182
1118.000000,3104.374512
1118.500000,3120.690186
1119.000000,3136.892090
1119.500000,3151.828613
1120.000000,3166.480469
1120.500000,3182.457275
1121.000000,3200.257812
1121.500000,3220.302734
1122.000000,3242.897705
1122.500000,3269.537842
1123.000000,3301.231934
1123.500000,3336.438721
1124.000000,3370.919189
1124.500000,3399.771729
1125.000000,3418.187988
1125.500000,3429.381348
1126.000000,3437.766846
1126.500000,3448.904053
1127.000000,3465.157471
1127.500000,3484.339844
1128.000000,3502.179688
1128.500000,3515.192383
1129.000000,3523.362061
1129.500000,3527.379883
1130.000000,3529.457764
1130.500000,3529.888428
1131.000000,3529.035156
1131.500000,3527.453125
1132.000000,3526.525146
1132.500000,3527.533447
1133.000000,3530.777588
1133.500000,3535.206055
1134.000000,3539.883301
1134.500000,3544.552979
1135.000000,3549.908936
1135.500000,3556.365967
1136.000000,3563.937256
1136.500000,3572.189209
1137.000000,3581.568604
1137.500000,3593.665283
1138.000000,3609.902832
1138.500000,3630.841064
1139.000000,3653.620605
1139.500000,3674.126465
1140.000000,3689.707764
1140.500000,3698.818848
1141.000000,3703.794678
1141.500000,3707.367920
1142.000000,3711.886230
1142.500000,3718.384277
1143.000000,3727.136230
1143.500000,3737.443604
1144.000000,3748.647217
1144.500000,3759.406982
1145.000000,3768.403320
1145.500000,3775.822754
1146.000000,3783.395996
1146.500000,3793.912842
1147.000000,3809.373535
1147.500000,3829.759766
1148.000000,3852.183350
1148.500000,3874.017090
1149.000000,3894.787109
1149.500000,3916.906006
1150.000000,3943.374756
1150.500000,3976.409912
1151.000000,4013.994873
1151.500000,4051.765381
1152.000000,4084.931396
1152.500000,4111.147461
1153.000000,4129.140625
1153.500000,4141.490723
1154.000000,4148.993164
1154.500000,4153.937500
1155.000000,4157.184082
1155.500000,4159.553711
1156.000000,4160.695312
1156.500000,4158.958008
1157.000000,4152.142578
1157.500000,4137.715332
1158.000000,4116.799805
1158.500000,4090.299561
1159.000000,4061.710938
1159.500000,4032.047607
1160.000000,4001.032227
1160.500000,3967.536377
1161.000000,3931.942627
1161.500000,3896.787842
1162.000000,3865.712158
1162.500000,3840.062012
1163.000000,3819.500977
1163.500000,3799.895508
1164.000000,3778.078369
1164.500000,3754.064941
1165.000000,3730.596436
1165.500000,3711.065430
1166.000000,3696.658447
1166.500000,3685.312500
1167.000000,3672.856201
1167.500000,3656.059570
1168.000000,3636.135742
1168.500000,3616.556885
1169.000000,3601.010742
1169.500000,3591.580566
1170.000000,3586.240967
1170.500000,3581.611328
1171.000000,3574.804688
1171.500000,3565.129883
1172.000000,3553.312256
1172.500000,3541.216064
1173.000000,3530.311523
1173.500000,3521.165527
1174.000000,3514.703369
1174.500000,3511.132812
1175.000000,3510.716553
1175.500000,3512.928223
1176.000000,3516.682861
1176.500000,3521.121582
1177.000000,3525.554199
1177.500000,3529.368164
1178.000000,3531.897217
1178.500000,3531.701416
1179.000000,3528.532227
1179.500000,3522.934082
1180.000000,3516.947998
1180.500000,3512.587891
1181.000000,3510.506104
1181.500000,3509.166992
1182.000000,3506.280273
1182.500000,3501.071777
1183.000000,3494.210205
1183.500000,3487.960693
1184.000000,3483.869873
1184.500000,3481.435059
1185.000000,3479.118408
1185.500000,3476.093506
1186.000000,3473.466797
1186.500000,3473.879639
1187.000000,3478.112793
1187.500000,3485.321045
1188.000000,3491.548096
1188.500000,3492.831543
1189.000000,3488.432373
1189.500000,3480.132324
1190.000000,3471.439453
1190.500000,3465.141357
1191.000000,3462.305908
1191.500000,3461.492432
1192.000000,3461.295166
1192.500000,3460.501465
1193.000000,3458.608154
1193.500000,3455.900879
1194.000000,3453.027344
1194.500000,3451.198730
1195.000000,3451.930420
1195.500000,3456.710938
1196.000000,3464.989258
1196.500000,3475.467285
1197.000000,3485.261719
1197.500000,3491.918457
1198.000000,3495.444580
1198.500000,3497.161133
1199.000000,3499.559814
1199.500000,3504.623779
1200.000000,3513.058105
1200.500000,3523.605469
1201.000000,3534.492676
1201.500000,3543.827881
1202.000000,3549.798584
1202.500000,3552.558350
1203.000000,3552.345459
1203.500000,3550.560059
1204.000000,3548.544922
1204.500000,3547.271973
1205.000000,3546.986084
1205.500000,3547.524414
1206.000000,3548.310059
1206.500000,3549.023193
1207.000000,3549.654541
1207.500000,3550.398682
1208.000000,3551.349854
1208.500000,3552.226318
1209.000000,3552.246826
1209.500000,3550.388672
1210.000000,3545.450195
1210.500000,3537.560547
1211.000000,3526.727295
1211.500000,3514.572998
1212.000000,3502.093750
1212.500000,3489.933838
1213.000000,3478.131104
1213.500000,3466.443115
1214.000000,3454.784424
1214.500000,3443.297363
1215.000000,3432.046631
1215.500000,3420.888428
1216.000000,3409.633789
1216.500000,3398.672852
1217.000000,3389.009277
1217.500000,3382.312500
1218.000000,3379.336182
1218.500000,3379.916992
1219.000000,3383.123047
1219.500000,3387.631104
1220.000000,3393.078613
1220.500000,3399.338135
1221.000000,3406.605225
1221.500000,3414.358398
1222.000000,3422.179932
1222.500000,3430.234375
1223.000000,3439.737549
1223.500000,3452.319580
1224.000000,3468.600342
1224.500000,3488.238525
1225.000000,3508.921631
1225.500000,3528.449463
1226.000000,3545.942383
1226.500000,3561.218506
1227.000000,3575.302490
1227.500000,3588.974854
1228.000000,3602.839355
1228.500000,3617.553711
1229.000000,3634.326172
1229.500000,3654.099121
1230.000000,3678.532227
1230.500000,3706.793701
1231.000000,3738.516357
1231.500000,3771.925537
1232.000000,3806.056396
1232.500000,3840.474365
1233.000000,3875.220947
1233.500000,3910.241455
1234.000000,3944.894775
1234.500000,3977.682129
1235.000000,4007.567139
1235.500000,4032.756836
1236.000000,4053.700195
1236.500000,4070.056885
1237.000000,4082.234863
1237.500000,4089.860352
1238.000000,4092.216309
1238.500000,4089.447998
1239.000000,4081.280273
1239.500000,4069.470947
1240.000000,4054.433594
1240.500000,4037.521484
1241.000000,4019.242676
1241.500000,4000.780029
1242.000000,3983.658691
1242.500000,3969.054688
1243.000000,3956.692871
1243.500000,3944.983887
1244.000000,3931.843994
1244.500000,3916.106689
1245.000000,3899.703857
1245.500000,3885.909668
1246.000000,3876.734619
1246.500000,3872.302490
1247.000000,3869.915283
1247.500000,3866.548096
1248.000000,3861.040527
1248.500000,3855.089600
1249.000000,3851.859131
1249.500000,3852.699951
1250.000000,3857.986328
1250.500000,3865.179199
1251.000000,3872.279053
1251.500000,3878.479492
1252.000000,3884.521484
1252.500000,3891.981201
1253.000000,3902.099854
1253.500000,3916.191406
1254.000000,3933.611572
1254.500000,3954.056152
1255.000000,3975.630127
1255.500000,3997.051758
1256.000000,4018.003174
1256.500000,4039.602539
1257.000000,4063.711426
1257.500000,4091.164062
1258.000000,4121.298828
1258.500000,4151.181152
1259.000000,4177.252930
1259.500000,4198.766602
1260.000000,4215.708984
1260.500000,4230.241699
1261.000000,4243.361816
1261.500000,4254.469238
1262.000000,4261.770020
1262.500000,4263.123535
1263.000000,4259.273438
1263.500000,4251.493164
1264.000000,4243.409180
1264.500000,4237.770020
1265.000000,4235.078613
1265.500000,4234.186035
1266.000000,4232.308105
1266.500000,4226.776855
1267.000000,4215.945312
1267.500000,4200.756348
1268.000000,4182.345703
1268.500000,4162.972656
1269.000000,4143.465332
1269.500000,4123.751465
1270.000000,4103.192383
1270.500000,4081.556152
1271.000000,4059.055908
1271.500000,4035.971436
1272.000000,4012.225098
1272.500000,3987.161865
1273.000000,3960.863037
1273.500000,3934.341064
1274.000000,3909.753906
1274.500000,3889.892578
1275.000000,3875.379639
1275.500000,3865.497070
1276.000000,3858.028320
1276.500000,3850.731445
1277.000000,3842.716553
1277.500000,3834.640137
1278.000000,3828.315186
1278.500000,3824.905762
1279.000000,3826.026855
1279.500000,3831.522949
1280.000000,3841.241943
1280.500000,3853.806152
1281.000000,3867.177246
1281.500000,3879.373535
1282.000000,3889.510254
1282.500000,3897.439941
1283.000000,3904.430420
1283.500000,3910.879150
1284.000000,3916.324463
1284.500000,3919.213623
1285.000000,3918.715332
1285.500000,3915.303955
1286.000000,3910.593750
1286.500000,3906.304443
1287.000000,3902.824951
1287.500000,3899.010498
1288.000000,3893.333252
1288.500000,3886.058105
1289.000000,3878.788330
1289.500000,3873.749512
1290.000000,3872.206299
1290.500000,3873.743896
1291.000000,3876.821289
1291.500000,3880.419434
1292.000000,3883.956543
1292.500000,3886.866943
1293.000000,3888.417725
1293.500000,3887.535156
1294.000000,3884.961182
1294.500000,3883.214111
1295.000000,3885.619141
1295.500000,3893.704346
1296.000000,3906.411865
1296.500000,3919.517578
1297.000000,3929.248291
1297.500000,3935.946533
1298.000000,3942.567383
1298.500000,3952.852539
1299.000000,3968.699951
1299.500000,3988.316895
1300.000000,4008.616943
1300.500000,4027.933838
1301.000000,4046.901123
1301.500000,4066.783203
1302.000000,4087.340820
1302.500000,4107.131348
1303.000000,4125.716309
1303.500000,4145.369629
1304.000000,4170.165039
1304.500000,4203.077148
1305.000000,4242.803223
1305.500000,4283.034668
1306.000000,4316.378906
1306.500000,4340.895996
1307.000000,4357.312012
1307.500000,4371.754883
1308.000000,4387.342285
1308.500000,4402.802246
1309.000000,4413.240723
1309.500000,4414.044434
1310.000000,4404.941895
1310.500000,4388.554688
1311.000000,4370.295410
1311.500000,4353.237793
1312.000000,4337.642090
1312.500000,4322.593750
1313.000000,4307.262207
1313.500000,4292.144531
1314.000000,4278.635742
1314.500000,4267.811523
1315.000000,4259.666992
1315.500000,4252.139648
1316.000000,4242.027832
1316.500000,4227.409668
1317.000000,4206.934570
1317.500000,4183.553223
1318.000000,4161.637207
1318.500000,4145.280762
1319.000000,4135.930664
1319.500000,4131.241699
1320.000000,4126.096191
1320.500000,4116.267578
1321.000000,4102.246094
1321.500000,4087.112549
1322.000000,4075.485352
1322.500000,4070.869873
1323.000000,4072.600830
1323.500000,4078.338623
1324.000000,4085.790771
1324.500000,4094.296631
1325.000000,4105.536133
1325.500000,4120.817871
1326.000000,4141.884766
1326.500000,4166.776855
1327.000000,4193.689453
1327.500000,4220.115723
1328.000000,4244.164062
1328.500000,4264.954102
1329.000000,4282.480469
1329.500000,4296.931641
1330.000000,4309.800293
1330.500000,4322.571289
1331.000000,4336.421875
1331.500000,4351.153320
1332.000000,4364.297363
1332.500000,4371.239746
1333.000000,4367.765625
1333.500000,4351.624023
1334.000000,4322.652832
1334.500000,4285.681152
1335.000000,4244.604492
1335.500000,4203.845703
1336.000000,4165.501953
1336.500000,4129.261230
1337.000000,4094.450928
1337.500000,4060.495605
1338.000000,4027.527832
1338.500000,3996.060547
1339.000000,3966.244141
1339.500000,3938.204834
1340.000000,3911.314453
1340.500000,3885.636963
1341.000000,3861.426514
1341.500000,3840.427246
1342.000000,3824.312256
1342.500000,3814.891602
1343.000000,3812.329102
1343.500000,3814.129395
1344.000000,3816.693604
1344.500000,3816.310547
1345.000000,3810.186279
1345.500000,3799.953857
1346.000000,3787.353271
1346.500000,3774.911865
1347.000000,3764.125000
1347.500000,3755.461670
1348.000000,3748.921143
1348.500000,3744.687256
1349.000000,3742.189209
1349.500000,3740.729736
1350.000000,3738.905029
1350.500000,3735.676270
1351.000000,3731.332764
1351.500000,3726.797119
1352.000000,3722.967041
1352.500000,3719.855469
1353.000000,3716.967529
1353.500000,3714.295654
1354.000000,3713.372070
1354.500000,3715.903564
1355.000000,3724.495605
1355.500000,3738.387939
1356.000000,3756.725098
1356.500000,3777.262695
1357.000000,3798.328857
1357.500000,3818.705811
1358.000000,3837.365234
1358.500000,3852.910645
1359.000000,3865.612061
1359.500000,3876.981201
1360.000000,3890.670410
1360.500000,3910.319092
1361.000000,3935.438965
1361.500000,3962.077637
1362.000000,3984.094727
1362.500000,3997.645508
1363.000000,4002.893066
1363.500000,4006.220703
1364.000000,4014.861572
1364.500000,4030.594482
1365.000000,4051.026855
1365.500000,4068.865723
1366.000000,4077.643799
1366.500000,4076.480957
1367.000000,4070.253174
1367.500000,4065.107910
1368.000000,4064.456055
1368.500000,4068.480225
1369.000000,4073.159668
1369.500000,4074.349609
1370.000000,4070.248779
1370.500000,4059.944580
1371.000000,4045.080566
1371.500000,4028.446533
1372.000000,4013.699463
1372.500000,4003.696289
1373.000000,3999.986572
1373.500000,3999.075195
1374.000000,3995.972900
1374.500000,3987.884766
1375.000000,3975.183838
1375.500000,3962.466553
1376.000000,3954.155518
1376.500000,3951.149902
1377.000000,3950.178467
1377.500000,3947.577881
1378.000000,3943.076416
1378.500000,3940.428711
1379.000000,3943.283936
1379.500000,3952.803711
1380.000000,3963.638672
1380.500000,3968.973145
1381.000000,3966.135010
1381.500000,3958.430176
1382.000000,3951.454102
1382.500000,3948.062256
1383.000000,3945.935791
1383.500000,3939.162109
1384.000000,3922.192139
1384.500000,3897.296631
1385.000000,3869.802490
1385.500000,3845.377441
1386.000000,3825.093506
1386.500000,3805.074219
1387.000000,3780.500732
1387.500000,3749.479004
1388.000000,3716.481445
1388.500000,3687.144531
1389.000000,3663.550537
1389.500000,3644.143555
1390.000000,3623.896484
1390.500000,3598.981445
1391.000000,3569.404297
1391.500000,3539.035400
1392.000000,3512.308105
1392.500000,3490.319336
1393.000000,3472.607910
1393.500000,3456.203613
1394.000000,3441.074951
1394.500000,3429.268555
1395.000000,3424.111084
1395.500000,3427.029541
1396.000000,3435.740967
1396.500000,3445.959717
1397.000000,3452.750977
1397.500000,3451.530029
1398.000000,3443.375732
1398.500000,3429.687256
1399.000000,3414.990479
1399.500000,3403.619141
1400.000000,3398.189453
1400.500000,3398.835449
1401.000000,3403.710693
1401.500000,3408.733887
1402.000000,3409.647217
1402.500000,3405.113281
1403.000000,3394.414062
1403.500000,3380.491211
1404.000000,3366.221191
1404.500000,3354.275635
1405.000000,3346.424561
1405.500000,3343.127930
1406.000000,3342.876221
1406.500000,3343.755859
1407.000000,3343.355469
1407.500000,3340.031982
1408.000000,3335.098633
1408.500000,3331.522705
1409.000000,3332.378662
1409.500000,3339.065430
1410.000000,3349.814941
1410.500000,3360.428711
1411.000000,3366.757080
1411.500000,3368.577148
1412.000000,3367.175049
1412.500000,3365.792236
1413.000000,3365.931152
1413.500000,3366.754150
1414.000000,3366.160400
1414.500000,3362.407715
1415.000000,3355.323242
1415.500000,3345.729980
1416.000000,3335.488525
1416.500000,3326.133301
1417.000000,3318.391846
1417.500000,3312.797607
1418.000000,3308.626465
1418.500000,3304.598145
1419.000000,3298.909668
1419.500000,3290.148926
1420.000000,3277.989746
1420.500000,3264.263672
1421.000000,3251.798584
1421.500000,3243.018555
1422.000000,3240.693848
1422.500000,3244.130371
1423.000000,3252.173828
1423.500000,3262.132568
1424.000000,3271.395996
1424.500000,3278.117676
1425.000000,3282.227295
1425.500000,3284.686768
1426.000000,3287.432861
1426.500000,3291.717529
1427.000000,3296.861084
1427.500000,3301.177490
1428.000000,3303.277344
1428.500000,3303.283447
1429.000000,3302.796143
1429.500000,3303.549805
1430.000000,3306.177734
1430.500000,3309.392334
1431.000000,3311.206055
1431.500000,3310.770996
1432.000000,3307.885010
1432.500000,3303.720947
1433.000000,3298.983154
1433.500000,3293.787598
1434.000000,3288.010254
1434.500000,3281.904785
1435.000000,3276.270020
1435.500000,3272.080566
1436.000000,3269.155273
1436.500000,3266.779541
1437.000000,3263.615479
1437.500000,3258.300293
1438.000000,3250.138672
1438.500000,3238.849609
1439.000000,3224.792725
1439.500000,3209.303711
1440.000000,3193.741943
1440.500000,3179.055664
1441.000000,3165.082520
1441.500000,3150.301025
1442.000000,3132.861328
1442.500000,3112.556152
1443.000000,3090.812256
1443.500000,3070.140137
1444.000000,3052.190186
1444.500000,3037.341797
1445.000000,3024.307129
1445.500000,3013.002441
1446.000000,3003.629150
1446.500000,2997.349121
1447.000000,2993.591064
1447.500000,2990.490967
1448.000000,2985.509277
1448.500000,2977.388428
1449.000000,2967.122803
1449.500000,2957.858887
1450.000000,2953.343262
1450.500000,2954.203125
1451.000000,2960.742920
1451.500000,2970.087646
1452.000000,2979.229736
1452.500000,2985.526855
1453.000000,2987.996826
1453.500000,2987.772217
1454.000000,2988.362305
1454.500000,2993.688232
1455.000000,3004.007568
1455.500000,3017.949463
1456.000000,3031.277100
1456.500000,3040.679199
1457.000000,3046.128662
1457.500000,3050.168701
1458.000000,3055.914551
1458.500000,3064.397949
1459.000000,3074.104736
1459.500000,3082.395996
1460.000000,3087.672852
1460.500000,3091.414307
1461.000000,3095.919678
1461.500000,3102.956787
1462.000000,3112.957764
1462.500000,3124.944092
1463.000000,3137.261230
1463.500000,3148.141113
1464.000000,3156.438721
1464.500000,3160.303467
1465.000000,3160.510010
1465.500000,3158.138428
1466.000000,3155.992188
1466.500000,3156.304688
1467.000000,3159.185303
1467.500000,3162.541992
1468.000000,3163.611084
1468.500000,3161.782227
1469.000000,3158.605469
1469.500000,3156.990967
1470.000000,3158.910156
1470.500000,3163.027100
1471.000000,3166.690430
1471.500000,3167.666748
1472.000000,3165.982178
1472.500000,3163.908203
1473.000000,3164.180908
1473.500000,3167.777832
1474.000000,3172.015381
1474.500000,3172.690674
1475.000000,3167.714355
1475.500000,3156.882324
1476.000000,3143.965576
1476.500000,3133.455566
1477.000000,3128.188477
1477.500000,3127.391846
1478.000000,3128.624268
1478.500000,3129.620117
1479.000000,3130.566162
1479.500000,3132.953369
1480.000000,3137.904541
1480.500000,3144.108643
1481.000000,3149.352783
1481.500000,3152.817627
1482.000000,3156.955322
1482.500000,3166.460938
1483.000000,3182.905029
1483.500000,3205.470459
1484.000000,3227.752197
1484.500000,3243.422119
1485.000000,3250.991943
1485.500000,3252.441162
1486.000000,3253.028320
1486.500000,3257.296875
1487.000000,3266.531006
1487.500000,3278.461182
1488.000000,3290.724365
1488.500000,3301.641113
1489.000000,3310.186768
1489.500000,3316.218506
1490.000000,3318.550537
1490.500000,3316.582520
1491.000000,3310.691406
1491.500000,3303.127686
1492.000000,3296.789551
1492.500000,3293.575684
1493.000000,3292.259521
1493.500000,3290.271240
1494.000000,3285.642578
1494.500000,3278.361816
1495.000000,3271.291260
1495.500000,3267.562744
1496.000000,3267.799561
1496.500000,3269.933350
1497.000000,3272.027100
1497.500000,3274.278564
1498.000000,3280.193115
1498.500000,3292.063477
1499.000000,3311.020264
1499.500000,3333.002197
1500.000000,3353.432373
1500.500000,3370.895020
1501.000000,3388.197510
1501.500000,3410.014160
1502.000000,3437.937256
1502.500000,3470.980957
1503.000000,3503.990723
1503.500000,3533.080566
1504.000000,3558.648438
1504.500000,3583.745605
1505.000000,3611.244141
1505.500000,3641.648438
1506.000000,3673.448730
1506.500000,3704.788330
1507.000000,3735.409424
1507.500000,3766.705811
1508.000000,3800.520752
1508.500000,3836.476074
1509.000000,3873.671387
1509.500000,3911.418213
1510.000000,3950.458252
1510.500000,3992.206299
1511.000000,4036.682617
1511.500000,4082.241943
1512.000000,4125.986328
1512.500000,4166.085449
1513.000000,4204.897461
1513.500000,4246.052246
1514.000000,4291.801270
1514.500000,4342.013184
1515.000000,4394.336426
1515.500000,4446.681641
1516.000000,4499.071289
1516.500000,4552.543945
1517.000000,4606.817383
1517.500000,4659.139648
1518.000000,4705.471191
1518.500000,4745.219238
1519.000000,4779.816895
1519.500000,4812.384277
1520.000000,4844.298340
1520.500000,4873.837891
1521.000000,4899.301270
1521.500000,4919.992676
1522.000000,4938.983887
1522.500000,4958.438965
1523.000000,4977.798828
1523.500000,4993.037598
1524.000000,4999.880859
1524.500000,4996.531250
1525.000000,4985.061035
1525.500000,4969.931152
1526.000000,4953.548340
1526.500000,4936.683105
1527.000000,4918.145996
1527.500000,4897.199707
1528.000000,4872.945801
1528.500000,4845.460938
1529.000000,4814.800293
1529.500000,4781.136719
1530.000000,4745.247559
1530.500000,4707.551270
1531.000000,4668.541016
1531.500000,4627.403320
1532.000000,4583.891602
1532.500000,4537.668457
1533.000000,4489.896484
1533.500000,4441.820312
1534.000000,4394.627930
1534.500000,4349.199219
1535.000000,4306.492188
1535.500000,4266.479492
1536.000000,4228.958008
1536.500000,4191.377441
1537.000000,4150.726074
1537.500000,4105.934570
1538.000000,4058.022461
1538.500000,4011.008057
1539.000000,3969.690674
1539.500000,3937.799316
1540.000000,3914.203125
1540.500000,3896.013916
1541.000000,3877.951172
1541.500000,3855.979736
1542.000000,3829.108398
1542.500000,3797.624268
1543.000000,3764.560303
1543.500000,3734.305176
1544.000000,3711.289307
1544.500000,3696.616455
1545.000000,3689.942383
1545.500000,3686.426758
1546.000000,3682.205566
1546.500000,3675.719238
1547.000000,3667.950928
1547.500000,3661.077148
1548.000000,3655.038574
1548.500000,3646.963379
1549.000000,3633.905762
1549.500000,3615.150146
1550.000000,3594.949707
1550.500000,3579.110107
1551.000000,3569.415527
1551.500000,3563.435547
1552.000000,3555.006836
1552.500000,3539.870361
1553.000000,3518.838379
1553.500000,3496.394043
1554.000000,3476.851318
1554.500000,3460.848389
1555.000000,3446.174805
1555.500000,3429.725342
1556.000000,3410.275146
1556.500000,3389.159912
1557.000000,3367.395752
1557.500000,3345.151367
1558.000000,3322.220459
1558.500000,3299.644287
1559.000000,3279.751221
1559.500000,3265.029541
1560.000000,3253.908203
1560.500000,3242.886475
1561.000000,3227.987305
1561.500000,3207.330566
1562.000000,3184.049805
1562.500000,3163.534424
1563.000000,3149.541016
1563.500000,3141.435791
1564.000000,3136.231689
1564.500000,3129.645752
1565.000000,3118.967529
1565.500000,3105.875977
1566.000000,3094.084961
1566.500000,3087.090088
1567.000000,3086.541260
1567.500000,3090.345459
1568.000000,3093.575195
1568.500000,3090.956055
1569.000000,3081.456543
1569.500000,3067.846680
1570.000000,3056.976318
1570.500000,3054.140869
1571.000000,3057.929688
1571.500000,3063.435547
1572.000000,3064.713379
1572.500000,3059.272705
1573.000000,3049.366211
1573.500000,3039.853516
1574.000000,3033.483887
1574.500000,3029.135986
1575.000000,3024.966553
1575.500000,3020.226074
1576.000000,3016.542725
1576.500000,3016.046387
1577.000000,3018.978271
1577.500000,3023.250732
1578.000000,3025.703125
1578.500000,3023.767822
1579.000000,3018.217773
1579.500000,3010.601318
1580.000000,3003.604004
1580.500000,2998.437256
1581.000000,2994.512695
1581.500000,2990.773193
1582.000000,2986.947021
1582.500000,2984.361328
1583.000000,2985.960449
1583.500000,2992.435059
1584.000000,3003.034180
1584.500000,3013.290283
1585.000000,3018.712891
1585.500000,3018.137939
1586.000000,3013.184326
1586.500000,3008.391357
1587.000000,3007.834961
1587.500000,3013.317383
1588.000000,3022.844727
1588.500000,3033.769775
1589.000000,3042.862793
1589.500000,3047.445801
1590.000000,3047.600098
1590.500000,3044.494385
1591.000000,3040.184570
1591.500000,3036.284912
1592.000000,3033.546875
1592.500000,3031.894287
1593.000000,3031.510010
1593.500000,3032.258545
1594.000000,3033.870117
1594.500000,3034.926758
1595.000000,3033.341797
1595.500000,3028.208740
1596.000000,3020.352539
1596.500000,3012.515137
1597.000000,3007.340332
1597.500000,3005.695312
1598.000000,3005.193604
1598.500000,3002.105225
1599.000000,2994.157715
1599.500000,2979.920410
1600.000000,2962.053711
1600.500000,2944.509277
1601.000000,2930.632324
1601.500000,2921.452637
1602.000000,2915.884277
1602.500000,2910.470459
1603.000000,2901.558594
1603.500000,2888.936279
1604.000000,2873.529541
1604.500000,2857.762207
1605.000000,2842.991211
1605.500000,2828.976318
1606.000000,2814.468018
1606.500000,2798.495361
1607.000000,2781.734375
1607.500000,2765.965088
1608.000000,2752.775635
1608.500000,2743.734131
1609.000000,2737.787598
1609.500000,2733.184326
1610.000000,2727.375732
1610.500000,2718.670898
1611.000000,2706.563721
1611.500000,2692.142090
1612.000000,2676.661865
1612.500000,2661.781738
1613.000000,2649.138428
1613.500000,2639.181152
1614.000000,2632.614014
1614.500000,2628.833984
1615.000000,2626.950684
1615.500000,2625.718018
1616.000000,2623.762207
1616.500000,2619.619385
1617.000000,2612.663574
1617.500000,2602.110596
1618.000000,2590.075684
1618.500000,2579.874756
1619.000000,2574.625732
1619.500000,2574.717285
1620.000000,2576.418457
1620.500000,2574.313477
1621.000000,2564.167236
1621.500000,2547.351318
1622.000000,2527.188477
1622.500000,2508.641357
1623.000000,2493.831055
1623.500000,2481.655762
1624.000000,2471.033936
1624.500000,2461.245361
1625.000000,2451.621094
1625.500000,2440.246094
1626.000000,2425.094238
1626.500000,2404.778076
1627.000000,2382.316650
1627.500000,2362.132568
1628.000000,2346.881348
1628.500000,2335.619873
1629.000000,2323.432129
1629.500000,2306.292725
1630.000000,2283.773438
1630.500000,2259.594971
1631.000000,2238.468262
1631.500000,2222.104004
1632.000000,2209.581055
1632.500000,2197.228760
1633.000000,2182.411133
1633.500000,2164.810791
1634.000000,2145.761963
1634.500000,2127.594727
1635.000000,2111.744141
1635.500000,2098.350830
1636.000000,2085.752930
1636.500000,2072.092529
1637.000000,2056.757812
1637.500000,2040.363037
1638.000000,2024.559570
1638.500000,2010.212036
1639.000000,1996.891113
1639.500000,1983.776245
1640.000000,1970.962036
1640.500000,1959.535522
1641.000000,1950.639282
1641.500000,1942.970581
1642.000000,1934.010864
1642.500000,1921.948242
1643.000000,1906.849121
1643.500000,1891.890259
1644.000000,1880.609741
1644.500000,1874.641479
1645.000000,1872.427490
1645.500000,1871.782959
1646.000000,1870.399414
1646.500000,1867.256470
1647.000000,1862.967407
1647.500000,1858.017456
1648.000000,1853.021484
1648.500000,1848.616455
1649.000000,1845.477905
1649.500000,1843.698242
1650.000000,1842.695068
1650.500000,1841.252197
1651.000000,1838.032227
1651.500000,1833.069946
1652.000000,1826.840088
1652.500000,1820.702759
1653.000000,1815.507812
1653.500000,1811.136475
1654.000000,1806.629272
1654.500000,1800.774170
1655.000000,1793.289429
1655.500000,1784.937134
1656.000000,1777.399170
1656.500000,1772.108765
1657.000000,1768.631226
1657.500000,1765.330933
1658.000000,1759.956177
1658.500000,1751.724121
1659.000000,1741.569214
1659.500000,1731.675659
1660.000000,1723.671875
1660.500000,1716.833008
1661.000000,1708.881470
1661.500000,1698.370239
1662.000000,1685.652466
1662.500000,1673.415527
1663.000000,1664.463989
1663.500000,1659.584961
1664.000000,1655.958984
1664.500000,1649.894531
1665.000000,1640.137939
1665.500000,1627.432129
1666.000000,1615.370239
1666.500000,1607.183838
1667.000000,1602.650024
1667.500000,1599.808472
1668.000000,1596.089600
1668.500000,1590.002075
1669.000000,1581.275024
1669.500000,1571.530640
1670.000000,1562.837402
1670.500000,1556.662109
1671.000000,1554.482910
1671.500000,1555.467041
1672.000000,1557.652222
1672.500000,1558.134888
1673.000000,1555.199585
1673.500000,1548.556885
1674.000000,1539.760742
1674.500000,1529.428467
1675.000000,1517.585449
1675.500000,1503.135864
1676.000000,1486.626343
1676.500000,1469.693604
1677.000000,1454.370483
1677.500000,1441.072998
1678.000000,1427.552124
1678.500000,1411.290894
1679.000000,1391.342529
1679.500000,1370.625732
1680.000000,1353.671631
1680.500000,1342.648315
1681.000000,1337.282104
1681.500000,1334.728882
1682.000000,1332.799194
1682.500000,1330.627319
1683.000000,1328.092163
1683.500000,1324.642822
1684.000000,1319.751221
1684.500000,1313.182495
1685.000000,1306.462036
1685.500000,1301.445801
1686.000000,1298.535522
1686.500000,1296.532959
1687.000000,1293.895874
1687.500000,1290.133423
1688.000000,1285.890381
1688.500000,1282.088013
1689.000000,1278.691772
1689.500000,1274.885132
1690.000000,1270.120239
1690.500000,1264.887817
1691.000000,1259.978516
1691.500000,1255.566406
1692.000000,1251.020752
1692.500000,1245.694458
1693.000000,1239.811768
1693.500000,1234.431641
1694.000000,1230.563721
1694.500000,1228.741821
1695.000000,1228.138062
1695.500000,1228.032715
1696.000000,1228.001099
1696.500000,1228.342529
1697.000000,1229.601440
1697.500000,1231.736694
1698.000000,1234.076782
1698.500000,1235.631958
1699.000000,1235.762207
1699.500000,1235.592041
1700.000000,1236.729614
1700.500000,1239.748291
1701.000000,1243.616333
1701.500000,1245.861938
1702.000000,1244.678589
1702.500000,1240.212891
1703.000000,1235.033325
1703.500000,1231.946411
1704.000000,1231.734375
1704.500000,1233.879517
1705.000000,1235.947144
1705.500000,1235.860107
1706.000000,1232.561890
1706.500000,1226.261597
1707.000000,1218.078369
1707.500000,1210.349731
1708.000000,1205.218384
1708.500000,1202.781982
1709.000000,1202.458618
1709.500000,1202.318848
1710.000000,1201.319580
1710.500000,1199.742920
1711.000000,1198.085938
1711.500000,1195.800781
1712.000000,1191.183350
1712.500000,1182.404419
1713.000000,1170.996094
1713.500000,1159.757690
1714.000000,1151.527222
1714.500000,1147.643066
1715.000000,1145.948730
1715.500000,1143.798340
1716.000000,1140.090820
1716.500000,1135.596069
1717.000000,1131.569336
1717.500000,1128.319336
1718.000000,1125.299194
1718.500000,1122.023804
1719.000000,1118.614136
1719.500000,1115.353271
1720.000000,1112.059082
1720.500000,1108.449585
1721.000000,1104.963623
1721.500000,1102.753784
1722.000000,1102.107666
1722.500000,1101.470215
1723.000000,1098.156738
1723.500000,1089.986084
1724.000000,1078.544434
1724.500000,1066.922974
1725.000000,1057.970459
1725.500000,1051.598877
1726.000000,1046.109985
1726.500000,1040.036255
1727.000000,1033.829956
1727.500000,1029.274170
1728.000000,1027.736450
1728.500000,1027.869019
1729.000000,1027.291260
1729.500000,1023.755676
1730.000000,1016.727844
1730.500000,1007.892578
1731.000000,999.760193
1731.500000,994.248535
1732.000000,990.915283
1732.500000,988.343567
1733.000000,985.121094
1733.500000,981.689575
1734.000000,979.799194
1734.500000,980.831116
1735.000000,983.482727
1735.500000,984.150818
1736.000000,979.378967
1736.500000,969.754700
1737.000000,957.829224
1737.500000,948.175232
1738.000000,943.337646
1738.500000,942.088989
1739.000000,942.191345
1739.500000,941.567932
1740.000000,939.749084
1740.500000,937.323975
1741.000000,934.929077
1741.500000,932.668213
1742.000000,930.408081
1742.500000,928.305908
1743.000000,926.572144
1743.500000,925.014709
1744.000000,922.796692
1744.500000,918.979797
1745.000000,913.822693
1745.500000,908.941956
1746.000000,906.299438
1746.500000,905.957947
1747.000000,906.575317
1747.500000,905.711243
1748.000000,902.008545
1748.500000,896.194397
1749.000000,889.795410
1749.500000,884.137512
1750.000000,879.563660
1750.500000,876.242981
1751.000000,873.882507
1751.500000,872.016968
1752.000000,869.327759
1752.500000,864.643188
1753.000000,858.601746
1753.500000,853.411743
1754.000000,851.749023
1754.500000,853.872253
1755.000000,857.704407
1755.500000,860.012878
1756.000000,857.989868
1756.500000,852.428162
1757.000000,844.899780
1757.500000,837.425598
1758.000000,831.145020
1758.500000,826.638489
1759.000000,824.253601
1759.500000,823.929871
1760.000000,824.398376
1760.500000,823.572144
1761.000000,819.928894
1761.500000,813.511719
1762.000000,807.385010
1762.500000,804.907410
1763.000000,806.964966
1763.500000,811.040588
1764.000000,812.501038
1764.500000,809.049011
1765.000000,800.983337
1765.500000,792.216125
1766.000000,786.124756
1766.500000,782.629639
1767.000000,780.597412
1767.500000,778.699768
1768.000000,776.735413
1768.500000,775.031006
1769.000000,773.551697
1769.500000,772.093445
1770.000000,770.757507
1770.500000,770.121582
1771.000000,770.000671
1771.500000,769.729980
1772.000000,768.765076
1772.500000,767.275208
1773.000000,765.841675
1773.500000,764.222595
1774.000000,761.165771
1774.500000,756.066101
1775.000000,749.446411
1775.500000,743.765259
1776.000000,741.016052
1776.500000,740.893677
1777.000000,742.309082
1777.500000,743.771118
1778.000000,744.411743
1778.500000,743.707153
1779.000000,741.554199
1779.500000,738.012756
1780.000000,734.426208
1780.500000,732.190186
1781.000000,731.463806
1781.500000,731.512878
1782.000000,730.839539
1782.500000,728.512573
1783.000000,724.473999
1783.500000,719.543457
1784.000000,714.914917
1784.500000,711.703674
1785.000000,710.830261
1785.500000,711.538025
1786.000000,712.905273
1786.500000,713.981079
1787.000000,714.699402
1787.500000,715.296814
1788.000000,715.440857
1788.500000,713.770386
1789.000000,709.684753
1789.500000,703.255493
1790.000000,696.549927
1790.500000,691.851440
1791.000000,690.290039
1791.500000,691.266357
1792.000000,692.699036
1792.500000,692.263367
1793.000000,688.729431
1793.500000,684.010559
1794.000000,680.966248
1794.500000,680.560547
1795.000000,681.745056
1795.500000,681.836243
1796.000000,680.278687
1796.500000,679.109558
1797.000000,680.395203
1797.500000,683.777649
1798.000000,686.348145
1798.500000,686.142517
1799.000000,684.196594
1799.500000,681.670044
1800.000000,678.393005
1800.500000,672.810791
1801.000000,665.275940
1801.500000,658.546692
1802.000000,655.906494
1802.500000,657.026306
1803.000000,659.837524
1803.500000,661.961304
1804.000000,662.387939
1804.500000,661.716614
1805.000000,660.062805
1805.500000,658.306396
1806.000000,658.319763
1806.500000,660.942566
1807.000000,663.978760
1807.500000,663.968079
1808.000000,660.307312
1808.500000,655.695312
1809.000000,653.307739
1809.500000,652.736450
1810.000000,651.324280
