440.000000,1594.308594
440.500000,1590.444580
441.000000,1587.484619
441.500000,1585.728882
442.000000,1585.549316
442.500000,1586.979492
443.000000,1590.144775
443.500000,1594.055420
444.000000,1598.006836
444.500000,1601.237793
445.000000,1602.834473
445.500000,1602.302856
446.000000,1599.656860
446.500000,1595.311279
447.000000,1589.978149
447.500000,1584.359253
448.000000,1579.262451
448.500000,1575.452148
449.000000,1573.014038
449.500000,1572.484741
450.000000,1573.810913
450.500000,1577.331543
451.000000,1582.528687
451.500000,1588.569824
452.000000,1594.439087
452.500000,1599.063110
453.000000,1600.863281
453.500000,1599.898804
454.000000,1596.427124
454.500000,1591.971680
455.000000,1588.071899
455.500000,1586.226318
456.000000,1586.997559
456.500000,1589.374268
457.000000,1591.556763
457.500000,1591.484009
458.000000,1588.207886
458.500000,1581.092407
459.000000,1572.658447
459.500000,1564.893921
460.000000,1559.291992
460.500000,1556.560913
461.000000,1556.030029
461.500000,1555.859009
462.000000,1554.905029
462.500000,1552.999146
463.000000,1550.570435
463.500000,1548.771729
464.000000,1548.479248
464.500000,1549.380127
465.000000,1550.862427
465.500000,1552.086304
466.000000,1552.452759
466.500000,1552.089478
467.000000,1551.722168
467.500000,1552.011841
468.000000,1553.067139
468.500000,1554.643921
469.000000,1555.757935
469.500000,1555.467041
470.000000,1553.559082
470.500000,1550.351807
471.000000,1546.738159
471.500000,1544.041382
472.000000,1543.261963
472.500000,1544.120239
473.000000,1546.273926
473.500000,1548.597290
474.000000,1550.054199
474.500000,1550.415771
475.000000,1550.045288
475.500000,1549.571655
476.000000,1549.528564
476.500000,1550.124756
477.000000,1550.860352
477.500000,1550.910156
478.000000,1549.909058
478.500000,1547.552490
479.000000,1544.375000
479.500000,1541.398804
480.000000,1539.801880
480.500000,1540.417603
481.000000,1543.790527
481.500000,1549.418823
482.000000,1556.736572
482.500000,1564.052002
483.000000,1570.020142
483.500000,1574.160400
484.000000,1576.061279
484.500000,1576.033203
485.000000,1574.490723
485.500000,1571.825073
486.000000,1568.364868
486.500000,1564.379517
487.000000,1560.481934
487.500000,1557.804077
488.000000,1556.645264
488.500000,1557.037842
489.000000,1558.070679
489.500000,1558.640015
490.000000,1557.853760
490.500000,1556.057007
491.000000,1554.713989
491.500000,1555.284912
492.000000,1559.603882
492.500000,1567.413940
493.000000,1578.829590
493.500000,1592.088135
494.000000,1606.602295
494.500000,1622.133301
495.000000,1638.828735
495.500000,1657.083740
496.000000,1676.676758
496.500000,1697.437256
497.000000,1718.824951
497.500000,1740.402222
498.000000,1761.280029
498.500000,1779.217407
499.000000,1792.116699
499.500000,1797.719727
500.000000,1794.626953
500.500000,1783.895752
501.000000,1766.624146
501.500000,1747.045776
502.000000,1727.355957
502.500000,1708.245117
503.000000,1689.134277
503.500000,1668.831177
504.000000,1646.465332
504.500000,1622.897583
505.000000,1599.795654
505.500000,1579.042847
506.000000,1561.459229
506.500000,1548.290527
507.000000,1538.146362
507.500000,1530.506470
508.000000,1524.411865
508.500000,1519.476440
509.000000,1515.305298
509.500000,1511.623901
510.000000,1508.331665
510.500000,1505.495239
511.000000,1503.425903
511.500000,1502.080200
512.000000,1501.319824
512.500000,1500.395996
513.000000,1498.678833
513.500000,1496.173218
514.000000,1493.451904
514.500000,1491.558838
515.000000,1491.573120
515.500000,1493.862549
516.000000,1497.405029
516.500000,1501.188354
517.000000,1504.178955
517.500000,1505.671021
518.000000,1505.989990
518.500000,1506.003052
519.000000,1506.473022
519.500000,1507.916016
520.000000,1510.720947
520.500000,1514.831055
521.000000,1520.255981
521.500000,1526.301880
522.000000,1532.363037
522.500000,1537.712646
523.000000,1541.600586
523.500000,1543.754761
524.000000,1544.679688
524.500000,1545.023071
525.000000,1545.342041
525.500000,1545.767334
526.000000,1545.991943
526.500000,1545.309204
527.000000,1543.717651
527.500000,1541.510864
528.000000,1539.447876
528.500000,1538.327148
529.000000,1538.672363
529.500000,1540.069946
530.000000,1541.560791
530.500000,1542.183594
531.000000,1540.861572
531.500000,1537.697998
532.000000,1532.825317
532.500000,1527.596436
533.000000,1523.304321
533.500000,1520.942017
534.000000,1520.948364
534.500000,1523.516602
535.000000,1527.806763
535.500000,1533.123901
536.000000,1538.818481
536.500000,1544.975952
537.000000,1551.855469
537.500000,1559.945557
538.000000,1569.236450
538.500000,1578.841187
539.000000,1587.585083
539.500000,1594.511719
540.000000,1598.578247
540.500000,1600.162109
541.000000,1599.511597
541.500000,1597.866211
542.000000,1595.642822
542.500000,1593.050659
543.000000,1589.982544
543.500000,1586.188721
544.000000,1581.593262
544.500000,1576.126099
545.000000,1569.953247
545.500000,1563.010376
546.000000,1555.632202
546.500000,1548.275757
547.000000,1541.647705
547.500000,1536.343018
548.000000,1532.484497
548.500000,1529.651978
549.000000,1527.165771
549.500000,1524.233643
550.000000,1520.614624
550.500000,1516.943726
551.000000,1514.127808
551.500000,1512.692505
552.000000,1512.881348
552.500000,1514.059204
553.000000,1515.130737
553.500000,1515.340332
554.000000,1514.598877
554.500000,1513.092651
555.000000,1511.472290
555.500000,1510.390991
556.000000,1510.022461
556.500000,1510.464966
557.000000,1511.528442
557.500000,1512.923096
558.000000,1514.143921
558.500000,1514.403442
559.000000,1512.855225
559.500000,1509.580200
560.000000,1504.656006
560.500000,1499.244995
561.000000,1494.476440
561.500000,1491.138306
562.000000,1489.156494
562.500000,1487.735352
563.000000,1486.020142
563.500000,1483.482178
564.000000,1480.337891
564.500000,1477.370728
565.000000,1475.417725
565.500000,1475.179932
566.000000,1476.478271
566.500000,1479.153320
567.000000,1482.726562
567.500000,1486.770020
568.000000,1490.867798
568.500000,1494.688232
569.000000,1497.866089
569.500000,1500.336914
570.000000,1501.926758
570.500000,1502.874023
571.000000,1503.331909
571.500000,1503.483276
572.000000,1503.434937
572.500000,1503.371948
573.000000,1503.592896
573.500000,1504.559814
574.000000,1506.285645
574.500000,1508.524658
575.000000,1510.679932
575.500000,1512.380493
576.000000,1513.893311
576.500000,1516.368652
577.000000,1521.421997
577.500000,1529.684570
578.000000,1540.953003
578.500000,1553.357300
579.000000,1564.679810
579.500000,1573.385010
580.000000,1578.678223
580.500000,1582.506714
581.000000,1586.622437
581.500000,1592.126953
582.000000,1598.824951
582.500000,1605.150024
583.000000,1608.795532
583.500000,1607.769531
584.000000,1602.850708
584.500000,1594.593384
585.000000,1585.236816
585.500000,1576.452881
586.000000,1569.279297
586.500000,1563.641479
587.000000,1558.702271
587.500000,1553.358887
588.000000,1546.412476
588.500000,1537.376953
589.000000,1525.348267
589.500000,1511.419067
590.000000,1496.840454
590.500000,1483.285522
591.000000,1472.406494
591.500000,1465.056641
592.000000,1461.011963
592.500000,1459.183838
593.000000,1457.463013
593.500000,1454.549194
594.000000,1450.471313
594.500000,1446.028076
595.000000,1442.756226
595.500000,1442.589844
596.000000,1445.576904
596.500000,1450.745117
597.000000,1456.612793
597.500000,1461.757202
598.000000,1465.377441
598.500000,1468.088867
599.000000,1471.139038
599.500000,1475.328857
600.000000,1480.808228
600.500000,1486.779175
601.000000,1492.261597
601.500000,1496.669800
602.000000,1500.500610
602.500000,1505.092163
603.000000,1511.356689
603.500000,1520.091797
604.000000,1530.372314
604.500000,1541.291016
605.000000,1551.724243
605.500000,1561.307617
606.000000,1570.477905
606.500000,1579.784424
607.000000,1589.447632
607.500000,1599.120117
608.000000,1607.907959
608.500000,1615.174316
609.000000,1620.439697
609.500000,1624.145142
610.000000,1626.431274
610.500000,1627.493896
611.000000,1627.202271
611.500000,1625.093872
612.000000,1621.197021
612.500000,1615.451050
613.000000,1608.510132
613.500000,1600.707520
614.000000,1592.737061
614.500000,1585.261230
615.000000,1578.922363
615.500000,1574.044922
616.000000,1570.452759
616.500000,1567.336304
617.000000,1563.555542
617.500000,1558.256104
618.000000,1550.542236
618.500000,1541.524414
619.000000,1532.561401
619.500000,1524.891479
620.000000,1519.276611
620.500000,1515.505493
621.000000,1512.694702
621.500000,1509.867188
622.000000,1506.556396
622.500000,1502.908447
623.000000,1499.442871
623.500000,1496.668335
624.000000,1494.613770
624.500000,1493.078735
625.000000,1491.481567
625.500000,1489.244751
626.000000,1485.942139
626.500000,1481.553101
627.000000,1476.166504
627.500000,1470.503174
628.000000,1465.620361
628.500000,1462.265137
629.000000,1460.854614
629.500000,1460.813477
630.000000,1461.298706
630.500000,1461.515015
631.000000,1461.270020
631.500000,1461.286133
632.000000,1462.627808
632.500000,1466.414673
633.000000,1472.071899
633.500000,1478.944946
634.000000,1485.765625
634.500000,1491.601074
635.000000,1496.154053
635.500000,1499.677856
636.000000,1502.011841
636.500000,1502.886108
637.000000,1501.465820
637.500000,1498.193237
638.000000,1493.951660
638.500000,1490.913940
639.000000,1490.950317
639.500000,1494.139893
640.000000,1499.174805
640.500000,1503.905029
641.000000,1506.513428
641.500000,1505.951904
642.000000,1503.708008
642.500000,1501.560425
643.000000,1500.470337
643.500000,1500.414551
644.000000,1500.407715
644.500000,1499.548828
645.000000,1497.862305
645.500000,1496.681641
646.000000,1497.742798
646.500000,1501.446899
647.000000,1508.058838
647.500000,1516.095703
648.000000,1524.749634
648.500000,1533.605957
649.000000,1543.033569
649.500000,1553.222534
650.000000,1563.590210
650.500000,1572.766479
651.000000,1579.518677
651.500000,1582.493774
652.000000,1582.672119
652.500000,1581.465332
653.000000,1580.649780
653.500000,1580.807129
654.000000,1581.233276
654.500000,1580.456299
655.000000,1576.926514
655.500000,1570.119629
656.000000,1560.200684
656.500000,1549.013184
657.000000,1537.791992
657.500000,1527.476685
658.000000,1518.747192
658.500000,1511.644287
659.000000,1506.238037
659.500000,1502.375732
660.000000,1499.544800
660.500000,1497.384521
661.000000,1495.417358
661.500000,1493.467041
662.000000,1491.621094
662.500000,1490.303223
663.000000,1489.876953
663.500000,1490.472534
664.000000,1491.859985
664.500000,1493.613647
665.000000,1495.302124
665.500000,1496.600464
666.000000,1497.142334
666.500000,1496.808228
667.000000,1495.168823
667.500000,1492.210938
668.000000,1487.790771
668.500000,1482.329102
669.000000,1476.577148
669.500000,1471.548828
670.000000,1468.157837
670.500000,1466.843506
671.000000,1466.657837
671.500000,1466.330078
672.000000,1464.472656
672.500000,1459.794434
673.000000,1452.521118
673.500000,1443.897827
674.000000,1436.338501
674.500000,1431.770874
675.000000,1431.437744
675.500000,1434.226074
676.000000,1438.832520
676.500000,1442.934692
677.000000,1444.770386
677.500000,1444.310059
678.000000,1442.806641
678.500000,1441.924561
679.000000,1442.902832
679.500000,1446.285889
680.000000,1451.307007
680.500000,1456.973267
681.000000,1461.873535
681.500000,1464.716187
682.000000,1465.278442
682.500000,1463.145264
683.000000,1458.690430
683.500000,1452.585938
684.000000,1445.895264
684.500000,1440.027222
685.000000,1436.574341
685.500000,1435.631714
686.000000,1437.578125
686.500000,1441.391479
687.000000,1446.693848
687.500000,1452.971313
688.000000,1460.081299
688.500000,1467.742554
689.000000,1475.060547
689.500000,1480.548340
690.000000,1483.206909
690.500000,1481.451050
691.000000,1476.167969
691.500000,1467.780518
692.000000,1457.980103
692.500000,1447.920532
693.000000,1438.076904
693.500000,1428.392944
694.000000,1418.852783
694.500000,1409.789062
695.000000,1402.286011
695.500000,1397.088989
696.000000,1395.761719
696.500000,1397.765381
697.000000,1402.561401
697.500000,1408.818115
698.000000,1415.251343
698.500000,1420.799927
699.000000,1424.957275
699.500000,1427.444580
700.000000,1428.941040
700.500000,1430.238525
701.000000,1432.076294
701.500000,1434.875977
702.000000,1438.349854
702.500000,1441.815796
703.000000,1444.398926
703.500000,1445.447388
704.000000,1444.488770
704.500000,1442.075439
705.000000,1438.229370
705.500000,1433.456909
706.000000,1427.877197
706.500000,1422.037964
707.000000,1416.804932
707.500000,1413.370239
708.000000,1412.693970
708.500000,1414.958862
709.000000,1418.942505
709.500000,1423.052734
710.000000,1425.565918
710.500000,1424.756836
711.000000,1420.840088
711.500000,1414.381592
712.000000,1407.369263
712.500000,1401.758423
713.000000,1399.100952
713.500000,1399.953125
714.000000,1404.983765
714.500000,1413.140015
715.000000,1424.155762
715.500000,1436.530762
716.000000,1449.128418
716.500000,1460.924683
717.000000,1471.145752
717.500000,1479.421021
718.000000,1485.864136
718.500000,1490.594238
719.000000,1494.227173
719.500000,1496.824951
720.000000,1498.656250
720.500000,1499.510254
721.000000,1499.491211
721.500000,1498.727295
722.000000,1497.564819
722.500000,1496.282593
723.000000,1494.883545
723.500000,1493.133545
724.000000,1490.836182
724.500000,1488.579712
725.000000,1487.897949
725.500000,1490.278931
726.000000,1497.827515
726.500000,1511.150024
727.000000,1530.318848
727.500000,1555.084839
728.000000,1584.537598
728.500000,1619.228394
729.000000,1658.659058
729.500000,1703.973755
730.000000,1753.538330
730.500000,1806.469604
731.000000,1860.729980
731.500000,1914.600464
732.000000,1966.398804
732.500000,2014.567139
733.000000,2056.083740
733.500000,2089.028564
734.000000,2107.984619
734.500000,2113.640625
735.000000,2103.389404
735.500000,2080.773682
736.000000,2047.531128
736.500000,2007.571289
737.000000,1963.205322
737.500000,1915.437256
738.000000,1865.521973
738.500000,1814.218628
739.000000,1762.964478
739.500000,1713.383911
740.000000,1666.652588
740.500000,1624.309814
741.000000,1586.770996
741.500000,1554.600342
742.000000,1528.063110
742.500000,1506.221558
743.000000,1488.573608
743.500000,1473.207153
744.000000,1459.331177
744.500000,1446.188599
745.000000,1434.087891
745.500000,1423.360840
746.000000,1414.312012
746.500000,1406.771606
747.000000,1400.216187
747.500000,1394.286133
748.000000,1388.745239
748.500000,1383.941162
749.000000,1380.080566
749.500000,1377.496582
750.000000,1375.963379
750.500000,1375.291992
751.000000,1375.115967
751.500000,1375.052612
752.000000,1374.673218
752.500000,1373.561279
753.000000,1370.986816
753.500000,1367.020264
754.000000,1361.658325
754.500000,1355.718018
755.000000,1350.061523
755.500000,1345.464111
756.000000,1342.429321
756.500000,1341.048950
757.000000,1340.888916
757.500000,1341.594116
758.000000,1342.588379
758.500000,1343.644531
759.000000,1344.608765
759.500000,1345.387329
760.000000,1346.015137
760.500000,1346.668335
761.000000,1347.693359
761.500000,1349.470215
762.000000,1352.186768
762.500000,1355.207397
763.000000,1357.333618
763.500000,1357.550049
764.000000,1354.591919
764.500000,1348.845337
765.000000,1341.067261
765.500000,1332.789185
766.000000,1325.457886
766.500000,1319.955688
767.000000,1316.106812
767.500000,1314.028442
768.000000,1313.389648
768.500000,1314.613647
769.000000,1317.372803
769.500000,1321.299438
770.000000,1325.394409
770.500000,1328.671143
771.000000,1330.810181
771.500000,1332.523682
772.000000,1334.731201
772.500000,1337.718506
773.000000,1340.851318
773.500000,1342.649170
774.000000,1341.136719
774.500000,1335.854614
775.000000,1327.274658
775.500000,1317.431152
776.000000,1308.645386
776.500000,1302.541870
777.000000,1299.149780
777.500000,1298.500488
778.000000,1299.241211
778.500000,1300.550903
779.000000,1301.500610
779.500000,1301.265015
780.000000,1299.306763
780.500000,1295.658081
781.000000,1290.727173
781.500000,1285.508179
782.000000,1281.108032
782.500000,1278.133545
783.000000,1277.139282
783.500000,1277.447632
784.000000,1278.196655
784.500000,1278.140625
785.000000,1276.326050
785.500000,1272.580200
786.000000,1267.722778
786.500000,1262.992310
787.000000,1259.522949
787.500000,1258.217651
788.000000,1258.267822
788.500000,1258.536621
789.000000,1257.748291
789.500000,1255.528198
790.000000,1252.889771
790.500000,1251.283936
791.000000,1251.780762
791.500000,1253.898926
792.000000,1256.506226
792.500000,1258.125366
793.000000,1257.816772
793.500000,1256.227295
794.000000,1254.504761
794.500000,1253.503418
795.000000,1253.010986
795.500000,1252.210938
796.000000,1250.644287
796.500000,1248.783691
797.000000,1248.036011
797.500000,1250.373535
798.000000,1255.802612
798.500000,1263.325928
799.000000,1270.126709
799.500000,1273.592407
800.000000,1272.611328
800.500000,1268.111816
801.000000,1261.357544
801.500000,1254.126953
802.000000,1247.231201
802.500000,1240.771362
803.000000,1234.940430
803.500000,1230.311035
804.000000,1228.185059
804.500000,1229.266602
805.000000,1233.003662
805.500000,1237.860962
806.000000,1241.619263
806.500000,1242.175171
807.000000,1239.862671
807.500000,1235.625366
808.000000,1231.725830
808.500000,1230.046875
809.000000,1230.877808
809.500000,1232.935913
810.000000,1234.520142
810.500000,1234.446289
811.000000,1232.122681
811.500000,1228.510376
812.000000,1224.575684
812.500000,1221.265137
813.000000,1219.071533
813.500000,1217.785034
814.000000,1216.975830
814.500000,1216.287598
815.000000,1215.635742
815.500000,1215.175293
816.000000,1215.046875
816.500000,1215.402588
817.000000,1216.044678
817.500000,1216.757324
818.000000,1217.359985
818.500000,1217.983765
819.000000,1219.236084
819.500000,1221.914429
820.000000,1226.797607
820.500000,1233.585449
821.000000,1241.687012
821.500000,1249.532959
822.000000,1255.480225
822.500000,1258.922607
823.000000,1259.700195
823.500000,1258.810913
824.000000,1257.626587
824.500000,1257.367432
825.000000,1258.482910
825.500000,1261.206421
826.000000,1264.970215
826.500000,1269.527588
827.000000,1274.464355
827.500000,1279.792114
828.000000,1285.746460
828.500000,1292.887695
829.000000,1301.862061
829.500000,1312.864380
830.000000,1325.734741
830.500000,1339.411499
831.000000,1352.926270
831.500000,1365.594727
832.000000,1376.994019
832.500000,1387.355347
833.000000,1396.817627
833.500000,1405.390991
834.000000,1412.870972
834.500000,1418.789185
835.000000,1423.174805
835.500000,1425.770508
836.000000,1426.840332
836.500000,1425.765137
837.000000,1422.483398
837.500000,1416.744141
838.000000,1409.242676
838.500000,1401.281494
839.000000,1394.455566
839.500000,1389.826660
840.000000,1388.228394
840.500000,1388.648560
841.000000,1390.237671
841.500000,1391.816772
842.000000,1392.576904
842.500000,1392.187500
843.000000,1390.626099
843.500000,1388.315308
844.000000,1386.121216
844.500000,1385.170044
845.000000,1386.011597
845.500000,1389.214844
846.000000,1393.686890
846.500000,1398.492676
847.000000,1402.996826
847.500000,1407.338135
848.000000,1412.231323
848.500000,1418.337646
849.000000,1425.870117
849.500000,1434.094604
850.000000,1442.089111
850.500000,1449.252563
851.000000,1455.339111
851.500000,1460.767944
852.000000,1465.626465
852.500000,1469.592285
853.000000,1472.079346
853.500000,1472.694702
854.000000,1471.957153
854.500000,1470.731689
855.000000,1470.139160
855.500000,1471.092529
856.000000,1473.354980
856.500000,1476.434570
857.000000,1479.382324
857.500000,1481.325806
858.000000,1481.671021
858.500000,1480.267334
859.000000,1477.047852
859.500000,1472.834595
860.000000,1468.513916
860.500000,1464.976440
861.000000,1462.693604
861.500000,1460.991333
862.000000,1458.506470
862.500000,1453.770020
863.000000,1446.042358
863.500000,1435.602173
864.000000,1423.876221
864.500000,1411.759521
865.000000,1399.608154
865.500000,1386.829834
866.000000,1372.781982
866.500000,1357.075806
867.000000,1340.458862
867.500000,1324.471313
868.000000,1310.934814
868.500000,1300.739502
869.000000,1294.632080
869.500000,1291.018311
870.000000,1289.229370
870.500000,1288.341187
871.000000,1288.508301
871.500000,1290.083252
872.000000,1293.474487
872.500000,1298.517822
873.000000,1304.271973
873.500000,1309.540527
874.000000,1313.539185
874.500000,1315.819458
875.000000,1317.360718
875.500000,1319.277710
876.000000,1322.328369
876.500000,1326.772339
877.000000,1332.220093
877.500000,1338.028687
878.000000,1343.622314
878.500000,1348.591309
879.000000,1352.302246
879.500000,1354.515991
880.000000,1354.448608
880.500000,1352.237305
881.000000,1347.866455
881.500000,1341.864380
882.000000,1334.525146
882.500000,1325.660156
883.000000,1315.208130
883.500000,1303.117065
884.000000,1290.459229
884.500000,1278.738159
885.000000,1269.049438
885.500000,1262.150391
886.000000,1257.230347
886.500000,1253.028564
887.000000,1248.429443
887.500000,1243.206665
888.000000,1238.046265
888.500000,1233.705322
889.000000,1230.611816
889.500000,1228.005737
890.000000,1224.921387
890.500000,1220.682739
891.000000,1215.093018
891.500000,1208.663818
892.000000,1202.232910
892.500000,1196.711914
893.000000,1192.748169
893.500000,1191.480103
894.000000,1192.943848
894.500000,1197.226685
895.000000,1202.535645
895.500000,1206.543945
896.000000,1207.135986
896.500000,1203.334717
897.000000,1195.899048
897.500000,1187.572754
898.000000,1181.431396
898.500000,1178.855225
899.000000,1180.356079
899.500000,1183.406006
900.000000,1185.389282
900.500000,1184.500366
901.000000,1180.470947
901.500000,1174.736328
902.000000,1169.180542
902.500000,1165.116089
903.000000,1162.503540
903.500000,1160.968628
904.000000,1159.640625
904.500000,1158.330688
905.000000,1157.331421
905.500000,1157.098022
906.000000,1157.546509
906.500000,1157.809814
907.000000,1156.487915
907.500000,1152.833984
908.000000,1146.916138
908.500000,1140.855713
909.000000,1137.248535
909.500000,1137.298950
910.000000,1141.179810
910.500000,1146.792603
911.000000,1151.378418
911.500000,1152.798462
912.000000,1151.106445
912.500000,1147.716919
913.000000,1145.313354
913.500000,1146.370972
914.000000,1150.659790
914.500000,1156.983154
915.000000,1162.714722
915.500000,1165.769653
916.000000,1165.431274
916.500000,1162.567383
917.000000,1158.552856
917.500000,1155.141479
918.000000,1153.999512
918.500000,1155.280884
919.000000,1159.098267
919.500000,1164.115112
920.000000,1168.670044
920.500000,1171.114136
921.000000,1170.581299
921.500000,1167.186523
922.000000,1162.755371
922.500000,1159.502197
923.000000,1158.622681
923.500000,1160.879272
924.000000,1165.175049
924.500000,1170.695435
925.000000,1176.837280
925.500000,1183.689819
926.000000,1191.596802
926.500000,1200.344116
927.000000,1209.073242
927.500000,1216.582397
928.000000,1221.536255
928.500000,1224.357544
929.000000,1225.771973
929.500000,1227.033691
930.000000,1228.587158
930.500000,1229.852173
931.000000,1229.856812
931.500000,1227.809570
932.000000,1224.253296
932.500000,1219.983643
933.000000,1216.043213
933.500000,1212.801758
934.000000,1209.845947
934.500000,1206.737427
935.000000,1203.631470
935.500000,1201.475952
936.000000,1201.632202
936.500000,1204.379028
937.000000,1209.384399
937.500000,1214.619141
938.000000,1218.393188
938.500000,1220.558472
939.000000,1221.946655
939.500000,1223.905151
940.000000,1226.943359
940.500000,1230.136230
941.000000,1231.686768
941.500000,1229.775635
942.000000,1225.110229
942.500000,1219.478149
943.000000,1215.634399
943.500000,1215.501709
944.000000,1218.086304
944.500000,1220.656006
945.000000,1220.078003
945.500000,1215.273315
946.000000,1207.504028
946.500000,1200.017334
947.000000,1195.783936
947.500000,1194.696533
948.000000,1195.523560
948.500000,1195.799561
949.000000,1194.057617
949.500000,1190.724243
950.000000,1187.482666
950.500000,1185.995850
951.000000,1186.445679
951.500000,1188.068726
952.000000,1189.248047
952.500000,1188.853149
953.000000,1187.196045
953.500000,1185.079834
954.000000,1183.413818
954.500000,1182.536865
955.000000,1182.367920
955.500000,1182.718872
956.000000,1183.820801
956.500000,1185.837646
957.000000,1189.124146
957.500000,1193.161499
958.000000,1197.146484
958.500000,1200.011230
959.000000,1200.715698
959.500000,1198.816650
960.000000,1194.865112
960.500000,1190.050903
961.000000,1186.229126
961.500000,1185.638306
962.000000,1188.428345
962.500000,1194.263550
963.000000,1200.609375
963.500000,1204.916016
964.000000,1205.641968
964.500000,1202.752319
965.000000,1197.160400
965.500000,1190.652832
966.000000,1184.443237
966.500000,1179.078369
967.000000,1174.886230
967.500000,1171.607178
968.000000,1169.011719
968.500000,1166.508667
969.000000,1163.430786
969.500000,1159.464722
970.000000,1155.196533
970.500000,1152.004883
971.000000,1150.847046
971.500000,1152.144409
972.000000,1153.867432
972.500000,1153.615234
973.000000,1150.378662
973.500000,1145.087769
974.000000,1140.567505
974.500000,1139.575806
975.000000,1143.540283
975.500000,1150.417847
976.000000,1157.399048
976.500000,1162.111572
977.000000,1163.738403
977.500000,1164.138794
978.000000,1165.577515
978.500000,1169.328247
979.000000,1174.939331
979.500000,1180.891846
980.000000,1185.761841
980.500000,1189.050415
981.000000,1191.923340
981.500000,1195.986206
982.000000,1202.011719
982.500000,1210.205078
983.000000,1219.607056
983.500000,1228.933228
984.000000,1236.919189
984.500000,1242.877930
985.000000,1246.297119
985.500000,1247.963623
986.000000,1248.473999
986.500000,1248.861206
987.000000,1249.592896
987.500000,1250.547119
988.000000,1251.284058
988.500000,1251.523560
989.000000,1251.552612
989.500000,1252.171143
990.000000,1253.995483
990.500000,1257.399048
991.000000,1261.390747
991.500000,1264.723633
992.000000,1266.719238
992.500000,1267.640015
993.000000,1268.881836
993.500000,1272.112671
994.000000,1278.512329
994.500000,1287.487915
995.000000,1297.899414
995.500000,1307.837280
996.000000,1315.849121
996.500000,1321.990234
997.000000,1326.701660
997.500000,1330.873169
998.000000,1334.949707
998.500000,1338.828369
999.000000,1342.161133
999.500000,1344.513062
1000.000000,1345.847046
1000.500000,1345.487183
1001.000000,1342.941650
1001.500000,1336.585449
1002.000000,1325.859985
1002.500000,1310.801392
1003.000000,1293.097168
1003.500000,1275.197754
1004.000000,1259.170410
1004.500000,1245.486572
1005.000000,1234.131470
1005.500000,1223.888550
1006.000000,1214.674072
1006.500000,1206.884766
1007.000000,1201.579712
1007.500000,1199.057617
1008.000000,1198.578125
1008.500000,1198.708374
1009.000000,1197.967529
1009.500000,1195.462036
1010.000000,1191.764526
1010.500000,1187.555298
1011.000000,1183.533813
1011.500000,1179.852173
1012.000000,1176.289551
1012.500000,1172.711426
1013.000000,1169.252319
1013.500000,1166.084961
1014.000000,1163.091431
1014.500000,1159.723633
1015.000000,1155.260742
1015.500000,1149.934937
1016.000000,1144.656738
1016.500000,1140.833008
1017.000000,1139.707275
1017.500000,1141.382446
1018.000000,1144.675049
1018.500000,1147.957275
1019.000000,1149.898804
1019.500000,1149.634155
1020.000000,1147.956421
1020.500000,1145.630615
1021.000000,1143.572144
1021.500000,1142.281494
1022.000000,1141.785645
1022.500000,1141.902222
1023.000000,1142.456787
1023.500000,1143.237183
1024.000000,1144.138306
1024.500000,1145.065796
1025.000000,1146.004883
1025.500000,1146.920288
1026.000000,1147.569214
1026.500000,1147.484619
1027.000000,1146.046509
1027.500000,1143.080322
1028.000000,1139.433105
1028.500000,1136.747437
1029.000000,1136.365601
1029.500000,1139.309448
1030.000000,1143.760986
1030.500000,1147.025757
1031.000000,1146.715942
1031.500000,1141.882935
1032.000000,1134.257568
1032.500000,1127.230835
1033.000000,1124.003906
1033.500000,1124.905762
1034.000000,1128.849609
1034.500000,1132.506714
1035.000000,1133.406860
1035.500000,1131.681396
1036.000000,1129.066406
1036.500000,1128.184326
1037.000000,1130.921631
1037.500000,1137.988770
1038.000000,1148.239136
1038.500000,1160.877075
1039.000000,1174.380005
1039.500000,1187.580566
1040.000000,1199.195557
1040.500000,1207.413574
1041.000000,1211.309448
1041.500000,1210.513550
1042.000000,1205.633423
1042.500000,1198.077026
1043.000000,1188.553467
1043.500000,1178.046143
1044.000000,1167.213379
1044.500000,1157.148682
1045.000000,1149.339233
1045.500000,1144.334229
1046.000000,1141.931519
1046.500000,1140.700073
1047.000000,1138.844238
1047.500000,1135.089111
1048.000000,1129.629761
1048.500000,1123.023071
1049.000000,1116.296997
1049.500000,1109.794067
1050.000000,1103.332275
1050.500000,1096.619263
1051.000000,1089.604980
1051.500000,1082.428711
1052.000000,1075.135742
1052.500000,1067.602417
1053.000000,1059.700684
1053.500000,1051.858398
1054.000000,1045.258911
1054.500000,1040.821533
1055.000000,1039.318604
1055.500000,1039.911499
1056.000000,1041.067993
1056.500000,1041.324585
1057.000000,1040.377319
1057.500000,1039.193970
1058.000000,1039.447510
1058.500000,1042.917480
1059.000000,1048.931152
1059.500000,1056.188599
1060.000000,1062.462280
1060.500000,1065.965942
1061.000000,1066.303223
1061.500000,1064.501587
1062.000000,1062.025757
1062.500000,1060.240723
1063.000000,1059.916992
1063.500000,1060.624512
1064.000000,1062.079834
1064.500000,1063.996948
1065.000000,1066.547729
1065.500000,1069.764038
1066.000000,1073.157349
1066.500000,1075.627441
1067.000000,1076.204468
1067.500000,1074.156982
1068.000000,1070.632202
1068.500000,1067.214844
1069.000000,1065.503174
1069.500000,1066.658813
1070.000000,1070.397461
1070.500000,1076.042114
1071.000000,1082.860229
1071.500000,1090.196533
1072.000000,1097.459473
1072.500000,1103.808350
1073.000000,1107.595947
1073.500000,1108.313843
1074.000000,1105.347046
1074.500000,1100.062744
1075.000000,1094.334717
1075.500000,1090.240845
1076.000000,1089.183838
1076.500000,1092.009277
1077.000000,1097.851318
1077.500000,1106.104736
1078.000000,1115.022949
1078.500000,1123.255371
1079.000000,1130.030151
1079.500000,1135.061157
1080.000000,1138.929810
1080.500000,1142.502319
1081.000000,1146.489014
1081.500000,1151.085571
1082.000000,1156.147339
1082.500000,1161.205688
1083.000000,1165.857788
1083.500000,1169.990112
1084.000000,1173.494141
1084.500000,1176.433472
1085.000000,1178.835327
1085.500000,1180.747803
1086.000000,1182.314087
1086.500000,1183.718384
1087.000000,1185.302612
1087.500000,1187.617920
1088.000000,1190.816406
1088.500000,1194.786011
1089.000000,1198.543091
1089.500000,1200.625366
1090.000000,1200.001953
1090.500000,1196.967041
1091.000000,1193.057129
1091.500000,1190.515381
1092.000000,1191.233032
1092.500000,1194.198120
1093.000000,1197.284058
1093.500000,1197.947632
1094.000000,1194.627075
1094.500000,1188.216797
1095.000000,1180.844238
1095.500000,1174.454224
1096.000000,1169.635864
1096.500000,1166.149170
1097.000000,1163.203003
1097.500000,1160.994507
1098.000000,1159.925293
1098.500000,1160.244141
1099.000000,1160.845215
1099.500000,1159.790039
1100.000000,1155.484497
1100.500000,1148.199829
1101.000000,1139.557861
1101.500000,1132.075562
1102.000000,1127.846313
1102.500000,1126.144775
1103.000000,1125.661743
1103.500000,1124.564087
1104.000000,1121.950439
1104.500000,1118.144409
1105.000000,1114.018311
1105.500000,1110.101685
1106.000000,1106.282837
1106.500000,1102.135010
1107.000000,1097.669067
1107.500000,1093.545654
1108.000000,1090.665649
1108.500000,1089.806396
1109.000000,1090.582886
1109.500000,1091.757446
1110.000000,1091.743652
1110.500000,1089.587891
1111.000000,1084.788330
1111.500000,1078.554321
1112.000000,1072.286865
1112.500000,1067.514038
1113.000000,1065.673584
1113.500000,1066.889282
1114.000000,1070.522095
1114.500000,1075.023438
1115.000000,1078.534790
1115.500000,1079.573486
1116.000000,1078.468628
1116.500000,1076.218872
1117.000000,1074.707397
1117.500000,1075.265625
1118.000000,1077.557495
1118.500000,1080.471069
1119.000000,1082.825928
1119.500000,1084.414185
1120.000000,1086.021240
1120.500000,1088.527222
1121.000000,1092.036377
1121.500000,1095.154907
1122.000000,1095.919434
1122.500000,1093.986084
1123.000000,1090.424316
1123.500000,1087.842529
1124.000000,1088.554565
1124.500000,1093.279297
1125.000000,1100.220215
1125.500000,1107.090454
1126.000000,1112.375977
1126.500000,1115.935547
1127.000000,1119.374146
1127.500000,1124.104858
1128.000000,1130.218872
1128.500000,1136.681519
1129.000000,1142.169800
1129.500000,1146.292603
1130.000000,1149.660400
1130.500000,1153.443115
1131.000000,1158.189819
1131.500000,1162.910400
1132.000000,1165.801270
1132.500000,1165.920288
1133.000000,1163.481201
1133.500000,1160.358643
1134.000000,1158.796387
1134.500000,1160.275269
1135.000000,1164.157227
1135.500000,1169.272339
1136.000000,1174.036011
1136.500000,1177.774658
1137.000000,1180.884644
1137.500000,1183.764160
1138.000000,1186.372314
1138.500000,1188.151855
1139.000000,1188.625732
1139.500000,1188.252197
1140.000000,1188.203857
1140.500000,1189.621338
1141.000000,1193.360596
1141.500000,1198.487061
1142.000000,1203.822998
1142.500000,1208.275879
1143.000000,1211.460815
1143.500000,1213.709473
1144.000000,1215.641724
1144.500000,1217.640625
1145.000000,1219.875366
1145.500000,1222.676514
1146.000000,1226.300659
1146.500000,1231.203613
1147.000000,1237.051392
1147.500000,1242.955688
1148.000000,1247.641479
1148.500000,1250.175415
1149.000000,1250.230957
1149.500000,1248.782227
1150.000000,1246.775879
1150.500000,1245.071899
1151.000000,1243.839111
1151.500000,1242.618286
1152.000000,1240.920166
1152.500000,1238.712891
1153.000000,1236.476562
1153.500000,1234.914307
1154.000000,1234.319092
1154.500000,1234.494995
1155.000000,1234.505493
1155.500000,1233.215210
1156.000000,1230.360352
1156.500000,1226.000488
1157.000000,1220.952271
1157.500000,1215.850342
1158.000000,1210.850220
1158.500000,1205.702393
1159.000000,1200.246338
1159.500000,1194.965332
1160.000000,1191.285767
1160.500000,1190.073975
1161.000000,1192.155640
1161.500000,1196.281372
1162.000000,1200.536011
1162.500000,1202.977905
1163.000000,1202.894897
1163.500000,1201.062256
1164.000000,1199.690918
1164.500000,1201.329834
1165.000000,1206.396973
1165.500000,1214.646973
1166.000000,1223.668701
1166.500000,1231.227661
1167.000000,1236.272217
1167.500000,1239.209106
1168.000000,1241.374146
1168.500000,1244.005615
1169.000000,1247.228271
1169.500000,1249.962524
1170.000000,1250.630737
1170.500000,1249.211670
1171.000000,1246.535889
1171.500000,1244.347656
1172.000000,1243.708130
1172.500000,1244.091675
1173.000000,1243.667114
1173.500000,1240.394165
1174.000000,1234.217407
1174.500000,1225.978516
1175.000000,1218.173950
1175.500000,1212.951538
1176.000000,1210.829468
1176.500000,1211.733154
1177.000000,1214.837524
1177.500000,1219.300293
1178.000000,1224.498901
1178.500000,1229.640869
1179.000000,1233.845093
1179.500000,1236.797607
1180.000000,1238.286499
1180.500000,1238.917480
1181.000000,1239.034912
1181.500000,1238.750122
1182.000000,1237.902100
1182.500000,1236.429321
1183.000000,1234.671997
1183.500000,1233.033691
1184.000000,1231.575684
1184.500000,1229.865845
1185.000000,1227.505005
1185.500000,1224.546875
1186.000000,1221.893311
1186.500000,1220.714478
1187.000000,1221.545288
1187.500000,1223.745605
1188.000000,1226.165405
1188.500000,1227.747681
1189.000000,1227.771484
1189.500000,1226.579712
1190.000000,1224.126099
1190.500000,1220.633911
1191.000000,1216.258545
1191.500000,1211.563721
1192.000000,1207.196411
1192.500000,1203.326904
1193.000000,1199.272827
1193.500000,1193.802979
1194.000000,1186.725586
1194.500000,1178.695068
1195.000000,1171.493164
1195.500000,1166.697510
1196.000000,1164.302734
1196.500000,1163.175171
1197.000000,1162.000610
1197.500000,1160.278564
1198.000000,1158.356567
1198.500000,1156.654053
1199.000000,1154.688232
1199.500000,1151.399170
1200.000000,1145.704712
1200.500000,1138.249756
1201.000000,1130.833374
1201.500000,1125.559570
1202.000000,1123.378418
1202.500000,1124.234741
1203.000000,1126.532959
1203.500000,1129.222168
1204.000000,1131.634033
1204.500000,1133.559326
1205.000000,1135.001709
1205.500000,1135.868286
1206.000000,1136.261841
1206.500000,1136.472900
1207.000000,1136.659180
1207.500000,1136.514893
1208.000000,1135.010864
1208.500000,1131.662598
1209.000000,1126.237793
1209.500000,1120.130981
1210.000000,1114.987549
1210.500000,1111.776489
1211.000000,1110.244263
1211.500000,1109.041382
1212.000000,1106.592407
1212.500000,1101.765381
1213.000000,1095.200317
1213.500000,1088.018433
1214.000000,1081.894653
1214.500000,1078.371826
1215.000000,1077.641724
1215.500000,1079.075684
1216.000000,1081.082642
1216.500000,1081.915039
1217.000000,1080.435425
1217.500000,1077.289673
1218.000000,1073.833740
1218.500000,1071.703613
1219.000000,1071.998535
1219.500000,1074.030151
1220.000000,1076.572266
1220.500000,1078.426880
1221.000000,1079.330078
1221.500000,1080.020142
1222.000000,1081.674316
1222.500000,1085.372437
1223.000000,1090.599365
1223.500000,1096.331543
1224.000000,1101.082642
1224.500000,1103.824463
1225.000000,1104.950073
1225.500000,1105.807983
1226.000000,1107.958862
1226.500000,1111.929443
1227.000000,1117.107910
1227.500000,1121.682373
1228.000000,1123.758301
1228.500000,1123.478149
1229.000000,1121.817871
1229.500000,1120.675659
1230.000000,1121.385498
1230.500000,1124.094604
1231.000000,1128.074585
1231.500000,1132.934204
1232.000000,1138.685425
1232.500000,1146.151611
1233.000000,1155.079346
1233.500000,1164.634399
1234.000000,1173.143677
1234.500000,1179.114624
1235.000000,1182.416016
1235.500000,1184.151855
1236.000000,1185.861938
1236.500000,1188.726807
1237.000000,1193.452271
1237.500000,1199.648560
1238.000000,1207.405518
1238.500000,1216.347778
1239.000000,1226.270142
1239.500000,1236.458008
1240.000000,1245.944702
1240.500000,1253.807007
1241.000000,1259.770508
1241.500000,1263.722412
1242.000000,1266.476074
1242.500000,1268.514648
1243.000000,1270.491943
1243.500000,1272.716187
1244.000000,1275.093994
1244.500000,1277.095337
1245.000000,1277.956055
1245.500000,1277.261719
1246.000000,1275.227539
1246.500000,1273.222290
1247.000000,1273.152466
1247.500000,1275.538696
1248.000000,1280.042114
1248.500000,1284.388672
1249.000000,1286.011597
1249.500000,1283.644897
1250.000000,1277.892700
1250.500000,1270.583130
1251.000000,1263.961548
1251.500000,1259.501343
1252.000000,1256.775024
1252.500000,1255.108765
1253.000000,1253.434082
1253.500000,1251.199585
1254.000000,1248.267700
1254.500000,1244.569458
1255.000000,1240.044189
1255.500000,1234.867065
1256.000000,1229.336792
1256.500000,1223.970459
1257.000000,1219.250366
1257.500000,1215.169312
1258.000000,1211.651123
1258.500000,1208.425293
1259.000000,1205.418945
1259.500000,1202.814819
1260.000000,1201.049316
1260.500000,1200.920044
1261.000000,1202.743286
1261.500000,1207.062378
1262.000000,1212.804688
1262.500000,1218.783936
1263.000000,1223.708618
1263.500000,1226.999268
1264.000000,1229.355469
1264.500000,1232.083008
1265.000000,1236.124878
1265.500000,1241.127930
1266.000000,1245.963135
1266.500000,1249.619019
1267.000000,1251.684570
1267.500000,1252.936523
1268.000000,1253.611816
1268.500000,1253.125244
1269.000000,1250.116821
1269.500000,1243.603882
1270.000000,1234.389038
1270.500000,1224.159180
1271.000000,1214.997192
1271.500000,1208.357178
1272.000000,1203.767090
1272.500000,1201.246826
1273.000000,1201.031860
1273.500000,1204.513550
1274.000000,1212.757690
1274.500000,1225.288574
1275.000000,1240.734985
1275.500000,1256.740112
1276.000000,1272.196655
1276.500000,1287.566284
1277.000000,1304.061401
1277.500000,1321.916382
1278.000000,1339.862915
1278.500000,1355.355347
1279.000000,1365.895996
1279.500000,1369.972534
1280.000000,1368.914062
1280.500000,1363.593628
1281.000000,1356.209351
1281.500000,1347.404175
1282.000000,1337.868042
1282.500000,1327.920532
1283.000000,1317.972900
1283.500000,1308.161255
1284.000000,1298.027832
1284.500000,1286.687134
1285.000000,1273.100830
1285.500000,1257.749634
1286.000000,1242.003174
1286.500000,1228.060303
1287.000000,1218.023438
1287.500000,1211.608276
1288.000000,1207.175903
1288.500000,1202.253540
1289.000000,1195.363892
1289.500000,1186.838867
1290.000000,1178.831787
1290.500000,1173.972168
1291.000000,1172.224121
1291.500000,1172.366577
1292.000000,1171.845703
1292.500000,1169.085083
1293.000000,1164.647461
1293.500000,1160.523926
1294.000000,1158.608154
1294.500000,1158.906128
1295.000000,1160.192993
1295.500000,1160.656128
1296.000000,1159.595825
1296.500000,1158.315552
1297.000000,1158.699951
1297.500000,1161.495361
1298.000000,1165.842285
1298.500000,1169.766235
1299.000000,1171.717529
1299.500000,1171.101440
1300.000000,1168.962891
1300.500000,1165.671753
1301.000000,1161.284912
1301.500000,1155.035156
1302.000000,1147.202271
1302.500000,1138.912354
1303.000000,1131.650269
1303.500000,1125.962280
1304.000000,1121.202026
1304.500000,1116.055298
1305.000000,1109.992676
1305.500000,1104.181519
1306.000000,1100.768921
1306.500000,1100.690308
1307.000000,1103.910645
1307.500000,1108.845337
1308.000000,1113.937500
1308.500000,1118.500610
1309.000000,1122.683350
1309.500000,1126.604248
1310.000000,1130.066284
1310.500000,1132.443115
1311.000000,1133.895630
1311.500000,1135.286987
1312.000000,1137.921387
1312.500000,1142.797729
1313.000000,1150.054077
1313.500000,1158.778442
1314.000000,1167.955566
1314.500000,1176.629639
1315.000000,1184.129883
1315.500000,1190.623779
1316.000000,1196.184326
1316.500000,1201.074341
1317.000000,1205.186523
1317.500000,1208.289917
1318.000000,1210.395752
1318.500000,1211.934937
1319.000000,1213.800049
1319.500000,1216.718872
1320.000000,1220.155884
1320.500000,1222.718750
1321.000000,1223.399780
1321.500000,1222.203735
1322.000000,1220.620361
1322.500000,1220.146973
1323.000000,1220.900757
1323.500000,1221.215942
1324.000000,1218.848877
1324.500000,1213.925903
1325.000000,1208.425781
1325.500000,1205.619751
1326.000000,1208.063354
1326.500000,1214.784912
1327.000000,1222.827759
1327.500000,1228.932983
1328.000000,1231.808594
1328.500000,1232.015259
1329.000000,1232.034424
1329.500000,1234.206787
1330.000000,1239.030029
1330.500000,1246.655396
1331.000000,1255.793213
1331.500000,1264.876953
1332.000000,1272.165527
1332.500000,1276.454712
1333.000000,1277.150391
1333.500000,1275.425415
1334.000000,1272.160034
1334.500000,1268.430298
1335.000000,1264.278076
1335.500000,1259.680786
1336.000000,1255.018921
1336.500000,1251.199341
1337.000000,1248.875366
1337.500000,1247.620483
1338.000000,1245.781616
1338.500000,1241.663086
1339.000000,1235.593750
1339.500000,1228.899902
1340.000000,1223.359985
1340.500000,1219.594360
1341.000000,1216.356445
1341.500000,1211.962158
1342.000000,1205.833618
1342.500000,1199.248169
1343.000000,1194.295776
1343.500000,1191.722412
1344.000000,1191.033936
1344.500000,1189.904053
1345.000000,1186.340820
1345.500000,1180.161133
1346.000000,1172.178589
1346.500000,1163.543579
1347.000000,1155.013550
1347.500000,1147.202393
1348.000000,1140.796265
1348.500000,1137.197876
1349.000000,1136.162109
1349.500000,1136.836304
1350.000000,1136.840332
1350.500000,1133.988159
1351.000000,1127.837402
1351.500000,1119.494873
1352.000000,1110.564819
1352.500000,1102.113770
1353.000000,1094.215332
1353.500000,1086.347046
1354.000000,1078.299072
1354.500000,1070.166138
1355.000000,1061.776611
1355.500000,1052.637451
1356.000000,1042.318237
1356.500000,1031.223389
1357.000000,1020.743835
1357.500000,1012.741943
1358.000000,1007.715088
1358.500000,1006.061279
1359.000000,1006.201538
1359.500000,1007.139465
1360.000000,1007.749939
1360.500000,1006.954956
1361.000000,1003.996826
1361.500000,998.870911
1362.000000,992.274048
1362.500000,985.701050
1363.000000,980.339172
1363.500000,976.056396
1364.000000,972.363403
1364.500000,968.809509
1365.000000,965.882751
1365.500000,964.382446
1366.000000,964.550354
1366.500000,965.692261
1367.000000,966.673096
1367.500000,967.162964
1368.000000,967.956787
1368.500000,969.852478
1369.000000,971.985229
1369.500000,972.125305
1370.000000,968.619690
1370.500000,961.598877
1371.000000,953.505615
1371.500000,947.413696
1372.000000,945.171875
1372.500000,945.352234
1373.000000,945.738464
1373.500000,944.601318
1374.000000,941.901062
1374.500000,939.399414
1375.000000,938.746948
1375.500000,939.987122
1376.000000,941.555786
1376.500000,941.218445
1377.000000,937.832764
1377.500000,930.985413
1378.000000,922.969177
1378.500000,916.499878
1379.000000,913.403503
1379.500000,914.269470
1380.000000,917.113281
1380.500000,918.837524
1381.000000,916.674805
1381.500000,910.376648
1382.000000,901.383667
1382.500000,892.968323
1383.000000,888.401245
1383.500000,888.424377
1384.000000,893.064941
1384.500000,899.875732
1385.000000,905.839905
1385.500000,908.328186
1386.000000,906.668762
1386.500000,901.679504
1387.000000,896.238892
1387.500000,892.991089
1388.000000,892.323303
1388.500000,893.561951
1389.000000,895.256592
1389.500000,897.011719
1390.000000,899.360474
1390.500000,902.774475
1391.000000,906.788635
1391.500000,909.979553
1392.000000,910.764526
1392.500000,909.584229
1393.000000,907.627686
1393.500000,906.580688
1394.000000,907.267578
1394.500000,909.042664
1395.000000,910.888794
1395.500000,912.379883
1396.000000,913.870361
1396.500000,915.995483
1397.000000,918.812195
1397.500000,922.011108
1398.000000,925.020508
1398.500000,927.588318
1399.000000,929.879639
1399.500000,932.012878
1400.000000,933.684692
1400.500000,934.216187
1401.000000,932.820496
1401.500000,929.843994
1402.000000,926.059692
1402.500000,922.962524
1403.000000,921.776733
1403.500000,922.282104
1404.000000,923.342529
1404.500000,923.303955
1405.000000,921.126038
1405.500000,916.782349
1406.000000,911.687561
1406.500000,907.523743
1407.000000,905.080200
1407.500000,904.762634
1408.000000,905.684143
1408.500000,906.872070
1409.000000,907.222412
1409.500000,905.906677
1410.000000,902.693604
1410.500000,898.451660
1411.000000,894.418152
1411.500000,891.433594
1412.000000,889.400513
1412.500000,886.875549
1413.000000,882.580627
1413.500000,876.942871
1414.000000,871.815125
1414.500000,869.289978
1415.000000,869.763672
1415.500000,871.923706
1416.000000,873.209167
1416.500000,871.691345
1417.000000,868.451294
1417.500000,865.589783
1418.000000,864.968201
1418.500000,866.683777
1419.000000,869.002991
1419.500000,869.992188
1420.000000,868.669678
1420.500000,865.787170
1421.000000,862.300171
1421.500000,859.025391
1422.000000,856.050171
1422.500000,853.179688
1423.000000,850.739258
1423.500000,849.641541
1424.000000,850.864563
1424.500000,854.695435
1425.000000,860.032227
1425.500000,865.367432
1426.000000,869.461609
1426.500000,871.740417
1427.000000,873.169006
1427.500000,874.668823
1428.000000,876.579285
1428.500000,878.353394
1429.000000,879.184753
1429.500000,879.196533
1430.000000,879.560364
1430.500000,881.442566
1431.000000,885.332581
1431.500000,889.449585
1432.000000,891.361145
1432.500000,889.932068
1433.000000,885.491821
1433.500000,880.087341
1434.000000,875.737305
1434.500000,873.312439
1435.000000,871.977356
1435.500000,871.103088
1436.000000,870.564514
1436.500000,871.042664
1437.000000,872.674561
1437.500000,874.987671
1438.000000,876.899170
1438.500000,877.687439
1439.000000,877.570496
1439.500000,877.682190
1440.000000,879.326599
1440.500000,882.605408
1441.000000,887.187988
1441.500000,891.698730
1442.000000,894.667725
1442.500000,895.307129
1443.000000,893.508423
1443.500000,890.210815
1444.000000,886.970642
1444.500000,885.097351
1445.000000,884.625183
1445.500000,884.903442
1446.000000,884.876221
1446.500000,884.052795
1447.000000,882.681213
1447.500000,881.050049
1448.000000,879.246277
1448.500000,877.263245
1449.000000,875.442261
1449.500000,874.518738
1450.000000,875.634521
1450.500000,878.415527
1451.000000,882.176819
1451.500000,885.671143
1452.000000,888.128113
1452.500000,889.550476
1453.000000,890.251465
1453.500000,890.549622
1454.000000,890.866760
1454.500000,891.987671
1455.000000,894.662354
1455.500000,899.715088
1456.000000,906.307922
1456.500000,913.377625
1457.000000,919.773621
1457.500000,925.003723
1458.000000,929.233276
1458.500000,932.794983
1459.000000,935.633789
1459.500000,937.834229
1460.000000,939.783508
1460.500000,942.399048
1461.000000,946.575623
1461.500000,952.138428
1462.000000,958.462585
1462.500000,964.775696
1463.000000,970.764526
1463.500000,976.460876
1464.000000,981.815369
1464.500000,986.033081
1465.000000,988.470215
1465.500000,988.299133
1466.000000,986.134521
1466.500000,982.703735
1467.000000,979.138489
1467.500000,976.293152
1468.000000,974.465088
1468.500000,973.103027
1469.000000,971.105896
1469.500000,967.677002
1470.000000,962.767212
1470.500000,957.899353
1471.000000,954.723755
1471.500000,953.545166
1472.000000,953.331848
1472.500000,952.521851
1473.000000,950.722961
1473.500000,949.210693
1474.000000,949.612549
1474.500000,952.262756
1475.000000,954.607300
1475.500000,953.776489
1476.000000,949.511169
1476.500000,943.695984
1477.000000,939.206543
1477.500000,937.114502
1478.000000,935.958130
1478.500000,933.155762
1479.000000,927.478394
1479.500000,921.226074
1480.000000,917.416016
1480.500000,916.946106
1481.000000,918.865540
1481.500000,920.612427
1482.000000,920.391479
1482.500000,918.044373
1483.000000,914.765686
1483.500000,911.542969
1484.000000,908.725037
1484.500000,906.512390
1485.000000,905.024292
1485.500000,904.576477
1486.000000,904.835022
1486.500000,905.087830
1487.000000,904.723267
1487.500000,903.848083
1488.000000,903.130432
1488.500000,902.929993
1489.000000,902.857605
1489.500000,902.114441
1490.000000,900.335938
1490.500000,898.480591
1491.000000,898.202393
1491.500000,900.568115
1492.000000,905.207947
1492.500000,910.421021
1493.000000,914.375488
1493.500000,916.125854
1494.000000,916.829041
1494.500000,918.285950
1495.000000,921.931396
1495.500000,928.529480
1496.000000,937.130371
1496.500000,946.034485
1497.000000,953.628906
1497.500000,959.493835
1498.000000,964.070923
1498.500000,968.710388
1499.000000,974.464417
1499.500000,981.027466
1500.000000,987.133362
1500.500000,991.224609
1501.000000,992.395142
1501.500000,991.550049
1502.000000,990.653870
1502.500000,991.462646
1503.000000,994.034973
1503.500000,997.182007
1504.000000,998.828430
1504.500000,997.096558
1505.000000,992.308350
1505.500000,985.836548
1506.000000,979.579834
1506.500000,974.694336
1507.000000,971.416504
1507.500000,968.986267
1508.000000,966.629822
1508.500000,963.779480
1509.000000,960.132629
1509.500000,955.910034
1510.000000,951.285583
1510.500000,946.358459
1511.000000,941.029297
1511.500000,935.142822
1512.000000,928.802063
1512.500000,922.416809
1513.000000,916.656311
1513.500000,912.539734
1514.000000,909.999268
1514.500000,908.909973
1515.000000,908.403625
1515.500000,907.546082
1516.000000,905.530151
1516.500000,901.982910
1517.000000,896.772034
1517.500000,890.520874
1518.000000,883.768616
1518.500000,877.085022
1519.000000,870.781921
1519.500000,865.025024
1520.000000,860.188293
1520.500000,856.553162
1521.000000,854.062927
1521.500000,852.184509
1522.000000,850.052368
1522.500000,847.310242
1523.000000,844.574158
1523.500000,842.936218
1524.000000,842.705322
1524.500000,843.446838
1525.000000,843.957031
1525.500000,843.383972
1526.000000,842.007507
1526.500000,840.791870
1527.000000,840.387573
1527.500000,840.459045
1528.000000,840.288147
1528.500000,839.502502
1529.000000,838.264160
1529.500000,837.168823
1530.000000,836.605896
1530.500000,836.685669
1531.000000,837.613281
1531.500000,840.088379
1532.000000,844.410522
1532.500000,850.925476
1533.000000,858.462341
1533.500000,865.825500
1534.000000,872.096985
1534.500000,876.729980
1535.000000,879.588013
1535.500000,880.598145
1536.000000,879.791809
1536.500000,878.070496
1537.000000,876.854553
1537.500000,877.499512
1538.000000,881.072205
1538.500000,886.788269
1539.000000,893.780151
1539.500000,900.950684
1540.000000,907.799133
1540.500000,914.482056
1541.000000,921.571777
1541.500000,929.669312
1542.000000,938.656738
1542.500000,948.262878
1543.000000,957.887939
1543.500000,967.321960
1544.000000,976.822327
1544.500000,986.879272
1545.000000,997.793579
1545.500000,1009.442932
1546.000000,1021.845825
1546.500000,1035.065186
1547.000000,1049.406250
1547.500000,1064.133301
1548.000000,1077.663818
1548.500000,1088.470093
1549.000000,1095.904541
1549.500000,1101.442993
1550.000000,1107.111572
1550.500000,1114.107422
1551.000000,1121.936890
1551.500000,1129.307739
1552.000000,1135.444092
1552.500000,1140.195068
1553.000000,1144.230103
1553.500000,1147.231689
1554.000000,1148.479492
1554.500000,1147.317627
1555.000000,1143.817871
1555.500000,1138.806641
1556.000000,1132.608521
1556.500000,1125.645264
1557.000000,1118.390625
1557.500000,1111.915649
1558.000000,1107.185303
1558.500000,1103.421387
1559.000000,1098.377930
1559.500000,1089.812622
1560.000000,1078.069580
1560.500000,1066.006348
1561.000000,1056.515991
1561.500000,1050.726929
1562.000000,1045.775269
1562.500000,1038.531494
1563.000000,1028.579712
1563.500000,1018.697693
1564.000000,1012.601685
1564.500000,1011.471680
1565.000000,1013.361145
1565.500000,1014.413818
1566.000000,1011.802124
1566.500000,1006.351624
1567.000000,999.838196
1567.500000,993.859741
1568.000000,987.943054
1568.500000,980.676331
1569.000000,971.306335
1569.500000,960.721191
1570.000000,950.948303
1570.500000,943.845398
1571.000000,938.669556
1571.500000,933.736145
1572.000000,927.230408
1572.500000,918.283203
1573.000000,907.973450
1573.500000,897.851562
1574.000000,888.976318
1574.500000,881.104248
1575.000000,873.618530
1575.500000,866.340942
1576.000000,860.283020
1576.500000,856.273682
1577.000000,854.998474
1577.500000,855.096069
1578.000000,854.710144
1578.500000,852.761536
1579.000000,849.604553
1579.500000,846.616882
1580.000000,845.078796
1580.500000,845.629456
1581.000000,847.129700
1581.500000,848.094910
1582.000000,847.620300
1582.500000,845.450012
1583.000000,842.479309
1583.500000,839.921814
1584.000000,838.676941
1584.500000,838.518555
1585.000000,838.347961
1585.500000,837.169312
1586.000000,834.793335
1586.500000,832.702209
1587.000000,832.979492
1587.500000,836.394409
1588.000000,841.909363
1588.500000,846.905823
1589.000000,849.318115
1589.500000,848.556580
1590.000000,846.421692
1590.500000,845.134277
1591.000000,845.920898
1591.500000,848.700867
1592.000000,851.798218
1592.500000,853.641113
1593.000000,853.434631
1593.500000,851.299316
1594.000000,848.077087
1594.500000,845.283630
1595.000000,844.512390
1595.500000,845.973083
1596.000000,849.350403
1596.500000,852.672424
1597.000000,853.720947
1597.500000,851.382874
1598.000000,846.238586
1598.500000,840.487854
1599.000000,836.372375
1599.500000,835.252563
1600.000000,836.106628
1600.500000,837.257568
1601.000000,836.935364
1601.500000,834.499878
1602.000000,831.015137
1602.500000,827.772583
1603.000000,825.593445
1603.500000,824.391052
1604.000000,823.535828
1604.500000,822.206909
1605.000000,819.630737
1605.500000,815.690552
1606.000000,810.095032
1606.500000,803.544617
1607.000000,797.180908
1607.500000,792.375549
1608.000000,789.614929
1608.500000,788.206970
1609.000000,786.650391
1609.500000,783.841248
1610.000000,780.181396
1610.500000,776.916443
1611.000000,775.064514
1611.500000,774.740845
1612.000000,775.049255
1612.500000,775.164795
1613.000000,774.716492
1613.500000,773.658020
1614.000000,771.667725
1614.500000,768.855774
1615.000000,765.876282
1615.500000,764.187988
1616.000000,765.388245
1616.500000,768.929138
1617.000000,772.433533
1617.500000,772.986877
1618.000000,769.789673
1618.500000,764.202148
1619.000000,759.038513
1619.500000,756.092834
1620.000000,754.384399
1620.500000,752.118591
1621.000000,748.661438
1621.500000,744.874207
1622.000000,741.917480
1622.500000,739.554626
1623.000000,735.917297
1623.500000,729.515503
1624.000000,720.744446
1624.500000,712.417419
1625.000000,707.417297
1625.500000,705.638245
1626.000000,705.366333
1626.500000,703.802307
1627.000000,699.681580
1627.500000,693.608643
1628.000000,687.020203
1628.500000,680.808594
1629.000000,675.154175
1629.500000,670.538391
1630.000000,667.399841
1630.500000,666.656372
1631.000000,667.853821
1631.500000,669.702454
1632.000000,670.392334
1632.500000,668.698181
1633.000000,664.787231
1633.500000,660.212646
1634.000000,656.543335
1634.500000,654.426025
1635.000000,653.942688
1635.500000,653.969482
1636.000000,653.479004
1636.500000,652.255432
1637.000000,650.967773
1637.500000,650.630798
1638.000000,651.524597
1638.500000,652.891113
1639.000000,653.098694
1639.500000,650.742310
1640.000000,646.531677
1640.500000,641.854126
1641.000000,638.285034
1641.500000,636.441833
1642.000000,635.434021
1642.500000,633.915283
1643.000000,630.973145
1643.500000,626.877502
1644.000000,622.200562
1644.500000,617.886108
1645.000000,614.584045
1645.500000,612.256165
1646.000000,610.591370
1646.500000,609.018433
1647.000000,607.113281
1647.500000,604.833923
1648.000000,602.506287
1648.500000,600.145996
1649.000000,597.318298
1649.500000,593.305115
1650.000000,588.414001
1650.500000,584.167908
1651.000000,582.438721
1651.500000,584.007690
1652.000000,587.918335
1652.500000,591.679443
1653.000000,592.859680
1653.500000,591.233887
1654.000000,587.516724
1654.500000,583.332764
1655.000000,579.519714
1655.500000,576.455200
1656.000000,574.634460
1656.500000,574.595947
1657.000000,576.068054
1657.500000,578.090576
1658.000000,579.187195
1658.500000,578.087585
1659.000000,575.479675
1659.500000,572.566833
1660.000000,570.318665
1660.500000,568.705994
1661.000000,567.024658
1661.500000,564.807861
1662.000000,562.353088
1662.500000,560.475403
1663.000000,559.847290
1663.500000,560.071960
1664.000000,560.496582
1664.500000,560.324829
1665.000000,559.039124
1665.500000,556.823364
1666.000000,554.128540
1666.500000,551.449280
1667.000000,549.071533
1667.500000,546.978333
1668.000000,544.856934
1668.500000,542.580811
1669.000000,540.403503
1669.500000,538.749756
1670.000000,537.647095
1670.500000,536.529114
1671.000000,534.600769
1671.500000,531.772461
1672.000000,528.937866
1672.500000,527.543701
1673.000000,529.292786
1673.500000,533.173584
1674.000000,536.868164
1674.500000,537.745178
1675.000000,534.125244
1675.500000,527.006165
1676.000000,519.654358
1676.500000,515.572998
1677.000000,515.456299
1677.500000,518.347107
1678.000000,521.080322
1678.500000,521.355408
1679.000000,519.478577
1679.500000,517.049316
1680.000000,515.325439
1680.500000,514.252197
1681.000000,512.916199
1681.500000,510.782288
1682.000000,508.400787
1682.500000,506.698242
1683.000000,506.129333
1683.500000,506.011566
1684.000000,505.708618
1684.500000,505.218903
1685.000000,505.024536
1685.500000,505.182800
1686.000000,504.971252
1686.500000,503.334991
1687.000000,500.320343
1687.500000,496.996094
1688.000000,494.706543
1688.500000,494.087189
1689.000000,494.304199
1689.500000,494.220306
1690.000000,493.366760
1690.500000,492.365326
1691.000000,492.174774
1691.500000,493.064301
1692.000000,494.555328
1692.500000,495.353577
1693.000000,494.287598
1693.500000,491.543488
1694.000000,487.786041
1694.500000,484.151733
1695.000000,481.475159
1695.500000,479.797302
1696.000000,478.660919
1696.500000,477.983887
1697.000000,477.976593
1697.500000,479.290863
1698.000000,481.404480
1698.500000,482.823792
1699.000000,481.887543
1699.500000,477.627838
1700.000000,470.788574
1700.500000,463.645996
1701.000000,458.215820
1701.500000,454.615295
1702.000000,452.098846
1702.500000,449.315369
1703.000000,446.003510
1703.500000,443.169067
1704.000000,441.920197
1704.500000,442.336792
1705.000000,443.364838
1705.500000,443.484558
1706.000000,442.024323
1706.500000,439.056000
1707.000000,435.688629
1707.500000,432.863007
1708.000000,431.112122
1708.500000,430.673859
1709.000000,431.138733
1709.500000,431.784149
1710.000000,431.683655
1710.500000,430.301849
1711.000000,427.818237
1711.500000,425.570160
1712.000000,424.962006
1712.500000,426.000458
1713.000000,427.803040
1713.500000,428.551514
1714.000000,426.994049
1714.500000,423.138092
1715.000000,418.187714
1715.500000,413.728119
1716.000000,411.048889
1716.500000,411.100616
1717.000000,412.871338
1717.500000,415.098297
1718.000000,416.093323
1718.500000,414.730743
1719.000000,411.881958
1719.500000,409.385315
1720.000000,408.825043
1720.500000,410.035065
1721.000000,411.585724
1721.500000,411.721619
1722.000000,409.719360
1722.500000,406.751770
1723.000000,404.202026
1723.500000,402.866486
1724.000000,402.456787
1724.500000,402.308594
1725.000000,402.033508
1725.500000,401.694611
1726.000000,401.511749
1726.500000,401.504486
1727.000000,401.412170
1727.500000,400.920044
1728.000000,399.930267
1728.500000,398.559265
1729.000000,397.258453
1729.500000,396.512695
1730.000000,396.658295
1730.500000,397.364838
1731.000000,397.887115
1731.500000,397.531586
1732.000000,395.937988
1732.500000,393.651031
1733.000000,391.464844
1733.500000,390.147278
1734.000000,389.913940
1734.500000,390.553741
1735.000000,391.424896
1735.500000,391.835388
1736.000000,391.379089
1736.500000,389.798096
1737.000000,387.428497
1737.500000,384.549500
1738.000000,381.704468
1738.500000,379.811340
1739.000000,379.929504
1739.500000,382.380646
1740.000000,386.815887
1740.500000,391.257599
1741.000000,393.238159
1741.500000,392.578552
1742.000000,390.086029
1742.500000,387.634247
1743.000000,386.291199
1743.500000,385.679657
1744.000000,384.766907
1744.500000,383.271393
1745.000000,381.880402
1745.500000,381.495789
1746.000000,381.763641
1746.500000,381.617401
1747.000000,380.387970
1747.500000,378.347870
1748.000000,376.709808
1748.500000,376.365997
1749.000000,377.063232
1749.500000,377.602478
1750.000000,376.804382
1750.500000,374.843719
1751.000000,372.840607
1751.500000,372.003693
1752.000000,372.833496
1752.500000,374.486755
1753.000000,375.546753
1753.500000,375.183624
1754.000000,373.795197
1754.500000,372.237579
1755.000000,371.236755
1755.500000,370.955658
1756.000000,370.917786
1756.500000,371.033142
1757.000000,371.478394
1757.500000,372.477142
1758.000000,373.853424
1758.500000,375.173676
1759.000000,376.076294
1759.500000,376.422729
1760.000000,375.691193
1760.500000,373.811340
1761.000000,370.713928
1761.500000,367.284180
1762.000000,364.774963
1762.500000,364.138092
1763.000000,365.147614
1763.500000,367.085388
1764.000000,369.004364
1764.500000,370.180573
1765.000000,370.391815
1765.500000,369.377045
1766.000000,367.533234
1766.500000,365.464569
1767.000000,363.997101
1767.500000,363.501160
1768.000000,363.705322
1768.500000,363.971436
1769.000000,363.717896
1769.500000,362.729431
1770.000000,360.853882
1770.500000,358.502747
1771.000000,356.310791
1771.500000,355.052856
1772.000000,354.923187
1772.500000,355.066162
1773.000000,354.316559
1773.500000,352.023804
1774.000000,349.030640
1774.500000,346.773102
1775.000000,345.778442
1775.500000,345.858032
1776.000000,346.056976
1776.500000,345.862152
1777.000000,345.469940
1777.500000,345.269897
1778.000000,345.426819
1778.500000,345.748657
1779.000000,345.959961
1779.500000,345.945618
1780.000000,345.710785
1780.500000,345.521271
1781.000000,345.780518
1781.500000,346.556458
1782.000000,347.374573
1782.500000,347.292145
1783.000000,345.574554
1783.500000,342.399170
1784.000000,339.198303
1784.500000,337.596741
1785.000000,337.939819
1785.500000,339.636658
1786.000000,340.902618
1786.500000,340.407959
1787.000000,338.058472
1787.500000,335.127472
1788.000000,333.175018
1788.500000,332.381805
1789.000000,331.704620
1789.500000,329.746521
1790.000000,326.347870
1790.500000,323.530518
1791.000000,323.348969
1791.500000,325.817963
1792.000000,328.645416
1792.500000,329.208893
1793.000000,327.407440
1793.500000,324.834564
1794.000000,323.581818
1794.500000,324.194305
1795.000000,325.090393
1795.500000,325.161133
1796.000000,324.607727
1796.500000,324.433685
1797.000000,325.033630
1797.500000,325.744202
1798.000000,325.701569
1798.500000,324.948761
1799.000000,324.441711
1799.500000,325.058136
1800.000000,327.135651
1800.500000,329.830780
1801.000000,331.827515
1801.500000,332.155365
1802.000000,330.651093
1802.500000,327.506378
1803.000000,323.531769
1803.500000,319.421478
1804.000000,315.914948
1804.500000,314.010712
1805.000000,314.092621
1805.500000,315.927979
1806.000000,318.321075
1806.500000,320.397186
1807.000000,322.183228
1807.500000,324.325592
1808.000000,326.921021
1808.500000,329.074829
1809.000000,329.626099
1809.500000,328.700775
1810.000000,326.981750
