440.000000,1262.981445
440.500000,1264.352417
441.000000,1263.654053
441.500000,1262.340332
442.000000,1261.350342
442.500000,1260.859131
443.000000,1260.609985
443.500000,1260.178955
444.000000,1259.342651
444.500000,1258.449097
445.000000,1258.026733
445.500000,1258.625488
446.000000,1260.031128
446.500000,1261.702759
447.000000,1262.683716
447.500000,1262.414429
448.000000,1260.987671
448.500000,1259.034058
449.000000,1257.572021
449.500000,1257.437500
450.000000,1259.324707
450.500000,1263.046753
451.000000,1269.099121
451.500000,1277.448975
452.000000,1288.457275
452.500000,1301.586060
453.000000,1316.109985
453.500000,1331.061523
454.000000,1345.449951
454.500000,1358.850830
455.000000,1372.242065
455.500000,1387.250732
456.000000,1404.918457
456.500000,1426.445435
457.000000,1451.047852
457.500000,1476.459106
458.000000,1500.361206
458.500000,1520.950562
459.000000,1536.513062
459.500000,1547.108643
460.000000,1552.227295
460.500000,1553.088867
461.000000,1548.714722
461.500000,1539.479736
462.000000,1524.678833
462.500000,1505.635498
463.000000,1484.108887
463.500000,1461.616089
464.000000,1439.589966
464.500000,1419.222046
465.000000,1400.646973
465.500000,1384.311279
466.000000,1370.157837
466.500000,1358.804688
467.000000,1350.320312
467.500000,1344.224121
468.000000,1339.054443
468.500000,1333.262451
469.000000,1325.466675
469.500000,1315.526123
470.000000,1303.479492
470.500000,1291.076416
471.000000,1279.286621
471.500000,1268.423706
472.000000,1258.253174
472.500000,1248.042603
473.000000,1237.244995
473.500000,1225.966919
474.000000,1214.842651
474.500000,1204.839600
475.000000,1196.485107
475.500000,1190.269043
476.000000,1185.464722
476.500000,1181.583374
477.000000,1178.008667
477.500000,1174.230713
478.000000,1169.771118
478.500000,1164.526367
479.000000,1158.335938
479.500000,1151.543457
480.000000,1144.576050
480.500000,1138.244141
481.000000,1133.416504
481.500000,1130.239380
482.000000,1128.508667
482.500000,1127.568604
483.000000,1126.428711
483.500000,1124.156616
484.000000,1120.822510
484.500000,1116.666260
485.000000,1112.503784
485.500000,1109.141846
486.000000,1107.022705
486.500000,1106.062866
487.000000,1105.846680
487.500000,1105.931396
488.000000,1106.054199
488.500000,1106.188721
489.000000,1106.590332
489.500000,1107.395142
490.000000,1108.705444
490.500000,1110.274292
491.000000,1111.681274
491.500000,1112.311279
492.000000,1111.754028
492.500000,1109.768066
493.000000,1106.609253
493.500000,1102.588379
494.000000,1098.554443
494.500000,1095.407349
495.000000,1093.388550
495.500000,1092.618042
496.000000,1092.599243
496.500000,1092.685425
497.000000,1092.297241
497.500000,1091.494507
498.000000,1090.776611
498.500000,1090.792847
499.000000,1092.453979
499.500000,1095.697388
500.000000,1100.015259
500.500000,1104.264160
501.000000,1107.335449
501.500000,1108.453735
502.000000,1107.255371
502.500000,1103.842773
503.000000,1099.333618
503.500000,1094.533936
504.000000,1090.312744
504.500000,1087.580078
505.000000,1086.592773
505.500000,1087.276245
506.000000,1088.924561
506.500000,1090.777466
507.000000,1092.098633
507.500000,1092.409790
508.000000,1091.376587
508.500000,1089.434448
509.000000,1086.565063
509.500000,1082.989014
510.000000,1078.571655
510.500000,1073.419434
511.000000,1067.982910
511.500000,1063.012573
512.000000,1059.207397
512.500000,1057.151489
513.000000,1056.508179
513.500000,1056.525269
514.000000,1055.904175
514.500000,1053.788086
515.000000,1050.379639
515.500000,1046.413086
516.000000,1043.275635
516.500000,1042.090698
517.000000,1043.038208
517.500000,1045.259399
518.000000,1047.824829
518.500000,1049.853149
519.000000,1050.967163
519.500000,1051.938721
520.000000,1053.491333
520.500000,1055.858521
521.000000,1058.692505
521.500000,1061.081787
522.000000,1062.168823
522.500000,1061.808105
523.000000,1060.872192
523.500000,1060.386597
524.000000,1061.007568
524.500000,1063.047974
525.000000,1065.653564
525.500000,1068.056519
526.000000,1070.031982
526.500000,1071.944702
527.000000,1074.528076
527.500000,1078.208496
528.000000,1082.725464
528.500000,1087.129028
529.000000,1090.680054
529.500000,1093.465820
530.000000,1096.313843
530.500000,1100.646973
531.000000,1106.972412
531.500000,1114.689697
532.000000,1122.125488
532.500000,1127.149658
533.000000,1128.822021
533.500000,1126.995483
534.000000,1124.091187
534.500000,1122.086060
535.000000,1122.232910
535.500000,1124.813477
536.000000,1128.917725
536.500000,1132.881958
537.000000,1135.653687
537.500000,1137.252930
538.000000,1137.876953
538.500000,1138.215820
539.000000,1138.361572
539.500000,1137.886353
540.000000,1135.994507
540.500000,1132.165039
541.000000,1126.375366
541.500000,1118.947021
542.000000,1110.955078
542.500000,1103.358032
543.000000,1096.515381
543.500000,1090.583862
544.000000,1085.185059
544.500000,1080.050293
545.000000,1075.123657
545.500000,1070.764648
546.000000,1067.569336
546.500000,1065.875610
547.000000,1066.027588
547.500000,1067.387451
548.000000,1069.031982
548.500000,1069.877441
549.000000,1069.136597
549.500000,1066.913696
550.000000,1063.831909
550.500000,1061.185059
551.000000,1060.359985
551.500000,1062.216919
552.000000,1066.184204
552.500000,1071.524048
553.000000,1076.542236
553.500000,1079.364502
554.000000,1079.404053
554.500000,1076.925659
555.000000,1073.001587
555.500000,1068.823120
556.000000,1065.208252
556.500000,1062.248047
557.000000,1059.453125
557.500000,1056.393921
558.000000,1053.196289
558.500000,1050.509155
559.000000,1049.292603
559.500000,1049.963501
560.000000,1051.844238
560.500000,1053.473877
561.000000,1053.607788
561.500000,1051.439331
562.000000,1047.782959
562.500000,1044.148926
563.000000,1042.284058
563.500000,1043.206665
564.000000,1046.327759
564.500000,1050.602173
565.000000,1054.705444
565.500000,1057.626221
566.000000,1059.054810
566.500000,1059.505737
567.000000,1059.131226
567.500000,1058.275757
568.000000,1057.041138
568.500000,1055.854736
569.000000,1055.512451
569.500000,1056.612061
570.000000,1059.253174
570.500000,1062.885498
571.000000,1066.241333
571.500000,1067.599365
572.000000,1066.430542
572.500000,1062.832397
573.000000,1058.264160
573.500000,1053.981934
574.000000,1050.849243
574.500000,1049.098999
575.000000,1048.253540
575.500000,1047.630493
576.000000,1047.096069
576.500000,1046.824707
577.000000,1047.260010
577.500000,1048.392212
578.000000,1049.906616
578.500000,1051.105591
579.000000,1051.541260
579.500000,1051.255127
580.000000,1050.719238
580.500000,1050.569214
581.000000,1051.144287
581.500000,1052.254150
582.000000,1053.218750
582.500000,1053.371338
583.000000,1052.596924
583.500000,1051.110962
584.000000,1049.692749
584.500000,1049.139893
585.000000,1049.794678
585.500000,1051.351196
586.000000,1053.318115
586.500000,1055.018677
587.000000,1055.899048
587.500000,1056.213623
588.000000,1056.552002
588.500000,1057.536987
589.000000,1059.555664
589.500000,1062.451050
590.000000,1065.411621
590.500000,1067.073242
591.000000,1066.837891
591.500000,1064.154663
592.000000,1060.129395
592.500000,1055.965698
593.000000,1053.145874
593.500000,1053.120972
594.000000,1055.742188
594.500000,1059.996704
595.000000,1064.514160
595.500000,1067.923462
596.000000,1068.981689
596.500000,1067.888184
597.000000,1065.344482
597.500000,1062.844360
598.000000,1061.532837
598.500000,1061.839600
599.000000,1063.523682
599.500000,1065.708130
600.000000,1067.207397
600.500000,1067.252563
601.000000,1066.146484
601.500000,1064.295410
602.000000,1062.464966
602.500000,1061.057495
603.000000,1059.911865
603.500000,1058.522339
604.000000,1056.583740
604.500000,1054.226440
605.000000,1051.879150
605.500000,1050.008545
606.000000,1049.015991
606.500000,1048.572388
607.000000,1048.334961
607.500000,1048.111084
608.000000,1048.016113
608.500000,1048.286011
609.000000,1049.034302
609.500000,1050.070068
610.000000,1050.975098
610.500000,1051.689087
611.000000,1052.704224
611.500000,1055.123535
612.000000,1059.567993
612.500000,1066.581177
613.000000,1075.090820
613.500000,1083.333740
614.000000,1089.753662
614.500000,1093.655518
615.000000,1094.747192
615.500000,1094.138184
616.000000,1092.649902
616.500000,1091.325684
617.000000,1090.629150
617.500000,1090.627197
618.000000,1091.290039
618.500000,1092.391113
619.000000,1093.555298
619.500000,1094.361450
620.000000,1094.769165
620.500000,1095.056641
621.000000,1095.751831
621.500000,1097.382568
622.000000,1099.742554
622.500000,1101.926025
623.000000,1102.572266
623.500000,1100.835571
624.000000,1096.638672
624.500000,1091.089111
625.000000,1085.452881
625.500000,1080.800903
626.000000,1077.810425
626.500000,1075.652954
627.000000,1073.732300
627.500000,1071.657715
628.000000,1069.438843
628.500000,1067.311646
629.000000,1065.443481
629.500000,1063.795898
630.000000,1062.220337
630.500000,1060.892334
631.000000,1060.106201
631.500000,1060.341553
632.000000,1061.516235
632.500000,1063.114258
633.000000,1064.147949
633.500000,1064.024536
634.000000,1062.740601
634.500000,1061.083496
635.000000,1060.028320
635.500000,1060.067627
636.000000,1061.353027
636.500000,1062.930176
637.000000,1064.040649
637.500000,1064.459717
638.000000,1064.542358
638.500000,1065.051758
639.000000,1066.685425
639.500000,1070.101318
640.000000,1074.678223
640.500000,1079.936035
641.000000,1085.117065
641.500000,1089.628052
642.000000,1093.179443
642.500000,1095.530273
643.000000,1096.554321
643.500000,1096.517822
644.000000,1095.615601
644.500000,1094.368896
645.000000,1093.254395
645.500000,1092.600464
646.000000,1092.594360
646.500000,1092.904297
647.000000,1093.020996
647.500000,1092.635254
648.000000,1091.839478
648.500000,1091.165527
649.000000,1091.346924
649.500000,1093.315918
650.000000,1096.836182
650.500000,1101.082764
651.000000,1104.670776
651.500000,1106.259155
652.000000,1105.436401
652.500000,1102.553223
653.000000,1098.766602
653.500000,1095.724121
654.000000,1094.783813
654.500000,1096.033203
655.000000,1099.770386
655.500000,1105.006592
656.000000,1111.067749
656.500000,1116.895142
657.000000,1121.326660
657.500000,1123.675659
658.000000,1123.936646
658.500000,1122.522705
659.000000,1120.653687
659.500000,1119.516724
660.000000,1119.588623
660.500000,1120.690308
661.000000,1121.555298
661.500000,1121.103882
662.000000,1119.089111
662.500000,1116.157837
663.000000,1113.576904
663.500000,1112.552490
664.000000,1114.227173
664.500000,1117.725708
665.000000,1122.505981
665.500000,1127.697632
666.000000,1133.059814
666.500000,1138.675781
667.000000,1144.763306
667.500000,1151.290039
668.000000,1157.724365
668.500000,1163.307129
669.000000,1167.634766
669.500000,1170.031616
670.000000,1170.742798
670.500000,1169.465576
671.000000,1166.333008
671.500000,1161.344604
672.000000,1154.889160
672.500000,1147.561646
673.000000,1140.001587
673.500000,1132.808472
674.000000,1126.439453
674.500000,1120.788940
675.000000,1115.783936
675.500000,1111.152344
676.000000,1106.910522
676.500000,1103.055908
677.000000,1099.460938
677.500000,1095.732910
678.000000,1091.283081
678.500000,1085.193970
679.000000,1077.603394
679.500000,1068.772339
680.000000,1059.853882
680.500000,1052.138550
681.000000,1046.527222
681.500000,1043.594360
682.000000,1043.216919
682.500000,1044.322876
683.000000,1045.769531
683.500000,1046.596069
684.000000,1045.996704
684.500000,1044.182007
685.000000,1041.460449
685.500000,1038.744629
686.000000,1037.025146
686.500000,1036.668457
687.000000,1037.336182
687.500000,1038.191528
688.000000,1038.227539
688.500000,1036.516235
689.000000,1033.405151
689.500000,1029.717163
690.000000,1026.936768
690.500000,1026.066528
691.000000,1026.896851
691.500000,1028.461548
692.000000,1029.505127
692.500000,1029.299316
693.000000,1027.890869
693.500000,1026.576416
694.000000,1026.839600
694.500000,1028.733276
695.000000,1031.604370
695.500000,1033.907715
696.000000,1034.227539
696.500000,1032.184448
697.000000,1028.867432
697.500000,1026.390137
698.000000,1026.222534
698.500000,1029.368164
699.000000,1034.477295
699.500000,1040.150513
700.000000,1044.759033
700.500000,1047.191040
701.000000,1047.378418
701.500000,1046.032104
702.000000,1043.788696
702.500000,1041.138428
703.000000,1038.246094
703.500000,1035.351440
704.000000,1032.864258
704.500000,1031.160889
705.000000,1030.716187
705.500000,1031.260620
706.000000,1032.325073
706.500000,1033.432251
707.000000,1034.381104
707.500000,1035.359375
708.000000,1036.742554
708.500000,1038.994141
709.000000,1041.886597
709.500000,1044.945068
710.000000,1047.697266
710.500000,1050.010010
711.000000,1052.209961
711.500000,1054.862671
712.000000,1058.490356
712.500000,1063.004639
713.000000,1067.914795
713.500000,1072.353394
714.000000,1075.496460
714.500000,1077.162476
715.000000,1077.151855
715.500000,1075.666260
716.000000,1072.952393
716.500000,1069.285645
717.000000,1065.295288
717.500000,1061.743286
718.000000,1059.166992
718.500000,1058.209351
719.000000,1058.622070
719.500000,1060.246460
720.000000,1062.587891
720.500000,1065.447266
721.000000,1068.982422
721.500000,1073.483398
722.000000,1079.417358
722.500000,1086.672119
723.000000,1095.384155
723.500000,1104.965576
724.000000,1115.101562
724.500000,1125.248047
725.000000,1134.813110
725.500000,1143.394897
726.000000,1150.983398
726.500000,1158.093994
727.000000,1165.895264
727.500000,1176.275879
728.000000,1190.019653
728.500000,1208.253296
729.000000,1229.455078
729.500000,1251.430176
730.000000,1271.975342
730.500000,1289.803467
731.000000,1304.943848
731.500000,1318.916382
732.000000,1333.456299
732.500000,1349.486572
733.000000,1366.666260
733.500000,1382.619385
734.000000,1394.320679
734.500000,1400.284912
735.000000,1399.912842
735.500000,1394.371948
736.000000,1386.044189
736.500000,1376.840698
737.000000,1368.011475
737.500000,1359.397827
738.000000,1350.094727
738.500000,1339.085938
739.000000,1326.308594
739.500000,1311.990601
740.000000,1296.820923
740.500000,1281.371826
741.000000,1265.841431
741.500000,1250.198975
742.000000,1234.523926
742.500000,1219.236328
743.000000,1205.278320
743.500000,1193.176880
744.000000,1183.545654
744.500000,1176.025269
745.000000,1169.873169
745.500000,1164.120239
746.000000,1158.027954
746.500000,1151.477173
747.000000,1144.905884
747.500000,1138.982178
748.000000,1134.001831
748.500000,1130.182739
749.000000,1127.158813
749.500000,1124.535645
750.000000,1121.971680
750.500000,1119.350464
751.000000,1116.659668
751.500000,1113.816650
752.000000,1110.428589
752.500000,1106.165894
753.000000,1100.413086
753.500000,1093.234619
754.000000,1084.836182
754.500000,1076.080566
755.000000,1067.897583
755.500000,1061.068481
756.000000,1055.805054
756.500000,1052.318726
757.000000,1049.984863
757.500000,1048.512329
758.000000,1047.414307
758.500000,1046.714478
759.000000,1046.660278
759.500000,1047.656860
760.000000,1049.845215
760.500000,1052.733032
761.000000,1055.319824
761.500000,1056.477905
762.000000,1054.681030
762.500000,1050.173462
763.000000,1043.348022
763.500000,1036.075073
764.000000,1029.957397
764.500000,1025.987915
765.000000,1024.307129
765.500000,1024.636108
766.000000,1025.994385
766.500000,1027.705322
767.000000,1029.114380
767.500000,1029.590332
768.000000,1028.920532
768.500000,1026.770874
769.000000,1023.290527
769.500000,1018.956787
770.000000,1014.549927
770.500000,1010.927795
771.000000,1008.950073
771.500000,1008.565857
772.000000,1009.686462
772.500000,1011.243774
773.000000,1012.415344
773.500000,1012.681763
774.000000,1011.908325
774.500000,1010.461975
775.000000,1009.045288
775.500000,1008.379639
776.000000,1008.672119
776.500000,1009.851990
777.000000,1011.005493
777.500000,1011.276001
778.000000,1010.315002
778.500000,1008.101074
779.000000,1005.169617
779.500000,1002.244019
780.000000,999.979553
780.500000,998.668945
781.000000,998.718689
781.500000,999.860229
782.000000,1002.155518
782.500000,1005.122131
783.000000,1008.183472
783.500000,1010.553772
784.000000,1011.489563
784.500000,1010.588989
785.000000,1008.248840
785.500000,1005.187744
786.000000,1002.568542
786.500000,1001.393066
787.000000,1001.643494
787.500000,1003.182129
788.000000,1005.226501
788.500000,1006.967834
789.000000,1007.712036
789.500000,1007.099609
790.000000,1004.914978
790.500000,1001.674500
791.000000,998.029846
791.500000,994.858215
792.000000,993.021484
792.500000,992.656250
793.000000,993.612610
793.500000,995.145264
794.000000,996.426086
794.500000,996.943665
795.000000,996.922363
795.500000,997.131531
796.000000,998.166016
796.500000,1000.173584
797.000000,1002.274719
797.500000,1003.265625
798.000000,1002.493042
798.500000,1000.247437
799.000000,997.946167
799.500000,997.399475
800.000000,1000.176514
800.500000,1005.163635
801.000000,1010.444885
801.500000,1013.851562
802.000000,1013.867310
802.500000,1011.302856
803.000000,1007.924988
803.500000,1005.830994
804.000000,1006.147949
804.500000,1008.825684
805.000000,1012.281128
805.500000,1015.017639
806.000000,1016.573059
806.500000,1016.931641
807.000000,1016.735596
807.500000,1016.362427
808.000000,1016.017761
808.500000,1015.891418
809.000000,1016.423950
809.500000,1018.131592
810.000000,1021.685974
810.500000,1026.382690
811.000000,1031.203247
811.500000,1034.905029
812.000000,1036.509277
812.500000,1036.282471
813.000000,1035.141479
813.500000,1034.336670
814.000000,1034.730469
814.500000,1036.629639
815.000000,1039.296265
815.500000,1041.871704
816.000000,1043.786011
816.500000,1044.725220
817.000000,1044.935669
817.500000,1044.690918
818.000000,1044.290527
818.500000,1043.919556
819.000000,1043.654297
819.500000,1043.503540
820.000000,1043.559082
820.500000,1043.898193
821.000000,1044.737183
821.500000,1046.058350
822.000000,1047.724487
822.500000,1049.267944
823.000000,1050.011353
823.500000,1049.240356
824.000000,1046.730713
824.500000,1042.373779
825.000000,1037.051514
825.500000,1031.673706
826.000000,1026.999756
826.500000,1023.427856
827.000000,1020.676575
827.500000,1018.331848
828.000000,1016.112122
828.500000,1014.192566
829.000000,1013.370422
829.500000,1014.324646
830.000000,1018.071777
830.500000,1023.779724
831.000000,1030.085571
831.500000,1035.096313
832.000000,1037.278931
832.500000,1036.509033
833.000000,1033.938843
833.500000,1031.367554
834.000000,1030.372803
834.500000,1031.962280
835.000000,1035.206299
835.500000,1038.962769
836.000000,1041.979126
836.500000,1043.885742
837.000000,1045.256226
837.500000,1046.794434
838.000000,1048.768066
838.500000,1050.736572
839.000000,1051.763428
839.500000,1051.327515
840.000000,1048.995972
840.500000,1045.636475
841.000000,1042.074097
841.500000,1039.097778
842.000000,1037.062378
842.500000,1036.028687
843.000000,1036.021729
843.500000,1037.282837
844.000000,1039.609497
844.500000,1042.598633
845.000000,1045.102173
845.500000,1045.591187
846.000000,1043.527588
846.500000,1039.005615
847.000000,1033.622803
847.500000,1029.379761
848.000000,1027.578369
848.500000,1027.954346
849.000000,1029.689697
849.500000,1031.365112
850.000000,1032.240967
850.500000,1032.668335
851.000000,1033.476440
851.500000,1035.302979
852.000000,1038.136719
852.500000,1041.222534
853.000000,1043.669922
853.500000,1045.034424
854.000000,1045.693970
854.500000,1046.028076
855.000000,1046.351562
855.500000,1046.563721
856.000000,1046.488525
856.500000,1046.159668
857.000000,1045.979004
857.500000,1046.410645
858.000000,1047.558838
858.500000,1048.691895
859.000000,1048.571289
859.500000,1046.721680
860.000000,1042.954956
860.500000,1038.416870
861.000000,1034.368164
861.500000,1031.724365
862.000000,1030.714966
862.500000,1030.946045
863.000000,1031.564331
863.500000,1031.877686
864.000000,1031.537476
864.500000,1030.290894
865.000000,1028.375122
865.500000,1026.010864
866.000000,1023.724548
866.500000,1022.130127
867.000000,1021.631287
867.500000,1022.054993
868.000000,1022.769958
868.500000,1022.874207
869.000000,1021.523743
869.500000,1019.125366
870.000000,1016.590088
870.500000,1015.093567
871.000000,1015.217529
871.500000,1016.411255
872.000000,1017.423645
872.500000,1017.005798
873.000000,1014.922607
873.500000,1011.543396
874.000000,1008.144592
874.500000,1005.659485
875.000000,1003.950989
875.500000,1002.170898
876.000000,999.294128
876.500000,995.137085
877.000000,990.734924
877.500000,987.687866
878.000000,987.584229
878.500000,990.134705
879.000000,994.683105
879.500000,999.271484
880.000000,1002.285156
880.500000,1003.100220
881.000000,1001.612793
881.500000,998.236145
882.000000,993.518005
882.500000,987.773010
883.000000,981.702881
883.500000,976.112488
884.000000,971.603638
884.500000,968.737915
885.000000,967.113647
885.500000,966.209900
886.000000,965.451721
886.500000,964.644348
887.000000,963.937317
887.500000,963.450928
888.000000,962.976196
888.500000,961.990479
889.000000,959.915649
889.500000,957.112305
890.000000,954.264221
890.500000,951.976196
891.000000,950.030090
891.500000,947.127869
892.000000,941.624939
892.500000,931.945190
893.000000,919.156982
893.500000,905.473633
894.000000,894.567322
894.500000,890.642151
895.000000,894.856995
895.500000,906.695129
896.000000,922.809631
896.500000,939.235229
897.000000,952.683594
897.500000,962.002686
898.000000,966.377563
898.500000,967.661499
899.000000,966.722412
899.500000,964.929810
900.000000,963.042603
900.500000,961.675232
901.000000,961.346619
901.500000,962.403198
902.000000,964.488586
902.500000,966.808044
903.000000,968.458740
903.500000,968.932617
904.000000,968.979553
904.500000,969.963440
905.000000,973.023376
905.500000,978.514404
906.000000,985.446777
906.500000,991.871399
907.000000,995.734924
907.500000,996.598511
908.000000,994.406555
908.500000,991.247803
909.000000,989.056580
909.500000,988.968018
910.000000,991.305725
910.500000,995.143860
911.000000,998.832520
911.500000,1000.544861
912.000000,999.473145
912.500000,995.271729
913.000000,989.857666
913.500000,985.575012
914.000000,984.300842
914.500000,987.336060
915.000000,993.869019
915.500000,1002.160034
916.000000,1010.280212
916.500000,1017.085449
917.000000,1022.082520
917.500000,1025.722778
918.000000,1027.935425
918.500000,1029.080933
919.000000,1029.244385
919.500000,1028.958496
920.000000,1028.789673
920.500000,1029.069580
921.000000,1029.635986
921.500000,1030.009033
922.000000,1029.874268
922.500000,1029.283447
923.000000,1028.857666
923.500000,1029.132690
924.000000,1029.923584
924.500000,1030.629272
925.000000,1030.664062
925.500000,1029.983154
926.000000,1029.134399
926.500000,1028.906738
927.000000,1030.021729
927.500000,1032.309204
928.000000,1035.690063
928.500000,1039.711182
929.000000,1044.223633
929.500000,1048.906250
930.000000,1053.155640
930.500000,1056.121216
931.000000,1057.425781
931.500000,1057.148560
932.000000,1056.274170
932.500000,1055.455688
933.000000,1054.699341
933.500000,1053.297485
934.000000,1050.735229
934.500000,1047.268311
935.000000,1044.250732
935.500000,1043.262085
936.000000,1045.208496
936.500000,1048.824951
937.000000,1051.945557
937.500000,1052.821045
938.000000,1050.841431
938.500000,1048.118652
939.000000,1047.388672
939.500000,1050.061401
940.000000,1055.529297
940.500000,1061.675415
941.000000,1066.148315
941.500000,1067.345093
942.000000,1066.173462
942.500000,1063.872437
943.000000,1062.155640
943.500000,1062.075684
944.000000,1063.594116
944.500000,1066.185913
945.000000,1069.000977
945.500000,1071.107300
946.000000,1071.525146
946.500000,1070.152588
947.000000,1067.240845
947.500000,1064.277588
948.000000,1062.714600
948.500000,1062.977783
949.000000,1064.482544
949.500000,1065.714111
950.000000,1065.412964
950.500000,1063.362427
951.000000,1060.887451
951.500000,1059.736816
952.000000,1060.415405
952.500000,1062.341309
953.000000,1063.546387
953.500000,1062.223633
954.000000,1058.277588
954.500000,1053.173950
955.000000,1049.086914
955.500000,1047.124023
956.000000,1047.199341
956.500000,1047.695923
957.000000,1047.288696
957.500000,1045.924927
958.000000,1044.513916
958.500000,1044.366455
959.000000,1046.314453
959.500000,1050.060913
960.000000,1054.319580
960.500000,1057.603271
961.000000,1059.111938
961.500000,1058.133423
962.000000,1055.434814
962.500000,1051.376831
963.000000,1046.741455
963.500000,1042.120850
964.000000,1038.077026
964.500000,1035.108521
965.000000,1033.726074
965.500000,1033.900146
966.000000,1035.599731
966.500000,1037.811157
967.000000,1039.218262
967.500000,1038.677979
968.000000,1035.172852
968.500000,1029.169556
969.000000,1022.138123
969.500000,1016.159180
970.000000,1012.741882
970.500000,1012.603333
971.000000,1014.225037
971.500000,1015.952209
972.000000,1016.620178
972.500000,1016.472595
973.000000,1017.236267
973.500000,1020.707336
974.000000,1027.214722
974.500000,1035.120728
975.000000,1041.750000
975.500000,1045.118774
976.000000,1043.677002
976.500000,1039.184692
977.000000,1033.166870
977.500000,1027.461792
978.000000,1022.923828
978.500000,1019.446533
979.000000,1016.608215
979.500000,1014.204773
980.000000,1012.224426
980.500000,1010.852661
981.000000,1009.934021
981.500000,1009.340637
982.000000,1008.888611
982.500000,1008.600525
983.000000,1008.431458
983.500000,1008.089172
984.000000,1007.075867
984.500000,1005.133972
985.000000,1002.393616
985.500000,999.666748
986.000000,997.929443
986.500000,997.377930
987.000000,997.938232
987.500000,999.044922
988.000000,1000.643433
988.500000,1003.281250
989.000000,1007.708008
989.500000,1014.380554
990.000000,1022.351807
990.500000,1030.222656
991.000000,1036.846802
991.500000,1041.952026
992.000000,1046.884644
992.500000,1053.483765
993.000000,1062.711426
993.500000,1074.349365
994.000000,1087.557251
994.500000,1101.520386
995.000000,1116.692261
995.500000,1133.864868
996.000000,1154.592285
996.500000,1178.275879
997.000000,1203.705933
997.500000,1228.387329
998.000000,1249.846680
998.500000,1266.551147
999.000000,1278.582642
999.500000,1286.067017
1000.000000,1290.378052
1000.500000,1290.926880
1001.000000,1287.896851
1001.500000,1279.624390
1002.000000,1266.107666
1002.500000,1247.358276
1003.000000,1224.879150
1003.500000,1200.885132
1004.000000,1177.493286
1004.500000,1156.038818
1005.000000,1137.741699
1005.500000,1122.336914
1006.000000,1110.635620
1006.500000,1102.349976
1007.000000,1097.989746
1007.500000,1097.087036
1008.000000,1098.792358
1008.500000,1101.850830
1009.000000,1104.806885
1009.500000,1106.683716
1010.000000,1107.679443
1010.500000,1108.897583
1011.000000,1111.954590
1011.500000,1118.755371
1012.000000,1129.319336
1012.500000,1142.295288
1013.000000,1154.735596
1013.500000,1163.533813
1014.000000,1166.301636
1014.500000,1164.221436
1015.000000,1159.026978
1015.500000,1153.991089
1016.000000,1150.428467
1016.500000,1147.093384
1017.000000,1141.125244
1017.500000,1130.095581
1018.000000,1113.457275
1018.500000,1092.598389
1019.000000,1070.924927
1019.500000,1051.642212
1020.000000,1035.971191
1020.500000,1024.839600
1021.000000,1016.905945
1021.500000,1011.689392
1022.000000,1008.526428
1022.500000,1007.204956
1023.000000,1007.513306
1023.500000,1008.865173
1024.000000,1010.733887
1024.500000,1012.537170
1025.000000,1013.944214
1025.500000,1015.022522
1026.000000,1015.939514
1026.500000,1016.969116
1027.000000,1018.318054
1027.500000,1019.976990
1028.000000,1021.643188
1028.500000,1022.760010
1029.000000,1022.940918
1029.500000,1021.788269
1030.000000,1019.764954
1030.500000,1017.264282
1031.000000,1014.740540
1031.500000,1012.174316
1032.000000,1009.123840
1032.500000,1004.995972
1033.000000,999.410095
1033.500000,992.764221
1034.000000,985.804932
1034.500000,979.548340
1035.000000,975.030396
1035.500000,972.190186
1036.000000,970.749390
1036.500000,969.732422
1037.000000,968.227051
1037.500000,965.792114
1038.000000,962.828491
1038.500000,960.423096
1039.000000,959.652466
1039.500000,961.745361
1040.000000,965.901672
1040.500000,970.966736
1041.000000,975.079590
1041.500000,976.757751
1042.000000,975.804016
1042.500000,973.269165
1043.000000,970.680969
1043.500000,969.171692
1044.000000,969.163391
1044.500000,969.736267
1045.000000,969.815552
1045.500000,968.740417
1046.000000,966.346558
1046.500000,963.248657
1047.000000,960.247803
1047.500000,957.994263
1048.000000,956.703918
1048.500000,956.580811
1049.000000,957.439270
1049.500000,959.562195
1050.000000,962.738770
1050.500000,966.808350
1051.000000,971.057922
1051.500000,974.601135
1052.000000,976.751587
1052.500000,977.497864
1053.000000,977.277649
1053.500000,976.996399
1054.000000,977.238281
1054.500000,977.790710
1055.000000,977.993958
1055.500000,977.343506
1056.000000,975.927734
1056.500000,974.700134
1057.000000,974.875305
1057.500000,977.270752
1058.000000,981.305176
1058.500000,985.884094
1059.000000,989.666992
1059.500000,991.853638
1060.000000,993.055176
1060.500000,994.167786
1061.000000,995.967834
1061.500000,998.631348
1062.000000,1001.788757
1062.500000,1004.897583
1063.000000,1007.716248
1063.500000,1010.473694
1064.000000,1013.664429
1064.500000,1017.515015
1065.000000,1022.014343
1065.500000,1026.593384
1066.000000,1030.516235
1066.500000,1033.320068
1067.000000,1035.267212
1067.500000,1037.328979
1068.000000,1040.742065
1068.500000,1046.861450
1069.000000,1055.066406
1069.500000,1064.245972
1070.000000,1072.546997
1070.500000,1078.679565
1071.000000,1082.883789
1071.500000,1086.493774
1072.000000,1090.941406
1072.500000,1096.594727
1073.000000,1102.752930
1073.500000,1108.081543
1074.000000,1111.586914
1074.500000,1113.990356
1075.000000,1116.713379
1075.500000,1121.188599
1076.000000,1128.138184
1076.500000,1137.288696
1077.000000,1147.593628
1077.500000,1158.213013
1078.000000,1168.562622
1078.500000,1178.461792
1079.000000,1188.354492
1079.500000,1199.330200
1080.000000,1212.661865
1080.500000,1229.676270
1081.000000,1250.342896
1081.500000,1272.935547
1082.000000,1294.806396
1082.500000,1313.850586
1083.000000,1328.750977
1083.500000,1341.293701
1084.000000,1353.078491
1084.500000,1365.201538
1085.000000,1377.003784
1085.500000,1386.836792
1086.000000,1393.427490
1086.500000,1396.935425
1087.000000,1399.462891
1087.500000,1403.574829
1088.000000,1410.688232
1088.500000,1422.029297
1089.000000,1436.497437
1089.500000,1453.496704
1090.000000,1471.623047
1090.500000,1489.271484
1091.000000,1504.595459
1091.500000,1516.372314
1092.000000,1523.984009
1092.500000,1529.142090
1093.000000,1533.342407
1093.500000,1537.651733
1094.000000,1540.980103
1094.500000,1541.137085
1095.000000,1535.609619
1095.500000,1524.183350
1096.000000,1509.134644
1096.500000,1493.914551
1097.000000,1481.583130
1097.500000,1474.446289
1098.000000,1471.537354
1098.500000,1472.658325
1099.000000,1476.279907
1099.500000,1481.623169
1100.000000,1487.339844
1100.500000,1491.888916
1101.000000,1494.240356
1101.500000,1495.241577
1102.000000,1497.770508
1102.500000,1505.109741
1103.000000,1521.600952
1103.500000,1546.064453
1104.000000,1577.132446
1104.500000,1610.863037
1105.000000,1644.799805
1105.500000,1678.614380
1106.000000,1713.687378
1106.500000,1751.813965
1107.000000,1792.766357
1107.500000,1835.250854
1108.000000,1876.516968
1108.500000,1913.690430
1109.000000,1945.682495
1109.500000,1970.952881
1110.000000,1988.530029
1110.500000,1997.079712
1111.000000,1994.592041
1111.500000,1982.038940
1112.000000,1959.233032
1112.500000,1930.503296
1113.000000,1898.012817
1113.500000,1864.397217
1114.000000,1830.351074
1114.500000,1795.843384
1115.000000,1760.947754
1115.500000,1726.701416
1116.000000,1695.015747
1116.500000,1668.864624
1117.000000,1649.091309
1117.500000,1637.918457
1118.000000,1633.431641
1118.500000,1635.619995
1119.000000,1642.827759
1119.500000,1654.528564
1120.000000,1670.188477
1120.500000,1689.166748
1121.000000,1711.145386
1121.500000,1734.978882
1122.000000,1759.948730
1122.500000,1784.843384
1123.000000,1808.393311
1123.500000,1829.668945
1124.000000,1847.362671
1124.500000,1860.879761
1125.000000,1870.053223
1125.500000,1875.112061
1126.000000,1877.447632
1126.500000,1877.899536
1127.000000,1877.452759
1127.500000,1875.544312
1128.000000,1871.178345
1128.500000,1862.173218
1129.000000,1847.652710
1129.500000,1827.430664
1130.000000,1802.520630
1130.500000,1774.738892
1131.000000,1744.844482
1131.500000,1713.375854
1132.000000,1679.769043
1132.500000,1644.750732
1133.000000,1609.679810
1133.500000,1576.652466
1134.000000,1547.677734
1134.500000,1523.135254
1135.000000,1501.737671
1135.500000,1481.703979
1136.000000,1461.438110
1136.500000,1440.694946
1137.000000,1420.473633
1137.500000,1402.373901
1138.000000,1386.810181
1138.500000,1373.643555
1139.000000,1361.644287
1139.500000,1349.696289
1140.000000,1337.447144
1140.500000,1325.487183
1141.000000,1315.093506
1141.500000,1306.808228
1142.000000,1301.045044
1142.500000,1296.567871
1143.000000,1292.361450
1143.500000,1287.817993
1144.000000,1283.294922
1144.500000,1279.861206
1145.000000,1278.478271
1145.500000,1279.801270
1146.000000,1283.110229
1146.500000,1288.011597
1147.000000,1293.678467
1147.500000,1300.122559
1148.000000,1307.340576
1148.500000,1315.314209
1149.000000,1323.558105
1149.500000,1331.216553
1150.000000,1337.161011
1150.500000,1340.666382
1151.000000,1340.527344
1151.500000,1337.260132
1152.000000,1330.980957
1152.500000,1323.365234
1153.000000,1315.755005
1153.500000,1308.924805
1154.000000,1302.599609
1154.500000,1295.713989
1155.000000,1287.370483
1155.500000,1277.266846
1156.000000,1266.465942
1156.500000,1256.174072
1157.000000,1246.959351
1157.500000,1238.801636
1158.000000,1231.017822
1158.500000,1223.196167
1159.000000,1215.413696
1159.500000,1208.014526
1160.000000,1201.267212
1160.500000,1195.036621
1161.000000,1189.378052
1161.500000,1184.441650
1162.000000,1181.036865
1162.500000,1179.473877
1163.000000,1179.879517
1163.500000,1181.551025
1164.000000,1183.536133
1164.500000,1185.067749
1165.000000,1185.885498
1165.500000,1186.026123
1166.000000,1186.038330
1166.500000,1186.681519
1167.000000,1188.539185
1167.500000,1192.140747
1168.000000,1197.002197
1168.500000,1201.889771
1169.000000,1205.101807
1169.500000,1205.444946
1170.000000,1202.080933
1170.500000,1196.043823
1171.000000,1187.917236
1171.500000,1179.068237
1172.000000,1170.267090
1172.500000,1162.153320
1173.000000,1155.242798
1173.500000,1149.536865
1174.000000,1144.338867
1174.500000,1138.479248
1175.000000,1131.113525
1175.500000,1121.792236
1176.000000,1111.594849
1176.500000,1101.602417
1177.000000,1092.442505
1177.500000,1084.090088
1178.000000,1076.092163
1178.500000,1068.408569
1179.000000,1061.716064
1179.500000,1056.757446
1180.000000,1054.197388
1180.500000,1053.141602
1181.000000,1052.552124
1181.500000,1051.281494
1182.000000,1048.689697
1182.500000,1044.979126
1183.000000,1040.617188
1183.500000,1036.286255
1184.000000,1032.836670
1184.500000,1031.464478
1185.000000,1032.569946
1185.500000,1036.569458
1186.000000,1041.662231
1186.500000,1045.611572
1187.000000,1046.519165
1187.500000,1043.311279
1188.000000,1036.833130
1188.500000,1029.000244
1189.000000,1021.654297
1189.500000,1015.747986
1190.000000,1011.605591
1190.500000,1008.438660
1191.000000,1005.848083
1191.500000,1003.499390
1192.000000,1001.414490
1192.500000,999.653931
1193.000000,998.286865
1193.500000,997.396423
1194.000000,996.996155
1194.500000,997.099548
1195.000000,997.385010
1195.500000,997.434143
1196.000000,997.082031
1196.500000,996.643860
1197.000000,996.954407
1197.500000,998.897888
1198.000000,1002.505798
1198.500000,1006.548218
1199.000000,1009.060364
1199.500000,1008.944397
1200.000000,1005.871887
1200.500000,1002.077576
1201.000000,999.953186
1201.500000,1000.523987
1202.000000,1003.287903
1202.500000,1006.156372
1203.000000,1007.180908
1203.500000,1005.628540
1204.000000,1002.596069
1204.500000,999.376587
1205.000000,996.757324
1205.500000,994.697754
1206.000000,992.748108
1206.500000,991.167603
1207.000000,990.863037
1207.500000,992.830750
1208.000000,997.170410
1208.500000,1002.602905
1209.000000,1007.554504
1209.500000,1011.231140
1210.000000,1013.713867
1210.500000,1016.136475
1211.000000,1019.095459
1211.500000,1022.156921
1212.000000,1024.344604
1212.500000,1025.305786
1213.000000,1026.087158
1213.500000,1028.747681
1214.000000,1034.381348
1214.500000,1042.989746
1215.000000,1051.824097
1215.500000,1058.047363
1216.000000,1061.180908
1216.500000,1062.954346
1217.000000,1066.680542
1217.500000,1074.323364
1218.000000,1084.797852
1218.500000,1094.051880
1219.000000,1097.316650
1219.500000,1094.197632
1220.000000,1086.007935
1220.500000,1077.573608
1221.000000,1072.249390
1221.500000,1070.067505
1222.000000,1068.701782
1222.500000,1065.443970
1223.000000,1059.626831
1223.500000,1052.690674
1224.000000,1047.213379
1224.500000,1045.481689
1225.000000,1046.692017
1225.500000,1049.722656
1226.000000,1052.827148
1226.500000,1055.067993
1227.000000,1056.194824
1227.500000,1056.146362
1228.000000,1054.654663
1228.500000,1051.948608
1229.000000,1048.554810
1229.500000,1045.664185
1230.000000,1044.367310
1230.500000,1044.361572
1231.000000,1044.407349
1231.500000,1042.816284
1232.000000,1038.623291
1232.500000,1032.308716
1233.000000,1025.852173
1233.500000,1021.467346
1234.000000,1019.686523
1234.500000,1020.115356
1235.000000,1020.618713
1235.500000,1019.578613
1236.000000,1017.033752
1236.500000,1014.408020
1237.000000,1013.503540
1237.500000,1014.750671
1238.000000,1016.901733
1238.500000,1017.627441
1239.000000,1014.653748
1239.500000,1008.864319
1240.000000,1002.093994
1240.500000,996.972046
1241.000000,995.230103
1241.500000,996.635315
1242.000000,999.776367
1242.500000,1003.248596
1243.000000,1006.165527
1243.500000,1008.062378
1244.000000,1008.944824
1244.500000,1008.361023
1245.000000,1006.522461
1245.500000,1003.892761
1246.000000,1001.530090
1246.500000,1000.392456
1247.000000,1000.768616
1247.500000,1001.975708
1248.000000,1003.090027
1248.500000,1003.520081
1249.000000,1003.162292
1249.500000,1002.621582
1250.000000,1002.387024
1250.500000,1002.574158
1251.000000,1003.039246
1251.500000,1003.612915
1252.000000,1004.346008
1252.500000,1005.545166
1253.000000,1007.389099
1253.500000,1010.031677
1254.000000,1013.046570
1254.500000,1015.978699
1255.000000,1018.372253
1255.500000,1019.782593
1256.000000,1020.014648
1256.500000,1019.029480
1257.000000,1016.926453
1257.500000,1014.229919
1258.000000,1011.557251
1258.500000,1009.513733
1259.000000,1008.653076
1259.500000,1008.760437
1260.000000,1009.582458
1260.500000,1010.770996
1261.000000,1012.401367
1261.500000,1014.901489
1262.000000,1018.512451
1262.500000,1023.005066
1263.000000,1027.212769
1263.500000,1029.371460
1264.000000,1028.986938
1264.500000,1026.036987
1265.000000,1022.180786
1265.500000,1019.130554
1266.000000,1017.776855
1266.500000,1017.673645
1267.000000,1017.608032
1267.500000,1016.523499
1268.000000,1014.132935
1268.500000,1011.471863
1269.000000,1009.659729
1269.500000,1008.993713
1270.000000,1008.979431
1270.500000,1008.466370
1271.000000,1006.493408
1271.500000,1002.776489
1272.000000,998.046814
1272.500000,993.320190
1273.000000,989.626282
1273.500000,988.236877
1274.000000,989.368408
1274.500000,993.412109
1275.000000,999.327881
1275.500000,1005.297058
1276.000000,1009.080505
1276.500000,1009.472168
1277.000000,1006.759094
1277.500000,1003.808105
1278.000000,1004.457642
1278.500000,1009.881348
1279.000000,1019.790710
1279.500000,1030.407593
1280.000000,1037.686768
1280.500000,1039.816895
1281.000000,1037.871948
1281.500000,1034.229980
1282.000000,1031.136963
1282.500000,1029.053345
1283.000000,1026.708130
1283.500000,1022.533447
1284.000000,1016.491943
1284.500000,1009.488708
1285.000000,1003.158569
1285.500000,998.835632
1286.000000,997.281860
1286.500000,998.458191
1287.000000,1002.757690
1287.500000,1009.384766
1288.000000,1017.751953
1288.500000,1026.089600
1289.000000,1032.687866
1289.500000,1036.904907
1290.000000,1039.087646
1290.500000,1040.560547
1291.000000,1042.670898
1291.500000,1046.077881
1292.000000,1050.239746
1292.500000,1054.400513
1293.000000,1058.025269
1293.500000,1060.984863
1294.000000,1063.643433
1294.500000,1066.271240
1295.000000,1068.907715
1295.500000,1071.359253
1296.000000,1073.335815
1296.500000,1074.698608
1297.000000,1075.216919
1297.500000,1074.987793
1298.000000,1073.881836
1298.500000,1072.208252
1299.000000,1070.434326
1299.500000,1069.384888
1300.000000,1070.118286
1300.500000,1073.559937
1301.000000,1079.726074
1301.500000,1088.195801
1302.000000,1097.133057
1302.500000,1104.359375
1303.000000,1108.813354
1303.500000,1109.845337
1304.000000,1108.811401
1304.500000,1107.409912
1305.000000,1107.011353
1305.500000,1107.697510
1306.000000,1108.281982
1306.500000,1107.188354
1307.000000,1102.927124
1307.500000,1096.416992
1308.000000,1088.987061
1308.500000,1082.409790
1309.000000,1077.653442
1309.500000,1074.422485
1310.000000,1072.005615
1310.500000,1070.125000
1311.000000,1069.025635
1311.500000,1069.302490
1312.000000,1070.474487
1312.500000,1071.336792
1313.000000,1070.714233
1313.500000,1068.083252
1314.000000,1064.504150
1314.500000,1061.563721
1315.000000,1060.414429
1315.500000,1061.010010
1316.000000,1062.840698
1316.500000,1065.191528
1317.000000,1068.339844
1317.500000,1072.684570
1318.000000,1078.858154
1318.500000,1086.484253
1319.000000,1094.980469
1319.500000,1103.682007
1320.000000,1112.140503
1320.500000,1119.869507
1321.000000,1126.248779
1321.500000,1129.931152
1322.000000,1130.842896
1322.500000,1128.661255
1323.000000,1124.573608
1323.500000,1119.223999
1324.000000,1112.955933
1324.500000,1105.580322
1325.000000,1096.937256
1325.500000,1087.580078
1326.000000,1078.475342
1326.500000,1070.421265
1327.000000,1063.903564
1327.500000,1058.250854
1328.000000,1052.926758
1328.500000,1047.711792
1329.000000,1043.042114
1329.500000,1039.553711
1330.000000,1037.321045
1330.500000,1035.571777
1331.000000,1032.871948
1331.500000,1027.468994
1332.000000,1019.560974
1332.500000,1010.014160
1333.000000,1001.150085
1333.500000,995.291260
1334.000000,993.309998
1334.500000,994.330200
1335.000000,996.499939
1335.500000,997.894104
1336.000000,997.640381
1336.500000,996.662415
1337.000000,996.289124
1337.500000,997.254822
1338.000000,999.545837
1338.500000,1002.268372
1339.000000,1004.617615
1339.500000,1006.275391
1340.000000,1007.353638
1340.500000,1007.930969
1341.000000,1008.260620
1341.500000,1008.775146
1342.000000,1010.042297
1342.500000,1012.568298
1343.000000,1015.751038
1343.500000,1018.036926
1344.000000,1017.663086
1344.500000,1014.072205
1345.000000,1008.171387
1345.500000,1002.511658
1346.000000,999.536865
1346.500000,999.036194
1347.000000,999.409912
1347.500000,998.442322
1348.000000,995.220154
1348.500000,991.009644
1349.000000,987.937744
1349.500000,987.221436
1350.000000,987.671326
1350.500000,986.587280
1351.000000,982.142944
1351.500000,973.633728
1352.000000,963.774902
1352.500000,955.592163
1353.000000,950.765686
1353.500000,949.110901
1354.000000,949.105408
1354.500000,949.357849
1355.000000,949.929993
1355.500000,951.465210
1356.000000,954.512878
1356.500000,958.108948
1357.000000,961.097046
1357.500000,963.185608
1358.000000,965.412537
1358.500000,969.433044
1359.000000,975.867310
1359.500000,983.555115
1360.000000,989.825500
1360.500000,991.778992
1361.000000,989.879089
1361.500000,985.630676
1362.000000,981.994690
1362.500000,980.375488
1363.000000,979.917969
1363.500000,978.617371
1364.000000,974.893127
1364.500000,969.094299
1365.000000,962.645264
1365.500000,957.238647
1366.000000,953.674744
1366.500000,950.878540
1367.000000,947.512878
1367.500000,942.948792
1368.000000,937.706787
1368.500000,933.117126
1369.000000,930.103760
1369.500000,928.686401
1370.000000,927.681641
1370.500000,925.803528
1371.000000,922.623596
1371.500000,918.133789
1372.000000,913.143311
1372.500000,908.437134
1373.000000,904.646912
1373.500000,902.202454
1374.000000,901.483154
1374.500000,902.243591
1375.000000,904.204529
1375.500000,906.341675
1376.000000,907.692871
1376.500000,907.925232
1377.000000,907.112549
1377.500000,905.995483
1378.000000,905.496460
1378.500000,906.422607
1379.000000,908.946777
1379.500000,912.907654
1380.000000,917.195435
1380.500000,920.503296
1381.000000,922.239197
1381.500000,922.465759
1382.000000,922.670166
1382.500000,924.823547
1383.000000,930.168579
1383.500000,938.480347
1384.000000,948.876465
1384.500000,959.896301
1385.000000,971.133118
1385.500000,982.926941
1386.000000,996.160522
1386.500000,1010.837280
1387.000000,1026.320557
1387.500000,1041.438354
1388.000000,1055.443359
1388.500000,1068.520020
1389.000000,1081.798340
1389.500000,1096.380615
1390.000000,1111.942261
1390.500000,1126.851074
1391.000000,1138.861938
1391.500000,1145.389038
1392.000000,1146.203247
1392.500000,1142.573853
1393.000000,1136.879883
1393.500000,1131.236938
1394.000000,1125.843628
1394.500000,1119.138306
1395.000000,1108.015137
1395.500000,1092.390015
1396.000000,1073.222900
1396.500000,1053.805298
1397.000000,1036.993164
1397.500000,1023.669434
1398.000000,1012.461792
1398.500000,1001.246521
1399.000000,988.679016
1399.500000,975.006409
1400.000000,962.230591
1400.500000,952.874451
1401.000000,947.445557
1401.500000,945.055054
1402.000000,942.963318
1402.500000,938.559326
1403.000000,930.516479
1403.500000,920.064880
1404.000000,909.623108
1404.500000,901.597534
1405.000000,897.615845
1405.500000,896.083435
1406.000000,894.963013
1406.500000,892.570068
1407.000000,888.907043
1407.500000,885.530212
1408.000000,883.824951
1408.500000,883.990295
1409.000000,884.504028
1409.500000,883.572693
1410.000000,880.836975
1410.500000,876.730713
1411.000000,872.625977
1411.500000,869.527527
1412.000000,867.676147
1412.500000,866.760925
1413.000000,866.334351
1413.500000,865.690552
1414.000000,863.815491
1414.500000,860.307495
1415.000000,855.204895
1415.500000,850.247925
1416.000000,847.902344
1416.500000,849.568665
1417.000000,854.743652
1417.500000,861.003906
1418.000000,865.406311
1418.500000,866.053955
1419.000000,864.345764
1419.500000,862.503235
1420.000000,862.182922
1420.500000,863.630737
1421.000000,865.704651
1421.500000,867.728760
1422.000000,870.284180
1422.500000,874.660645
1423.000000,881.754150
1423.500000,890.177490
1424.000000,897.211914
1424.500000,900.839539
1425.000000,900.329102
1425.500000,897.945496
1426.000000,896.182556
1426.500000,896.625122
1427.000000,899.350769
1427.500000,903.792725
1428.000000,909.283997
1428.500000,916.180420
1429.000000,924.528931
1429.500000,934.433350
1430.000000,944.983643
1430.500000,955.459717
1431.000000,965.621704
1431.500000,975.584167
1432.000000,985.390381
1432.500000,994.855225
1433.000000,1003.691528
1433.500000,1012.059387
1434.000000,1020.151550
1434.500000,1027.996582
1435.000000,1034.864624
1435.500000,1040.016357
1436.000000,1043.173584
1436.500000,1044.958618
1437.000000,1046.399536
1437.500000,1048.131836
1438.000000,1050.198242
1438.500000,1052.587280
1439.000000,1055.438232
1439.500000,1059.250732
1440.000000,1063.850220
1440.500000,1068.365967
1441.000000,1071.626587
1441.500000,1073.110474
1442.000000,1073.074219
1442.500000,1072.315063
1443.000000,1071.008301
1443.500000,1069.132812
1444.000000,1066.841309
1444.500000,1065.320068
1445.000000,1066.653809
1445.500000,1072.068237
1446.000000,1081.531372
1446.500000,1093.578003
1447.000000,1106.423462
1447.500000,1119.164917
1448.000000,1131.738403
1448.500000,1144.793823
1449.000000,1159.205322
1449.500000,1176.632935
1450.000000,1197.744873
1450.500000,1222.282959
1451.000000,1247.422852
1451.500000,1268.958252
1452.000000,1283.237183
1452.500000,1290.845459
1453.000000,1293.395874
1453.500000,1294.905396
1454.000000,1296.837646
1454.500000,1298.314697
1455.000000,1297.165161
1455.500000,1292.438477
1456.000000,1285.071411
1456.500000,1276.919312
1457.000000,1268.979980
1457.500000,1260.415039
1458.000000,1249.625000
1458.500000,1234.196533
1459.000000,1214.239136
1459.500000,1189.789673
1460.000000,1162.719849
1460.500000,1135.078857
1461.000000,1108.896729
1461.500000,1085.205933
1462.000000,1064.422974
1462.500000,1045.631958
1463.000000,1028.715820
1463.500000,1013.210815
1464.000000,999.389954
1464.500000,986.669556
1465.000000,974.164856
1465.500000,961.226868
1466.000000,948.583679
1466.500000,938.394409
1467.000000,932.216248
1467.500000,931.019287
1468.000000,932.043823
1468.500000,932.051514
1469.000000,928.785095
1469.500000,921.803589
1470.000000,913.552673
1470.500000,907.371338
1471.000000,905.335266
1471.500000,906.622070
1472.000000,908.796631
1472.500000,908.707397
1473.000000,903.709473
1473.500000,895.193665
1474.000000,885.852539
1474.500000,879.266235
1475.000000,877.894165
1475.500000,880.889832
1476.000000,885.363098
1476.500000,888.575684
1477.000000,889.526306
1477.500000,888.323608
1478.000000,886.543518
1478.500000,885.073853
1479.000000,884.172119
1479.500000,884.033508
1480.000000,885.000549
1480.500000,887.401184
1481.000000,891.019043
1481.500000,894.629089
1482.000000,896.631897
1482.500000,896.670349
1483.000000,895.246155
1483.500000,894.290283
1484.000000,895.765625
1484.500000,900.104004
1485.000000,906.579468
1485.500000,914.069946
1486.000000,921.803894
1486.500000,929.943909
1487.000000,938.915833
1487.500000,949.102295
1488.000000,959.624207
1488.500000,968.784546
1489.000000,975.118469
1489.500000,977.807068
1490.000000,977.448242
1490.500000,975.591370
1491.000000,973.611816
1491.500000,972.176086
1492.000000,971.139160
1492.500000,969.960876
1493.000000,968.707031
1493.500000,968.266479
1494.000000,969.888245
1494.500000,973.909302
1495.000000,979.676758
1495.500000,986.110657
1496.000000,992.542847
1496.500000,999.568604
1497.000000,1008.230774
1497.500000,1019.852600
1498.000000,1033.379150
1498.500000,1047.518555
1499.000000,1061.047974
1499.500000,1073.714111
1500.000000,1085.931641
1500.500000,1097.827271
1501.000000,1108.432739
1501.500000,1116.670166
1502.000000,1121.294434
1502.500000,1123.649048
1503.000000,1124.342651
1503.500000,1123.481812
1504.000000,1119.388672
1504.500000,1110.359131
1505.000000,1096.290283
1505.500000,1078.842285
1506.000000,1061.412720
1506.500000,1046.382446
1507.000000,1033.380005
1507.500000,1021.629944
1508.000000,1010.488037
1508.500000,1000.852966
1509.000000,993.762573
1509.500000,989.286377
1510.000000,986.059570
1510.500000,982.222717
1511.000000,977.207153
1511.500000,972.103821
1512.000000,968.215149
1512.500000,965.418335
1513.000000,962.756592
1513.500000,959.406189
1514.000000,955.952271
1514.500000,954.282959
1515.000000,955.615417
1515.500000,959.939270
1516.000000,965.296692
1516.500000,969.876099
1517.000000,972.985352
1517.500000,974.405701
1518.000000,974.586670
1518.500000,973.654602
1519.000000,972.245178
1519.500000,971.554016
1520.000000,972.934998
1520.500000,976.445557
1521.000000,981.176147
1521.500000,985.255066
1522.000000,987.465271
1522.500000,988.593933
1523.000000,990.110718
1523.500000,992.818420
1524.000000,996.332520
1524.500000,999.632019
1525.000000,1002.114014
1525.500000,1003.864075
1526.000000,1005.477722
1526.500000,1007.100647
1527.000000,1008.452820
1527.500000,1009.228394
1528.000000,1009.539490
1528.500000,1009.476135
1529.000000,1008.821777
1529.500000,1007.163879
1530.000000,1004.290588
1530.500000,1000.992065
1531.000000,998.458069
1531.500000,997.093872
1532.000000,996.686768
1532.500000,996.294495
1533.000000,995.330139
1533.500000,993.881409
1534.000000,992.323059
1534.500000,990.780334
1535.000000,989.096619
1535.500000,987.231262
1536.000000,985.491699
1536.500000,984.153564
1537.000000,982.809204
1537.500000,980.421753
1538.000000,976.183655
1538.500000,970.115845
1539.000000,963.090942
1539.500000,955.955017
1540.000000,948.922424
1540.500000,941.936035
1541.000000,935.570557
1541.500000,930.809265
1542.000000,929.096436
1542.500000,929.529602
1543.000000,929.954773
1543.500000,927.984436
1544.000000,922.823853
1544.500000,915.561035
1545.000000,908.808105
1545.500000,905.047485
1546.000000,904.306763
1546.500000,906.056519
1547.000000,908.900696
1547.500000,912.148315
1548.000000,915.219910
1548.500000,917.384583
1549.000000,917.749695
1549.500000,916.031616
1550.000000,912.584778
1550.500000,908.804321
1551.000000,905.893250
1551.500000,904.296875
1552.000000,904.297241
1552.500000,905.629089
1553.000000,908.024414
1553.500000,910.778503
1554.000000,912.764282
1554.500000,912.837463
1555.000000,911.147461
1555.500000,908.615784
1556.000000,907.087830
1556.500000,908.053406
1557.000000,910.922974
1557.500000,913.732849
1558.000000,914.445984
1558.500000,912.346375
1559.000000,908.185547
1559.500000,903.934265
1560.000000,901.181946
1560.500000,899.854675
1561.000000,899.035156
1561.500000,897.736877
1562.000000,895.992798
1562.500000,894.759888
1563.000000,894.981384
1563.500000,896.673096
1564.000000,898.604370
1564.500000,899.285156
1565.000000,898.594177
1565.500000,897.306946
1566.000000,896.763855
1566.500000,897.654053
1567.000000,899.273193
1567.500000,900.365540
1568.000000,900.048157
1568.500000,898.553162
1569.000000,896.467285
1569.500000,894.439697
1570.000000,892.992188
1570.500000,892.588928
1571.000000,894.482117
1571.500000,899.078491
1572.000000,905.644409
1572.500000,911.885254
1573.000000,915.220581
1573.500000,914.179016
1574.000000,910.182861
1574.500000,905.782898
1575.000000,903.514526
1575.500000,904.254639
1576.000000,906.173340
1576.500000,907.283875
1577.000000,906.609497
1577.500000,904.672668
1578.000000,903.027283
1578.500000,902.905945
1579.000000,904.356628
1579.500000,906.032532
1580.000000,906.406860
1580.500000,905.125916
1581.000000,902.419739
1581.500000,899.333313
1582.000000,896.417847
1582.500000,893.464661
1583.000000,890.126770
1583.500000,886.707703
1584.000000,884.247742
1584.500000,884.179443
1585.000000,886.002380
1585.500000,887.914001
1586.000000,887.663757
1586.500000,884.011658
1587.000000,878.055603
1587.500000,872.056580
1588.000000,868.030396
1588.500000,866.521973
1589.000000,867.404236
1589.500000,869.953857
1590.000000,874.843933
1590.500000,881.870972
1591.000000,890.307739
1591.500000,897.900269
1592.000000,901.942383
1592.500000,901.469910
1593.000000,897.933167
1593.500000,893.644836
1594.000000,890.800720
1594.500000,890.474548
1595.000000,891.085876
1595.500000,890.136353
1596.000000,885.850464
1596.500000,877.444824
1597.000000,866.076477
1597.500000,853.981689
1598.000000,843.316345
1598.500000,835.010010
1599.000000,828.944702
1599.500000,823.622681
1600.000000,818.218079
1600.500000,812.526428
1601.000000,806.736877
1601.500000,800.921265
1602.000000,794.737366
1602.500000,787.826477
1603.000000,780.408936
1603.500000,773.199646
1604.000000,766.888245
1604.500000,761.933899
1605.000000,757.690918
1605.500000,753.429993
1606.000000,748.816162
1606.500000,744.201294
1607.000000,740.327759
1607.500000,737.638428
1608.000000,735.944458
1608.500000,734.040527
1609.000000,730.395630
1609.500000,724.906067
1610.000000,718.180969
1610.500000,711.967773
1611.000000,707.844482
1611.500000,706.173401
1612.000000,706.052368
1612.500000,706.577942
1613.000000,707.407104
1613.500000,708.779785
1614.000000,710.347656
1614.500000,710.677124
1615.000000,708.494751
1615.500000,703.640442
1616.000000,698.016052
1616.500000,693.930603
1617.000000,692.442078
1617.500000,692.444153
1618.000000,692.267639
1618.500000,691.547791
1619.000000,691.698853
1619.500000,693.787415
1620.000000,697.487366
1620.500000,700.443542
1621.000000,700.328064
1621.500000,697.608154
1622.000000,694.983948
1622.500000,695.057800
1623.000000,697.806152
1623.500000,701.576111
1624.000000,703.916870
1624.500000,703.825073
1625.000000,702.630310
1625.500000,701.615723
1626.000000,701.213379
1626.500000,700.964600
1627.000000,700.330566
1627.500000,699.409485
1628.000000,698.658569
1628.500000,698.148804
1629.000000,697.309875
1629.500000,695.419800
1630.000000,691.854736
1630.500000,687.067871
1631.000000,682.319397
1631.500000,678.988098
1632.000000,677.746521
1632.500000,678.512451
1633.000000,679.789795
1633.500000,679.911743
1634.000000,678.698853
1634.500000,676.953796
1635.000000,676.067566
1635.500000,676.781433
1636.000000,678.554749
1636.500000,680.220154
1637.000000,681.188293
1637.500000,681.823120
1638.000000,682.455688
1638.500000,682.727478
1639.000000,681.336365
1639.500000,677.716431
1640.000000,672.420593
1640.500000,667.195129
1641.000000,663.669983
1641.500000,662.658325
1642.000000,663.658997
1642.500000,665.992432
1643.000000,668.214844
1643.500000,668.731628
1644.000000,666.739380
1644.500000,661.867493
1645.000000,655.876221
1645.500000,651.571777
1646.000000,650.723572
1646.500000,652.478088
1647.000000,654.289917
1647.500000,653.657959
1648.000000,649.155334
1648.500000,642.950806
1649.000000,637.290527
1649.500000,633.033203
1650.000000,629.544189
1650.500000,625.614990
1651.000000,620.924500
1651.500000,616.428833
1652.000000,613.177979
1652.500000,611.521790
1653.000000,610.340271
1653.500000,608.525513
1654.000000,605.834778
1654.500000,602.864319
1655.000000,600.337463
1655.500000,598.249756
1656.000000,595.955505
1656.500000,592.950623
1657.000000,589.496704
1657.500000,586.739136
1658.000000,585.909424
1658.500000,586.616577
1659.000000,587.785645
1659.500000,587.845215
1660.000000,585.674866
1660.500000,581.671936
1661.000000,577.083069
1661.500000,573.124084
1662.000000,570.285828
1662.500000,568.527405
1663.000000,566.784363
1663.500000,563.907776
1664.000000,559.503235
1664.500000,553.776123
1665.000000,547.884399
1665.500000,543.355347
1666.000000,541.278503
1666.500000,541.190735
1667.000000,542.319031
1667.500000,543.399780
1668.000000,543.649719
1668.500000,542.943787
1669.000000,541.115295
1669.500000,538.153809
1670.000000,534.177307
1670.500000,529.859680
1671.000000,526.325256
1671.500000,524.663940
1672.000000,524.383728
1672.500000,524.586853
1673.000000,524.160950
1673.500000,522.643250
1674.000000,520.559448
1674.500000,518.550659
1675.000000,516.772766
1675.500000,514.966797
1676.000000,513.002502
1676.500000,511.246490
1677.000000,510.608337
1677.500000,511.151276
1678.000000,512.552551
1678.500000,513.748169
1679.000000,513.741760
1679.500000,512.180542
1680.000000,509.452942
1680.500000,506.274567
1681.000000,503.249084
1681.500000,500.590485
1682.000000,498.037659
1682.500000,495.237762
1683.000000,492.310181
1683.500000,489.979584
1684.000000,489.112183
1684.500000,490.253265
1685.000000,492.891754
1685.500000,495.340393
1686.000000,495.791565
1686.500000,493.844910
1687.000000,489.547333
1687.500000,484.609253
1688.000000,480.512115
1688.500000,477.920593
1689.000000,476.974274
1689.500000,477.226715
1690.000000,478.043091
1690.500000,478.859344
1691.000000,479.308167
1691.500000,479.215088
1692.000000,478.756622
1692.500000,478.003387
1693.000000,477.049713
1693.500000,475.890747
1694.000000,474.629181
1694.500000,473.461182
1695.000000,472.580994
1695.500000,471.971680
1696.000000,471.385468
1696.500000,470.479187
1697.000000,468.981262
1697.500000,467.109131
1698.000000,465.233551
1698.500000,463.761566
1699.000000,462.735809
1699.500000,461.684753
1700.000000,459.934601
1700.500000,456.973663
1701.000000,453.266205
1701.500000,450.084991
1702.000000,448.567932
1702.500000,449.589783
1703.000000,452.321289
1703.500000,455.395203
1704.000000,457.308960
1704.500000,457.642212
1705.000000,456.917725
1705.500000,456.284393
1706.000000,456.604034
1706.500000,457.570221
1707.000000,458.066254
1707.500000,457.153992
1708.000000,454.433472
1708.500000,450.765198
1709.000000,447.469788
1709.500000,445.293182
1710.000000,443.799225
1710.500000,442.054169
1711.000000,439.535583
1711.500000,436.585205
1712.000000,434.427032
1712.500000,434.101929
1713.000000,435.347107
1713.500000,437.179260
1714.000000,438.188965
1714.500000,437.442841
1715.000000,434.781311
1715.500000,431.186462
1716.000000,428.011200
1716.500000,426.482971
1717.000000,427.360107
1717.500000,429.280884
1718.000000,430.336273
1718.500000,429.102692
1719.000000,425.746155
1719.500000,422.174500
1720.000000,420.452362
1720.500000,421.381409
1721.000000,423.254272
1721.500000,423.927643
1722.000000,422.686646
1722.500000,420.798645
1723.000000,420.396271
1723.500000,422.676849
1724.000000,426.847717
1724.500000,430.491364
1725.000000,431.536133
1725.500000,430.244598
1726.000000,427.592041
1726.500000,425.177948
1727.000000,423.418060
1727.500000,421.534698
1728.000000,418.818359
1728.500000,415.449860
1729.000000,412.399719
1729.500000,410.728424
1730.000000,410.194855
1730.500000,410.115051
1731.000000,409.701874
1731.500000,408.826752
1732.000000,408.009308
1732.500000,407.508423
1733.000000,406.869110
1733.500000,405.347931
1734.000000,402.746155
1734.500000,400.216461
1735.000000,399.774811
1735.500000,402.091339
1736.000000,406.981750
1736.500000,411.905792
1737.000000,414.087311
1737.500000,412.900909
1738.000000,409.340302
1738.500000,405.435944
1739.000000,402.758087
1739.500000,401.593872
1740.000000,400.860260
1740.500000,399.886078
1741.000000,398.732971
1741.500000,397.773132
1742.000000,396.964691
1742.500000,395.783173
1743.000000,393.992065
1743.500000,392.177399
1744.000000,391.572083
1744.500000,392.591034
1745.000000,394.503082
1745.500000,395.639069
1746.000000,394.621826
1746.500000,392.024628
1747.000000,389.356415
1747.500000,387.835114
1748.000000,387.500336
1748.500000,387.572510
1749.000000,387.505035
1749.500000,387.948212
1750.000000,389.787933
1750.500000,393.534241
1751.000000,397.628174
1751.500000,399.564209
1752.000000,398.283600
1752.500000,394.354736
1753.000000,389.906281
1753.500000,387.057495
1754.000000,386.618805
1754.500000,387.183014
1755.000000,387.376923
1755.500000,386.738403
1756.000000,385.778290
1756.500000,385.435364
1757.000000,385.932220
1757.500000,386.608093
1758.000000,386.629791
1758.500000,385.649414
1759.000000,384.296783
1759.500000,383.322845
1760.000000,382.978424
1760.500000,383.188019
1761.000000,383.501556
1761.500000,383.604706
1762.000000,383.241272
1762.500000,381.994324
1763.000000,379.499390
1763.500000,376.213318
1764.000000,373.394012
1764.500000,372.075653
1765.000000,372.674896
1765.500000,373.523895
1766.000000,372.730347
1766.500000,370.114014
1767.000000,367.077087
1767.500000,365.675507
1768.000000,366.679810
1768.500000,368.916199
1769.000000,370.601807
1769.500000,370.945557
1770.000000,370.942780
1770.500000,371.809631
1771.000000,373.524292
1771.500000,375.253204
1772.000000,376.188049
1772.500000,376.257751
1773.000000,376.002960
1773.500000,375.731812
1774.000000,375.255066
1774.500000,374.435699
1775.000000,373.515869
1775.500000,373.009277
1776.000000,373.216217
1776.500000,373.861328
1777.000000,374.359222
1777.500000,374.073334
1778.000000,372.652557
1778.500000,369.898010
1779.000000,366.464142
1779.500000,363.573639
1780.000000,362.139893
1780.500000,362.590790
1781.000000,363.976868
1781.500000,365.130096
1782.000000,365.420319
1782.500000,365.087067
1783.000000,364.489258
1783.500000,363.693909
1784.000000,362.256531
1784.500000,360.227997
1785.000000,357.977722
1785.500000,356.139038
1786.000000,355.186401
1786.500000,355.028625
1787.000000,355.423431
1787.500000,356.294952
1788.000000,357.590729
1788.500000,359.238647
1789.000000,360.807129
1789.500000,361.746948
1790.000000,361.876740
1790.500000,361.115845
1791.000000,359.901337
1791.500000,358.546265
1792.000000,357.027985
1792.500000,355.139832
1793.000000,352.934296
1793.500000,351.180481
1794.000000,351.037537
1794.500000,352.328766
1795.000000,353.796173
1795.500000,353.464935
1796.000000,350.469055
1796.500000,346.118744
1797.000000,342.857819
1797.500000,342.501129
1798.000000,343.968994
1798.500000,345.352875
1799.000000,345.323578
1799.500000,344.088715
1800.000000,343.559265
1800.500000,345.059235
1801.000000,348.124023
1801.500000,351.082581
1802.000000,352.205231
1802.500000,351.306763
1803.000000,348.984711
1803.500000,346.530945
1804.000000,344.818024
1804.500000,343.813080
1805.000000,343.490540
1805.500000,343.636810
1806.000000,343.952057
1806.500000,343.922302
1807.000000,343.346802
1807.500000,342.665405
1808.000000,342.710815
1808.500000,343.756714
1809.000000,344.429016
1809.500000,342.957642
1810.000000,339.410004
