440.000000,1673.074707
440.500000,1666.300659
441.000000,1656.727295
441.500000,1647.119263
442.000000,1639.703247
442.500000,1636.150879
443.000000,1635.887573
443.500000,1638.267090
444.000000,1640.950684
444.500000,1642.883789
445.000000,1643.726196
445.500000,1643.500732
446.000000,1642.490112
446.500000,1640.987793
447.000000,1638.948608
447.500000,1636.379517
448.000000,1633.156128
448.500000,1629.554321
449.000000,1626.032471
449.500000,1623.059937
450.000000,1621.069336
450.500000,1620.117188
451.000000,1619.845703
451.500000,1619.332520
452.000000,1617.803711
452.500000,1614.633911
453.000000,1610.255615
453.500000,1605.455444
454.000000,1601.661499
454.500000,1599.925781
455.000000,1600.259033
455.500000,1602.128540
456.000000,1604.421875
456.500000,1605.857788
457.000000,1605.748291
457.500000,1604.454834
458.000000,1602.442505
458.500000,1600.677612
459.000000,1600.102295
459.500000,1600.687744
460.000000,1602.018921
460.500000,1603.235352
461.000000,1603.322632
461.500000,1601.085205
462.000000,1596.806274
462.500000,1590.833862
463.000000,1584.455566
463.500000,1578.906860
464.000000,1575.149536
464.500000,1573.610962
465.000000,1573.764893
465.500000,1574.902832
466.000000,1576.238281
466.500000,1576.946777
467.000000,1576.209595
467.500000,1574.062622
468.000000,1570.265137
468.500000,1565.410400
469.000000,1560.062256
469.500000,1555.192017
470.000000,1551.588257
470.500000,1549.691528
471.000000,1549.467529
471.500000,1550.882690
472.000000,1553.241211
472.500000,1555.807251
473.000000,1557.825073
473.500000,1558.478760
474.000000,1557.472900
474.500000,1554.557739
475.000000,1550.439331
475.500000,1546.114258
476.000000,1542.385864
476.500000,1539.565186
477.000000,1537.670532
477.500000,1535.943115
478.000000,1533.794312
478.500000,1531.215698
479.000000,1528.566772
479.500000,1526.476074
480.000000,1525.543335
480.500000,1525.680420
481.000000,1526.267944
481.500000,1526.644775
482.000000,1526.362549
482.500000,1525.081543
483.000000,1523.299683
483.500000,1521.481323
484.000000,1519.963867
484.500000,1518.886597
485.000000,1518.165039
485.500000,1517.555908
486.000000,1516.910034
486.500000,1516.239746
487.000000,1515.650879
487.500000,1515.202148
488.000000,1514.836060
488.500000,1514.295654
489.000000,1513.358765
489.500000,1512.046509
490.000000,1510.668213
490.500000,1509.829956
491.000000,1509.974731
491.500000,1511.210693
492.000000,1512.940186
492.500000,1514.568115
493.000000,1515.631104
493.500000,1515.981812
494.000000,1516.051025
494.500000,1516.080322
495.000000,1515.954468
495.500000,1515.305298
496.000000,1513.589966
496.500000,1511.144043
497.000000,1508.752075
497.500000,1507.106079
498.000000,1506.540161
498.500000,1506.473999
499.000000,1505.833496
499.500000,1504.180786
500.000000,1502.130737
500.500000,1500.845947
501.000000,1501.102173
501.500000,1503.239014
502.000000,1505.627686
502.500000,1506.886230
503.000000,1506.833130
503.500000,1506.056030
504.000000,1505.560181
504.500000,1505.438721
505.000000,1504.295288
505.500000,1501.070068
506.000000,1495.671143
506.500000,1490.330566
507.000000,1488.584595
507.500000,1490.802002
508.000000,1493.703125
508.500000,1492.903442
509.000000,1492.103760
509.500000,1491.304077
510.000000,1490.504517
510.500000,1489.704834
511.000000,1488.905151
511.500000,1488.105469
512.000000,1487.305786
512.500000,1486.506104
513.000000,1485.706421
513.500000,1484.906860
514.000000,1484.107178
514.500000,1483.307495
515.000000,1482.507812
515.500000,1481.708130
516.000000,1480.908447
516.500000,1480.108765
517.000000,1479.309204
517.500000,1478.509521
518.000000,1477.709839
518.500000,1476.910156
519.000000,1476.110474
519.500000,1475.310791
520.000000,1474.511230
520.500000,1473.711548
521.000000,1472.911865
521.500000,1472.112183
522.000000,1471.312500
522.500000,1470.512817
523.000000,1469.713135
523.500000,1468.913574
524.000000,1468.113892
524.500000,1467.314209
525.000000,1466.514526
525.500000,1464.698975
526.000000,1465.871948
526.500000,1469.106323
527.000000,1471.546997
527.500000,1471.144775
528.000000,1468.012939
528.500000,1464.132568
529.000000,1461.791260
529.500000,1462.343140
530.000000,1464.417847
530.500000,1465.751709
531.000000,1465.160522
531.500000,1462.167969
532.000000,1457.982910
532.500000,1454.067017
533.000000,1451.480713
533.500000,1450.495972
534.000000,1451.143799
534.500000,1453.042725
535.000000,1455.945557
535.500000,1458.953125
536.000000,1460.840698
536.500000,1461.008911
537.000000,1458.973389
537.500000,1455.256226
538.000000,1450.648682
538.500000,1446.030762
539.000000,1441.849243
539.500000,1438.273438
540.000000,1435.318970
540.500000,1433.471069
541.000000,1432.940186
541.500000,1434.117065
542.000000,1436.307617
542.500000,1438.755005
543.000000,1440.708984
543.500000,1441.783081
544.000000,1441.957275
544.500000,1441.749023
545.000000,1441.554199
545.500000,1441.561890
546.000000,1441.916748
546.500000,1442.619995
547.000000,1443.651001
547.500000,1444.583984
548.000000,1444.691772
548.500000,1443.233276
549.000000,1440.149414
549.500000,1435.847168
550.000000,1431.927612
550.500000,1430.241577
551.000000,1430.792725
551.500000,1432.842041
552.000000,1434.457520
552.500000,1433.612183
553.000000,1429.145386
553.500000,1422.360352
554.000000,1415.459229
554.500000,1410.432129
555.000000,1409.078369
555.500000,1410.555176
556.000000,1413.664429
556.500000,1416.048828
557.000000,1416.235962
557.500000,1413.903198
558.000000,1409.651978
558.500000,1404.462402
559.000000,1399.557373
559.500000,1395.574951
560.000000,1392.156372
560.500000,1388.755859
561.000000,1384.853638
561.500000,1380.321655
562.000000,1375.903076
562.500000,1372.939697
563.000000,1372.561401
563.500000,1374.829712
564.000000,1379.396851
564.500000,1384.557495
565.000000,1388.223022
565.500000,1389.468750
566.000000,1387.869507
566.500000,1384.281494
567.000000,1379.675171
567.500000,1375.063843
568.000000,1371.291260
568.500000,1368.914795
569.000000,1367.918091
569.500000,1368.617676
570.000000,1370.406860
570.500000,1372.668579
571.000000,1374.182129
571.500000,1373.719238
572.000000,1371.003540
572.500000,1366.553223
573.000000,1361.365967
573.500000,1356.657593
574.000000,1353.364502
574.500000,1350.969604
575.000000,1348.373047
575.500000,1344.590454
576.000000,1338.969727
576.500000,1331.936157
577.000000,1324.613525
577.500000,1318.518311
578.000000,1314.346802
578.500000,1312.495239
579.000000,1312.267822
579.500000,1313.453613
580.000000,1315.488403
580.500000,1318.393555
581.000000,1321.853638
581.500000,1325.297241
582.000000,1327.770996
582.500000,1328.292358
583.000000,1325.858398
583.500000,1320.880615
584.000000,1314.384033
584.500000,1308.180420
585.000000,1303.838745
585.500000,1301.878662
586.000000,1302.430908
586.500000,1304.630859
587.000000,1307.156982
587.500000,1309.039185
588.000000,1309.920166
588.500000,1309.697754
589.000000,1308.991821
589.500000,1308.562622
590.000000,1309.093262
590.500000,1310.937866
591.000000,1313.745605
591.500000,1316.783447
592.000000,1319.090088
592.500000,1319.926636
593.000000,1318.802734
593.500000,1316.678467
594.000000,1314.377930
594.500000,1312.635010
595.000000,1311.718872
595.500000,1311.088013
596.000000,1309.612427
596.500000,1306.435181
597.000000,1301.516357
597.500000,1295.362671
598.000000,1289.167480
598.500000,1284.230103
599.000000,1281.078735
599.500000,1279.841919
600.000000,1279.473389
600.500000,1279.250610
601.000000,1278.840332
601.500000,1278.539551
602.000000,1279.179688
602.500000,1281.407715
603.000000,1285.147827
603.500000,1289.047363
604.000000,1291.351318
604.500000,1291.181519
605.000000,1288.238403
605.500000,1284.238281
606.000000,1281.880249
606.500000,1283.020264
607.000000,1287.505737
607.500000,1293.990845
608.000000,1299.836670
608.500000,1302.304688
609.000000,1301.416504
609.500000,1298.797852
610.000000,1297.074219
610.500000,1298.279175
611.000000,1302.871948
611.500000,1309.700073
612.000000,1316.837769
612.500000,1322.577759
613.000000,1326.156494
613.500000,1328.306519
614.000000,1329.452393
614.500000,1330.151855
615.000000,1330.469238
615.500000,1330.447144
616.000000,1330.468506
616.500000,1331.144531
617.000000,1332.836792
617.500000,1335.623047
618.000000,1338.692749
618.500000,1340.751587
619.000000,1340.959717
619.500000,1338.890991
620.000000,1335.083374
620.500000,1330.180664
621.000000,1324.836182
621.500000,1319.531738
622.000000,1314.593140
622.500000,1310.158936
623.000000,1306.590820
623.500000,1303.863525
624.000000,1302.114136
624.500000,1301.082031
625.000000,1300.580322
625.500000,1300.427124
626.000000,1300.487061
626.500000,1300.656128
627.000000,1300.749023
627.500000,1300.557251
628.000000,1300.129639
628.500000,1299.831421
629.000000,1300.255737
629.500000,1301.877686
630.000000,1304.549438
630.500000,1307.738892
631.000000,1310.819214
631.500000,1313.513306
632.000000,1316.176270
632.500000,1319.503662
633.000000,1323.888794
633.500000,1328.601440
634.000000,1332.355591
634.500000,1334.064941
635.000000,1333.298584
635.500000,1331.093018
636.000000,1329.584229
636.500000,1330.385498
637.000000,1333.357300
637.500000,1337.716553
638.000000,1341.642822
638.500000,1343.709961
639.000000,1344.059692
639.500000,1343.877808
640.000000,1344.290527
640.500000,1345.667358
641.000000,1347.569702
641.500000,1349.053833
642.000000,1349.182617
642.500000,1348.135010
643.000000,1346.420776
643.500000,1344.629761
644.000000,1342.889038
644.500000,1341.018799
645.000000,1338.823364
645.500000,1336.406128
646.000000,1334.220337
646.500000,1332.632446
647.000000,1331.433350
647.500000,1330.161743
648.000000,1328.411011
648.500000,1326.123657
649.000000,1323.947754
649.500000,1322.807983
650.000000,1323.026855
650.500000,1324.097900
651.000000,1325.088257
651.500000,1325.154785
652.000000,1323.706421
652.500000,1321.389404
653.000000,1319.041992
653.500000,1317.171753
654.000000,1315.564453
654.500000,1313.421021
655.000000,1309.808350
655.500000,1303.979980
656.000000,1296.120605
656.500000,1286.717773
657.000000,1277.118652
657.500000,1268.564575
658.000000,1261.909546
658.500000,1258.232056
659.000000,1257.685669
659.500000,1259.996704
660.000000,1263.970215
660.500000,1267.757446
661.000000,1269.909668
661.500000,1270.206177
662.000000,1268.825073
662.500000,1267.182617
663.000000,1266.608521
663.500000,1267.664673
664.000000,1269.883423
664.500000,1272.356201
665.000000,1274.379150
665.500000,1275.821411
666.000000,1277.230713
666.500000,1279.435669
667.000000,1282.603394
667.500000,1286.151489
668.000000,1288.948975
668.500000,1289.910034
669.000000,1288.791382
669.500000,1286.170898
670.000000,1283.177368
670.500000,1281.111816
671.000000,1280.691772
671.500000,1281.247192
672.000000,1281.813477
672.500000,1281.303223
673.000000,1278.757446
673.500000,1274.188354
674.000000,1268.156616
674.500000,1261.876221
675.000000,1256.489868
675.500000,1252.796143
676.000000,1250.527344
676.500000,1249.238281
677.000000,1247.804565
677.500000,1245.219238
678.000000,1241.247559
678.500000,1236.490356
679.000000,1231.958008
679.500000,1228.466064
680.000000,1226.305298
680.500000,1224.749023
681.000000,1222.570068
681.500000,1218.706177
682.000000,1212.640015
682.500000,1205.541504
683.000000,1199.018677
683.500000,1194.688599
684.000000,1193.562744
684.500000,1195.725342
685.000000,1199.664185
685.500000,1203.184814
686.000000,1204.513672
686.500000,1202.182739
687.000000,1197.070190
687.500000,1190.332153
688.000000,1183.937622
688.500000,1179.503174
689.000000,1177.614380
689.500000,1177.053833
690.000000,1176.112427
690.500000,1173.559814
691.000000,1168.544800
691.500000,1162.102661
692.000000,1155.335449
692.500000,1149.373779
693.000000,1144.551025
693.500000,1140.176880
694.000000,1135.472412
694.500000,1130.132568
695.000000,1124.641968
695.500000,1120.029541
696.000000,1116.950439
696.500000,1116.055176
697.000000,1116.524292
697.500000,1117.593140
698.000000,1118.660645
698.500000,1119.541626
699.000000,1120.325928
699.500000,1121.120850
700.000000,1121.813110
700.500000,1122.148926
701.000000,1121.896973
701.500000,1121.315796
702.000000,1120.763916
702.500000,1120.545776
703.000000,1120.678223
703.500000,1120.809570
704.000000,1120.422974
704.500000,1119.076904
705.000000,1117.108398
705.500000,1114.997192
706.000000,1113.292969
706.500000,1112.359741
707.000000,1112.019409
707.500000,1111.937622
708.000000,1111.770874
708.500000,1111.525146
709.000000,1111.612305
709.500000,1112.452026
710.000000,1114.494263
710.500000,1117.415649
711.000000,1120.768188
711.500000,1123.748047
712.000000,1125.498169
712.500000,1125.720825
713.000000,1124.598633
713.500000,1122.578735
714.000000,1120.386963
714.500000,1118.796875
715.000000,1118.340088
715.500000,1119.870850
716.000000,1123.367676
716.500000,1128.727295
717.000000,1134.854980
717.500000,1140.427734
718.000000,1144.092529
718.500000,1145.075317
719.000000,1143.002686
719.500000,1139.042480
720.000000,1134.527466
720.500000,1131.121704
721.000000,1129.969727
721.500000,1130.868530
722.000000,1133.322388
722.500000,1136.390381
723.000000,1139.325317
723.500000,1141.875244
724.000000,1144.416260
724.500000,1147.816162
725.000000,1152.521973
725.500000,1159.090088
726.000000,1167.158569
726.500000,1176.635742
727.000000,1187.324951
727.500000,1199.480957
728.000000,1213.778564
728.500000,1230.542480
729.000000,1249.801270
729.500000,1270.266602
730.000000,1290.485229
730.500000,1309.116211
731.000000,1324.991821
731.500000,1338.299194
732.000000,1349.450928
732.500000,1358.893311
733.000000,1366.615601
733.500000,1371.470947
734.000000,1372.838257
734.500000,1369.166748
735.000000,1361.400757
735.500000,1349.511719
736.000000,1334.825562
736.500000,1317.536011
737.000000,1297.931885
737.500000,1276.176147
738.000000,1252.796387
738.500000,1229.202271
739.000000,1207.197021
739.500000,1187.754150
740.000000,1171.828613
740.500000,1158.314453
741.000000,1146.117554
741.500000,1134.310181
742.000000,1123.086060
742.500000,1113.436523
743.000000,1106.274780
743.500000,1102.403442
744.000000,1100.799805
744.500000,1100.282593
745.000000,1099.010620
745.500000,1095.885986
746.000000,1091.240234
746.500000,1085.926147
747.000000,1081.033081
747.500000,1077.280151
748.000000,1074.933350
748.500000,1073.483276
749.000000,1072.453369
749.500000,1071.306152
750.000000,1069.857300
750.500000,1068.231445
751.000000,1066.652100
751.500000,1065.381714
752.000000,1064.655762
752.500000,1064.655518
753.000000,1065.300537
753.500000,1066.455078
754.000000,1067.609741
754.500000,1068.196045
755.000000,1067.893921
755.500000,1066.320801
756.000000,1063.553589
756.500000,1059.819458
757.000000,1055.608521
757.500000,1051.643066
758.000000,1048.892456
758.500000,1047.681396
759.000000,1048.465088
759.500000,1050.440063
760.000000,1052.809570
760.500000,1054.529785
761.000000,1054.781006
761.500000,1053.397095
762.000000,1050.833008
762.500000,1047.785400
763.000000,1044.888062
763.500000,1042.343750
764.000000,1039.971069
764.500000,1037.637817
765.000000,1035.394531
765.500000,1033.599365
766.000000,1032.638062
766.500000,1032.720825
767.000000,1033.590088
767.500000,1034.476807
768.000000,1034.583740
768.500000,1033.638550
769.000000,1031.508667
769.500000,1028.862671
770.000000,1026.369263
770.500000,1024.549927
771.000000,1023.582825
771.500000,1023.138123
772.000000,1022.642761
772.500000,1021.725891
773.000000,1020.486023
773.500000,1019.364746
774.000000,1018.889893
774.500000,1019.588623
775.000000,1021.286072
775.500000,1023.496521
776.000000,1025.435425
776.500000,1026.601196
777.000000,1026.878296
777.500000,1026.636719
778.000000,1026.180298
778.500000,1025.724121
779.000000,1025.176025
779.500000,1024.345459
780.000000,1023.063721
780.500000,1021.472961
781.000000,1019.972839
781.500000,1019.022949
782.000000,1018.928467
782.500000,1020.066711
783.000000,1022.285339
783.500000,1025.599365
784.000000,1029.371094
784.500000,1032.831299
785.000000,1035.099365
785.500000,1035.553345
786.000000,1034.291626
786.500000,1032.043335
787.000000,1029.569580
787.500000,1027.370850
788.000000,1025.345581
788.500000,1022.882019
789.000000,1019.217651
789.500000,1014.386047
790.000000,1009.149414
790.500000,1004.807617
791.000000,1002.385559
791.500000,1002.428528
792.000000,1004.347046
792.500000,1007.575012
793.000000,1011.032959
793.500000,1013.928040
794.000000,1015.832825
794.500000,1016.241211
795.000000,1015.235229
795.500000,1013.145508
796.000000,1010.567810
796.500000,1008.221252
797.000000,1006.664246
797.500000,1005.850586
798.000000,1005.614502
798.500000,1005.497986
799.000000,1005.299622
799.500000,1004.994812
800.000000,1004.436829
800.500000,1003.146790
801.000000,1000.534790
801.500000,996.155212
802.000000,990.747131
802.500000,985.848938
803.000000,983.192200
803.500000,984.723328
804.000000,990.057739
804.500000,997.775696
805.000000,1005.321289
805.500000,1010.803223
806.000000,1013.367065
806.500000,1013.748108
807.000000,1012.692810
807.500000,1011.259460
808.000000,1009.753662
808.500000,1008.208008
809.000000,1006.793213
809.500000,1006.134583
810.000000,1007.072205
810.500000,1010.060181
811.000000,1014.493713
811.500000,1019.127686
812.000000,1022.438416
812.500000,1022.820740
813.000000,1020.674133
813.500000,1016.694519
814.000000,1012.625488
814.500000,1009.937317
815.000000,1009.006287
815.500000,1009.232178
816.000000,1009.767517
816.500000,1009.951477
817.000000,1009.673462
817.500000,1009.439697
818.000000,1009.814392
818.500000,1010.821777
819.000000,1012.006714
819.500000,1012.573730
820.000000,1012.098999
820.500000,1010.774475
821.000000,1009.344482
821.500000,1008.522217
822.000000,1008.386780
822.500000,1008.597473
823.000000,1008.420288
823.500000,1007.238831
824.000000,1005.091858
824.500000,1002.435913
825.000000,999.896057
825.500000,997.767639
826.000000,996.046692
826.500000,994.496704
827.000000,993.073181
827.500000,991.869019
828.000000,991.163330
828.500000,991.034485
829.000000,991.459229
829.500000,992.276306
830.000000,993.402161
830.500000,994.970886
831.000000,997.059631
831.500000,999.706116
832.000000,1002.456055
832.500000,1004.601196
833.000000,1005.564087
833.500000,1004.760132
834.000000,1002.214661
834.500000,998.303528
835.000000,993.664124
835.500000,989.232422
836.000000,986.023987
836.500000,984.472534
837.000000,985.251099
837.500000,987.759155
838.000000,991.403870
838.500000,995.101807
839.000000,997.970703
839.500000,999.664795
840.000000,1000.583191
840.500000,1001.505188
841.000000,1003.185425
841.500000,1006.178833
842.000000,1010.173889
842.500000,1015.142517
843.000000,1020.961792
843.500000,1027.924683
844.000000,1036.244263
844.500000,1045.745605
845.000000,1055.768799
845.500000,1065.173950
846.000000,1072.527466
846.500000,1077.631104
847.000000,1080.408569
847.500000,1081.778076
848.000000,1082.120728
848.500000,1081.598267
849.000000,1080.039795
849.500000,1077.320679
850.000000,1073.853638
850.500000,1070.268921
851.000000,1067.150146
851.500000,1064.594727
852.000000,1061.800659
852.500000,1057.677856
853.000000,1051.927002
853.500000,1045.050659
854.000000,1038.315063
854.500000,1032.948364
855.000000,1029.634644
855.500000,1027.575684
856.000000,1025.513062
856.500000,1022.191956
857.000000,1016.770203
857.500000,1009.870300
858.000000,1002.666443
858.500000,996.365540
859.000000,991.616821
859.500000,988.583557
860.000000,986.697266
860.500000,985.586060
861.000000,984.743896
861.500000,984.056702
862.000000,983.511475
862.500000,983.156372
863.000000,982.890442
863.500000,982.420593
864.000000,981.375610
864.500000,979.598999
865.000000,977.052979
865.500000,974.139954
866.000000,971.204895
866.500000,968.475708
867.000000,965.991394
867.500000,963.638611
868.000000,961.424622
868.500000,959.534485
869.000000,958.146851
869.500000,957.147156
870.000000,955.789978
870.500000,952.836670
871.000000,947.987732
871.500000,941.307190
872.000000,934.313782
872.500000,928.884338
873.000000,926.309753
873.500000,926.684998
874.000000,929.057678
874.500000,931.597168
875.000000,932.830750
875.500000,932.642090
876.000000,931.665710
876.500000,931.075256
877.000000,931.677612
877.500000,933.464783
878.000000,935.936157
878.500000,938.323425
879.000000,939.899658
879.500000,939.906738
880.000000,938.266968
880.500000,934.623413
881.000000,929.766541
881.500000,924.550537
882.000000,920.193970
882.500000,917.627686
883.000000,917.022888
883.500000,917.778137
884.000000,919.122864
884.500000,920.343140
885.000000,921.263977
885.500000,922.255493
886.000000,923.803406
886.500000,925.885925
887.000000,927.902344
887.500000,928.795593
888.000000,927.537842
888.500000,923.847412
889.000000,918.863220
889.500000,914.195557
890.000000,911.293640
890.500000,911.367859
891.000000,913.534973
891.500000,916.396362
892.000000,918.041382
892.500000,917.030823
893.000000,913.018066
893.500000,907.055603
894.000000,900.501099
894.500000,894.749451
895.000000,890.723694
895.500000,888.014587
896.000000,886.314026
896.500000,885.007324
897.000000,883.661682
897.500000,881.912476
898.000000,879.470825
898.500000,876.105896
899.000000,872.082764
899.500000,867.934265
900.000000,864.469116
900.500000,862.627197
901.000000,862.474365
901.500000,863.755859
902.000000,865.585449
902.500000,867.174133
903.000000,868.011841
903.500000,868.013977
904.000000,867.043274
904.500000,865.273376
905.000000,862.554199
905.500000,859.188904
906.000000,855.589600
906.500000,852.498901
907.000000,850.771729
907.500000,851.015198
908.000000,853.173889
908.500000,856.848877
909.000000,860.961060
909.500000,864.675781
910.000000,867.674255
910.500000,869.991028
911.000000,872.202515
911.500000,874.905945
912.000000,878.345520
912.500000,882.173035
913.000000,885.494019
913.500000,887.340637
914.000000,886.440552
914.500000,883.044434
915.000000,877.294373
915.500000,870.701233
916.000000,864.726196
916.500000,860.440613
917.000000,858.329895
917.500000,858.270264
918.000000,859.384766
918.500000,860.937927
919.000000,862.309998
919.500000,863.294312
920.000000,864.071106
920.500000,864.679260
921.000000,864.868164
921.500000,863.989502
922.000000,861.420959
922.500000,857.196716
923.000000,852.100708
923.500000,847.586243
924.000000,845.348389
924.500000,845.565430
925.000000,848.259033
925.500000,852.086670
926.000000,855.712341
926.500000,858.064026
927.000000,858.681885
927.500000,857.573181
928.000000,855.531555
928.500000,853.408447
929.000000,852.038940
929.500000,852.067871
930.000000,853.051392
930.500000,853.978699
931.000000,853.691406
931.500000,851.597839
932.000000,848.125793
932.500000,844.725525
933.000000,843.096252
933.500000,843.703613
934.000000,846.500549
934.500000,849.828918
935.000000,852.216492
935.500000,853.025269
936.000000,852.471252
936.500000,851.437073
937.000000,850.764343
937.500000,850.861755
938.000000,851.579529
938.500000,853.046387
939.000000,855.395691
939.500000,859.165283
940.000000,864.094543
940.500000,869.337708
941.000000,873.466431
941.500000,875.259583
942.000000,874.267456
942.500000,871.743225
943.000000,869.550720
943.500000,869.335632
944.000000,872.286316
944.500000,877.271790
945.000000,882.631531
945.500000,886.524963
946.000000,888.036377
946.500000,887.643066
947.000000,886.774658
947.500000,886.703979
948.000000,887.762512
948.500000,889.741638
949.000000,891.757080
949.500000,893.275757
950.000000,894.403015
950.500000,895.632812
951.000000,897.399536
951.500000,899.609192
952.000000,901.625061
952.500000,902.713684
953.000000,902.177551
953.500000,900.575134
954.000000,898.787781
954.500000,897.943115
955.000000,898.737793
955.500000,900.876465
956.000000,903.378418
956.500000,905.072693
957.000000,905.366333
957.500000,904.157349
958.000000,902.440918
958.500000,901.146057
959.000000,900.584900
959.500000,900.327454
960.000000,899.370483
960.500000,896.918213
961.000000,893.091858
961.500000,889.109253
962.000000,886.533691
962.500000,885.825439
963.000000,886.509277
963.500000,886.564270
964.000000,884.158997
964.500000,879.197266
965.000000,872.801514
965.500000,866.948730
966.000000,863.090759
966.500000,861.603210
967.000000,861.230591
967.500000,860.588257
968.000000,858.905273
968.500000,856.150146
969.000000,853.201782
969.500000,850.829407
970.000000,849.229675
970.500000,848.067261
971.000000,846.862488
971.500000,845.378906
972.000000,843.664612
972.500000,841.919800
973.000000,840.101685
973.500000,838.039429
974.000000,835.642883
974.500000,833.282532
975.000000,831.757751
975.500000,831.927856
976.000000,833.996704
976.500000,837.619873
977.000000,841.391846
977.500000,843.608215
978.000000,843.573608
978.500000,840.838074
979.000000,836.457642
979.500000,831.645874
980.000000,827.517151
980.500000,824.600769
981.000000,823.003967
981.500000,822.344971
982.000000,822.675110
982.500000,823.905579
983.000000,826.390625
983.500000,829.896484
984.000000,834.003906
984.500000,837.866943
985.000000,840.567261
985.500000,841.363586
986.000000,840.270691
986.500000,837.398926
987.000000,833.715332
987.500000,829.944458
988.000000,826.654114
988.500000,824.156555
989.000000,822.387451
989.500000,821.350830
990.000000,821.185974
990.500000,822.030640
991.000000,824.001343
991.500000,826.530273
992.000000,828.742126
992.500000,829.977112
993.000000,829.994812
993.500000,829.602356
994.000000,829.904541
994.500000,831.619202
995.000000,834.562378
995.500000,837.863586
996.000000,840.507202
996.500000,841.920166
997.000000,842.732788
997.500000,843.889343
998.000000,846.069702
998.500000,849.477539
999.000000,853.579956
999.500000,857.734802
1000.000000,861.492188
1000.500000,864.636780
1001.000000,866.657715
1001.500000,867.131287
1002.000000,864.891479
1002.500000,860.123962
1003.000000,853.126160
1003.500000,845.346497
1004.000000,837.996765
1004.500000,831.622375
1005.000000,825.963989
1005.500000,820.594177
1006.000000,815.356995
1006.500000,810.893616
1007.000000,807.783508
1007.500000,806.601257
1008.000000,806.561523
1008.500000,806.273743
1009.000000,804.239563
1009.500000,799.744141
1010.000000,793.118835
1010.500000,786.051636
1011.000000,780.562561
1011.500000,777.592468
1012.000000,777.691101
1012.500000,779.356201
1013.000000,780.934082
1013.500000,781.037903
1014.000000,779.280457
1014.500000,776.441528
1015.000000,774.037659
1015.500000,773.342896
1016.000000,774.170776
1016.500000,775.675476
1017.000000,776.384338
1017.500000,775.169556
1018.000000,772.261108
1018.500000,768.639893
1019.000000,765.654175
1019.500000,764.187378
1020.000000,764.523987
1020.500000,765.895508
1021.000000,767.567200
1021.500000,768.853821
1022.000000,769.403442
1022.500000,769.398804
1023.000000,769.147156
1023.500000,769.045654
1024.000000,769.370789
1024.500000,770.167908
1025.000000,771.116211
1025.500000,771.731628
1026.000000,771.783264
1026.500000,771.364746
1027.000000,771.174866
1027.500000,772.079651
1028.000000,774.257263
1028.500000,777.093689
1029.000000,779.377136
1029.500000,780.150818
1030.000000,779.094604
1030.500000,777.341431
1031.000000,776.360901
1031.500000,776.911011
1032.000000,778.987793
1032.500000,781.319885
1033.000000,782.566833
1033.500000,782.216064
1034.000000,780.993347
1034.500000,780.307007
1035.000000,781.169800
1035.500000,783.924438
1036.000000,787.113953
1036.500000,788.837219
1037.000000,787.963318
1037.500000,784.140259
1038.000000,778.629211
1038.500000,773.337646
1039.000000,770.049744
1039.500000,769.394409
1040.000000,771.655151
1040.500000,775.587158
1041.000000,780.366577
1041.500000,784.954956
1042.000000,788.475525
1042.500000,790.407959
1043.000000,790.388550
1043.500000,788.575378
1044.000000,785.966125
1044.500000,784.029114
1045.000000,783.988220
1045.500000,787.076416
1046.000000,792.318848
1046.500000,798.465698
1047.000000,803.682068
1047.500000,806.584656
1048.000000,806.959473
1048.500000,805.682556
1049.000000,803.977295
1049.500000,802.983948
1050.000000,803.473328
1050.500000,805.090698
1051.000000,807.391296
1051.500000,809.538086
1052.000000,810.770386
1052.500000,810.693970
1053.000000,809.278748
1053.500000,806.833618
1054.000000,804.046631
1054.500000,801.502380
1055.000000,799.421326
1055.500000,797.731445
1056.000000,796.003784
1056.500000,793.907471
1057.000000,791.495605
1057.500000,789.156555
1058.000000,787.385559
1058.500000,786.357361
1059.000000,785.806030
1059.500000,784.966492
1060.000000,782.831238
1060.500000,779.265564
1061.000000,774.409302
1061.500000,769.340698
1062.000000,765.260315
1062.500000,762.890686
1063.000000,762.065186
1063.500000,761.959473
1064.000000,761.419189
1064.500000,759.646545
1065.000000,757.085754
1065.500000,754.703491
1066.000000,753.488220
1066.500000,753.966125
1067.000000,755.549011
1067.500000,757.144104
1068.000000,757.784790
1068.500000,757.322205
1069.000000,756.166626
1069.500000,755.191956
1070.000000,755.050781
1070.500000,755.617615
1071.000000,756.578003
1071.500000,757.547852
1072.000000,758.504700
1072.500000,759.751587
1073.000000,761.585510
1073.500000,764.067810
1074.000000,766.699524
1074.500000,768.688782
1075.000000,769.620483
1075.500000,769.281799
1076.000000,768.351929
1076.500000,767.696411
1077.000000,767.927795
1077.500000,768.914062
1078.000000,769.773132
1078.500000,769.427063
1079.000000,766.951111
1079.500000,763.128601
1080.000000,759.250793
1080.500000,756.658142
1081.000000,755.924866
1081.500000,756.108032
1082.000000,755.613464
1082.500000,753.213257
1083.000000,749.152344
1083.500000,744.680725
1084.000000,741.430725
1084.500000,740.696350
1085.000000,741.742615
1085.500000,743.483887
1086.000000,744.608276
1086.500000,744.419983
1087.000000,742.962585
1087.500000,740.663879
1088.000000,737.760864
1088.500000,734.552002
1089.000000,731.447632
1089.500000,729.108459
1090.000000,728.551819
1090.500000,729.937988
1091.000000,732.980652
1091.500000,736.567566
1092.000000,739.475342
1092.500000,740.820801
1093.000000,740.596313
1093.500000,738.831238
1094.000000,736.211548
1094.500000,733.141785
1095.000000,730.289185
1095.500000,728.459778
1096.000000,728.151062
1096.500000,729.386414
1097.000000,731.479370
1097.500000,733.286316
1098.000000,733.883972
1098.500000,733.478455
1099.000000,732.892456
1099.500000,733.208557
1100.000000,735.088501
1100.500000,737.940491
1101.000000,740.601868
1101.500000,741.905884
1102.000000,741.370850
1102.500000,739.017334
1103.000000,735.685242
1103.500000,732.023376
1104.000000,728.765320
1104.500000,726.780029
1105.000000,726.568298
1105.500000,728.668152
1106.000000,732.732483
1106.500000,737.741211
1107.000000,742.381409
1107.500000,745.737610
1108.000000,747.386963
1108.500000,748.128174
1109.000000,748.693298
1109.500000,749.623535
1110.000000,751.011047
1110.500000,752.651306
1111.000000,754.514771
1111.500000,756.877869
1112.000000,760.087280
1112.500000,764.503906
1113.000000,769.857605
1113.500000,775.960815
1114.000000,782.308044
1114.500000,788.604126
1115.000000,794.600403
1115.500000,800.002258
1116.000000,804.591919
1116.500000,808.396851
1117.000000,811.702881
1117.500000,815.112610
1118.000000,819.187256
1118.500000,823.812927
1119.000000,828.376038
1119.500000,831.951233
1120.000000,833.696106
1120.500000,833.764526
1121.000000,833.197388
1121.500000,833.503540
1122.000000,835.657227
1122.500000,839.931519
1123.000000,844.891174
1123.500000,848.799744
1124.000000,850.799683
1124.500000,850.962158
1125.000000,850.797058
1125.500000,851.919128
1126.000000,855.065186
1126.500000,859.590271
1127.000000,864.445068
1127.500000,868.955322
1128.000000,873.588684
1128.500000,879.378967
1129.000000,887.253967
1129.500000,896.491943
1130.000000,905.528259
1130.500000,912.873352
1131.000000,918.383789
1131.500000,923.403564
1132.000000,930.044434
1132.500000,940.459778
1133.000000,954.136475
1133.500000,970.163635
1134.000000,986.226013
1134.500000,1000.309204
1135.000000,1011.365967
1135.500000,1019.214966
1136.000000,1024.427979
1136.500000,1028.525024
1137.000000,1032.948608
1137.500000,1038.541992
1138.000000,1045.415527
1138.500000,1052.375977
1139.000000,1058.124634
1139.500000,1062.333374
1140.000000,1065.830078
1140.500000,1070.247070
1141.000000,1076.725464
1141.500000,1085.334229
1142.000000,1094.371948
1142.500000,1101.568726
1143.000000,1105.915771
1143.500000,1106.623413
1144.000000,1104.550903
1144.500000,1100.001953
1145.000000,1093.017334
1145.500000,1083.311157
1146.000000,1070.479492
1146.500000,1055.306885
1147.000000,1038.559692
1147.500000,1021.738892
1148.000000,1006.091248
1148.500000,992.193359
1149.000000,980.602783
1149.500000,971.109070
1150.000000,963.098999
1150.500000,955.528687
1151.000000,947.214783
1151.500000,937.244446
1152.000000,925.991272
1152.500000,914.289917
1153.000000,903.343933
1153.500000,893.982483
1154.000000,885.970520
1154.500000,878.790405
1155.000000,872.153381
1155.500000,866.414795
1156.000000,862.557373
1156.500000,860.719360
1157.000000,860.570618
1157.500000,860.303467
1158.000000,858.208618
1158.500000,854.047485
1159.000000,848.743103
1159.500000,844.058044
1160.000000,841.160522
1160.500000,839.955017
1161.000000,839.012268
1161.500000,836.899536
1162.000000,833.512390
1162.500000,829.603088
1163.000000,826.449951
1163.500000,824.834839
1164.000000,824.420715
1164.500000,824.474792
1165.000000,824.495605
1165.500000,824.464600
1166.000000,824.491394
1166.500000,824.306763
1167.000000,822.969116
1167.500000,820.036743
1168.000000,815.442871
1168.500000,810.386353
1169.000000,806.299133
1169.500000,803.986023
1170.000000,803.074768
1170.500000,802.611755
1171.000000,801.724060
1171.500000,800.370483
1172.000000,799.425415
1172.500000,799.981445
1173.000000,802.044678
1173.500000,804.780212
1174.000000,806.611450
1174.500000,806.174500
1175.000000,802.872009
1175.500000,797.678650
1176.000000,791.928284
1176.500000,787.130371
1177.000000,784.437622
1177.500000,783.515137
1178.000000,783.740662
1178.500000,783.977722
1179.000000,783.258362
1179.500000,781.017639
1180.000000,777.386353
1180.500000,772.813904
1181.000000,768.391785
1181.500000,765.545166
1182.000000,764.822144
1182.500000,766.489258
1183.000000,769.183716
1183.500000,770.937927
1184.000000,769.959351
1184.500000,765.716858
1185.000000,758.840698
1185.500000,751.480713
1186.000000,745.819031
1186.500000,742.634644
1187.000000,742.251404
1187.500000,743.349121
1188.000000,744.707825
1188.500000,745.309082
1189.000000,744.725830
1189.500000,743.144592
1190.000000,741.419128
1190.500000,740.619446
1191.000000,741.168579
1191.500000,743.021729
1192.000000,744.918457
1192.500000,745.466553
1193.000000,744.211304
1193.500000,741.889709
1194.000000,740.197937
1194.500000,740.546814
1195.000000,743.436157
1195.500000,747.426819
1196.000000,750.799316
1196.500000,752.692078
1197.000000,753.221069
1197.500000,753.631042
1198.000000,754.855774
1198.500000,756.758545
1199.000000,758.243286
1199.500000,758.003967
1200.000000,755.826172
1200.500000,751.970154
1201.000000,747.737122
1201.500000,744.017761
1202.000000,741.104309
1202.500000,739.103943
1203.000000,738.022827
1203.500000,738.049072
1204.000000,739.355164
1204.500000,741.560608
1205.000000,744.039368
1205.500000,746.020935
1206.000000,746.901611
1206.500000,746.857483
1207.000000,745.967957
1207.500000,744.295654
1208.000000,741.486938
1208.500000,737.210693
1209.000000,731.810608
1209.500000,726.387451
1210.000000,722.508362
1210.500000,722.211914
1211.000000,725.125488
1211.500000,730.416382
1212.000000,735.598083
1212.500000,738.301697
1213.000000,737.506897
1213.500000,733.994263
1214.000000,729.619751
1214.500000,726.450806
1215.000000,725.835083
1215.500000,726.898315
1216.000000,728.368774
1216.500000,728.965088
1217.000000,728.374817
1217.500000,727.413635
1218.000000,727.067444
1218.500000,727.689209
1219.000000,728.638184
1219.500000,728.912598
1220.000000,728.182983
1220.500000,726.884155
1221.000000,726.292664
1221.500000,727.707336
1222.000000,731.233459
1222.500000,736.183472
1223.000000,741.301270
1223.500000,745.558838
1224.000000,748.519043
1224.500000,750.708069
1225.000000,752.756714
1225.500000,755.190308
1226.000000,758.113586
1226.500000,761.091125
1227.000000,763.533264
1227.500000,765.077637
1228.000000,765.778931
1228.500000,765.958496
1229.000000,766.045654
1229.500000,766.138123
1230.000000,766.059631
1230.500000,765.545044
1231.000000,764.738953
1231.500000,764.035706
1232.000000,763.749817
1232.500000,763.691101
1233.000000,763.136292
1233.500000,761.484497
1234.000000,758.708740
1234.500000,755.951294
1235.000000,754.752258
1235.500000,755.370239
1236.000000,757.095581
1236.500000,758.107788
1237.000000,757.053955
1237.500000,754.237305
1238.000000,751.433716
1238.500000,750.594543
1239.000000,751.935364
1239.500000,754.351196
1240.000000,755.531616
1240.500000,753.596558
1241.000000,749.127014
1241.500000,743.983887
1242.000000,740.683289
1242.500000,740.862915
1243.000000,744.736389
1243.500000,750.369141
1244.000000,755.280029
1244.500000,757.486389
1245.000000,755.347656
1245.500000,750.149780
1246.000000,743.813843
1246.500000,738.860962
1247.000000,736.825745
1247.500000,737.394165
1248.000000,738.423218
1248.500000,737.460022
1249.000000,733.799683
1249.500000,727.925598
1250.000000,722.275696
1250.500000,718.949646
1251.000000,718.280701
1251.500000,719.492615
1252.000000,721.223328
1252.500000,722.645325
1253.000000,723.725098
1253.500000,724.732788
1254.000000,725.447815
1254.500000,725.429138
1255.000000,724.302063
1255.500000,722.769592
1256.000000,722.071777
1256.500000,723.070007
1257.000000,725.458130
1257.500000,727.786987
1258.000000,728.457947
1258.500000,726.500061
1259.000000,723.230591
1259.500000,720.708923
1260.000000,720.561829
1260.500000,723.463745
1261.000000,727.929993
1261.500000,731.678589
1262.000000,732.749817
1262.500000,730.867004
1263.000000,726.945190
1263.500000,723.202148
1264.000000,721.644531
1264.500000,722.285217
1265.000000,724.357178
1265.500000,726.126099
1266.000000,726.344360
1266.500000,724.918274
1267.000000,722.707947
1267.500000,720.709167
1268.000000,719.460083
1268.500000,719.345520
1269.000000,720.306641
1269.500000,722.767273
1270.000000,726.401245
1270.500000,730.335815
1271.000000,733.062134
1271.500000,733.393555
1272.000000,731.352966
1272.500000,728.699219
1273.000000,727.636902
1273.500000,728.947388
1274.000000,732.363647
1274.500000,735.898804
1275.000000,737.980469
1275.500000,738.344849
1276.000000,737.504211
1276.500000,736.008728
1277.000000,733.945557
1277.500000,731.111755
1278.000000,728.057739
1278.500000,726.284973
1279.000000,726.788879
1279.500000,729.990723
1280.000000,734.079102
1280.500000,736.880493
1281.000000,737.184326
1281.500000,735.395386
1282.000000,732.666992
1282.500000,730.069885
1283.000000,727.770569
1283.500000,725.463074
1284.000000,723.373047
1284.500000,722.305359
1285.000000,723.307373
1285.500000,726.277466
1286.000000,730.036499
1286.500000,732.967896
1287.000000,734.206543
1287.500000,733.717834
1288.000000,732.689209
1288.500000,732.104675
1289.000000,732.294739
1289.500000,733.161438
1290.000000,734.151001
1290.500000,734.617249
1291.000000,733.935425
1291.500000,731.897766
1292.000000,728.722839
1292.500000,725.476074
1293.000000,723.502380
1293.500000,723.166138
1294.000000,724.381165
1294.500000,726.087097
1295.000000,727.557922
1295.500000,728.765808
1296.000000,730.148621
1296.500000,731.873352
1297.000000,733.317932
1297.500000,733.139282
1298.000000,730.907410
1298.500000,726.713562
1299.000000,722.303284
1299.500000,719.689575
1300.000000,720.085571
1300.500000,723.641602
1301.000000,729.389099
1301.500000,735.373047
1302.000000,739.543030
1302.500000,741.065674
1303.000000,739.350647
1303.500000,735.970032
1304.000000,732.432678
1304.500000,730.029175
1305.000000,729.218994
1305.500000,729.607910
1306.000000,730.528076
1306.500000,731.711426
1307.000000,733.116821
1307.500000,734.719238
1308.000000,736.160278
1308.500000,736.993652
1309.000000,737.300781
1309.500000,737.564880
1310.000000,738.254272
1310.500000,739.162231
1311.000000,739.323914
1311.500000,737.940796
1312.000000,734.909607
1312.500000,731.712708
1313.000000,730.145447
1313.500000,730.779602
1314.000000,733.327576
1314.500000,736.374512
1315.000000,738.700684
1315.500000,739.817566
1316.000000,740.026733
1316.500000,739.626160
1317.000000,738.912292
1317.500000,737.886292
1318.000000,736.717224
1318.500000,735.595947
1319.000000,734.587769
1319.500000,733.479797
1320.000000,731.922974
1320.500000,729.783875
1321.000000,727.256104
1321.500000,724.757751
1322.000000,722.400452
1322.500000,719.778381
1323.000000,716.003906
1323.500000,710.632202
1324.000000,703.597900
1324.500000,695.881775
1325.000000,689.107910
1325.500000,685.064270
1326.000000,684.301270
1326.500000,686.733276
1327.000000,690.029419
1327.500000,691.654846
1328.000000,690.422974
1328.500000,686.499695
1329.000000,682.174133
1329.500000,680.030212
1330.000000,681.156494
1330.500000,684.270081
1331.000000,687.135620
1331.500000,688.042664
1332.000000,686.272888
1332.500000,683.405640
1333.000000,680.879700
1333.500000,679.371338
1334.000000,678.556885
1334.500000,677.578003
1335.000000,675.928955
1335.500000,673.752991
1336.000000,671.698486
1336.500000,670.403687
1337.000000,669.889160
1337.500000,670.141357
1338.000000,670.833801
1338.500000,671.674072
1339.000000,672.174194
1339.500000,671.652344
1340.000000,669.472839
1340.500000,665.855347
1341.000000,661.643555
1341.500000,658.361877
1342.000000,657.676331
1342.500000,659.488831
1343.000000,663.124695
1343.500000,666.894226
1344.000000,669.379089
1344.500000,669.982910
1345.000000,669.096375
1345.500000,667.246826
1346.000000,665.173035
1346.500000,663.448303
1347.000000,662.504700
1347.500000,662.852844
1348.000000,664.107056
1348.500000,665.069885
1349.000000,664.060425
1349.500000,660.107300
1350.000000,653.590210
1350.500000,646.845337
1351.000000,642.639771
1351.500000,641.634460
1352.000000,643.400085
1352.500000,645.573975
1353.000000,646.511902
1353.500000,646.210999
1354.000000,645.868347
1354.500000,646.413879
1355.000000,647.435608
1355.500000,647.512756
1356.000000,645.709961
1356.500000,641.627930
1357.000000,636.604370
1357.500000,631.856262
1358.000000,628.125305
1358.500000,625.695007
1359.000000,624.699341
1359.500000,625.225952
1360.000000,627.412781
1360.500000,630.406128
1361.000000,632.862366
1361.500000,633.789673
1362.000000,632.680847
1362.500000,630.347717
1363.000000,627.568237
1363.500000,624.722900
1364.000000,621.668396
1364.500000,618.229248
1365.000000,614.761353
1365.500000,612.146667
1366.000000,610.862122
1366.500000,611.217896
1367.000000,612.513245
1367.500000,614.181213
1368.000000,615.754028
1368.500000,616.856812
1369.000000,616.932434
1369.500000,615.509949
1370.000000,612.192078
1370.500000,607.876892
1371.000000,603.840454
1371.500000,601.158936
1372.000000,600.330566
1372.500000,600.582214
1373.000000,600.955994
1373.500000,600.908875
1374.000000,600.615784
1374.500000,600.550903
1375.000000,600.832825
1375.500000,600.979004
1376.000000,600.333069
1376.500000,598.275391
1377.000000,595.045044
1377.500000,591.089600
1378.000000,587.038574
1378.500000,583.354431
1379.000000,580.296387
1379.500000,577.836304
1380.000000,576.062927
1380.500000,574.880676
1381.000000,574.564026
1381.500000,575.159790
1382.000000,576.725159
1382.500000,578.749573
1383.000000,580.407166
1383.500000,580.830750
1384.000000,579.748840
1384.500000,577.313477
1385.000000,574.555725
1385.500000,572.585144
1386.000000,571.976257
1386.500000,573.171326
1387.000000,575.714111
1387.500000,578.823364
1388.000000,581.249451
1388.500000,581.705994
1389.000000,579.198303
1389.500000,574.444092
1390.000000,568.846497
1390.500000,564.685059
1391.000000,564.062927
1391.500000,566.675415
1392.000000,570.950562
1392.500000,574.211426
1393.000000,574.489929
1393.500000,571.527588
1394.000000,567.446655
1394.500000,565.047363
1395.000000,565.460205
1395.500000,568.390686
1396.000000,571.460938
1396.500000,572.797302
1397.000000,572.405457
1397.500000,571.893005
1398.000000,573.162659
1398.500000,576.509644
1399.000000,580.482117
1399.500000,582.704407
1400.000000,581.075134
1400.500000,576.750916
1401.000000,571.751831
1401.500000,568.222351
1402.000000,566.965515
1402.500000,567.268127
1403.000000,567.853577
1403.500000,567.912720
1404.000000,567.478882
1404.500000,567.018738
1405.000000,567.042969
1405.500000,567.886353
1406.000000,569.217224
1406.500000,570.255798
1407.000000,569.993042
1407.500000,567.918213
1408.000000,564.502869
1408.500000,561.387878
1409.000000,560.519836
1409.500000,562.085266
1410.000000,565.241272
1410.500000,567.703735
1411.000000,567.702454
1411.500000,565.438843
1412.000000,562.403503
1412.500000,560.333496
1413.000000,559.723999
1413.500000,559.920349
1414.000000,559.745605
1414.500000,558.446350
1415.000000,556.418640
1415.500000,554.245361
1416.000000,552.506897
1416.500000,551.548645
1417.000000,551.443970
1417.500000,552.054443
1418.000000,553.067566
1418.500000,553.864807
1419.000000,553.746460
1419.500000,552.677612
1420.000000,550.833252
1420.500000,548.948669
1421.000000,547.768555
1421.500000,547.747253
1422.000000,548.980713
1422.500000,551.139343
1423.000000,553.336060
1423.500000,554.422729
1424.000000,553.906494
1424.500000,551.769714
1425.000000,549.247070
1425.500000,547.476318
1426.000000,546.847351
1426.500000,546.942383
1427.000000,546.953674
1427.500000,546.499695
1428.000000,545.955261
1428.500000,546.085815
1429.000000,547.700195
1429.500000,550.424988
1430.000000,553.651733
1430.500000,556.532104
1431.000000,558.314331
1431.500000,558.489624
1432.000000,556.875305
1432.500000,553.667603
1433.000000,550.028931
1433.500000,547.555664
1434.000000,547.150513
1434.500000,549.358765
1435.000000,552.902283
1435.500000,556.417419
1436.000000,559.074036
1436.500000,560.834595
1437.000000,562.064209
1437.500000,563.032532
1438.000000,563.474121
1438.500000,563.151917
1439.000000,561.868286
1439.500000,560.180237
1440.000000,558.671753
1440.500000,557.591248
1441.000000,556.722473
1441.500000,555.685669
1442.000000,554.396606
1442.500000,553.217896
1443.000000,552.651794
1443.500000,553.223755
1444.000000,554.623352
1444.500000,556.557129
1445.000000,558.629272
1445.500000,560.747742
1446.000000,562.884094
1446.500000,564.773132
1447.000000,565.819824
1447.500000,565.656067
1448.000000,564.086121
1448.500000,561.973816
1449.000000,560.369202
1449.500000,560.037354
1450.000000,561.510742
1450.500000,564.584351
1451.000000,568.734009
1451.500000,573.292053
1452.000000,577.351074
1452.500000,579.809631
1453.000000,580.446472
1453.500000,579.344727
1454.000000,577.959900
1454.500000,577.653503
1455.000000,578.794250
1455.500000,580.550476
1456.000000,581.376038
1456.500000,580.332031
1457.000000,577.359863
1457.500000,573.632874
1458.000000,570.209839
1458.500000,567.570496
1459.000000,565.906433
1459.500000,565.047180
1460.000000,565.162354
1460.500000,566.307556
1461.000000,568.209595
1461.500000,570.407532
1462.000000,572.474121
1462.500000,574.352295
1463.000000,576.316833
1463.500000,578.604248
1464.000000,581.043518
1464.500000,583.222229
1465.000000,584.778381
1465.500000,585.568420
1466.000000,585.577454
1466.500000,584.869995
1467.000000,583.468872
1467.500000,581.906372
1468.000000,581.141602
1468.500000,581.788452
1469.000000,584.087830
1469.500000,586.945740
1470.000000,588.833862
1470.500000,588.914978
1471.000000,587.648743
1471.500000,586.168396
1472.000000,585.437866
1472.500000,585.653076
1473.000000,585.961121
1473.500000,585.626770
1474.000000,584.724365
1474.500000,583.890015
1475.000000,583.646179
1475.500000,583.875793
1476.000000,584.175110
1476.500000,584.537903
1477.000000,585.908020
1477.500000,589.173279
1478.000000,595.127197
1478.500000,602.342041
1479.000000,608.409302
1479.500000,611.142395
1480.000000,609.752991
1480.500000,605.283997
1481.000000,600.190247
1481.500000,596.810303
1482.000000,595.938049
1482.500000,597.692261
1483.000000,600.311951
1483.500000,602.293030
1484.000000,602.840637
1484.500000,601.939880
1485.000000,600.126953
1485.500000,597.961731
1486.000000,595.746277
1486.500000,593.716187
1487.000000,592.375671
1487.500000,592.099854
1488.000000,593.470642
1488.500000,596.027527
1489.000000,599.096985
1489.500000,602.003845
1490.000000,604.519348
1490.500000,606.747742
1491.000000,608.748291
1491.500000,610.085144
1492.000000,610.435852
1492.500000,609.713989
1493.000000,609.110168
1493.500000,610.149170
1494.000000,613.441711
1494.500000,618.508606
1495.000000,623.915649
1495.500000,628.320435
1496.000000,631.168396
1496.500000,633.173706
1497.000000,635.060669
1497.500000,637.197510
1498.000000,639.655640
1498.500000,642.729187
1499.000000,647.460083
1499.500000,654.905090
1500.000000,665.236877
1500.500000,677.584290
1501.000000,689.915344
1501.500000,700.566040
1502.000000,709.843506
1502.500000,718.804199
1503.000000,728.637634
1503.500000,739.615479
1504.000000,750.733337
1504.500000,760.481018
1505.000000,767.525513
1505.500000,771.494690
1506.000000,771.950806
1506.500000,769.603271
1507.000000,764.046814
1507.500000,756.162842
1508.000000,746.368530
1508.500000,735.785339
1509.000000,725.677795
1509.500000,717.528748
1510.000000,712.360901
1510.500000,710.626648
1511.000000,710.767395
1511.500000,710.760559
1512.000000,708.949097
1512.500000,704.993652
1513.000000,700.851440
1513.500000,699.007812
1514.000000,700.347290
1514.500000,702.924683
1515.000000,703.611511
1515.500000,700.579590
1516.000000,693.467285
1516.500000,685.116211
1517.000000,678.146912
1517.500000,673.557373
1518.000000,670.940430
1518.500000,668.684448
1519.000000,665.883179
1519.500000,662.687439
1520.000000,659.931335
1520.500000,658.483459
1521.000000,658.191223
1521.500000,658.443726
1522.000000,658.119080
1522.500000,656.572083
1523.000000,654.335571
1523.500000,652.562439
1524.000000,652.251099
1524.500000,653.329407
1525.000000,654.819824
1525.500000,655.494812
1526.000000,654.705383
1526.500000,653.508911
1527.000000,652.927124
1527.500000,653.121765
1528.000000,653.412842
1528.500000,652.944946
1529.000000,651.576050
1529.500000,649.893860
1530.000000,648.574951
1530.500000,647.622375
1531.000000,646.512878
1531.500000,645.039673
1532.000000,643.713867
1532.500000,643.277222
1533.000000,643.810730
1533.500000,644.707642
1534.000000,645.270386
1534.500000,645.628113
1535.000000,646.624146
1535.500000,648.688843
1536.000000,651.512207
1536.500000,653.784424
1537.000000,654.370056
1537.500000,653.574402
1538.000000,652.697205
1538.500000,652.912109
1539.000000,654.171570
1539.500000,655.474182
1540.000000,655.826294
1540.500000,654.979187
1541.000000,654.084106
1541.500000,654.461121
1542.000000,656.088806
1542.500000,657.937988
1543.000000,658.644348
1543.500000,657.575073
1544.000000,655.048279
1544.500000,652.097107
1545.000000,649.342529
1545.500000,646.826538
1546.000000,644.641418
1546.500000,643.248413
1547.000000,643.571411
1547.500000,645.654114
1548.000000,648.490051
1548.500000,650.406433
1549.000000,650.446716
1549.500000,649.256958
1550.000000,648.684143
1550.500000,650.206726
1551.000000,653.061279
1551.500000,655.629395
1552.000000,656.480530
1552.500000,655.347534
1553.000000,653.341431
1553.500000,651.634399
1554.000000,650.454163
1554.500000,649.310852
1555.000000,647.884766
1555.500000,646.541870
1556.000000,646.060913
1556.500000,646.670410
1557.000000,648.040466
1557.500000,649.575745
1558.000000,651.103455
1558.500000,652.944092
1559.000000,655.398499
1559.500000,658.438843
1560.000000,661.336365
1560.500000,663.071106
1561.000000,663.266785
1561.500000,661.515991
1562.000000,658.082458
1562.500000,653.428101
1563.000000,648.518616
1563.500000,644.837463
1564.000000,644.188416
1564.500000,646.619568
1565.000000,651.906189
1565.500000,657.829102
1566.000000,662.543274
1566.500000,665.320007
1567.000000,666.352600
1567.500000,666.435425
1568.000000,665.897949
1568.500000,664.300659
1569.000000,661.672241
1569.500000,658.993164
1570.000000,658.075867
1570.500000,660.888672
1571.000000,666.493774
1571.500000,672.181580
1572.000000,675.143677
1572.500000,674.329468
1573.000000,670.937073
1573.500000,667.656189
1574.000000,666.594788
1574.500000,667.518677
1575.000000,669.263000
1575.500000,670.546021
1576.000000,670.941956
1576.500000,670.735168
1577.000000,670.082397
1577.500000,668.828369
1578.000000,666.912842
1578.500000,664.724670
1579.000000,662.971191
1579.500000,662.204712
1580.000000,661.872131
1580.500000,660.952637
1581.000000,658.742981
1581.500000,655.570007
1582.000000,652.937561
1582.500000,652.182800
1583.000000,653.515259
1583.500000,655.282715
1584.000000,655.245300
1584.500000,652.830811
1585.000000,649.353821
1585.500000,647.574219
1586.000000,649.272156
1586.500000,653.311340
1587.000000,656.728821
1587.500000,656.770935
1588.000000,653.362854
1588.500000,648.786194
1589.000000,645.825012
1589.500000,645.777527
1590.000000,646.886780
1590.500000,646.787964
1591.000000,644.045410
1591.500000,638.830750
1592.000000,633.151733
1592.500000,629.160461
1593.000000,628.387817
1593.500000,630.094299
1594.000000,632.472534
1594.500000,632.666687
1595.000000,628.198303
1595.500000,620.360779
1596.000000,611.989075
1596.500000,606.253174
1597.000000,604.283020
1597.500000,604.762085
1598.000000,604.651184
1598.500000,601.957520
1599.000000,597.709412
1599.500000,593.630981
1600.000000,590.872498
1600.500000,589.376648
1601.000000,588.188049
1601.500000,586.826721
1602.000000,585.603577
1602.500000,584.782715
1603.000000,583.956970
1603.500000,582.321289
1604.000000,579.193237
1604.500000,575.349976
1605.000000,572.104309
1605.500000,570.311157
1606.000000,570.006348
1606.500000,570.392273
1607.000000,570.450745
1607.500000,569.384277
1608.000000,567.138062
1608.500000,563.942688
1609.000000,560.697571
1609.500000,558.383545
1610.000000,557.494446
1610.500000,558.080200
1611.000000,559.326294
1611.500000,560.196899
1612.000000,560.223694
1612.500000,559.849365
1613.000000,559.844116
1613.500000,560.424927
1614.000000,560.733765
1614.500000,559.169739
1615.000000,554.417114
1615.500000,547.296021
1616.000000,540.241760
1616.500000,536.232727
1617.000000,536.505615
1617.500000,540.462463
1618.000000,544.500366
1618.500000,545.661804
1619.000000,543.941589
1619.500000,540.681702
1620.000000,538.225464
1620.500000,537.893860
1621.000000,538.929199
1621.500000,539.677856
1622.000000,538.888367
1622.500000,536.646606
1623.000000,533.504211
1623.500000,530.535156
1624.000000,528.460388
1624.500000,527.303894
1625.000000,526.974976
1625.500000,527.152222
1626.000000,527.499756
1626.500000,527.634644
1627.000000,527.083984
1627.500000,525.091553
1628.000000,521.571106
1628.500000,516.671570
1629.000000,511.853241
1629.500000,509.009460
1630.000000,509.089874
1630.500000,511.244385
1631.000000,513.473328
1631.500000,513.979187
1632.000000,512.053406
1632.500000,508.925385
1633.000000,505.836884
1633.500000,503.118774
1634.000000,500.072693
1634.500000,496.048401
1635.000000,491.124329
1635.500000,486.255829
1636.000000,482.522217
1636.500000,480.421173
1637.000000,479.570923
1637.500000,479.835876
1638.000000,480.687897
1638.500000,481.657562
1639.000000,482.008148
1639.500000,481.276917
1640.000000,479.966980
1640.500000,479.223480
1641.000000,480.019348
1641.500000,482.002472
1642.000000,483.654816
1642.500000,483.565521
1643.000000,481.173309
1643.500000,478.009796
1644.000000,475.889679
1644.500000,475.906738
1645.000000,478.179352
1645.500000,481.885406
1646.000000,486.223816
1646.500000,490.789062
1647.000000,495.116791
1647.500000,498.255219
1648.000000,499.610474
1648.500000,498.752930
1649.000000,496.548096
1649.500000,494.167542
1650.000000,492.808014
1650.500000,493.156647
1651.000000,495.326721
1651.500000,498.297333
1652.000000,500.885864
1652.500000,502.088409
1653.000000,500.994110
1653.500000,498.072083
1654.000000,494.011230
1654.500000,489.585754
1655.000000,485.006561
1655.500000,480.287903
1656.000000,475.769104
1656.500000,472.365082
1657.000000,470.328094
1657.500000,469.140686
1658.000000,467.290955
1658.500000,463.522125
1659.000000,458.226074
1659.500000,453.051270
1660.000000,449.642334
1660.500000,448.172302
1661.000000,447.832275
1661.500000,447.337341
1662.000000,445.953766
1662.500000,443.832123
1663.000000,440.966705
1663.500000,437.427582
1664.000000,433.454498
1664.500000,429.820740
1665.000000,427.351105
1665.500000,426.096161
1666.000000,425.014130
1666.500000,423.219727
1667.000000,420.952759
1667.500000,419.204254
1668.000000,418.532623
1668.500000,418.304230
1669.000000,417.303864
1669.500000,415.194519
1670.000000,412.985718
1670.500000,412.031982
1671.000000,412.643036
1671.500000,413.122070
1672.000000,411.816528
1672.500000,409.168030
1673.000000,406.898346
1673.500000,406.683990
1674.000000,408.330566
1674.500000,409.932404
1675.000000,410.002472
1675.500000,408.577576
1676.000000,407.238800
1676.500000,407.389526
1677.000000,408.222076
1677.500000,408.230560
1678.000000,406.639618
1678.500000,403.867981
1679.000000,401.325897
1679.500000,399.904816
1680.000000,399.305145
1680.500000,398.571228
1681.000000,397.051270
1681.500000,395.060089
1682.000000,393.386353
1682.500000,392.577423
1683.000000,392.767212
1683.500000,393.355621
1684.000000,393.382507
1684.500000,391.881653
1685.000000,388.892609
1685.500000,385.421295
1686.000000,382.969574
1686.500000,382.716095
1687.000000,383.625244
1687.500000,383.636444
1688.000000,381.390839
1688.500000,377.247803
1689.000000,373.214539
1689.500000,371.205383
1690.000000,371.797821
1690.500000,373.168243
1691.000000,373.454163
1691.500000,372.257416
1692.000000,369.984894
1692.500000,367.673553
1693.000000,365.829895
1693.500000,364.507935
1694.000000,363.882050
1694.500000,364.298584
1695.000000,365.556305
1695.500000,366.824158
1696.000000,367.174133
1696.500000,366.411957
1697.000000,365.684814
1697.500000,366.317322
1698.000000,368.475006
1698.500000,370.847839
1699.000000,371.773010
1699.500000,370.734406
1700.000000,368.303894
1700.500000,366.055542
1701.000000,365.145660
1701.500000,365.212219
1702.000000,365.705505
1702.500000,366.133514
1703.000000,366.502747
1703.500000,366.962341
1704.000000,367.251038
1704.500000,366.643921
1705.000000,364.761078
1705.500000,361.700073
1706.000000,358.962860
1706.500000,358.415009
1707.000000,360.343597
1707.500000,363.790436
1708.000000,366.412384
1708.500000,365.946960
1709.000000,362.185974
1709.500000,357.250244
1710.000000,353.561676
1710.500000,352.115784
1711.000000,353.006836
1711.500000,355.035797
1712.000000,358.726288
1712.500000,365.396698
1713.000000,375.953125
1713.500000,388.519165
1714.000000,398.042114
1714.500000,398.862549
1715.000000,390.869354
1715.500000,375.811798
1716.000000,360.783661
1716.500000,351.493652
1717.000000,348.244537
1717.500000,348.728302
1718.000000,349.446838
1718.500000,348.512787
1719.000000,346.368164
1719.500000,344.794342
1720.000000,344.857727
1720.500000,345.829132
1721.000000,346.475677
1721.500000,345.883209
1722.000000,344.055267
1722.500000,341.726257
1723.000000,339.539459
1723.500000,337.723907
1724.000000,336.144684
1724.500000,334.811737
1725.000000,333.961914
1725.500000,334.209717
1726.000000,335.567871
1726.500000,337.791626
1727.000000,339.996368
1727.500000,341.477966
1728.000000,341.959290
1728.500000,341.631226
1729.000000,340.633667
1729.500000,339.165680
1730.000000,336.976257
1730.500000,334.143829
1731.000000,330.798615
1731.500000,327.532501
1732.000000,325.049530
1732.500000,323.768707
1733.000000,323.637146
1733.500000,324.169495
1734.000000,324.453827
1734.500000,323.777924
1735.000000,322.413147
1735.500000,321.124817
1736.000000,320.844604
1736.500000,322.125671
1737.000000,324.286469
1737.500000,326.250519
1738.000000,327.134644
1738.500000,326.909485
1739.000000,326.199982
1739.500000,325.941162
1740.000000,326.603302
1740.500000,327.639069
1741.000000,328.055267
1741.500000,327.092957
1742.000000,324.782898
1742.500000,321.917053
1743.000000,319.566467
1743.500000,318.625519
1744.000000,318.970245
1744.500000,320.187836
1745.000000,321.322723
1745.500000,321.318939
1746.000000,319.478455
1746.500000,315.723083
1747.000000,311.337433
1747.500000,308.338348
1748.000000,308.654053
1748.500000,312.191254
1749.000000,317.153259
1749.500000,320.829712
1750.000000,321.283936
1750.500000,319.217041
1751.000000,316.047455
1751.500000,313.273895
1752.000000,311.208252
1752.500000,309.530457
1753.000000,308.071259
1753.500000,307.308929
1754.000000,307.396790
1754.500000,307.975555
1755.000000,307.955292
1755.500000,306.316437
1756.000000,303.498108
1756.500000,300.821106
1757.000000,299.491455
1757.500000,299.705658
1758.000000,300.790375
1758.500000,301.601562
1759.000000,301.647430
1759.500000,301.338593
1760.000000,301.090790
1760.500000,300.992279
1761.000000,300.830383
1761.500000,300.584473
1762.000000,300.583679
1762.500000,301.204956
1763.000000,302.181793
1763.500000,302.604706
1764.000000,301.794983
1764.500000,299.315430
1765.000000,296.010071
1765.500000,292.928955
1766.000000,290.744659
1766.500000,289.546753
1767.000000,288.998718
1767.500000,288.641327
1768.000000,288.316315
1768.500000,288.078522
1769.000000,287.988312
1769.500000,287.824158
1770.000000,287.165527
1770.500000,285.959869
1771.000000,284.625397
1771.500000,283.960022
1772.000000,284.616821
1772.500000,286.481750
1773.000000,288.625854
1773.500000,290.095032
1774.000000,290.538788
1774.500000,289.877991
1775.000000,288.833710
1775.500000,288.205597
1776.000000,288.755585
1776.500000,290.776978
1777.000000,293.295288
1777.500000,294.444672
1778.000000,292.322571
1778.500000,287.598724
1779.000000,282.405731
1779.500000,279.444855
1780.000000,279.870514
1780.500000,282.193878
1781.000000,284.168365
1781.500000,284.576233
1782.000000,284.136871
1782.500000,284.005859
1783.000000,284.550690
1783.500000,285.072968
1784.000000,284.744934
1784.500000,283.502625
1785.000000,282.259369
1785.500000,281.905212
1786.000000,282.303741
1786.500000,282.340027
1787.000000,280.899384
1787.500000,278.093872
1788.000000,275.096802
1788.500000,273.477264
1789.000000,274.080536
1789.500000,275.867645
1790.000000,277.305176
1790.500000,277.358002
1791.000000,276.213837
1791.500000,274.582306
1792.000000,273.042084
1792.500000,271.618408
1793.000000,270.064575
1793.500000,268.246948
1794.000000,266.270630
1794.500000,264.353180
1795.000000,262.942047
1795.500000,262.677399
1796.000000,263.927185
1796.500000,266.219482
1797.000000,268.471344
1797.500000,269.809052
1798.000000,269.838440
1798.500000,269.038239
1799.000000,267.302368
1799.500000,264.810486
1800.000000,262.286041
1800.500000,261.170227
1801.000000,262.583160
1801.500000,265.975006
1802.000000,268.895172
1802.500000,269.051727
1803.000000,266.652618
1803.500000,262.911377
1804.000000,259.943787
1804.500000,259.054382
1805.000000,260.539581
1805.500000,264.124115
1806.000000,268.398743
1806.500000,271.465240
1807.000000,271.816650
1807.500000,270.172272
1808.000000,267.932526
1808.500000,266.132141
1809.000000,264.428986
1809.500000,262.312531
1810.000000,260.345886
