440.000000,1515.859253
440.500000,1514.654785
441.000000,1513.048828
441.500000,1511.560913
442.000000,1510.522949
442.500000,1510.069946
443.000000,1509.908081
443.500000,1509.570435
444.000000,1508.867676
444.500000,1507.970215
445.000000,1507.409546
445.500000,1507.949463
446.000000,1510.293701
446.500000,1514.182861
447.000000,1518.870605
447.500000,1523.112793
448.000000,1525.255981
448.500000,1524.524414
449.000000,1520.709595
449.500000,1515.368286
450.000000,1510.021362
450.500000,1506.106323
451.000000,1504.481201
451.500000,1504.487671
452.000000,1504.562134
452.500000,1503.319702
453.000000,1500.416626
453.500000,1496.030518
454.000000,1491.835938
454.500000,1489.188599
455.000000,1488.319092
455.500000,1488.616455
456.000000,1488.599731
456.500000,1486.713135
457.000000,1482.371094
457.500000,1476.612915
458.000000,1470.782227
458.500000,1466.419800
459.000000,1464.831665
459.500000,1465.050415
460.000000,1465.734741
460.500000,1465.383789
461.000000,1463.033081
461.500000,1458.464355
462.000000,1453.289917
462.500000,1449.052002
463.000000,1446.522461
463.500000,1446.238403
464.000000,1447.292480
464.500000,1448.446533
465.000000,1448.864746
465.500000,1448.357910
466.000000,1447.206543
466.500000,1446.037231
467.000000,1445.311768
467.500000,1444.901855
468.000000,1444.549927
468.500000,1443.983521
469.000000,1443.063232
469.500000,1441.935181
470.000000,1440.822876
470.500000,1439.823120
471.000000,1438.941772
471.500000,1438.211670
472.000000,1437.761230
472.500000,1437.981445
473.000000,1438.957520
473.500000,1440.836182
474.000000,1443.269775
474.500000,1445.646973
475.000000,1447.155273
475.500000,1447.248169
476.000000,1445.485718
476.500000,1442.113525
477.000000,1437.234985
477.500000,1431.854614
478.000000,1426.970337
478.500000,1423.250610
479.000000,1421.369141
479.500000,1421.464111
480.000000,1423.461060
480.500000,1426.769165
481.000000,1430.606201
481.500000,1434.201782
482.000000,1436.825562
482.500000,1437.187134
483.000000,1435.262207
483.500000,1431.222412
484.000000,1426.175171
484.500000,1421.428955
485.000000,1418.277466
485.500000,1417.126465
486.000000,1417.270630
486.500000,1417.338501
487.000000,1415.953003
487.500000,1412.838989
488.000000,1408.180298
488.500000,1403.715332
489.000000,1401.095703
489.500000,1401.406006
490.000000,1404.965820
490.500000,1411.544312
491.000000,1419.271484
491.500000,1426.006348
492.000000,1430.401367
492.500000,1431.035034
493.000000,1428.572876
493.500000,1424.134399
494.000000,1419.813721
494.500000,1416.652344
495.000000,1414.649902
495.500000,1412.885620
496.000000,1410.255493
496.500000,1406.868774
497.000000,1404.080566
497.500000,1403.167236
498.000000,1405.146851
498.500000,1409.197144
499.000000,1413.278931
499.500000,1415.488281
500.000000,1415.479858
500.500000,1413.750610
501.000000,1411.542847
501.500000,1409.360107
502.000000,1406.795410
502.500000,1403.507324
503.000000,1400.409180
503.500000,1399.601807
504.000000,1403.246338
504.500000,1411.848999
505.000000,1422.609863
505.500000,1431.814697
506.000000,1436.627808
506.500000,1437.980103
507.000000,1438.277832
507.500000,1440.122925
508.000000,1442.218262
508.500000,1439.596191
509.000000,1436.974121
509.500000,1434.352051
510.000000,1431.729980
510.500000,1429.107788
511.000000,1426.485718
511.500000,1423.863647
512.000000,1421.241577
512.500000,1418.619507
513.000000,1415.997437
513.500000,1413.375366
514.000000,1410.753296
514.500000,1408.131226
515.000000,1405.509033
515.500000,1402.886963
516.000000,1400.264893
516.500000,1397.642822
517.000000,1395.020752
517.500000,1392.398682
518.000000,1389.776611
518.500000,1387.154541
519.000000,1384.532349
519.500000,1381.910278
520.000000,1379.288208
520.500000,1376.666138
521.000000,1374.044067
521.500000,1371.421997
522.000000,1368.799927
522.500000,1366.177856
523.000000,1363.555786
523.500000,1360.933594
524.000000,1358.311523
524.500000,1355.689453
525.000000,1353.067383
525.500000,1349.298584
526.000000,1348.920654
526.500000,1350.752075
527.000000,1352.374512
527.500000,1352.033936
528.000000,1349.723999
528.500000,1346.609741
529.000000,1343.802734
529.500000,1341.433105
530.000000,1338.627808
530.500000,1334.906494
531.000000,1331.171265
531.500000,1329.080322
532.000000,1329.580933
532.500000,1332.803711
533.000000,1336.611206
533.500000,1338.989014
534.000000,1339.068359
534.500000,1337.637329
535.000000,1336.091919
535.500000,1335.722900
536.000000,1336.605469
536.500000,1337.643799
537.000000,1337.999023
537.500000,1337.531738
538.000000,1336.662720
538.500000,1335.841919
539.000000,1334.716553
539.500000,1332.253540
540.000000,1328.008179
540.500000,1321.797974
541.000000,1315.202637
541.500000,1310.337646
542.000000,1307.975464
542.500000,1307.886353
543.000000,1308.782837
543.500000,1309.253418
544.000000,1308.511841
544.500000,1307.198364
545.000000,1306.486938
545.500000,1306.837891
546.000000,1308.118896
546.500000,1309.215698
547.000000,1308.625000
547.500000,1305.803101
548.000000,1301.396484
548.500000,1296.592896
549.000000,1292.675903
549.500000,1290.700684
550.000000,1290.475708
550.500000,1291.276245
551.000000,1291.915161
551.500000,1291.602417
552.000000,1290.178711
552.500000,1287.887939
553.000000,1285.383545
553.500000,1283.393433
554.000000,1282.437256
554.500000,1282.542480
555.000000,1283.992554
555.500000,1286.469849
556.000000,1290.035156
556.500000,1294.157715
557.000000,1298.305420
557.500000,1301.884644
558.000000,1304.428711
558.500000,1305.656006
559.000000,1305.956543
559.500000,1306.135620
560.000000,1307.092529
560.500000,1309.897705
561.000000,1314.837524
561.500000,1322.346924
562.000000,1332.056641
562.500000,1342.892456
563.000000,1353.504761
563.500000,1362.597168
564.000000,1368.729126
564.500000,1371.874390
565.000000,1371.519897
565.500000,1369.394653
566.000000,1366.447266
566.500000,1363.465942
567.000000,1360.697388
567.500000,1357.966187
568.000000,1354.886353
568.500000,1351.223999
569.000000,1347.146729
569.500000,1342.846313
570.000000,1338.650513
570.500000,1334.945557
571.000000,1332.120483
571.500000,1330.701660
572.000000,1330.859741
572.500000,1332.416138
573.000000,1334.838135
573.500000,1337.129395
574.000000,1338.032959
574.500000,1337.164917
575.000000,1334.397461
575.500000,1330.516846
576.000000,1326.073364
576.500000,1321.575439
577.000000,1317.264771
577.500000,1313.272461
578.000000,1309.795532
578.500000,1307.400269
579.000000,1306.374634
579.500000,1307.386841
580.000000,1310.052612
580.500000,1313.926147
581.000000,1317.840088
581.500000,1320.777344
582.000000,1321.990234
582.500000,1321.239868
583.000000,1318.477417
583.500000,1314.544800
584.000000,1310.264160
584.500000,1306.271973
585.000000,1302.751343
585.500000,1299.347290
586.000000,1295.472656
586.500000,1290.684570
587.000000,1285.251831
587.500000,1280.017212
588.000000,1275.858521
588.500000,1273.645874
589.000000,1273.037964
589.500000,1273.547852
590.000000,1273.932129
590.500000,1273.461304
591.000000,1272.166748
591.500000,1270.526245
592.000000,1269.232666
592.500000,1268.823486
593.000000,1269.695312
593.500000,1271.422485
594.000000,1273.863159
594.500000,1276.613037
595.000000,1279.441406
595.500000,1282.113037
596.000000,1284.385498
596.500000,1286.219360
597.000000,1287.733521
597.500000,1289.063110
598.000000,1290.321533
598.500000,1291.413330
599.000000,1292.139771
599.500000,1292.204590
600.000000,1291.755981
600.500000,1291.039551
601.000000,1290.377686
601.500000,1289.910889
602.000000,1289.473755
602.500000,1288.664551
603.000000,1287.195435
603.500000,1285.386475
604.000000,1283.833618
604.500000,1283.093872
605.000000,1283.563110
605.500000,1284.821655
606.000000,1285.862671
606.500000,1285.755859
607.000000,1284.223022
607.500000,1281.388672
608.000000,1278.135986
608.500000,1275.406616
609.000000,1273.771240
609.500000,1273.537476
610.000000,1274.509033
610.500000,1276.704468
611.000000,1280.093018
611.500000,1284.546387
612.000000,1289.824829
612.500000,1295.196411
613.000000,1300.005493
613.500000,1304.166138
614.000000,1307.913818
614.500000,1311.919189
615.000000,1316.812866
615.500000,1322.529297
616.000000,1328.063843
616.500000,1332.156860
617.000000,1334.170044
617.500000,1333.879761
618.000000,1332.630493
618.500000,1332.201904
619.000000,1333.853638
619.500000,1337.823730
620.000000,1342.838379
620.500000,1347.110107
621.000000,1348.940552
621.500000,1347.628418
622.000000,1343.058350
622.500000,1337.199219
623.000000,1331.662109
623.500000,1327.557129
624.000000,1325.766479
624.500000,1326.019531
625.000000,1327.959106
625.500000,1330.865601
626.000000,1334.015259
626.500000,1337.025513
627.000000,1339.725830
627.500000,1341.994507
628.000000,1343.920166
628.500000,1345.444702
629.000000,1346.660889
629.500000,1347.718018
630.000000,1348.980835
630.500000,1351.034424
631.000000,1354.585938
631.500000,1359.939697
632.000000,1367.333008
632.500000,1375.529419
633.000000,1383.145996
633.500000,1389.108398
634.000000,1392.433350
634.500000,1393.351685
635.000000,1392.474609
635.500000,1390.849365
636.000000,1389.522339
636.500000,1389.194702
637.000000,1390.134644
637.500000,1393.081299
638.000000,1397.935913
638.500000,1405.046875
639.000000,1413.543823
639.500000,1421.939941
640.000000,1428.672729
640.500000,1432.571411
641.000000,1432.939331
641.500000,1430.527100
642.000000,1425.880005
642.500000,1420.411865
643.000000,1414.805908
643.500000,1409.428223
644.000000,1404.621460
644.500000,1400.731323
645.000000,1398.200317
645.500000,1397.385132
646.000000,1397.944214
646.500000,1399.364746
647.000000,1401.086548
647.500000,1403.228271
648.000000,1406.226807
648.500000,1411.006958
649.000000,1417.807251
649.500000,1425.892944
650.000000,1433.468628
650.500000,1438.743164
651.000000,1440.162354
651.500000,1438.126953
652.000000,1433.057129
652.500000,1427.104248
653.000000,1421.807983
653.500000,1417.565063
654.000000,1413.925415
654.500000,1409.883789
655.000000,1404.544922
655.500000,1397.500488
656.000000,1389.400391
656.500000,1381.476196
657.000000,1374.766113
657.500000,1370.012817
658.000000,1366.637573
658.500000,1363.857666
659.000000,1360.679932
659.500000,1356.567871
660.000000,1351.915771
660.500000,1347.857666
661.000000,1345.612061
661.500000,1345.333740
662.000000,1346.992432
662.500000,1349.207275
663.000000,1350.559570
663.500000,1350.030029
664.000000,1347.523682
664.500000,1343.741699
665.000000,1339.815186
665.500000,1336.888184
666.000000,1335.544312
666.500000,1336.415161
667.000000,1338.854492
667.500000,1342.254883
668.000000,1345.744751
668.500000,1348.726685
669.000000,1350.935181
669.500000,1352.373535
670.000000,1353.151855
670.500000,1353.482056
671.000000,1353.468750
671.500000,1353.364502
672.000000,1353.559570
672.500000,1354.423706
673.000000,1356.335083
673.500000,1359.088379
674.000000,1361.956421
674.500000,1363.806396
675.000000,1364.020142
675.500000,1362.359863
676.000000,1359.607422
676.500000,1356.287476
677.000000,1352.779907
677.500000,1348.572876
678.000000,1342.820190
678.500000,1335.043213
679.000000,1325.807373
679.500000,1316.512451
680.000000,1308.802368
680.500000,1303.411865
681.000000,1300.697266
681.500000,1299.139160
682.000000,1297.286255
682.500000,1294.429077
683.000000,1290.630615
683.500000,1286.647339
684.000000,1283.281616
684.500000,1280.979248
685.000000,1279.480957
685.500000,1278.206299
686.000000,1276.563843
686.500000,1274.256714
687.000000,1271.546143
687.500000,1268.842041
688.000000,1266.634155
688.500000,1265.326294
689.000000,1265.043823
689.500000,1265.338623
690.000000,1265.560913
690.500000,1265.093994
691.000000,1263.237671
691.500000,1260.154907
692.000000,1255.953247
692.500000,1251.253662
693.000000,1246.599365
693.500000,1242.331543
694.000000,1238.587280
694.500000,1235.480835
695.000000,1232.945312
695.500000,1230.996704
696.000000,1229.317017
696.500000,1227.551758
697.000000,1225.462280
697.500000,1223.199219
698.000000,1221.322876
698.500000,1220.542603
699.000000,1221.350586
699.500000,1223.410767
700.000000,1225.875122
700.500000,1227.350708
701.000000,1226.540894
701.500000,1223.822266
702.000000,1219.948730
702.500000,1216.428345
703.000000,1214.669189
703.500000,1215.402832
704.000000,1218.251709
704.500000,1222.183960
705.000000,1225.614014
705.500000,1227.268677
706.000000,1227.240845
706.500000,1225.919678
707.000000,1224.634277
707.500000,1224.852783
708.000000,1227.628662
708.500000,1232.944702
709.000000,1239.781250
709.500000,1246.491333
710.000000,1251.466675
710.500000,1254.334473
711.000000,1254.960327
711.500000,1254.550537
712.000000,1254.117798
712.500000,1254.093140
713.000000,1253.941162
713.500000,1252.667480
714.000000,1249.656128
714.500000,1244.635620
715.000000,1238.607910
715.500000,1232.655029
716.000000,1227.700928
716.500000,1224.095581
717.000000,1221.395386
717.500000,1219.375000
718.000000,1218.162231
718.500000,1218.113159
719.000000,1219.645752
719.500000,1222.265015
720.000000,1225.006226
720.500000,1226.725952
721.000000,1227.061401
721.500000,1227.104004
722.000000,1228.642578
722.500000,1233.171265
723.000000,1241.088989
723.500000,1251.632446
724.000000,1262.669189
724.500000,1272.294189
725.000000,1280.423340
725.500000,1287.964600
726.000000,1296.658569
726.500000,1308.341187
727.000000,1323.718384
727.500000,1342.905029
728.000000,1365.611816
728.500000,1390.930908
729.000000,1418.423706
729.500000,1447.083618
730.000000,1475.993286
730.500000,1503.847534
731.000000,1528.911499
731.500000,1550.254517
732.000000,1567.016113
732.500000,1579.235718
733.000000,1588.286011
733.500000,1594.854126
734.000000,1599.643677
734.500000,1601.466431
735.000000,1599.321777
735.500000,1590.181396
736.000000,1573.482910
736.500000,1548.475830
737.000000,1518.216797
737.500000,1486.283936
738.000000,1455.623901
738.500000,1427.484375
739.000000,1401.963013
739.500000,1377.484253
740.000000,1353.256470
740.500000,1329.624512
741.000000,1308.648315
741.500000,1291.944092
742.000000,1280.298340
742.500000,1272.998535
743.000000,1267.874146
743.500000,1263.042969
744.000000,1257.321289
744.500000,1250.498779
745.000000,1243.565918
745.500000,1237.461304
746.000000,1232.431641
746.500000,1228.375000
747.000000,1224.933105
747.500000,1221.801636
748.000000,1218.883179
748.500000,1216.093384
749.000000,1213.275879
749.500000,1210.162231
750.000000,1206.479736
750.500000,1202.368530
751.000000,1198.256226
751.500000,1194.847046
752.000000,1192.898071
752.500000,1193.029419
753.000000,1195.073364
753.500000,1198.735596
754.000000,1202.688354
754.500000,1205.736328
755.000000,1207.264893
755.500000,1206.791992
756.000000,1204.693848
756.500000,1201.541626
757.000000,1198.049927
757.500000,1194.895630
758.000000,1192.726685
758.500000,1191.601440
759.000000,1191.657715
759.500000,1192.220093
760.000000,1192.415161
760.500000,1191.288086
761.000000,1187.970337
761.500000,1182.419556
762.000000,1175.548584
762.500000,1169.002930
763.000000,1164.237915
763.500000,1162.525146
764.000000,1163.203491
764.500000,1165.655518
765.000000,1168.368408
765.500000,1170.095581
766.000000,1170.144653
766.500000,1168.286743
767.000000,1164.681152
767.500000,1159.990112
768.000000,1154.593140
768.500000,1149.108398
769.000000,1144.209473
769.500000,1140.406616
770.000000,1138.421387
770.500000,1138.330933
771.000000,1139.897339
771.500000,1142.165405
772.000000,1143.842896
772.500000,1143.806641
773.000000,1142.010620
773.500000,1138.714355
774.000000,1135.352905
774.500000,1133.415527
775.000000,1133.676270
775.500000,1136.427734
776.000000,1140.882812
776.500000,1145.765869
777.000000,1150.134155
777.500000,1153.569458
778.000000,1155.777344
778.500000,1157.068970
779.000000,1157.457397
779.500000,1157.308472
780.000000,1157.034180
780.500000,1157.319702
781.000000,1158.766113
781.500000,1161.539551
782.000000,1164.999146
782.500000,1168.060791
783.000000,1169.766113
783.500000,1169.253540
784.000000,1167.290894
784.500000,1165.049316
785.000000,1164.072876
785.500000,1165.232910
786.000000,1168.167358
786.500000,1171.698730
787.000000,1174.679077
787.500000,1176.680420
788.000000,1177.823364
788.500000,1178.952515
789.000000,1180.626343
789.500000,1182.648071
790.000000,1184.207886
790.500000,1184.663940
791.000000,1184.120605
791.500000,1183.335327
792.000000,1183.230713
792.500000,1184.368652
793.000000,1186.112549
793.500000,1187.410156
794.000000,1187.522705
794.500000,1186.486816
795.000000,1185.674561
795.500000,1186.575073
796.000000,1189.908325
796.500000,1194.896729
797.000000,1200.042847
797.500000,1203.730713
798.000000,1204.515991
798.500000,1202.983887
799.000000,1199.855957
799.500000,1196.468140
800.000000,1193.518555
800.500000,1190.894287
801.000000,1188.006592
801.500000,1184.202759
802.000000,1179.453003
802.500000,1174.140747
803.000000,1169.341187
803.500000,1166.432007
804.000000,1165.944580
804.500000,1167.848267
805.000000,1170.844971
805.500000,1173.519043
806.000000,1174.938843
806.500000,1175.266113
807.000000,1175.219604
807.500000,1175.730347
808.000000,1177.275269
808.500000,1179.239014
809.000000,1180.600220
809.500000,1180.664062
810.000000,1179.622070
810.500000,1178.239380
811.000000,1177.297729
811.500000,1177.206299
812.000000,1177.733398
812.500000,1178.811401
813.000000,1180.412476
813.500000,1182.933960
814.000000,1186.340576
814.500000,1189.945068
815.000000,1192.542969
815.500000,1193.402222
816.000000,1192.688477
816.500000,1191.890015
817.000000,1192.945190
817.500000,1196.408936
818.000000,1202.034912
818.500000,1207.714355
819.000000,1211.024902
819.500000,1210.562744
820.000000,1206.876709
820.500000,1201.651978
821.000000,1197.157593
821.500000,1195.532593
822.000000,1197.169800
822.500000,1202.597168
823.000000,1210.294800
823.500000,1218.907593
824.000000,1226.782715
824.500000,1232.606079
825.000000,1236.037354
825.500000,1237.842285
826.000000,1238.866333
826.500000,1240.031128
827.000000,1241.921753
827.500000,1244.594971
828.000000,1248.353882
828.500000,1253.284302
829.000000,1259.469727
829.500000,1266.340698
830.000000,1272.549561
830.500000,1276.509399
831.000000,1277.909668
831.500000,1277.027710
832.000000,1275.819702
832.500000,1276.084351
833.000000,1278.360962
833.500000,1282.192871
834.000000,1286.056030
834.500000,1288.563599
835.000000,1289.148804
835.500000,1288.528442
836.000000,1287.451050
836.500000,1286.233276
837.000000,1284.324463
837.500000,1281.252319
838.000000,1276.791870
838.500000,1271.817871
839.000000,1267.770874
839.500000,1265.997803
840.000000,1266.777588
840.500000,1269.514160
841.000000,1272.183228
841.500000,1272.555176
842.000000,1270.062866
842.500000,1264.475830
843.000000,1257.410889
843.500000,1250.731079
844.000000,1246.025269
844.500000,1243.873779
845.000000,1243.971313
845.500000,1244.923706
846.000000,1245.618530
846.500000,1245.773193
847.000000,1246.039429
847.500000,1247.331787
848.000000,1250.392944
848.500000,1255.030640
849.000000,1260.547241
849.500000,1266.170654
850.000000,1271.480713
850.500000,1276.543823
851.000000,1281.750488
851.500000,1287.425171
852.000000,1293.339600
852.500000,1298.836426
853.000000,1303.146240
853.500000,1305.412598
854.000000,1305.076660
854.500000,1302.235962
855.000000,1297.200073
855.500000,1291.293335
856.000000,1285.854126
856.500000,1281.783813
857.000000,1279.621582
857.500000,1278.638550
858.000000,1277.810181
858.500000,1276.300415
859.000000,1273.798218
859.500000,1270.220459
860.000000,1265.664307
860.500000,1259.708618
861.000000,1252.473755
861.500000,1244.186035
862.000000,1236.081909
862.500000,1229.770630
863.000000,1226.155396
863.500000,1225.031860
864.000000,1224.890259
864.500000,1224.129272
865.000000,1222.053711
865.500000,1219.493530
866.000000,1217.859497
866.500000,1217.811646
867.000000,1219.190552
867.500000,1220.605957
868.000000,1220.685791
868.500000,1218.998535
869.000000,1216.307007
869.500000,1213.664795
870.000000,1211.409424
870.500000,1208.817627
871.000000,1205.109497
871.500000,1200.097412
872.000000,1195.146240
872.500000,1192.314941
873.000000,1192.879272
873.500000,1196.417480
874.000000,1200.935181
874.500000,1203.746338
875.000000,1202.571777
875.500000,1198.202271
876.000000,1192.402466
876.500000,1187.637085
877.000000,1185.464966
877.500000,1185.749878
878.000000,1187.542603
878.500000,1189.663574
879.000000,1191.254150
879.500000,1191.885376
880.000000,1191.751953
880.500000,1190.985474
881.000000,1190.056274
881.500000,1189.432007
882.000000,1189.434082
882.500000,1190.032959
883.000000,1190.730103
883.500000,1190.814209
884.000000,1189.656128
884.500000,1187.367310
885.000000,1184.211792
885.500000,1180.935669
886.000000,1178.049683
886.500000,1175.753052
887.000000,1174.255737
887.500000,1173.736816
888.000000,1174.434692
888.500000,1176.318481
889.000000,1178.695679
889.500000,1180.665894
890.000000,1181.664917
890.500000,1181.478516
891.000000,1180.827026
891.500000,1180.343750
892.000000,1180.126343
892.500000,1179.458130
893.000000,1177.161377
893.500000,1172.599854
894.000000,1165.811768
894.500000,1158.499878
895.000000,1152.968872
895.500000,1150.323730
896.000000,1151.298462
896.500000,1154.572510
897.000000,1158.344238
897.500000,1160.650879
898.000000,1160.303345
898.500000,1157.051025
899.000000,1152.451660
899.500000,1148.612183
900.000000,1147.178589
900.500000,1149.300537
901.000000,1153.584473
901.500000,1157.820557
902.000000,1159.957764
902.500000,1159.355103
903.000000,1156.803101
903.500000,1154.101562
904.000000,1152.723389
904.500000,1152.822144
905.000000,1154.201660
905.500000,1156.148315
906.000000,1158.677368
906.500000,1162.027832
907.000000,1166.229126
907.500000,1170.486816
908.000000,1173.359375
908.500000,1173.458740
909.000000,1171.382812
909.500000,1168.377686
910.000000,1166.377197
910.500000,1166.722534
911.000000,1169.025024
911.500000,1172.232056
912.000000,1175.070435
912.500000,1176.842896
913.000000,1177.404541
913.500000,1177.136841
914.000000,1176.090210
914.500000,1174.532104
915.000000,1172.790894
915.500000,1171.598267
916.000000,1171.657715
916.500000,1172.823853
917.000000,1174.104248
917.500000,1174.128296
918.000000,1172.306885
918.500000,1168.990234
919.000000,1165.926514
919.500000,1165.077148
920.000000,1166.625854
920.500000,1169.694214
921.000000,1172.102539
921.500000,1172.039551
922.000000,1169.349487
922.500000,1165.981812
923.000000,1164.820312
923.500000,1167.227661
924.000000,1173.796265
924.500000,1181.913940
925.000000,1189.007568
925.500000,1193.343262
926.000000,1194.409058
926.500000,1193.397705
927.000000,1192.052612
927.500000,1191.600830
928.000000,1192.090332
928.500000,1192.845337
929.000000,1192.958984
929.500000,1191.915405
930.000000,1190.281860
930.500000,1188.961426
931.000000,1188.593628
931.500000,1189.196289
932.000000,1190.160522
932.500000,1190.561523
933.000000,1189.449341
933.500000,1186.749756
934.000000,1182.402222
934.500000,1177.355835
935.000000,1172.543701
935.500000,1168.840454
936.000000,1166.888916
936.500000,1166.754395
937.000000,1167.862061
937.500000,1169.474976
938.000000,1170.791260
938.500000,1171.362793
939.000000,1171.494873
939.500000,1171.730957
940.000000,1172.680176
940.500000,1174.830322
941.000000,1178.138306
941.500000,1182.097046
942.000000,1185.901001
942.500000,1188.749146
943.000000,1189.798950
943.500000,1189.250366
944.000000,1187.264038
944.500000,1184.776367
945.000000,1182.591919
945.500000,1181.317139
946.000000,1181.333618
946.500000,1182.779053
947.000000,1185.432373
947.500000,1189.015259
948.000000,1192.670166
948.500000,1195.238037
949.000000,1196.097412
949.500000,1194.828491
950.000000,1192.356323
950.500000,1190.111938
951.000000,1189.507202
951.500000,1191.057129
952.000000,1194.389648
952.500000,1197.998291
953.000000,1200.330566
953.500000,1200.975098
954.000000,1200.097656
954.500000,1199.068970
955.000000,1199.223022
955.500000,1201.211426
956.000000,1204.871216
956.500000,1209.454468
957.000000,1213.829102
957.500000,1216.985107
958.000000,1218.817505
958.500000,1219.436890
959.000000,1219.747559
959.500000,1220.567505
960.000000,1222.346069
960.500000,1225.129150
961.000000,1228.636475
961.500000,1232.455688
962.000000,1236.357300
962.500000,1240.172119
963.000000,1243.546387
963.500000,1246.126831
964.000000,1247.235474
964.500000,1246.710449
965.000000,1244.476196
965.500000,1240.790527
966.000000,1236.022461
966.500000,1230.403076
967.000000,1224.470703
967.500000,1219.047729
968.000000,1214.942017
968.500000,1213.110352
969.000000,1213.052734
969.500000,1213.518433
970.000000,1212.614990
970.500000,1208.951904
971.000000,1202.411011
971.500000,1194.776489
972.000000,1188.457275
972.500000,1184.742310
973.000000,1184.004272
973.500000,1184.376953
974.000000,1184.026855
974.500000,1181.876831
975.000000,1177.952393
975.500000,1173.255493
976.000000,1169.121216
976.500000,1166.745117
977.000000,1166.364502
977.500000,1168.496338
978.000000,1172.313843
978.500000,1177.138428
979.000000,1181.620605
979.500000,1184.395508
980.000000,1184.874512
980.500000,1183.780151
981.000000,1182.893555
981.500000,1184.138428
982.000000,1188.914062
982.500000,1195.534546
983.000000,1201.428711
983.500000,1204.179932
984.000000,1202.406616
984.500000,1197.427490
985.000000,1191.926514
985.500000,1188.590210
986.000000,1188.391357
986.500000,1191.088379
987.000000,1194.530762
987.500000,1196.827515
988.000000,1197.228516
988.500000,1195.492798
989.000000,1192.307007
989.500000,1188.297119
990.000000,1184.183105
990.500000,1180.977539
991.000000,1180.364502
991.500000,1183.342773
992.000000,1191.859985
992.500000,1204.480347
993.000000,1220.547974
993.500000,1238.350586
994.000000,1257.285156
994.500000,1277.513916
995.000000,1299.537720
995.500000,1323.536011
996.000000,1348.252563
996.500000,1371.217285
997.000000,1390.068970
997.500000,1401.117920
998.000000,1403.923950
998.500000,1397.518066
999.000000,1383.738281
999.500000,1365.184326
1000.000000,1344.831421
1000.500000,1325.478394
1001.000000,1309.011719
1001.500000,1295.149658
1002.000000,1283.377075
1002.500000,1272.156616
1003.000000,1260.685669
1003.500000,1248.825684
1004.000000,1236.788574
1004.500000,1224.794556
1005.000000,1213.000977
1005.500000,1201.846191
1006.000000,1191.991943
1006.500000,1184.994995
1007.000000,1180.960938
1007.500000,1179.909912
1008.000000,1179.955688
1008.500000,1179.038452
1009.000000,1175.883057
1009.500000,1170.837280
1010.000000,1165.651733
1010.500000,1162.466919
1011.000000,1163.180420
1011.500000,1166.900757
1012.000000,1172.268921
1012.500000,1176.935425
1013.000000,1179.145630
1013.500000,1178.658569
1014.000000,1176.211182
1014.500000,1173.080078
1015.000000,1170.525635
1015.500000,1169.424072
1016.000000,1169.723877
1016.500000,1171.429321
1017.000000,1173.776489
1017.500000,1176.130981
1018.000000,1177.909546
1018.500000,1178.800293
1019.000000,1178.995972
1019.500000,1179.156128
1020.000000,1180.151123
1020.500000,1182.422607
1021.000000,1186.246216
1021.500000,1190.713135
1022.000000,1194.694214
1022.500000,1197.165283
1023.000000,1197.348145
1023.500000,1195.418335
1024.000000,1192.179688
1024.500000,1188.641357
1025.000000,1185.686523
1025.500000,1183.871094
1026.000000,1182.887573
1026.500000,1182.294434
1027.000000,1181.376587
1027.500000,1179.434448
1028.000000,1176.178223
1028.500000,1171.485474
1029.000000,1165.364868
1029.500000,1158.003296
1030.000000,1149.260864
1030.500000,1139.415039
1031.000000,1128.571167
1031.500000,1117.544189
1032.000000,1107.361938
1032.500000,1098.836304
1033.000000,1092.493164
1033.500000,1088.064209
1034.000000,1084.705811
1034.500000,1081.646729
1035.000000,1078.367065
1035.500000,1074.677124
1036.000000,1070.656860
1036.500000,1066.184326
1037.000000,1061.332520
1037.500000,1056.565552
1038.000000,1052.941772
1038.500000,1051.723267
1039.000000,1053.641357
1039.500000,1057.541138
1040.000000,1061.213867
1040.500000,1062.377686
1041.000000,1059.280640
1041.500000,1053.526245
1042.000000,1047.630005
1042.500000,1044.071045
1043.000000,1043.654419
1043.500000,1045.182861
1044.000000,1046.477417
1044.500000,1046.067505
1045.000000,1044.425781
1045.500000,1042.953003
1046.000000,1042.830322
1046.500000,1044.223877
1047.000000,1045.755981
1047.500000,1045.886353
1048.000000,1044.155762
1048.500000,1041.651855
1049.000000,1040.293579
1049.500000,1041.278320
1050.000000,1045.008301
1050.500000,1049.643433
1051.000000,1053.218506
1051.500000,1054.630371
1052.000000,1053.593628
1052.500000,1050.943848
1053.000000,1047.440674
1053.500000,1043.204956
1054.000000,1038.048706
1054.500000,1031.793579
1055.000000,1025.340332
1055.500000,1020.418274
1056.000000,1018.202393
1056.500000,1019.526794
1057.000000,1023.258728
1057.500000,1027.682251
1058.000000,1031.229126
1058.500000,1033.334473
1059.000000,1034.146484
1059.500000,1034.298828
1060.000000,1033.578735
1060.500000,1031.675903
1061.000000,1028.044067
1061.500000,1023.339111
1062.000000,1018.895447
1062.500000,1016.141724
1063.000000,1015.568665
1063.500000,1016.539062
1064.000000,1017.385742
1064.500000,1016.642517
1065.000000,1014.500732
1065.500000,1012.129822
1066.000000,1011.278503
1066.500000,1013.339600
1067.000000,1018.026489
1067.500000,1023.898987
1068.000000,1029.012573
1068.500000,1031.967529
1069.000000,1031.860107
1069.500000,1029.611572
1070.000000,1026.031128
1070.500000,1022.558411
1071.000000,1020.422668
1071.500000,1020.304321
1072.000000,1022.598816
1072.500000,1026.998169
1073.000000,1032.349487
1073.500000,1037.061401
1074.000000,1039.777832
1074.500000,1039.073853
1075.000000,1035.913574
1075.500000,1031.573364
1076.000000,1028.197632
1076.500000,1027.565063
1077.000000,1030.001587
1077.500000,1034.322510
1078.000000,1038.463257
1078.500000,1040.466553
1079.000000,1038.731567
1079.500000,1034.331177
1080.000000,1028.792114
1080.500000,1024.380493
1081.000000,1022.793335
1081.500000,1023.964417
1082.000000,1026.597046
1082.500000,1028.868774
1083.000000,1029.635376
1083.500000,1028.883057
1084.000000,1028.094116
1084.500000,1029.018311
1085.000000,1031.922363
1085.500000,1036.072754
1086.000000,1039.557983
1086.500000,1040.719238
1087.000000,1039.265503
1087.500000,1036.499146
1088.000000,1034.259644
1088.500000,1033.722412
1089.000000,1035.298950
1089.500000,1037.638062
1090.000000,1039.514160
1090.500000,1040.384888
1091.000000,1040.526001
1091.500000,1040.776245
1092.000000,1041.676514
1092.500000,1043.021362
1093.000000,1043.983154
1093.500000,1043.739380
1094.000000,1042.683838
1094.500000,1042.143311
1095.000000,1043.652466
1095.500000,1048.371338
1096.000000,1055.368164
1096.500000,1062.331787
1097.000000,1066.532593
1097.500000,1066.726440
1098.000000,1062.966187
1098.500000,1057.854004
1099.000000,1053.873535
1099.500000,1052.129395
1100.000000,1052.753296
1100.500000,1054.535767
1101.000000,1056.655518
1101.500000,1058.946533
1102.000000,1061.582642
1102.500000,1064.404297
1103.000000,1066.632202
1103.500000,1067.046753
1104.000000,1065.790527
1104.500000,1063.734985
1105.000000,1062.639038
1105.500000,1063.895508
1106.000000,1067.339966
1106.500000,1071.568359
1107.000000,1074.867920
1107.500000,1076.436768
1108.000000,1076.290649
1108.500000,1075.649170
1109.000000,1075.429932
1109.500000,1075.885376
1110.000000,1076.962891
1110.500000,1078.612305
1111.000000,1081.374756
1111.500000,1086.221558
1112.000000,1093.708374
1112.500000,1104.047974
1113.000000,1115.703247
1113.500000,1126.698730
1114.000000,1135.398438
1114.500000,1140.617310
1115.000000,1143.415527
1115.500000,1145.795166
1116.000000,1150.141113
1116.500000,1157.850220
1117.000000,1169.024414
1117.500000,1181.555542
1118.000000,1192.749268
1118.500000,1200.712280
1119.000000,1203.677612
1119.500000,1202.567871
1120.000000,1198.461914
1120.500000,1193.302002
1121.000000,1188.824463
1121.500000,1186.215454
1122.000000,1185.503540
1122.500000,1186.198853
1123.000000,1186.896973
1123.500000,1186.328491
1124.000000,1184.357300
1124.500000,1181.543213
1125.000000,1179.138306
1125.500000,1178.041992
1126.000000,1178.100708
1126.500000,1178.088867
1127.000000,1176.493652
1127.500000,1173.013794
1128.000000,1168.217773
1128.500000,1164.077393
1129.000000,1162.600830
1129.500000,1164.164795
1130.000000,1168.108032
1130.500000,1172.667725
1131.000000,1176.214844
1131.500000,1177.992554
1132.000000,1178.673218
1132.500000,1179.312378
1133.000000,1180.763672
1133.500000,1183.243774
1134.000000,1185.958862
1134.500000,1187.991211
1135.000000,1188.991943
1135.500000,1189.477783
1136.000000,1190.634521
1136.500000,1193.460938
1137.000000,1198.489624
1137.500000,1204.554199
1138.000000,1209.988770
1138.500000,1213.505371
1139.000000,1214.559814
1139.500000,1214.504395
1140.000000,1215.527954
1140.500000,1219.642456
1141.000000,1227.321167
1141.500000,1237.911377
1142.000000,1249.164185
1142.500000,1259.221191
1143.000000,1267.808228
1143.500000,1275.667358
1144.000000,1284.292114
1144.500000,1294.671753
1145.000000,1306.478516
1145.500000,1318.465088
1146.000000,1329.427002
1146.500000,1339.241577
1147.000000,1348.586792
1147.500000,1358.503784
1148.000000,1369.352051
1148.500000,1380.173218
1149.000000,1389.431519
1149.500000,1396.280273
1150.000000,1400.957397
1150.500000,1404.519531
1151.000000,1407.969849
1151.500000,1411.083496
1152.000000,1412.824951
1152.500000,1411.556763
1153.000000,1407.755371
1153.500000,1402.600708
1154.000000,1398.026489
1154.500000,1394.942505
1155.000000,1392.488159
1155.500000,1388.675415
1156.000000,1381.585083
1156.500000,1371.526978
1157.000000,1359.499634
1157.500000,1347.651245
1158.000000,1337.255859
1158.500000,1328.282715
1159.000000,1320.488525
1159.500000,1313.779053
1160.000000,1308.451660
1160.500000,1304.734375
1161.000000,1301.812134
1161.500000,1298.289551
1162.000000,1293.213501
1162.500000,1286.427979
1163.000000,1279.493164
1163.500000,1274.218750
1164.000000,1271.307129
1164.500000,1270.089600
1165.000000,1268.958496
1165.500000,1266.542847
1166.000000,1262.324829
1166.500000,1257.247803
1167.000000,1252.336304
1167.500000,1248.172607
1168.000000,1244.798950
1168.500000,1241.695923
1169.000000,1238.400024
1169.500000,1234.680908
1170.000000,1230.556641
1170.500000,1226.135742
1171.000000,1221.687378
1171.500000,1217.622192
1172.000000,1214.247070
1172.500000,1211.990356
1173.000000,1210.726562
1173.500000,1210.234985
1174.000000,1210.056274
1174.500000,1209.802368
1175.000000,1209.289185
1175.500000,1208.589478
1176.000000,1207.844849
1176.500000,1207.140747
1177.000000,1206.355225
1177.500000,1205.295410
1178.000000,1203.895508
1178.500000,1202.574829
1179.000000,1202.151855
1179.500000,1203.335449
1180.000000,1205.831421
1180.500000,1208.322754
1181.000000,1209.010864
1181.500000,1206.035156
1182.000000,1200.439575
1182.500000,1194.132202
1183.000000,1189.575073
1183.500000,1187.966553
1184.000000,1188.228027
1184.500000,1187.956055
1185.000000,1185.214478
1185.500000,1180.473755
1186.000000,1175.711060
1186.500000,1173.104004
1187.000000,1173.721191
1187.500000,1175.670044
1188.000000,1176.166382
1188.500000,1173.156738
1189.000000,1166.496338
1189.500000,1157.856445
1190.000000,1150.048340
1190.500000,1145.817383
1191.000000,1145.580078
1191.500000,1149.574341
1192.000000,1155.479004
1192.500000,1160.965576
1193.000000,1163.917969
1193.500000,1163.181030
1194.000000,1159.244019
1194.500000,1154.226318
1195.000000,1150.509399
1195.500000,1149.233032
1196.000000,1150.614380
1196.500000,1152.626831
1197.000000,1153.278320
1197.500000,1151.570068
1198.000000,1147.407227
1198.500000,1141.667358
1199.000000,1135.384277
1199.500000,1129.279541
1200.000000,1123.877075
1200.500000,1120.112915
1201.000000,1118.387207
1201.500000,1119.441895
1202.000000,1122.447266
1202.500000,1126.324829
1203.000000,1129.866821
1203.500000,1132.679688
1204.000000,1135.306885
1204.500000,1138.585693
1205.000000,1142.852295
1205.500000,1147.226074
1206.000000,1150.265381
1206.500000,1151.455078
1207.000000,1151.006226
1207.500000,1150.222900
1208.000000,1150.109009
1208.500000,1150.652466
1209.000000,1150.953125
1209.500000,1150.158325
1210.000000,1148.664917
1210.500000,1147.982300
1211.000000,1149.461792
1211.500000,1154.022705
1212.000000,1160.404541
1212.500000,1166.736694
1213.000000,1171.366089
1213.500000,1173.824341
1214.000000,1174.601196
1214.500000,1174.925293
1215.000000,1175.623047
1215.500000,1176.911621
1216.000000,1178.932129
1216.500000,1181.702881
1217.000000,1185.623901
1217.500000,1190.857910
1218.000000,1197.223022
1218.500000,1204.074097
1219.000000,1210.474487
1219.500000,1215.494995
1220.000000,1219.051880
1220.500000,1221.060425
1221.000000,1222.224609
1221.500000,1222.818726
1222.000000,1222.928223
1222.500000,1222.269043
1223.000000,1220.606689
1223.500000,1218.158569
1224.000000,1215.486206
1224.500000,1213.237427
1225.000000,1211.660156
1225.500000,1210.048584
1226.000000,1207.249023
1226.500000,1202.741455
1227.000000,1196.788818
1227.500000,1190.738037
1228.000000,1186.081055
1228.500000,1183.687500
1229.000000,1182.957764
1229.500000,1183.044312
1230.000000,1183.037231
1230.500000,1182.859375
1231.000000,1182.933716
1231.500000,1183.535645
1232.000000,1184.283569
1232.500000,1184.436157
1233.000000,1183.534058
1233.500000,1181.999023
1234.000000,1180.799805
1234.500000,1180.710938
1235.000000,1182.224976
1235.500000,1184.696655
1236.000000,1187.716553
1236.500000,1191.031250
1237.000000,1194.690308
1237.500000,1198.539551
1238.000000,1202.008667
1238.500000,1204.345215
1239.000000,1205.576660
1239.500000,1206.352661
1240.000000,1207.906006
1240.500000,1211.210815
1241.000000,1215.794312
1241.500000,1220.482788
1242.000000,1223.989624
1242.500000,1225.803589
1243.000000,1226.270142
1243.500000,1226.417969
1244.000000,1227.047852
1244.500000,1228.364624
1245.000000,1230.409912
1245.500000,1232.818481
1246.000000,1235.115479
1246.500000,1236.558716
1247.000000,1236.291016
1247.500000,1233.974243
1248.000000,1230.579468
1248.500000,1227.999512
1249.000000,1227.824829
1249.500000,1231.131958
1250.000000,1236.048218
1250.500000,1240.235352
1251.000000,1242.021606
1251.500000,1241.369629
1252.000000,1239.992065
1252.500000,1239.724243
1253.000000,1241.041138
1253.500000,1242.357910
1254.000000,1241.261230
1254.500000,1237.198608
1255.000000,1230.656860
1255.500000,1224.050049
1256.000000,1219.546387
1256.500000,1217.887695
1257.000000,1218.476196
1257.500000,1220.203857
1258.000000,1222.001587
1258.500000,1223.368774
1259.000000,1224.200317
1259.500000,1224.115601
1260.000000,1222.995605
1260.500000,1220.715698
1261.000000,1217.828735
1261.500000,1215.156982
1262.000000,1213.391846
1262.500000,1212.580444
1263.000000,1212.313477
1263.500000,1211.859253
1264.000000,1210.720459
1264.500000,1209.180908
1265.000000,1207.909668
1265.500000,1207.612427
1266.000000,1208.724243
1266.500000,1210.952515
1267.000000,1213.428711
1267.500000,1215.212402
1268.000000,1216.006714
1268.500000,1216.022461
1269.000000,1216.140259
1269.500000,1216.971069
1270.000000,1218.210693
1270.500000,1218.877808
1271.000000,1218.036011
1271.500000,1215.588013
1272.000000,1212.581421
1272.500000,1210.761108
1273.000000,1211.914429
1273.500000,1215.862915
1274.000000,1222.108521
1274.500000,1228.745239
1275.000000,1234.114136
1275.500000,1237.182495
1276.000000,1237.316406
1276.500000,1234.549072
1277.000000,1229.875488
1277.500000,1224.703247
1278.000000,1220.711060
1278.500000,1219.477417
1279.000000,1220.390625
1279.500000,1222.298706
1280.000000,1223.379395
1280.500000,1222.575195
1281.000000,1220.204224
1281.500000,1217.452271
1282.000000,1215.411133
1282.500000,1214.283813
1283.000000,1213.664307
1283.500000,1212.776245
1284.000000,1211.219727
1284.500000,1209.362305
1285.000000,1207.957764
1285.500000,1207.770264
1286.000000,1209.341187
1286.500000,1212.834229
1287.000000,1217.609497
1287.500000,1222.713257
1288.000000,1226.871338
1288.500000,1228.675415
1289.000000,1228.248047
1289.500000,1226.121704
1290.000000,1223.839966
1290.500000,1222.829224
1291.000000,1223.799561
1291.500000,1226.348633
1292.000000,1229.756104
1292.500000,1233.149536
1293.000000,1236.106079
1293.500000,1238.820557
1294.000000,1241.780518
1294.500000,1245.510254
1295.000000,1250.419678
1295.500000,1256.275391
1296.000000,1262.117920
1296.500000,1266.444580
1297.000000,1268.299316
1297.500000,1267.114136
1298.000000,1264.602417
1298.500000,1262.829834
1299.000000,1263.199585
1299.500000,1265.815063
1300.000000,1268.820068
1300.500000,1269.876587
1301.000000,1267.547852
1301.500000,1262.526855
1302.000000,1256.417603
1302.500000,1251.008423
1303.000000,1247.268921
1303.500000,1244.780151
1304.000000,1243.329712
1304.500000,1242.684204
1305.000000,1242.740356
1305.500000,1242.882080
1306.000000,1241.964355
1306.500000,1238.763428
1307.000000,1233.585693
1307.500000,1227.633911
1308.000000,1222.978516
1308.500000,1221.347534
1309.000000,1222.317993
1309.500000,1224.632812
1310.000000,1226.632446
1310.500000,1227.484619
1311.000000,1227.392578
1311.500000,1227.277222
1312.000000,1227.800659
1312.500000,1228.717896
1313.000000,1229.152466
1313.500000,1228.194702
1314.000000,1225.026001
1314.500000,1219.970825
1315.000000,1214.160156
1315.500000,1209.313721
1316.000000,1206.838379
1316.500000,1207.703125
1317.000000,1210.784912
1317.500000,1214.710815
1318.000000,1217.686523
1318.500000,1218.424072
1319.000000,1216.956543
1319.500000,1213.664062
1320.000000,1209.152466
1320.500000,1203.858643
1321.000000,1197.845703
1321.500000,1191.284302
1322.000000,1184.321289
1322.500000,1177.510010
1323.000000,1171.753418
1323.500000,1167.692993
1324.000000,1165.801392
1324.500000,1165.415649
1325.000000,1165.000000
1325.500000,1162.757446
1326.000000,1158.045410
1326.500000,1151.256958
1327.000000,1144.546875
1327.500000,1140.098999
1328.000000,1138.192871
1328.500000,1137.977783
1329.000000,1137.507812
1329.500000,1135.500122
1330.000000,1132.296997
1330.500000,1129.429443
1331.000000,1128.433716
1331.500000,1129.273193
1332.000000,1131.143677
1332.500000,1132.388550
1333.000000,1131.730103
1333.500000,1129.209229
1334.000000,1125.526123
1334.500000,1121.922729
1335.000000,1119.597412
1335.500000,1119.561401
1336.000000,1121.723633
1336.500000,1125.846313
1337.000000,1130.337769
1337.500000,1133.436035
1338.000000,1134.062866
1338.500000,1131.866211
1339.000000,1127.911133
1339.500000,1123.767090
1340.000000,1120.788086
1340.500000,1119.375000
1341.000000,1119.495117
1341.500000,1120.361572
1342.000000,1121.705688
1342.500000,1123.371948
1343.000000,1125.324829
1343.500000,1127.119385
1344.000000,1127.853027
1344.500000,1126.578125
1345.000000,1123.133179
1345.500000,1118.008545
1346.000000,1112.838623
1346.500000,1109.323608
1347.000000,1107.749390
1347.500000,1107.888062
1348.000000,1108.499634
1348.500000,1108.726318
1349.000000,1108.568970
1349.500000,1108.792358
1350.000000,1110.263062
1350.500000,1112.866821
1351.000000,1115.747314
1351.500000,1117.671265
1352.000000,1117.824463
1352.500000,1116.973755
1353.000000,1116.412598
1353.500000,1117.124390
1354.000000,1118.846313
1354.500000,1120.241455
1355.000000,1120.007690
1355.500000,1117.410034
1356.000000,1113.529663
1356.500000,1109.786743
1357.000000,1107.478027
1357.500000,1107.599365
1358.000000,1110.032959
1358.500000,1114.339111
1359.000000,1119.577637
1359.500000,1124.452637
1360.000000,1127.623901
1360.500000,1128.786255
1361.000000,1127.923218
1361.500000,1126.489014
1362.000000,1125.313599
1362.500000,1124.436523
1363.000000,1123.221680
1363.500000,1121.104492
1364.000000,1118.211914
1364.500000,1115.185913
1365.000000,1112.542480
1365.500000,1110.122070
1366.000000,1107.233887
1366.500000,1103.332764
1367.000000,1098.909790
1367.500000,1094.792725
1368.000000,1091.308594
1368.500000,1087.673096
1369.000000,1082.561523
1369.500000,1075.575928
1370.000000,1067.432739
1370.500000,1059.932495
1371.000000,1054.574341
1371.500000,1050.763794
1372.000000,1047.178711
1372.500000,1042.598999
1373.000000,1037.101318
1373.500000,1031.987793
1374.000000,1028.416138
1374.500000,1026.370605
1375.000000,1024.166504
1375.500000,1019.844849
1376.000000,1013.609375
1376.500000,1006.893250
1377.000000,1001.929016
1377.500000,1000.347595
1378.000000,1001.950256
1378.500000,1005.353210
1379.000000,1009.083557
1379.500000,1012.094360
1380.000000,1013.657104
1380.500000,1013.725952
1381.000000,1011.796753
1381.500000,1008.342041
1382.000000,1004.158325
1382.500000,1000.559631
1383.000000,998.596497
1383.500000,998.643433
1384.000000,1000.112366
1384.500000,1002.220886
1385.000000,1003.898132
1385.500000,1003.884766
1386.000000,1001.807922
1386.500000,997.554382
1387.000000,992.665771
1387.500000,989.484985
1388.000000,990.010376
1388.500000,994.101135
1389.000000,999.687622
1389.500000,1003.832947
1390.000000,1004.349548
1390.500000,1002.424683
1391.000000,999.881226
1391.500000,998.423645
1392.000000,998.159241
1392.500000,997.787170
1393.000000,996.134521
1393.500000,993.149231
1394.000000,989.950562
1394.500000,987.569336
1395.000000,985.880249
1395.500000,984.334778
1396.000000,982.647522
1396.500000,981.300171
1397.000000,980.923035
1397.500000,981.597595
1398.000000,982.579529
1398.500000,982.855652
1399.000000,981.753479
1399.500000,979.629456
1400.000000,976.796082
1400.500000,973.664246
1401.000000,970.269592
1401.500000,966.774048
1402.000000,963.445618
1402.500000,960.396057
1403.000000,957.355591
1403.500000,953.886353
1404.000000,949.987305
1404.500000,946.178345
1405.000000,943.035950
1405.500000,940.638916
1406.000000,938.111145
1406.500000,934.510986
1407.000000,930.033447
1407.500000,926.115173
1408.000000,924.397095
1408.500000,925.040833
1409.000000,927.120911
1409.500000,928.716675
1410.000000,928.565369
1410.500000,927.170532
1411.000000,925.423401
1411.500000,923.976685
1412.000000,922.717712
1412.500000,921.371277
1413.000000,920.372681
1413.500000,920.979431
1414.000000,923.619812
1414.500000,927.875427
1415.000000,931.533508
1415.500000,932.356262
1416.000000,930.189575
1416.500000,926.523865
1417.000000,923.943176
1417.500000,924.205994
1418.000000,927.538025
1418.500000,932.062134
1419.000000,935.963135
1419.500000,938.626404
1420.000000,940.274963
1420.500000,941.887756
1421.000000,944.196777
1421.500000,947.456970
1422.000000,951.657471
1422.500000,956.616455
1423.000000,961.692322
1423.500000,965.647461
1424.000000,967.429688
1424.500000,966.131897
1425.000000,963.228760
1425.500000,960.925537
1426.000000,961.329285
1426.500000,965.263794
1427.000000,971.501282
1427.500000,977.449463
1428.000000,980.653320
1428.500000,980.731750
1429.000000,977.817688
1429.500000,973.816711
1430.000000,969.709839
1430.500000,965.830750
1431.000000,962.097961
1431.500000,958.450195
1432.000000,955.017761
1432.500000,952.000488
1433.000000,949.357910
1433.500000,946.971558
1434.000000,944.648193
1434.500000,942.471130
1435.000000,940.700867
1435.500000,939.711670
1436.000000,939.568726
1436.500000,940.006042
1437.000000,940.453064
1437.500000,940.319580
1438.000000,939.247314
1438.500000,937.716431
1439.000000,936.665344
1439.500000,936.922485
1440.000000,939.150940
1440.500000,942.726685
1441.000000,946.601990
1441.500000,949.664917
1442.000000,951.252869
1442.500000,951.011597
1443.000000,949.492798
1443.500000,947.213623
1444.000000,945.146057
1444.500000,944.131287
1445.000000,944.294373
1445.500000,945.184753
1446.000000,945.911255
1446.500000,945.975891
1447.000000,945.633545
1447.500000,945.716675
1448.000000,946.992310
1448.500000,949.019531
1449.000000,950.634277
1449.500000,950.643799
1450.000000,948.262024
1450.500000,944.126526
1451.000000,939.651001
1451.500000,936.273376
1452.000000,934.909119
1452.500000,936.357544
1453.000000,939.978577
1453.500000,945.094116
1454.000000,949.944214
1454.500000,952.793152
1455.000000,953.053650
1455.500000,951.300781
1456.000000,949.308594
1456.500000,948.702393
1457.000000,950.319214
1457.500000,953.414734
1458.000000,957.094727
1458.500000,960.468323
1459.000000,963.316162
1459.500000,965.979065
1460.000000,968.724731
1460.500000,971.433289
1461.000000,973.644714
1461.500000,974.862000
1462.000000,975.113708
1462.500000,974.732361
1463.000000,974.589966
1463.500000,975.632507
1464.000000,977.977417
1464.500000,981.209900
1465.000000,984.112305
1465.500000,985.573364
1466.000000,985.420471
1466.500000,984.717224
1467.000000,984.988708
1467.500000,986.917114
1468.000000,990.299011
1468.500000,993.414001
1469.000000,994.600159
1469.500000,993.678162
1470.000000,991.697815
1470.500000,990.153870
1471.000000,989.427917
1471.500000,988.549561
1472.000000,986.230225
1472.500000,981.730042
1473.000000,976.541931
1473.500000,972.714111
1474.000000,971.235291
1474.500000,971.664246
1475.000000,971.984680
1475.500000,970.746643
1476.000000,967.924500
1476.500000,964.887085
1477.000000,963.097107
1477.500000,962.813416
1478.000000,963.838257
1478.500000,965.269348
1479.000000,966.572205
1479.500000,967.418762
1480.000000,967.554871
1480.500000,966.989075
1481.000000,966.345398
1481.500000,966.712585
1482.000000,968.541077
1482.500000,971.514282
1483.000000,973.952332
1483.500000,974.235291
1484.000000,972.737610
1484.500000,971.335449
1485.000000,972.154602
1485.500000,976.024414
1486.000000,982.505188
1486.500000,989.927368
1487.000000,997.320374
1487.500000,1004.451233
1488.000000,1011.366516
1488.500000,1017.939392
1489.000000,1023.813538
1489.500000,1029.095215
1490.000000,1034.459961
1490.500000,1040.731323
1491.000000,1048.046387
1491.500000,1055.938965
1492.000000,1063.463745
1492.500000,1069.789917
1493.000000,1074.996094
1493.500000,1079.058105
1494.000000,1082.114990
1494.500000,1084.238159
1495.000000,1085.775635
1495.500000,1087.364990
1496.000000,1089.578491
1496.500000,1092.400635
1497.000000,1095.455688
1497.500000,1098.149170
1498.000000,1100.116699
1498.500000,1101.480835
1499.000000,1102.472534
1499.500000,1103.395386
1500.000000,1104.474976
1500.500000,1105.764038
1501.000000,1106.999146
1501.500000,1107.545532
1502.000000,1107.068481
1502.500000,1105.245605
1503.000000,1102.535400
1503.500000,1099.328369
1504.000000,1095.974365
1504.500000,1092.667969
1505.000000,1089.692505
1505.500000,1087.439941
1506.000000,1086.184326
1506.500000,1085.263184
1507.000000,1083.385132
1507.500000,1079.693359
1508.000000,1073.920166
1508.500000,1067.349976
1509.000000,1061.623779
1509.500000,1057.816895
1510.000000,1055.652832
1510.500000,1054.361450
1511.000000,1053.199585
1511.500000,1051.993530
1512.000000,1050.649780
1512.500000,1048.569092
1513.000000,1045.068115
1513.500000,1039.676880
1514.000000,1033.202637
1514.500000,1027.428101
1515.000000,1024.028687
1515.500000,1023.202148
1516.000000,1024.593506
1516.500000,1026.604004
1517.000000,1028.242798
1517.500000,1029.203979
1518.000000,1029.487549
1518.500000,1029.223877
1519.000000,1028.326782
1519.500000,1026.734741
1520.000000,1024.722900
1520.500000,1022.711426
1521.000000,1021.081482
1521.500000,1020.194336
1522.000000,1020.128418
1522.500000,1021.314697
1523.000000,1023.920288
1523.500000,1027.928467
1524.000000,1032.745605
1524.500000,1037.493774
1525.000000,1041.562744
1525.500000,1045.005737
1526.000000,1047.815674
1526.500000,1049.872437
1527.000000,1050.388428
1527.500000,1049.539429
1528.000000,1048.764771
1528.500000,1050.595337
1529.000000,1056.912598
1529.500000,1067.476318
1530.000000,1078.532959
1530.500000,1085.291748
1531.000000,1086.515991
1531.500000,1082.815918
1532.000000,1078.596436
1532.500000,1077.858887
1533.000000,1082.098999
1533.500000,1090.428711
1534.000000,1100.193726
1534.500000,1108.475342
1535.000000,1113.259277
1535.500000,1114.952637
1536.000000,1114.552979
1536.500000,1114.636353
1537.000000,1117.348511
1537.500000,1122.729614
1538.000000,1128.851318
1538.500000,1133.085205
1539.000000,1134.450317
1539.500000,1134.060791
1540.000000,1134.637939
1540.500000,1138.576294
1541.000000,1144.997314
1541.500000,1151.724487
1542.000000,1156.372925
1542.500000,1158.133789
1543.000000,1158.158691
1543.500000,1158.105469
1544.000000,1159.032104
1544.500000,1160.946533
1545.000000,1163.618164
1545.500000,1166.659180
1546.000000,1170.028198
1546.500000,1173.503296
1547.000000,1176.667603
1547.500000,1179.135010
1548.000000,1180.778198
1548.500000,1181.882202
1549.000000,1183.034180
1549.500000,1184.768066
1550.000000,1187.192505
1550.500000,1190.480469
1551.000000,1194.432373
1551.500000,1199.052368
1552.000000,1204.009399
1552.500000,1208.681274
1553.000000,1212.236206
1553.500000,1214.341675
1554.000000,1215.361938
1554.500000,1216.588501
1555.000000,1219.473267
1555.500000,1223.961914
1556.000000,1229.036743
1556.500000,1232.838135
1557.000000,1234.322388
1557.500000,1234.254517
1558.000000,1234.106201
1558.500000,1234.703247
1559.000000,1235.442627
1559.500000,1234.939209
1560.000000,1232.964844
1560.500000,1230.951904
1561.000000,1230.949463
1561.500000,1234.068726
1562.000000,1238.722412
1562.500000,1242.040161
1563.000000,1241.720215
1563.500000,1237.986694
1564.000000,1233.104126
1564.500000,1229.947388
1565.000000,1230.463379
1565.500000,1233.409790
1566.000000,1237.089233
1566.500000,1239.544922
1567.000000,1239.639038
1567.500000,1237.453491
1568.000000,1233.737671
1568.500000,1228.704834
1569.000000,1222.493286
1569.500000,1214.919434
1570.000000,1206.908203
1570.500000,1200.267578
1571.000000,1196.777222
1571.500000,1197.521973
1572.000000,1201.429688
1572.500000,1206.213989
1573.000000,1209.345825
1573.500000,1209.436768
1574.000000,1205.703369
1574.500000,1199.515747
1575.000000,1192.078613
1575.500000,1185.053711
1576.000000,1180.003174
1576.500000,1177.626953
1577.000000,1177.777344
1577.500000,1178.982422
1578.000000,1179.002808
1578.500000,1176.051147
1579.000000,1170.434448
1579.500000,1162.776245
1580.000000,1154.717773
1580.500000,1146.999268
1581.000000,1139.725220
1581.500000,1132.964233
1582.000000,1127.080566
1582.500000,1122.542603
1583.000000,1119.429810
1583.500000,1116.795166
1584.000000,1113.466431
1584.500000,1109.226807
1585.000000,1105.366943
1585.500000,1103.756836
1586.000000,1105.748169
1586.500000,1110.285400
1587.000000,1114.916016
1587.500000,1117.400024
1588.000000,1117.660400
1588.500000,1117.607300
1589.000000,1119.089600
1589.500000,1122.121948
1590.000000,1124.175293
1590.500000,1122.177368
1591.000000,1115.674316
1591.500000,1106.639893
1592.000000,1098.559814
1592.500000,1093.245361
1593.000000,1090.342407
1593.500000,1087.506592
1594.000000,1082.463501
1594.500000,1075.008301
1595.000000,1065.671387
1595.500000,1056.003418
1596.000000,1046.953613
1596.500000,1038.852051
1597.000000,1031.545654
1597.500000,1024.718140
1598.000000,1018.090698
1598.500000,1012.022766
1599.000000,1007.151672
1599.500000,1004.633484
1600.000000,1004.290283
1600.500000,1005.420593
1601.000000,1006.374817
1601.500000,1005.574280
1602.000000,1002.424683
1602.500000,997.622803
1603.000000,992.331848
1603.500000,988.042969
1604.000000,986.327209
1604.500000,987.063354
1605.000000,989.367310
1605.500000,991.309692
1606.000000,991.476257
1606.500000,989.794861
1607.000000,987.548889
1607.500000,986.432373
1608.000000,987.257324
1608.500000,990.123535
1609.000000,993.767334
1609.500000,997.000183
1610.000000,998.680664
1610.500000,997.689209
1611.000000,993.972595
1611.500000,988.958496
1612.000000,984.768188
1612.500000,982.686890
1613.000000,982.838379
1613.500000,983.446533
1614.000000,983.008484
1614.500000,981.530945
1615.000000,979.914185
1615.500000,978.641541
1616.000000,977.038391
1616.500000,973.854553
1617.000000,968.688599
1617.500000,962.103699
1618.000000,955.753540
1618.500000,950.935364
1619.000000,947.882874
1619.500000,947.146790
1620.000000,948.509521
1620.500000,951.312988
1621.000000,953.738281
1621.500000,954.108765
1622.000000,951.770874
1622.500000,948.058533
1623.000000,944.341064
1623.500000,940.987488
1624.000000,936.872925
1624.500000,931.217834
1625.000000,924.432129
1625.500000,918.028748
1626.000000,912.902588
1626.500000,908.286987
1627.000000,902.372498
1627.500000,894.138794
1628.000000,884.961304
1628.500000,876.734070
1629.000000,870.191162
1629.500000,864.754883
1630.000000,859.031433
1630.500000,852.794922
1631.000000,847.240356
1631.500000,843.671265
1632.000000,842.601257
1632.500000,842.517639
1633.000000,841.213806
1633.500000,837.663269
1634.000000,831.678467
1634.500000,824.813904
1635.000000,819.056702
1635.500000,816.098816
1636.000000,816.366638
1636.500000,818.530090
1637.000000,819.934448
1637.500000,817.764038
1638.000000,811.958374
1638.500000,803.531555
1639.000000,795.608276
1639.500000,790.534302
1640.000000,788.248108
1640.500000,786.946228
1641.000000,784.320618
1641.500000,779.221558
1642.000000,771.616638
1642.500000,763.581055
1643.000000,756.981812
1643.500000,752.542786
1644.000000,750.453247
1644.500000,749.592346
1645.000000,748.536377
1645.500000,746.334412
1646.000000,743.258911
1646.500000,740.566650
1647.000000,739.520386
1647.500000,740.929504
1648.000000,743.112793
1648.500000,743.762085
1649.000000,741.715027
1649.500000,737.110962
1650.000000,731.419861
1650.500000,725.992737
1651.000000,721.232178
1651.500000,716.828918
1652.000000,713.038086
1652.500000,710.285583
1653.000000,708.912903
1653.500000,707.810791
1654.000000,705.434692
1654.500000,701.597595
1655.000000,697.862976
1655.500000,696.473816
1656.000000,698.002380
1656.500000,700.996399
1657.000000,702.263000
1657.500000,699.318176
1658.000000,693.237732
1658.500000,685.860840
1659.000000,679.464478
1659.500000,675.474792
1660.000000,673.951538
1660.500000,674.265198
1661.000000,675.703491
1661.500000,676.966248
1662.000000,676.546265
1662.500000,674.361572
1663.000000,671.578247
1663.500000,670.226929
1664.000000,671.790405
1664.500000,675.706238
1665.000000,679.602661
1665.500000,680.706787
1666.000000,678.510742
1666.500000,673.794128
1667.000000,669.132385
1667.500000,666.443298
1668.000000,665.516541
1668.500000,664.760254
1669.000000,662.555908
1669.500000,658.518982
1670.000000,653.511108
1670.500000,648.684937
1671.000000,644.106140
1671.500000,638.849792
1672.000000,632.312866
1672.500000,625.825500
1673.000000,621.919006
1673.500000,621.927734
1674.000000,624.516602
1674.500000,626.166992
1675.000000,624.323669
1675.500000,618.903992
1676.000000,613.019470
1676.500000,610.008118
1677.000000,609.202393
1677.500000,607.988281
1678.000000,603.922241
1678.500000,596.822510
1679.000000,589.468445
1679.500000,584.745728
1680.000000,582.996216
1680.500000,581.902771
1681.000000,579.215027
1681.500000,575.127258
1682.000000,571.875671
1682.500000,571.085938
1683.000000,572.381958
1683.500000,573.278748
1684.000000,571.646912
1684.500000,567.452698
1685.000000,562.969116
1685.500000,560.137207
1686.000000,558.652954
1686.500000,557.014160
1687.000000,553.989868
1687.500000,549.766113
1688.000000,545.952881
1688.500000,543.552185
1689.000000,542.172729
1689.500000,540.595032
1690.000000,538.007507
1690.500000,535.063843
1691.000000,533.109497
1691.500000,532.681824
1692.000000,533.698303
1692.500000,534.884766
1693.000000,534.928650
1693.500000,533.316101
1694.000000,530.321777
1694.500000,526.711121
1695.000000,523.397644
1695.500000,520.868164
1696.000000,518.529602
1696.500000,515.522278
1697.000000,511.633759
1697.500000,507.457764
1698.000000,504.259521
1698.500000,502.737244
1699.000000,502.311035
1699.500000,501.657745
1700.000000,499.798401
1700.500000,497.080475
1701.000000,494.474731
1701.500000,492.520844
1702.000000,490.985321
1702.500000,489.248749
1703.000000,487.236420
1703.500000,485.666290
1704.000000,485.167969
1704.500000,485.655731
1705.000000,486.171021
1705.500000,485.733124
1706.000000,484.374695
1706.500000,482.642120
1707.000000,481.055176
1707.500000,479.442993
1708.000000,477.176727
1708.500000,473.679260
1709.000000,469.084442
1709.500000,464.205261
1710.000000,459.988037
1710.500000,456.998108
1711.000000,455.973877
1711.500000,456.525024
1712.000000,458.280396
1712.500000,460.495483
1713.000000,462.552246
1713.500000,464.024292
1714.000000,464.722961
1714.500000,464.361877
1715.000000,462.934509
1715.500000,460.285645
1716.000000,457.134003
1716.500000,454.326447
1717.000000,452.341736
1717.500000,451.063110
1718.000000,449.872009
1718.500000,448.329803
1719.000000,446.759827
1719.500000,446.062012
1720.000000,447.279785
1720.500000,450.020691
1721.000000,453.332275
1721.500000,455.545593
1722.000000,455.498444
1722.500000,453.449219
1723.000000,450.564240
1723.500000,448.255737
1724.000000,447.167206
1724.500000,446.812042
1725.000000,446.041840
1725.500000,444.122467
1726.000000,441.726624
1726.500000,440.280548
1727.000000,440.530426
1727.500000,442.123383
1728.000000,443.877380
1728.500000,444.867004
1729.000000,444.995636
1729.500000,444.891602
1730.000000,444.246399
1730.500000,442.168915
1731.000000,437.441498
1731.500000,431.010559
1732.000000,425.539703
1732.500000,423.482788
1733.000000,425.305145
1733.500000,429.409454
1734.000000,432.772156
1734.500000,433.415771
1735.000000,432.055206
1735.500000,429.706207
1736.000000,427.566803
1736.500000,426.273590
1737.000000,426.114471
1737.500000,427.370667
1738.000000,429.736511
1738.500000,431.727112
1739.000000,431.128815
1739.500000,427.920990
1740.000000,423.417053
1740.500000,420.292633
1741.000000,420.399048
1741.500000,422.610626
1742.000000,424.528534
1742.500000,424.738678
1743.000000,423.768524
1743.500000,423.095703
1744.000000,423.319794
1744.500000,423.416016
1745.000000,422.096741
1745.500000,418.875946
1746.000000,415.193878
1746.500000,412.759125
1747.000000,412.014496
1747.500000,412.181702
1748.000000,412.268799
1748.500000,411.938629
1749.000000,411.585571
1749.500000,411.492401
1750.000000,411.385651
1750.500000,410.784637
1751.000000,409.618011
1751.500000,408.621429
1752.000000,408.522919
1752.500000,409.384827
1753.000000,410.331390
1753.500000,410.039734
1754.000000,408.158417
1754.500000,404.657715
1755.000000,400.621155
1755.500000,397.069855
1756.000000,394.681671
1756.500000,393.641632
1757.000000,393.575165
1757.500000,393.688873
1758.000000,393.090729
1758.500000,391.507782
1759.000000,389.030548
1759.500000,386.378540
1760.000000,384.127045
1760.500000,382.515289
1761.000000,381.556519
1761.500000,381.102081
1762.000000,380.933380
1762.500000,380.762146
1763.000000,380.411316
1763.500000,380.124969
1764.000000,380.379028
1764.500000,381.595123
1765.000000,383.200928
1765.500000,384.143188
1766.000000,383.931671
1766.500000,383.039703
1767.000000,382.517273
1767.500000,382.776245
1768.000000,382.874634
1768.500000,381.590698
1769.000000,378.163452
1769.500000,373.942047
1770.000000,370.675110
1770.500000,369.074463
1771.000000,368.835541
1771.500000,369.156403
1772.000000,369.660950
1772.500000,370.513489
1773.000000,371.628204
1773.500000,372.370880
1774.000000,372.106476
1774.500000,370.566132
1775.000000,368.768860
1775.500000,367.835602
1776.000000,368.286499
1776.500000,369.702545
1777.000000,370.809326
1777.500000,370.540558
1778.000000,368.410370
1778.500000,365.563812
1779.000000,363.819244
1779.500000,363.967896
1780.000000,365.676788
1780.500000,367.278046
1781.000000,367.247833
1781.500000,365.536163
1782.000000,363.439117
1782.500000,361.963501
1783.000000,361.040863
1783.500000,360.039795
1784.000000,358.838409
1784.500000,358.099091
1785.000000,358.211304
1785.500000,358.518036
1786.000000,357.573853
1786.500000,355.013428
1787.000000,352.097687
1787.500000,350.818115
1788.000000,352.580139
1788.500000,355.218719
1789.000000,356.278015
1789.500000,355.036041
1790.000000,352.745575
1790.500000,351.672791
1791.000000,352.192291
1791.500000,352.597382
1792.000000,351.025848
1792.500000,347.265594
1793.000000,344.024445
1793.500000,343.609100
1794.000000,345.224274
1794.500000,346.368286
1795.000000,345.027618
1795.500000,341.694153
1796.000000,338.485992
1796.500000,337.005035
1797.000000,337.276520
1797.500000,337.857025
1798.000000,338.257324
1798.500000,338.824188
1799.000000,339.847137
1799.500000,340.752930
1800.000000,340.977142
1800.500000,340.848877
1801.000000,341.382599
1801.500000,343.101837
1802.000000,345.056213
1802.500000,345.876404
1803.000000,345.286499
1803.500000,343.865601
1804.000000,342.951263
1804.500000,343.288147
1805.000000,344.695953
1805.500000,346.307068
1806.000000,346.775513
1806.500000,345.263489
1807.000000,341.592957
1807.500000,337.456940
1808.000000,335.060272
1808.500000,334.749298
1809.000000,335.732178
1809.500000,336.427246
1810.000000,336.094421
