440.000000,3116.551270
440.500000,3109.104004
441.000000,3099.477295
441.500000,3090.614502
442.000000,3085.166748
442.500000,3082.286377
443.000000,3080.837402
443.500000,3078.932373
444.000000,3075.278809
444.500000,3070.290283
445.000000,3066.007812
445.500000,3064.320801
446.000000,3065.766113
446.500000,3070.286133
447.000000,3075.478760
447.500000,3078.969482
448.000000,3080.011719
448.500000,3078.371094
449.000000,3075.006348
449.500000,3070.911377
450.000000,3066.540771
450.500000,3061.708496
451.000000,3055.973145
451.500000,3049.397461
452.000000,3042.481201
452.500000,3036.408203
453.000000,3032.311523
453.500000,3030.404297
454.000000,3030.525879
454.500000,3031.605957
455.000000,3031.943115
455.500000,3030.077393
456.000000,3025.620605
456.500000,3018.101562
457.000000,3008.822266
457.500000,2999.389648
458.000000,2991.302979
458.500000,2985.613281
459.000000,2982.364990
459.500000,2980.954346
460.000000,2980.121094
460.500000,2978.621094
461.000000,2975.677979
461.500000,2971.473633
462.000000,2966.329834
462.500000,2961.341553
463.000000,2957.442139
463.500000,2954.809570
464.000000,2953.127930
464.500000,2951.516113
465.000000,2948.775146
465.500000,2944.341064
466.000000,2939.026367
466.500000,2934.232666
467.000000,2931.359375
467.500000,2932.129639
468.000000,2935.685791
468.500000,2940.584961
469.000000,2945.387695
469.500000,2949.441162
470.000000,2953.315186
470.500000,2958.523193
471.000000,2966.145996
471.500000,2975.118652
472.000000,2983.348877
472.500000,2988.215332
473.000000,2986.803711
473.500000,2980.180664
474.000000,2970.572021
474.500000,2960.776611
475.000000,2953.167480
475.500000,2949.537109
476.000000,2948.608887
476.500000,2949.588135
477.000000,2951.235596
477.500000,2953.011475
478.000000,2954.443359
478.500000,2954.829834
479.000000,2953.473145
479.500000,2950.079346
480.000000,2944.762451
480.500000,2938.793945
481.000000,2934.134277
481.500000,2931.543213
482.000000,2931.270508
482.500000,2932.093750
483.000000,2932.649170
483.500000,2931.807617
484.000000,2929.687988
484.500000,2927.160645
485.000000,2925.151855
485.500000,2924.323975
486.000000,2924.443115
486.500000,2925.096436
487.000000,2925.938965
487.500000,2927.257568
488.000000,2929.440430
488.500000,2932.684326
489.000000,2936.271973
489.500000,2938.532471
490.000000,2937.659668
490.500000,2933.501709
491.000000,2926.147949
491.500000,2918.368408
492.000000,2913.407227
492.500000,2912.534668
493.000000,2915.696289
493.500000,2920.846436
494.000000,2924.857910
494.500000,2924.444092
495.000000,2919.912598
495.500000,2912.221436
496.000000,2904.210449
496.500000,2898.314209
497.000000,2895.377197
497.500000,2894.530762
498.000000,2893.845703
498.500000,2891.927979
499.000000,2888.278564
499.500000,2883.643555
500.000000,2879.397461
500.500000,2876.324463
501.000000,2874.802246
501.500000,2874.286621
502.000000,2874.602051
502.500000,2875.825195
503.000000,2878.497070
503.500000,2882.898926
504.000000,2888.614746
504.500000,2894.679688
505.000000,2899.590332
505.500000,2901.212402
506.000000,2899.832031
506.500000,2895.409668
507.000000,2889.266846
507.500000,2882.525879
508.000000,2876.294678
508.500000,2871.182129
509.000000,2867.434326
509.500000,2864.914551
510.000000,2863.732178
510.500000,2863.442139
511.000000,2863.587402
511.500000,2863.300781
512.000000,2861.761230
512.500000,2858.642090
513.000000,2854.058594
513.500000,2848.832520
514.000000,2844.412598
514.500000,2842.086670
515.000000,2841.859863
515.500000,2843.589111
516.000000,2845.791016
516.500000,2846.907471
517.000000,2846.585205
517.500000,2845.538574
518.000000,2845.291748
518.500000,2847.361816
519.000000,2852.883301
519.500000,2860.607910
520.000000,2868.121826
520.500000,2873.292969
521.000000,2874.170166
521.500000,2871.349121
522.000000,2866.244141
522.500000,2861.695557
523.000000,2859.549805
523.500000,2860.524658
524.000000,2863.799561
524.500000,2868.344971
525.000000,2872.629395
525.500000,2875.756592
526.000000,2877.766846
526.500000,2878.559570
527.000000,2878.246338
527.500000,2876.688721
528.000000,2873.915527
528.500000,2870.621094
529.000000,2867.775391
529.500000,2866.284912
530.000000,2867.310547
530.500000,2870.401611
531.000000,2874.264893
531.500000,2876.813721
532.000000,2876.036865
532.500000,2870.948486
533.000000,2861.866211
533.500000,2850.227295
534.000000,2839.094238
534.500000,2831.151123
535.000000,2827.035156
535.500000,2827.442139
536.000000,2830.602295
536.500000,2834.567871
537.000000,2837.417725
537.500000,2838.307617
538.000000,2837.250977
538.500000,2835.136719
539.000000,2832.964355
539.500000,2831.541992
540.000000,2831.051025
540.500000,2830.869629
541.000000,2830.265137
541.500000,2828.677490
542.000000,2825.846191
542.500000,2822.354736
543.000000,2819.245117
543.500000,2817.512939
544.000000,2817.420654
544.500000,2819.144531
545.000000,2821.638672
545.500000,2823.829102
546.000000,2825.137451
546.500000,2825.459473
547.000000,2825.229980
547.500000,2825.000000
548.000000,2825.053955
548.500000,2825.039062
549.000000,2824.215576
549.500000,2822.269531
550.000000,2819.012207
550.500000,2815.262451
551.000000,2812.423584
551.500000,2811.616699
552.000000,2813.413818
552.500000,2817.625000
553.000000,2823.155029
553.500000,2828.628418
554.000000,2832.552246
554.500000,2833.622803
555.000000,2832.405518
555.500000,2829.405029
556.000000,2826.078125
556.500000,2823.924805
557.000000,2824.077393
557.500000,2826.201660
558.000000,2829.275635
558.500000,2831.778564
559.000000,2832.133301
559.500000,2830.186768
560.000000,2826.197998
560.500000,2822.149414
561.000000,2819.672607
561.500000,2819.608887
562.000000,2821.978027
562.500000,2826.083008
563.000000,2830.546631
563.500000,2834.376953
564.000000,2837.455078
564.500000,2839.874023
565.000000,2842.030518
565.500000,2843.889893
566.000000,2844.943359
566.500000,2844.422607
567.000000,2841.938477
567.500000,2837.874512
568.000000,2833.065674
568.500000,2828.790039
569.000000,2826.422852
569.500000,2825.258789
570.000000,2823.855469
570.500000,2820.334473
571.000000,2812.850830
571.500000,2801.051025
572.000000,2786.344238
572.500000,2771.860596
573.000000,2760.231689
573.500000,2753.730469
574.000000,2751.486816
574.500000,2752.727051
575.000000,2754.859619
575.500000,2756.169922
576.000000,2756.329102
576.500000,2755.736572
577.000000,2754.878418
577.500000,2753.794922
578.000000,2751.524902
578.500000,2747.131592
579.000000,2739.571289
579.500000,2729.710693
580.000000,2718.396729
580.500000,2707.157471
581.000000,2697.357666
581.500000,2689.705322
582.000000,2684.095459
582.500000,2680.714844
583.000000,2679.318604
583.500000,2680.410645
584.000000,2683.430664
584.500000,2687.951904
585.000000,2692.625488
585.500000,2696.480957
586.000000,2699.130371
586.500000,2700.814697
587.000000,2702.243652
587.500000,2704.313477
588.000000,2707.579834
588.500000,2711.763184
589.000000,2716.698730
589.500000,2721.992188
590.000000,2727.590820
590.500000,2733.590820
591.000000,2740.160889
591.500000,2747.368408
592.000000,2755.156250
592.500000,2763.499023
593.000000,2772.122314
593.500000,2780.497803
594.000000,2787.741455
594.500000,2792.505371
595.000000,2794.291260
595.500000,2792.837158
596.000000,2789.023682
596.500000,2784.482178
597.000000,2781.056396
597.500000,2779.263184
598.000000,2778.616211
598.500000,2777.479004
599.000000,2773.921631
599.500000,2767.361572
600.000000,2757.807373
600.500000,2747.301025
601.000000,2737.919922
601.500000,2731.120850
602.000000,2727.091797
602.500000,2725.756104
603.000000,2725.907471
603.500000,2727.079346
604.000000,2728.881104
604.500000,2731.522217
605.000000,2734.898438
605.500000,2738.594727
606.000000,2741.780029
606.500000,2743.447754
607.000000,2743.093506
607.500000,2741.474609
608.000000,2739.727539
608.500000,2739.322510
609.000000,2741.999512
609.500000,2748.255615
610.000000,2758.128418
610.500000,2770.257812
611.000000,2783.205322
611.500000,2795.687744
612.000000,2806.892334
612.500000,2816.173096
613.000000,2823.962402
613.500000,2830.800049
614.000000,2837.634521
614.500000,2845.280518
615.000000,2854.206787
615.500000,2864.549316
616.000000,2875.896973
616.500000,2887.105713
617.000000,2896.745850
617.500000,2904.174561
618.000000,2908.511475
618.500000,2910.672852
619.000000,2911.342041
619.500000,2911.757568
620.000000,2912.513672
620.500000,2913.251221
621.000000,2913.015869
621.500000,2910.582275
622.000000,2905.643799
622.500000,2897.948486
623.000000,2889.080566
623.500000,2880.591309
624.000000,2873.359375
624.500000,2867.566895
625.000000,2862.406494
625.500000,2856.678711
626.000000,2849.263916
626.500000,2840.206787
627.000000,2830.470703
627.500000,2821.523926
628.000000,2815.000488
628.500000,2811.101807
629.000000,2809.861572
629.500000,2810.067627
630.000000,2810.435791
630.500000,2810.302246
631.000000,2809.720703
631.500000,2809.116211
632.000000,2808.935547
632.500000,2809.533936
633.000000,2810.737305
633.500000,2812.673584
634.000000,2815.682617
634.500000,2820.608643
635.000000,2827.947510
635.500000,2837.404297
636.000000,2847.642334
636.500000,2856.164062
637.000000,2860.272217
637.500000,2860.083496
638.000000,2855.976562
638.500000,2850.814941
639.000000,2847.526855
639.500000,2848.392090
640.000000,2854.224121
640.500000,2864.144531
641.000000,2876.406982
641.500000,2889.716553
642.000000,2902.663086
642.500000,2913.675293
643.000000,2921.521973
643.500000,2924.141113
644.000000,2921.484619
644.500000,2913.904541
645.000000,2903.202637
645.500000,2891.994141
646.000000,2882.733887
646.500000,2876.617188
647.000000,2873.860107
647.500000,2872.518799
648.000000,2871.249268
648.500000,2869.017578
649.000000,2865.292236
649.500000,2860.214111
650.000000,2854.176758
650.500000,2847.824219
651.000000,2841.989502
651.500000,2837.912354
652.000000,2836.234375
652.500000,2838.074219
653.000000,2842.611328
653.500000,2848.670898
654.000000,2853.913574
654.500000,2856.514404
655.000000,2855.689697
655.500000,2852.088623
656.000000,2846.655518
656.500000,2840.850586
657.000000,2835.357666
657.500000,2829.927979
658.000000,2824.009277
658.500000,2817.538330
659.000000,2811.069336
659.500000,2805.615967
660.000000,2802.036865
660.500000,2800.710205
661.000000,2800.518066
661.500000,2800.229736
662.000000,2799.184570
662.500000,2797.386475
663.000000,2795.584961
663.500000,2794.388672
664.000000,2793.559326
664.500000,2791.865967
665.000000,2788.151123
665.500000,2782.686523
666.000000,2776.983643
666.500000,2773.331299
667.000000,2774.378906
667.500000,2779.530273
668.000000,2786.483643
668.500000,2791.295410
669.000000,2791.354736
669.500000,2786.713379
670.000000,2780.172607
670.500000,2775.535400
671.000000,2775.169434
671.500000,2780.112061
672.000000,2785.964844
672.500000,2788.543945
673.000000,2785.759521
673.500000,2777.339111
674.000000,2765.964355
674.500000,2755.326416
675.000000,2748.606445
675.500000,2745.780273
676.000000,2745.569336
676.500000,2745.590088
677.000000,2744.482666
677.500000,2742.370361
678.000000,2740.121826
678.500000,2738.770020
679.000000,2738.535889
679.500000,2738.688232
680.000000,2738.435791
680.500000,2737.551514
681.000000,2736.714600
681.500000,2737.239990
682.000000,2739.728516
682.500000,2744.379883
683.000000,2749.523926
683.500000,2753.339844
684.000000,2754.462158
684.500000,2752.547119
685.000000,2747.873779
685.500000,2741.966064
686.000000,2736.497070
686.500000,2733.047363
687.000000,2733.400635
687.500000,2737.800293
688.000000,2746.513184
688.500000,2758.243164
689.000000,2770.906982
689.500000,2782.047607
690.000000,2789.947754
690.500000,2794.045166
691.000000,2796.070312
691.500000,2797.260254
692.000000,2798.521240
692.500000,2799.330322
693.000000,2798.271484
693.500000,2793.530518
694.000000,2784.696777
694.500000,2773.629639
695.000000,2762.647461
695.500000,2753.655273
696.000000,2747.899658
696.500000,2743.889160
697.000000,2739.609375
697.500000,2732.914062
698.000000,2723.022705
698.500000,2711.238281
699.000000,2699.894043
699.500000,2691.457764
700.000000,2686.832031
700.500000,2686.345459
701.000000,2687.563232
701.500000,2687.740967
702.000000,2685.229248
702.500000,2679.576172
703.000000,2672.192383
703.500000,2665.020996
704.000000,2659.653320
704.500000,2656.318359
705.000000,2654.324707
705.500000,2652.096924
706.000000,2648.900879
706.500000,2645.452637
707.000000,2643.126709
707.500000,2642.894531
708.000000,2644.940186
708.500000,2648.169189
709.000000,2650.735352
709.500000,2651.231689
710.000000,2650.056152
710.500000,2648.173584
711.000000,2647.007568
711.500000,2647.590332
712.000000,2649.694336
712.500000,2652.677734
713.000000,2655.601318
713.500000,2657.964355
714.000000,2659.789551
714.500000,2661.365479
715.000000,2662.830566
715.500000,2664.221924
716.000000,2665.549072
716.500000,2667.062256
717.000000,2669.592773
717.500000,2673.942139
718.000000,2680.744629
718.500000,2690.000977
719.000000,2700.730225
719.500000,2711.617188
720.000000,2721.309814
720.500000,2728.505127
721.000000,2733.686279
721.500000,2737.922852
722.000000,2742.898926
722.500000,2750.179443
723.000000,2760.788330
723.500000,2775.243408
724.000000,2794.350586
724.500000,2817.811279
725.000000,2846.719727
725.500000,2879.318359
726.000000,2914.710938
726.500000,2951.232422
727.000000,2988.523438
727.500000,3027.438965
728.000000,3070.009277
728.500000,3118.486816
729.000000,3173.018066
729.500000,3231.937012
730.000000,3290.964844
730.500000,3346.456299
731.000000,3397.604736
731.500000,3444.412598
732.000000,3488.486328
732.500000,3529.876709
733.000000,3565.878662
733.500000,3591.736328
734.000000,3601.385986
734.500000,3595.010254
735.000000,3570.046631
735.500000,3533.177246
736.000000,3486.804199
736.500000,3435.309326
737.000000,3380.185059
737.500000,3322.190430
738.000000,3262.562744
738.500000,3203.392334
739.000000,3147.386475
739.500000,3098.433350
740.000000,3057.229980
740.500000,3025.998779
741.000000,3002.545898
741.500000,2986.027832
742.000000,2973.401611
742.500000,2962.013672
743.000000,2949.369385
743.500000,2933.480957
744.000000,2912.406006
744.500000,2886.842773
745.000000,2857.510010
745.500000,2827.779297
746.000000,2801.459229
746.500000,2780.466064
747.000000,2765.374512
747.500000,2754.574707
748.000000,2745.272461
748.500000,2735.091064
749.000000,2723.138428
749.500000,2709.813965
750.000000,2697.013672
750.500000,2686.237061
751.000000,2677.011475
751.500000,2667.981689
752.000000,2657.664062
752.500000,2645.677002
753.000000,2633.212646
753.500000,2622.557861
754.000000,2616.519287
754.500000,2615.030762
755.000000,2616.758789
755.500000,2618.329346
756.000000,2616.907471
756.500000,2611.573242
757.000000,2602.995850
757.500000,2593.292480
758.000000,2584.941895
758.500000,2579.977539
759.000000,2578.119141
759.500000,2578.485596
760.000000,2579.147949
760.500000,2578.944580
761.000000,2577.709717
761.500000,2575.984131
762.000000,2574.684570
762.500000,2574.391602
763.000000,2575.062988
763.500000,2575.908447
764.000000,2576.392090
764.500000,2576.784424
765.000000,2578.042969
765.500000,2580.850830
766.000000,2585.382812
766.500000,2590.457764
767.000000,2594.199707
767.500000,2594.866699
768.000000,2592.682861
768.500000,2589.023193
769.000000,2586.000244
769.500000,2585.267578
770.000000,2586.559326
770.500000,2589.250000
771.000000,2592.326660
771.500000,2595.653564
772.000000,2600.039062
772.500000,2606.270508
773.000000,2614.283691
773.500000,2622.547363
774.000000,2628.874756
774.500000,2632.277344
775.000000,2632.144043
775.500000,2630.058350
776.000000,2627.838867
776.500000,2627.146729
777.000000,2628.612549
777.500000,2632.034668
778.000000,2636.647705
778.500000,2642.077148
779.000000,2647.778809
779.500000,2653.262207
780.000000,2657.985352
780.500000,2661.256592
781.000000,2662.947266
781.500000,2663.493164
782.000000,2663.836182
782.500000,2664.782227
783.000000,2666.718506
783.500000,2669.180176
784.000000,2671.335938
784.500000,2672.367676
785.000000,2671.315430
785.500000,2668.001465
786.000000,2662.227295
786.500000,2654.564209
787.000000,2646.001953
787.500000,2637.812012
788.000000,2631.192139
788.500000,2627.452393
789.000000,2626.082520
789.500000,2626.410156
790.000000,2626.725830
790.500000,2625.593506
791.000000,2622.798584
791.500000,2619.249512
792.000000,2616.172607
792.500000,2614.330078
793.000000,2614.052246
793.500000,2614.820068
794.000000,2616.800049
794.500000,2620.275391
795.000000,2626.283936
795.500000,2634.628662
796.000000,2643.280029
796.500000,2648.874756
797.000000,2648.663574
797.500000,2641.087158
798.000000,2629.229004
798.500000,2617.560791
799.000000,2610.733643
799.500000,2612.461670
800.000000,2620.921631
800.500000,2631.740967
801.000000,2639.531494
801.500000,2641.249268
802.000000,2636.379883
802.500000,2627.958984
803.000000,2619.209473
803.500000,2612.927490
804.000000,2611.231201
804.500000,2613.537842
805.000000,2619.355225
805.500000,2627.018555
806.000000,2634.935791
806.500000,2641.797363
807.000000,2646.940430
807.500000,2650.147217
808.000000,2652.436523
808.500000,2654.943115
809.000000,2658.507080
809.500000,2663.437988
810.000000,2668.976074
810.500000,2674.109619
811.000000,2678.343262
811.500000,2682.035156
812.000000,2686.117188
812.500000,2691.465576
813.000000,2698.973145
813.500000,2708.114014
814.000000,2718.282227
814.500000,2728.176514
815.000000,2736.266602
815.500000,2741.314209
816.000000,2742.568604
816.500000,2739.479004
817.000000,2732.802979
817.500000,2723.000000
818.000000,2711.918701
818.500000,2701.150635
819.000000,2692.137451
819.500000,2686.359619
820.000000,2684.181885
820.500000,2685.356934
821.000000,2688.559814
821.500000,2691.915283
822.000000,2693.619385
822.500000,2693.020996
823.000000,2689.864258
823.500000,2685.850830
824.000000,2682.823975
824.500000,2682.122314
825.000000,2684.295654
825.500000,2688.432861
826.000000,2692.803711
826.500000,2696.182617
827.000000,2698.547363
827.500000,2700.660400
828.000000,2703.620117
828.500000,2708.213379
829.000000,2713.849121
829.500000,2719.381592
830.000000,2723.628418
830.500000,2726.156982
831.000000,2727.688965
831.500000,2729.699219
832.000000,2733.411865
832.500000,2738.726318
833.000000,2745.204834
833.500000,2751.745605
834.000000,2757.740723
834.500000,2763.314697
835.000000,2769.090332
835.500000,2775.779541
836.000000,2783.740479
836.500000,2792.983887
837.000000,2802.927002
837.500000,2813.071777
838.000000,2822.736816
838.500000,2831.008545
839.000000,2837.474121
839.500000,2841.963867
840.000000,2845.341553
840.500000,2849.217529
841.000000,2855.487793
841.500000,2865.075928
842.000000,2878.135010
842.500000,2892.653076
843.000000,2906.811523
843.500000,2919.209961
844.000000,2928.875732
844.500000,2935.979248
845.000000,2940.963379
845.500000,2944.490479
846.000000,2947.537354
846.500000,2951.176758
847.000000,2956.315186
847.500000,2963.842285
848.000000,2972.988281
848.500000,2982.885010
849.000000,2992.303467
849.500000,3000.390137
850.000000,3006.939453
850.500000,3012.146484
851.000000,3015.901855
851.500000,3018.107666
852.000000,3017.931641
852.500000,3015.723145
853.000000,3011.944580
853.500000,3007.886475
854.000000,3004.049072
854.500000,2999.799072
855.000000,2993.525879
855.500000,2983.429199
856.000000,2969.360107
856.500000,2951.907959
857.000000,2933.680176
857.500000,2916.815430
858.000000,2901.752197
858.500000,2887.473633
859.000000,2871.987793
859.500000,2854.235352
860.000000,2834.893799
860.500000,2815.976807
861.000000,2799.579834
861.500000,2785.879639
862.000000,2774.156738
862.500000,2762.221680
863.000000,2748.798828
863.500000,2734.600098
864.000000,2721.873779
864.500000,2712.933838
865.000000,2707.824951
865.500000,2704.631836
866.000000,2700.158447
866.500000,2691.692627
867.000000,2680.061523
867.500000,2667.718506
868.000000,2658.442383
868.500000,2655.825195
869.000000,2660.458984
869.500000,2670.955566
870.000000,2684.510986
870.500000,2697.605957
871.000000,2707.317139
871.500000,2712.751709
872.000000,2712.424561
872.500000,2707.862061
873.000000,2700.161621
873.500000,2691.733643
874.000000,2684.636963
874.500000,2679.951660
875.000000,2677.348389
875.500000,2675.892822
876.000000,2674.489014
876.500000,2673.105469
877.000000,2672.543945
877.500000,2673.888916
878.000000,2676.930420
878.500000,2680.693115
879.000000,2683.608887
879.500000,2684.508301
880.000000,2683.058594
880.500000,2680.209717
881.000000,2677.026611
881.500000,2674.503662
882.000000,2673.400391
882.500000,2673.782471
883.000000,2675.982178
883.500000,2679.879150
884.000000,2685.165039
884.500000,2690.995361
885.000000,2696.099121
885.500000,2698.994141
886.000000,2699.261230
886.500000,2696.268066
887.000000,2691.279297
887.500000,2685.247070
888.000000,2679.444824
888.500000,2674.684326
889.000000,2670.967285
889.500000,2667.396973
890.000000,2662.664795
890.500000,2655.969971
891.000000,2646.684814
891.500000,2635.923096
892.000000,2624.851807
892.500000,2614.710449
893.000000,2606.242432
893.500000,2599.259033
894.000000,2593.226074
894.500000,2587.751953
895.000000,2582.736328
895.500000,2578.512207
896.000000,2575.014893
896.500000,2572.120117
897.000000,2569.468262
897.500000,2567.242676
898.000000,2566.072754
898.500000,2566.962891
899.000000,2570.493652
899.500000,2576.125000
900.000000,2582.576172
900.500000,2587.986572
901.000000,2590.308594
901.500000,2589.512451
902.000000,2585.558594
902.500000,2580.084717
903.000000,2574.669189
903.500000,2570.715820
904.000000,2569.252686
904.500000,2571.048828
905.000000,2575.651123
905.500000,2582.616211
906.000000,2590.180176
906.500000,2596.560303
907.000000,2600.568115
907.500000,2601.203857
908.000000,2598.833740
908.500000,2594.333496
909.000000,2588.974609
909.500000,2584.202393
910.000000,2581.352783
910.500000,2580.768555
911.000000,2582.907471
911.500000,2586.466797
912.000000,2589.972900
912.500000,2591.831787
913.000000,2591.015869
913.500000,2587.904785
914.000000,2584.154785
914.500000,2581.784668
915.000000,2581.732422
915.500000,2583.966553
916.000000,2586.268555
916.500000,2586.118896
917.000000,2582.727783
917.500000,2576.444580
918.000000,2569.162354
918.500000,2562.771240
919.000000,2558.227783
919.500000,2554.954590
920.000000,2551.792480
920.500000,2547.660889
921.000000,2541.925049
921.500000,2535.142822
922.000000,2527.830811
922.500000,2520.482178
923.000000,2513.391113
923.500000,2507.047607
924.000000,2502.248779
924.500000,2500.315918
925.000000,2501.362305
925.500000,2505.574951
926.000000,2511.071533
926.500000,2516.204346
927.000000,2519.746826
927.500000,2521.136475
928.000000,2520.637939
928.500000,2518.658691
929.000000,2515.100830
929.500000,2509.963623
930.000000,2503.061279
930.500000,2495.554199
931.000000,2489.369629
931.500000,2486.005371
932.000000,2486.471924
932.500000,2489.839600
933.000000,2494.323730
933.500000,2498.140869
934.000000,2500.527100
934.500000,2501.738770
935.000000,2503.039795
935.500000,2505.605225
936.000000,2509.407715
936.500000,2513.817627
937.000000,2517.715576
937.500000,2520.357910
938.000000,2521.863037
938.500000,2523.107910
939.000000,2525.095703
939.500000,2528.152832
940.000000,2532.321533
940.500000,2536.949219
941.000000,2541.672119
941.500000,2546.281494
942.000000,2550.637451
942.500000,2554.485107
943.000000,2557.405762
943.500000,2559.036621
944.000000,2559.779541
944.500000,2560.678711
945.000000,2563.085205
945.500000,2568.519775
946.000000,2576.485352
946.500000,2585.742676
947.000000,2594.098633
947.500000,2600.004639
948.000000,2603.299805
948.500000,2605.295166
949.000000,2607.445557
949.500000,2610.522217
950.000000,2614.453125
950.500000,2618.355469
951.000000,2621.861572
951.500000,2625.640625
952.000000,2631.199707
952.500000,2639.706543
953.000000,2650.883789
953.500000,2663.046387
954.000000,2673.622070
954.500000,2680.126709
955.000000,2683.248779
955.500000,2684.897217
956.000000,2688.143311
956.500000,2695.256836
957.000000,2706.128906
957.500000,2718.921387
958.000000,2731.135742
958.500000,2741.097900
959.000000,2748.220459
959.500000,2753.986328
960.000000,2759.696045
960.500000,2765.883057
961.000000,2771.609863
961.500000,2775.100098
962.000000,2774.584717
962.500000,2769.702637
963.000000,2762.111084
963.500000,2754.177002
964.000000,2747.986816
964.500000,2744.440186
965.000000,2741.844482
965.500000,2737.996338
966.000000,2731.283447
966.500000,2720.965820
967.000000,2707.993408
967.500000,2694.155273
968.000000,2681.216309
968.500000,2670.155029
969.000000,2661.617676
969.500000,2654.744385
970.000000,2648.867188
970.500000,2642.954590
971.000000,2636.405518
971.500000,2629.300293
972.000000,2622.287598
972.500000,2616.224365
973.000000,2611.423096
973.500000,2607.433594
974.000000,2602.990479
974.500000,2596.642090
975.000000,2588.344238
975.500000,2578.580078
976.000000,2568.828369
976.500000,2560.480713
977.000000,2554.288330
977.500000,2550.192627
978.000000,2547.974121
978.500000,2546.808350
979.000000,2545.962891
979.500000,2544.321045
980.000000,2540.380615
980.500000,2533.753662
981.000000,2524.883057
981.500000,2515.922363
982.000000,2509.633789
982.500000,2508.136230
983.000000,2510.479980
983.500000,2514.063721
984.000000,2515.325928
984.500000,2511.189941
985.000000,2502.613770
985.500000,2491.753662
986.000000,2482.108643
986.500000,2476.337402
987.000000,2475.237305
987.500000,2477.447998
988.000000,2481.328125
988.500000,2485.071533
989.000000,2487.669678
989.500000,2489.170898
990.000000,2489.497803
990.500000,2488.830322
991.000000,2487.175781
991.500000,2484.896973
992.000000,2482.821533
992.500000,2482.136230
993.000000,2483.508057
993.500000,2487.403564
994.000000,2492.749756
994.500000,2498.814453
995.000000,2505.016846
995.500000,2511.679932
996.000000,2519.537354
996.500000,2529.143555
997.000000,2540.308838
997.500000,2551.912842
998.000000,2562.835205
998.500000,2572.899414
999.000000,2582.897705
999.500000,2594.085449
1000.000000,2607.205078
1000.500000,2621.024170
1001.000000,2632.725342
1001.500000,2639.020264
1002.000000,2638.094482
1002.500000,2629.020996
1003.000000,2614.486572
1003.500000,2595.894531
1004.000000,2575.596680
1004.500000,2553.883545
1005.000000,2530.956299
1005.500000,2507.231689
1006.000000,2484.157715
1006.500000,2463.835938
1007.000000,2448.442627
1007.500000,2438.141602
1008.000000,2432.875977
1008.500000,2429.858398
1009.000000,2426.839844
1009.500000,2422.108154
1010.000000,2415.018799
1010.500000,2406.710449
1011.000000,2399.284912
1011.500000,2395.126221
1012.000000,2395.475586
1012.500000,2400.903320
1013.000000,2408.973877
1013.500000,2416.649414
1014.000000,2420.891602
1014.500000,2419.028320
1015.000000,2411.813721
1015.500000,2401.496094
1016.000000,2391.766846
1016.500000,2385.637695
1017.000000,2384.881836
1017.500000,2388.352295
1018.000000,2394.948486
1018.500000,2402.214355
1019.000000,2408.387695
1019.500000,2412.309082
1020.000000,2412.710449
1020.500000,2409.287842
1021.000000,2402.646240
1021.500000,2394.482910
1022.000000,2387.361816
1022.500000,2383.731934
1023.000000,2383.470947
1023.500000,2385.607178
1024.000000,2387.536377
1024.500000,2387.582275
1025.000000,2386.178955
1025.500000,2385.368896
1026.000000,2387.548584
1026.500000,2393.576904
1027.000000,2402.866699
1027.500000,2412.708008
1028.000000,2420.112061
1028.500000,2423.767090
1029.000000,2422.573242
1029.500000,2417.705566
1030.000000,2410.353516
1030.500000,2402.195068
1031.000000,2394.594238
1031.500000,2388.084717
1032.000000,2381.953125
1032.500000,2374.795166
1033.000000,2365.964600
1033.500000,2355.884277
1034.000000,2346.773682
1034.500000,2341.336426
1035.000000,2340.350098
1035.500000,2342.257568
1036.000000,2343.560547
1036.500000,2340.942139
1037.000000,2332.362549
1037.500000,2320.162354
1038.000000,2307.770508
1038.500000,2298.869385
1039.000000,2296.385254
1039.500000,2299.812500
1040.000000,2307.508545
1040.500000,2316.711426
1041.000000,2324.702637
1041.500000,2329.401123
1042.000000,2330.730957
1042.500000,2328.959961
1043.000000,2326.375732
1043.500000,2324.954346
1044.000000,2325.687012
1044.500000,2328.814941
1045.000000,2333.537842
1045.500000,2338.847412
1046.000000,2343.843262
1046.500000,2347.733154
1047.000000,2349.233643
1047.500000,2347.926025
1048.000000,2342.986328
1048.500000,2335.764404
1049.000000,2327.875488
1049.500000,2321.198975
1050.000000,2316.860107
1050.500000,2314.895752
1051.000000,2314.463623
1051.500000,2315.036865
1052.000000,2316.102539
1052.500000,2317.268066
1053.000000,2317.613281
1053.500000,2315.400635
1054.000000,2309.711182
1054.500000,2300.372314
1055.000000,2289.034668
1055.500000,2278.375977
1056.000000,2271.090820
1056.500000,2268.072754
1057.000000,2270.152100
1057.500000,2275.461182
1058.000000,2282.908447
1058.500000,2290.582520
1059.000000,2296.814453
1059.500000,2300.467285
1060.000000,2301.113281
1060.500000,2299.083984
1061.000000,2295.555176
1061.500000,2291.336914
1062.000000,2287.145020
1062.500000,2283.552002
1063.000000,2281.115479
1063.500000,2280.964355
1064.000000,2283.461914
1064.500000,2288.220703
1065.000000,2293.656494
1065.500000,2297.795898
1066.000000,2299.200439
1066.500000,2298.437988
1067.000000,2296.547119
1067.500000,2294.968262
1068.000000,2294.034912
1068.500000,2292.931885
1069.000000,2290.493164
1069.500000,2286.224121
1070.000000,2280.541748
1070.500000,2274.274414
1071.000000,2268.233398
1071.500000,2262.947998
1072.000000,2258.647949
1072.500000,2256.418457
1073.000000,2257.027588
1073.500000,2261.673828
1074.000000,2269.817627
1074.500000,2279.566895
1075.000000,2287.847168
1075.500000,2291.851074
1076.000000,2289.225586
1076.500000,2281.534180
1077.000000,2270.840088
1077.500000,2261.172852
1078.000000,2255.822266
1078.500000,2255.188232
1079.000000,2257.786377
1079.500000,2260.574463
1080.000000,2261.057617
1080.500000,2258.567871
1081.000000,2255.147217
1081.500000,2253.615234
1082.000000,2255.186768
1082.500000,2259.899414
1083.000000,2265.414551
1083.500000,2269.573486
1084.000000,2271.641357
1084.500000,2272.604248
1085.000000,2274.391602
1085.500000,2278.420654
1086.000000,2285.346924
1086.500000,2293.723633
1087.000000,2301.864990
1087.500000,2308.297119
1088.000000,2312.013184
1088.500000,2313.515625
1089.000000,2314.021973
1089.500000,2315.162598
1090.000000,2318.092041
1090.500000,2323.160645
1091.000000,2329.058350
1091.500000,2333.964844
1092.000000,2336.882324
1092.500000,2337.740234
1093.000000,2338.362061
1093.500000,2341.011963
1094.000000,2346.970703
1094.500000,2355.670898
1095.000000,2365.188965
1095.500000,2373.182129
1096.000000,2377.935059
1096.500000,2380.528320
1097.000000,2382.963135
1097.500000,2387.660400
1098.000000,2396.376465
1098.500000,2408.498535
1099.000000,2421.848633
1099.500000,2433.584473
1100.000000,2441.907715
1100.500000,2446.148682
1101.000000,2448.421387
1101.500000,2450.881592
1102.000000,2454.889160
1102.500000,2460.364014
1103.000000,2465.695557
1103.500000,2469.314941
1104.000000,2470.916992
1104.500000,2471.680908
1105.000000,2473.100830
1105.500000,2475.631348
1106.000000,2478.473877
1106.500000,2480.138428
1107.000000,2479.592773
1107.500000,2477.741699
1108.000000,2476.160889
1108.500000,2475.953857
1109.000000,2476.691406
1109.500000,2476.652100
1110.000000,2474.317627
1110.500000,2468.938721
1111.000000,2462.239990
1111.500000,2456.276123
1112.000000,2452.434082
1112.500000,2451.334717
1113.000000,2452.140625
1113.500000,2453.692871
1114.000000,2454.791260
1114.500000,2454.526123
1115.000000,2452.187988
1115.500000,2448.381592
1116.000000,2444.298584
1116.500000,2441.657959
1117.000000,2441.905518
1117.500000,2444.455322
1118.000000,2447.715088
1118.500000,2449.967773
1119.000000,2450.910889
1119.500000,2451.851074
1120.000000,2454.477539
1120.500000,2459.694336
1121.000000,2465.750977
1121.500000,2470.422119
1122.000000,2473.068848
1122.500000,2475.313721
1123.000000,2480.310303
1123.500000,2490.190674
1124.000000,2504.237793
1124.500000,2518.561523
1125.000000,2528.927979
1125.500000,2534.755127
1126.000000,2537.770508
1126.500000,2542.196777
1127.000000,2550.865723
1127.500000,2562.697266
1128.000000,2574.287354
1128.500000,2582.262451
1129.000000,2586.124268
1129.500000,2587.927490
1130.000000,2591.194824
1130.500000,2598.570312
1131.000000,2608.639160
1131.500000,2618.980957
1132.000000,2627.261719
1132.500000,2632.976562
1133.000000,2637.827393
1133.500000,2643.957764
1134.000000,2652.279053
1134.500000,2661.435303
1135.000000,2669.022217
1135.500000,2673.817383
1136.000000,2675.724365
1136.500000,2677.114014
1137.000000,2680.450195
1137.500000,2686.774658
1138.000000,2695.385010
1138.500000,2704.287598
1139.000000,2711.475586
1139.500000,2715.656494
1140.000000,2717.663086
1140.500000,2718.558594
1141.000000,2719.872803
1141.500000,2722.423096
1142.000000,2725.828857
1142.500000,2728.947021
1143.000000,2730.407471
1143.500000,2729.596680
1144.000000,2726.969727
1144.500000,2724.528320
1145.000000,2724.920654
1145.500000,2728.833740
1146.000000,2736.058350
1146.500000,2743.851807
1147.000000,2749.348633
1147.500000,2751.134033
1148.000000,2749.763672
1148.500000,2747.030762
1149.000000,2744.924561
1149.500000,2744.536865
1150.000000,2745.466553
1150.500000,2747.535400
1151.000000,2750.569824
1151.500000,2755.118408
1152.000000,2761.206543
1152.500000,2768.162354
1153.000000,2774.582520
1153.500000,2779.140869
1154.000000,2780.873047
1154.500000,2780.423340
1155.000000,2778.315918
1155.500000,2775.879150
1156.000000,2774.247314
1156.500000,2774.435059
1157.000000,2777.684814
1157.500000,2784.601807
1158.000000,2794.750977
1158.500000,2806.836914
1159.000000,2818.478760
1159.500000,2827.032959
1160.000000,2831.792725
1160.500000,2832.249023
1161.000000,2830.451416
1161.500000,2828.563477
1162.000000,2828.590332
1162.500000,2831.532471
1163.000000,2837.168213
1163.500000,2843.978760
1164.000000,2850.391602
1164.500000,2855.373779
1165.000000,2858.073486
1165.500000,2858.854736
1166.000000,2857.576172
1166.500000,2854.548828
1167.000000,2849.988525
1167.500000,2844.393311
1168.000000,2838.433838
1168.500000,2832.580322
1169.000000,2827.045166
1169.500000,2822.168213
1170.000000,2818.292969
1170.500000,2816.359375
1171.000000,2816.447754
1171.500000,2817.979736
1172.000000,2819.249512
1172.500000,2818.386230
1173.000000,2814.150879
1173.500000,2807.124268
1174.000000,2798.001953
1174.500000,2788.107422
1175.000000,2777.859131
1175.500000,2767.618896
1176.000000,2758.043701
1176.500000,2749.910156
1177.000000,2743.598389
1177.500000,2738.417969
1178.000000,2732.824951
1178.500000,2725.552246
1179.000000,2717.070312
1179.500000,2708.826660
1180.000000,2702.054932
1180.500000,2696.865234
1181.000000,2691.804443
1181.500000,2685.667969
1182.000000,2678.834229
1182.500000,2673.088867
1183.000000,2670.112793
1183.500000,2669.125000
1184.000000,2667.659180
1184.500000,2663.446777
1185.000000,2655.890869
1185.500000,2647.929443
1186.000000,2643.302002
1186.500000,2643.708496
1187.000000,2647.938965
1187.500000,2653.116455
1188.000000,2657.073975
1188.500000,2660.083008
1189.000000,2664.458496
1189.500000,2672.945801
1190.000000,2685.071045
1190.500000,2698.984131
1191.000000,2711.529297
1191.500000,2720.311523
1192.000000,2724.785889
1192.500000,2726.545166
1193.000000,2727.998779
1193.500000,2731.741211
1194.000000,2740.612061
1194.500000,2753.954590
1195.000000,2770.467285
1195.500000,2786.513184
1196.000000,2798.580566
1196.500000,2805.251709
1197.000000,2807.699219
1197.500000,2808.216553
1198.000000,2808.955322
1198.500000,2810.160156
1199.000000,2810.716309
1199.500000,2809.741943
1200.000000,2808.428223
1200.500000,2809.307373
1201.000000,2814.052979
1201.500000,2822.014160
1202.000000,2830.044922
1202.500000,2834.577881
1203.000000,2833.294434
1203.500000,2828.292969
1204.000000,2822.238770
1204.500000,2817.433105
1205.000000,2813.674561
1205.500000,2808.719971
1206.000000,2800.472412
1206.500000,2789.095459
1207.000000,2777.130371
1207.500000,2767.603516
1208.000000,2761.304199
1208.500000,2757.192871
1209.000000,2752.120361
1209.500000,2743.589111
1210.000000,2732.151855
1210.500000,2720.127930
1211.000000,2710.553467
1211.500000,2705.113770
1212.000000,2703.462646
1212.500000,2702.971924
1213.000000,2700.942871
1213.500000,2696.403564
1214.000000,2689.755127
1214.500000,2683.435547
1215.000000,2679.882080
1215.500000,2679.722656
1216.000000,2681.773438
1216.500000,2683.483398
1217.000000,2682.635254
1217.500000,2678.309326
1218.000000,2672.205322
1218.500000,2666.267822
1219.000000,2661.676270
1219.500000,2658.353760
1220.000000,2655.080566
1220.500000,2651.056641
1221.000000,2646.611572
1221.500000,2642.784912
1222.000000,2640.325928
1222.500000,2638.706543
1223.000000,2636.885498
1223.500000,2634.329102
1224.000000,2631.601318
1224.500000,2629.942139
1225.000000,2630.066650
1225.500000,2630.937500
1226.000000,2630.484619
1226.500000,2627.145508
1227.000000,2621.780518
1227.500000,2617.189941
1228.000000,2616.311279
1228.500000,2621.696045
1229.000000,2631.190674
1229.500000,2641.680664
1230.000000,2649.512207
1230.500000,2652.525879
1231.000000,2651.038818
1231.500000,2647.409424
1232.000000,2644.141113
1232.500000,2642.820312
1233.000000,2644.303223
1233.500000,2647.356445
1234.000000,2650.850342
1234.500000,2653.611572
1235.000000,2655.001953
1235.500000,2655.250977
1236.000000,2655.231445
1236.500000,2656.096924
1237.000000,2658.568115
1237.500000,2662.954346
1238.000000,2668.041992
1238.500000,2672.214844
1239.000000,2674.334229
1239.500000,2673.935547
1240.000000,2672.208984
1240.500000,2670.914551
1241.000000,2671.407715
1241.500000,2673.653076
1242.000000,2676.842773
1242.500000,2679.824951
1243.000000,2682.185791
1243.500000,2684.360596
1244.000000,2686.501709
1244.500000,2687.932373
1245.000000,2687.237549
1245.500000,2683.710205
1246.000000,2678.524658
1246.500000,2674.389160
1247.000000,2673.662354
1247.500000,2677.713867
1248.000000,2683.656982
1248.500000,2687.515869
1249.000000,2686.319824
1249.500000,2678.741943
1250.000000,2666.994873
1250.500000,2654.902100
1251.000000,2646.288818
1251.500000,2642.827148
1252.000000,2645.028320
1252.500000,2649.724121
1253.000000,2653.460938
1253.500000,2653.541992
1254.000000,2648.763428
1254.500000,2641.228027
1255.000000,2634.101562
1255.500000,2629.942139
1256.000000,2628.947754
1256.500000,2629.796875
1257.000000,2630.417969
1257.500000,2630.023926
1258.000000,2629.542725
1258.500000,2630.010986
1259.000000,2631.063965
1259.500000,2630.851318
1260.000000,2627.414551
1260.500000,2620.447510
1261.000000,2611.567871
1261.500000,2603.779053
1262.000000,2599.809570
1262.500000,2599.319092
1263.000000,2601.379883
1263.500000,2603.830811
1264.000000,2605.499512
1264.500000,2606.321533
1265.000000,2606.814453
1265.500000,2607.480713
1266.000000,2608.502197
1266.500000,2609.894287
1267.000000,2611.460205
1267.500000,2612.811279
1268.000000,2613.322998
1268.500000,2611.950439
1269.000000,2608.378418
1269.500000,2602.965576
1270.000000,2597.056396
1270.500000,2592.175049
1271.000000,2589.125000
1271.500000,2587.011963
1272.000000,2584.289795
1272.500000,2580.217285
1273.000000,2575.633301
1273.500000,2572.976318
1274.000000,2574.821045
1274.500000,2581.243896
1275.000000,2589.683838
1275.500000,2596.481445
1276.000000,2599.623535
1276.500000,2599.167480
1277.000000,2598.091797
1277.500000,2598.482422
1278.000000,2599.743408
1278.500000,2599.281982
1279.000000,2595.067871
1279.500000,2587.512451
1280.000000,2579.804199
1280.500000,2575.428223
1281.000000,2575.827148
1281.500000,2578.178467
1282.000000,2578.541260
1282.500000,2575.011963
1283.000000,2567.958496
1283.500000,2560.901611
1284.000000,2557.245850
1284.500000,2557.882324
1285.000000,2560.590088
1285.500000,2561.900146
1286.000000,2560.057617
1286.500000,2556.265381
1287.000000,2555.255859
1287.500000,2562.923828
1288.000000,2579.279541
1288.500000,2600.010010
1289.000000,2616.118896
1289.500000,2619.501709
1290.000000,2607.283691
1290.500000,2585.829346
1291.000000,2563.780029
1291.500000,2548.168945
1292.000000,2541.522217
1292.500000,2538.892578
1293.000000,2536.579590
1293.500000,2533.811768
1294.000000,2533.146484
1294.500000,2537.169678
1295.000000,2545.002197
1295.500000,2552.708984
1296.000000,2555.940430
1296.500000,2551.212402
1297.000000,2541.372559
1297.500000,2529.648926
1298.000000,2519.960449
1298.500000,2515.135254
1299.000000,2516.291748
1299.500000,2523.342773
1300.000000,2535.407715
1300.500000,2549.273926
1301.000000,2561.150635
1301.500000,2568.781494
1302.000000,2571.219971
1302.500000,2571.627686
1303.000000,2573.089355
1303.500000,2576.793945
1304.000000,2581.280029
1304.500000,2583.543701
1305.000000,2581.635742
1305.500000,2575.120605
1306.000000,2566.816162
1306.500000,2559.795166
1307.000000,2555.845459
1307.500000,2555.632812
1308.000000,2557.365479
1308.500000,2558.687012
1309.000000,2557.597168
1309.500000,2553.654053
1310.000000,2547.866211
1310.500000,2542.606201
1311.000000,2540.291260
1311.500000,2540.912109
1312.000000,2543.649902
1312.500000,2546.313477
1313.000000,2547.606934
1313.500000,2547.728271
1314.000000,2547.825684
1314.500000,2549.025879
1315.000000,2551.494629
1315.500000,2554.785645
1316.000000,2557.844971
1316.500000,2559.581787
1317.000000,2559.612793
1317.500000,2557.627197
1318.000000,2554.354980
1318.500000,2551.043457
1319.000000,2548.925293
1319.500000,2548.002930
1320.000000,2546.532227
1320.500000,2542.008057
1321.000000,2531.487549
1321.500000,2516.841064
1322.000000,2501.635742
1322.500000,2490.041748
1323.000000,2484.121338
1323.500000,2481.980469
1324.000000,2479.606201
1324.500000,2473.898926
1325.000000,2465.371582
1325.500000,2456.682373
1326.000000,2450.465088
1326.500000,2447.255371
1327.000000,2444.088135
1327.500000,2437.380859
1328.000000,2425.944336
1328.500000,2411.637939
1329.000000,2398.300293
1329.500000,2389.106201
1330.000000,2385.880127
1330.500000,2386.362061
1331.000000,2388.586670
1331.500000,2390.507080
1332.000000,2391.396729
1332.500000,2391.555176
1333.000000,2391.437744
1333.500000,2391.224854
1334.000000,2390.675293
1334.500000,2389.292480
1335.000000,2387.131104
1335.500000,2384.988281
1336.000000,2384.402344
1336.500000,2387.469238
1337.000000,2394.258057
1337.500000,2403.527832
1338.000000,2412.357666
1338.500000,2417.994873
1339.000000,2419.512939
1339.500000,2418.870605
1340.000000,2418.675537
1340.500000,2420.625977
1341.000000,2424.964600
1341.500000,2429.644043
1342.000000,2432.493408
1342.500000,2432.698486
1343.000000,2431.041260
1343.500000,2429.463623
1344.000000,2429.703125
1344.500000,2432.435303
1345.000000,2436.083740
1345.500000,2438.161865
1346.000000,2437.169434
1346.500000,2432.431885
1347.000000,2425.883545
1347.500000,2419.359375
1348.000000,2413.511475
1348.500000,2407.443115
1349.000000,2399.800293
1349.500000,2390.732910
1350.000000,2381.912598
1350.500000,2375.260986
1351.000000,2371.642822
1351.500000,2368.937500
1352.000000,2364.346436
1352.500000,2356.640869
1353.000000,2347.062744
1353.500000,2338.024170
1354.000000,2330.566162
1354.500000,2323.163086
1355.000000,2313.509277
1355.500000,2300.924561
1356.000000,2288.775635
1356.500000,2281.863525
1357.000000,2281.830322
1357.500000,2286.267578
1358.000000,2289.561279
1358.500000,2287.379395
1359.000000,2279.252930
1359.500000,2270.235840
1360.000000,2266.459473
1360.500000,2268.930908
1361.000000,2275.286865
1361.500000,2279.284912
1362.000000,2276.006592
1362.500000,2265.474609
1363.000000,2251.650391
1363.500000,2239.505127
1364.000000,2232.009766
1364.500000,2230.350098
1365.000000,2231.533936
1365.500000,2232.671143
1366.000000,2231.301758
1366.500000,2226.032715
1367.000000,2217.737793
1367.500000,2208.574951
1368.000000,2201.249023
1368.500000,2197.468262
1369.000000,2197.714355
1369.500000,2199.552490
1370.000000,2200.499268
1370.500000,2199.248779
1371.000000,2195.770264
1371.500000,2191.646729
1372.000000,2188.193359
1372.500000,2185.593262
1373.000000,2182.972168
1373.500000,2179.375977
1374.000000,2174.883301
1374.500000,2170.257080
1375.000000,2166.294189
1375.500000,2163.024170
1376.000000,2159.509521
1376.500000,2155.022461
1377.000000,2150.019287
1377.500000,2146.051758
1378.000000,2144.972900
1378.500000,2147.184082
1379.000000,2152.333740
1379.500000,2158.142090
1380.000000,2162.399902
1380.500000,2164.023682
1381.000000,2162.422607
1381.500000,2158.460938
1382.000000,2153.234619
1382.500000,2147.781494
1383.000000,2142.719482
1383.500000,2138.294189
1384.000000,2134.483887
1384.500000,2131.739014
1385.000000,2130.196289
1385.500000,2130.034424
1386.000000,2130.417480
1386.500000,2130.064697
1387.000000,2128.001465
1387.500000,2124.425293
1388.000000,2120.604248
1388.500000,2118.044678
1389.000000,2117.604004
1389.500000,2118.000488
1390.000000,2117.915039
1390.500000,2117.058838
1391.000000,2116.623535
1391.500000,2118.359863
1392.000000,2123.046143
1392.500000,2129.551270
1393.000000,2135.065430
1393.500000,2136.395752
1394.000000,2133.061035
1394.500000,2125.215088
1395.000000,2116.187012
1395.500000,2109.595215
1396.000000,2107.953857
1396.500000,2112.299316
1397.000000,2120.901123
1397.500000,2129.585693
1398.000000,2133.668213
1398.500000,2131.789551
1399.000000,2124.771973
1399.500000,2118.079102
1400.000000,2116.758545
1400.500000,2121.489746
1401.000000,2129.627197
1401.500000,2136.171143
1402.000000,2138.203857
1402.500000,2136.249512
1403.000000,2133.799072
1403.500000,2134.115479
1404.000000,2137.591064
1404.500000,2143.427246
1405.000000,2149.292969
1405.500000,2153.242188
1406.000000,2154.167480
1406.500000,2151.516357
1407.000000,2145.809326
1407.500000,2139.383301
1408.000000,2135.290283
1408.500000,2134.673340
1409.000000,2137.015137
1409.500000,2138.928467
1410.000000,2137.686523
1410.500000,2133.828857
1411.000000,2130.440186
1411.500000,2130.996094
1412.000000,2136.341553
1412.500000,2144.642334
1413.000000,2152.179688
1413.500000,2156.125000
1414.000000,2157.052002
1414.500000,2155.424072
1415.000000,2152.163086
1415.500000,2147.380127
1416.000000,2141.886719
1416.500000,2137.396240
1417.000000,2135.743408
1417.500000,2136.916992
1418.000000,2139.549561
1418.500000,2141.254395
1419.000000,2140.524658
1419.500000,2138.460938
1420.000000,2136.352539
1420.500000,2134.789307
1421.000000,2133.263428
1421.500000,2130.959229
1422.000000,2127.662842
1422.500000,2123.490234
1423.000000,2118.629395
1423.500000,2112.414307
1424.000000,2104.763916
1424.500000,2095.958984
1425.000000,2087.293213
1425.500000,2079.652588
1426.000000,2072.910156
1426.500000,2066.490479
1427.000000,2060.557129
1427.500000,2056.172119
1428.000000,2055.246826
1428.500000,2057.414551
1429.000000,2061.613281
1429.500000,2065.524658
1430.000000,2067.792236
1430.500000,2068.789795
1431.000000,2069.325195
1431.500000,2069.508057
1432.000000,2068.825684
1432.500000,2066.860107
1433.000000,2064.583008
1433.500000,2063.751465
1434.000000,2065.058105
1434.500000,2068.109863
1435.000000,2071.086914
1435.500000,2072.659912
1436.000000,2073.297607
1436.500000,2074.655273
1437.000000,2078.138184
1437.500000,2083.157227
1438.000000,2087.833496
1438.500000,2090.220947
1439.000000,2089.114258
1439.500000,2086.171875
1440.000000,2084.308350
1440.500000,2086.485352
1441.000000,2093.613281
1441.500000,2103.744385
1442.000000,2112.683594
1442.500000,2116.052246
1443.000000,2113.882568
1443.500000,2108.330078
1444.000000,2104.555908
1444.500000,2106.681396
1445.000000,2114.482666
1445.500000,2124.744385
1446.000000,2133.479492
1446.500000,2139.442871
1447.000000,2143.998047
1447.500000,2149.401367
1448.000000,2156.100098
1448.500000,2161.948730
1449.000000,2164.228027
1449.500000,2162.926758
1450.000000,2160.262939
1450.500000,2159.440430
1451.000000,2161.992188
1451.500000,2167.058350
1452.000000,2172.596191
1452.500000,2178.074951
1453.000000,2184.311279
1453.500000,2192.278076
1454.000000,2200.928955
1454.500000,2207.919189
1455.000000,2211.666748
1455.500000,2212.960938
1456.000000,2214.820068
1456.500000,2219.870605
1457.000000,2228.880127
1457.500000,2239.436279
1458.000000,2249.319092
1458.500000,2257.628418
1459.000000,2264.182129
1459.500000,2268.915527
1460.000000,2270.664795
1460.500000,2268.396729
1461.000000,2263.174561
1461.500000,2257.882568
1462.000000,2255.128906
1462.500000,2255.939697
1463.000000,2257.689697
1463.500000,2257.729980
1464.000000,2255.411865
1464.500000,2251.940918
1465.000000,2248.964844
1465.500000,2246.371582
1466.000000,2242.189453
1466.500000,2235.440918
1467.000000,2227.297363
1467.500000,2221.195801
1468.000000,2220.630127
1468.500000,2224.695068
1469.000000,2230.485596
1469.500000,2234.010498
1470.000000,2232.939453
1470.500000,2227.272705
1471.000000,2219.159912
1471.500000,2210.069336
1472.000000,2201.329346
1472.500000,2194.542236
1473.000000,2190.649414
1473.500000,2190.502930
1474.000000,2192.403076
1474.500000,2193.518311
1475.000000,2191.508057
1475.500000,2187.008301
1476.000000,2183.287598
1476.500000,2183.416992
1477.000000,2189.153564
1477.500000,2197.335449
1478.000000,2204.498047
1478.500000,2208.867188
1479.000000,2211.328125
1479.500000,2214.600830
1480.000000,2220.070068
1480.500000,2226.246094
1481.000000,2230.483154
1481.500000,2231.367188
1482.000000,2231.306396
1482.500000,2234.204102
1483.000000,2241.594727
1483.500000,2252.397949
1484.000000,2262.586670
1484.500000,2269.243652
1485.000000,2273.373535
1485.500000,2278.743164
1486.000000,2288.880371
1486.500000,2303.145996
1487.000000,2318.976807
1487.500000,2332.785156
1488.000000,2342.681152
1488.500000,2349.834473
1489.000000,2355.750732
1489.500000,2361.079834
1490.000000,2365.434814
1490.500000,2368.583008
1491.000000,2371.595459
1491.500000,2376.343506
1492.000000,2383.418213
1492.500000,2392.421875
1493.000000,2401.278809
1493.500000,2408.407471
1494.000000,2414.075195
1494.500000,2419.800049
1495.000000,2427.188721
1495.500000,2436.519287
1496.000000,2446.960449
1496.500000,2456.686035
1497.000000,2463.780273
1497.500000,2467.985840
1498.000000,2469.344238
1498.500000,2468.917236
1499.000000,2467.372803
1499.500000,2465.110352
1500.000000,2462.319336
1500.500000,2458.996094
1501.000000,2455.304688
1501.500000,2451.456299
1502.000000,2447.983398
1502.500000,2445.813477
1503.000000,2445.471680
1503.500000,2447.149414
1504.000000,2449.828369
1504.500000,2451.742432
1505.000000,2451.223633
1505.500000,2448.268066
1506.000000,2444.017822
1506.500000,2440.755127
1507.000000,2440.080811
1507.500000,2441.346436
1508.000000,2443.299316
1508.500000,2444.655518
1509.000000,2445.192627
1509.500000,2445.752197
1510.000000,2447.474365
1510.500000,2451.248779
1511.000000,2456.443848
1511.500000,2462.287598
1512.000000,2467.640137
1512.500000,2471.658691
1513.000000,2474.441895
1513.500000,2476.680664
1514.000000,2479.467529
1514.500000,2483.564209
1515.000000,2488.891113
1515.500000,2494.464600
1516.000000,2499.214844
1516.500000,2502.776367
1517.000000,2505.016602
1517.500000,2506.613037
1518.000000,2508.436768
1518.500000,2511.623779
1519.000000,2517.033936
1519.500000,2524.551025
1520.000000,2532.430908
1520.500000,2538.076416
1521.000000,2540.369141
1521.500000,2539.309326
1522.000000,2537.681885
1522.500000,2537.901123
1523.000000,2539.983154
1523.500000,2542.001709
1524.000000,2542.107910
1524.500000,2540.502686
1525.000000,2539.104004
1525.500000,2539.704590
1526.000000,2542.976807
1526.500000,2547.165771
1527.000000,2551.471924
1527.500000,2556.741699
1528.000000,2564.760254
1528.500000,2575.612061
1529.000000,2586.783203
1529.500000,2594.614990
1530.000000,2597.960205
1530.500000,2598.389893
1531.000000,2600.413086
1531.500000,2606.611328
1532.000000,2614.674316
1532.500000,2620.175049
1533.000000,2620.065430
1533.500000,2614.837402
1534.000000,2608.001221
1534.500000,2603.074463
1535.000000,2600.260498
1535.500000,2596.635498
1536.000000,2589.191162
1536.500000,2578.792969
1537.000000,2568.043701
1537.500000,2559.577393
1538.000000,2553.562500
1538.500000,2547.434814
1539.000000,2538.847412
1539.500000,2527.806152
1540.000000,2516.843018
1540.500000,2508.548828
1541.000000,2502.598633
1541.500000,2497.410156
1542.000000,2491.277100
1542.500000,2484.711914
1543.000000,2479.916260
1543.500000,2478.436768
1544.000000,2479.809326
1544.500000,2481.423096
1545.000000,2480.787109
1545.500000,2477.904297
1546.000000,2474.414062
1546.500000,2472.690430
1547.000000,2473.945801
1547.500000,2477.228760
1548.000000,2480.813721
1548.500000,2483.277588
1549.000000,2484.500000
1549.500000,2485.487793
1550.000000,2487.652100
1550.500000,2491.770996
1551.000000,2496.493164
1551.500000,2499.545166
1552.000000,2499.252197
1552.500000,2495.250732
1553.000000,2489.511230
1553.500000,2485.131104
1554.000000,2484.212891
1554.500000,2485.936279
1555.000000,2488.194824
1555.500000,2488.440430
1556.000000,2484.778564
1556.500000,2478.067627
1557.000000,2469.888916
1557.500000,2462.481201
1558.000000,2457.215576
1558.500000,2454.330078
1559.000000,2452.728760
1559.500000,2451.161377
1560.000000,2448.786865
1560.500000,2445.452393
1561.000000,2441.861816
1561.500000,2438.291504
1562.000000,2434.412598
1562.500000,2429.799072
1563.000000,2424.824951
1563.500000,2420.836914
1564.000000,2419.547363
1564.500000,2420.834229
1565.000000,2423.372803
1565.500000,2425.074951
1566.000000,2424.946777
1566.500000,2423.865234
1567.000000,2423.075684
1567.500000,2423.010742
1568.000000,2422.859863
1568.500000,2421.721436
1569.000000,2420.047363
1569.500000,2419.387207
1570.000000,2420.613525
1570.500000,2423.393066
1571.000000,2425.528564
1571.500000,2424.809570
1572.000000,2421.670410
1572.500000,2418.354248
1573.000000,2417.468018
1573.500000,2419.918701
1574.000000,2425.180664
1574.500000,2430.909668
1575.000000,2434.842285
1575.500000,2436.326660
1576.000000,2434.844971
1576.500000,2431.031494
1577.000000,2425.704102
1577.500000,2420.390869
1578.000000,2417.000732
1578.500000,2417.636475
1579.000000,2422.033447
1579.500000,2429.367920
1580.000000,2436.638428
1580.500000,2440.573486
1581.000000,2439.674805
1581.500000,2433.730957
1582.000000,2425.615723
1582.500000,2419.452637
1583.000000,2418.012939
1583.500000,2420.471680
1584.000000,2424.110840
1584.500000,2425.751953
1585.000000,2424.323730
1585.500000,2422.670410
1586.000000,2423.996826
1586.500000,2428.382812
1587.000000,2432.933350
1587.500000,2433.934326
1588.000000,2430.373779
1588.500000,2424.031738
1589.000000,2418.478027
1589.500000,2414.948486
1590.000000,2411.250732
1590.500000,2404.699951
1591.000000,2395.284424
1591.500000,2385.371094
1592.000000,2378.214111
1592.500000,2374.861816
1593.000000,2373.981201
1593.500000,2373.001465
1594.000000,2369.850830
1594.500000,2364.056152
1595.000000,2354.716309
1595.500000,2342.608887
1596.000000,2329.545654
1596.500000,2318.504639
1597.000000,2311.748779
1597.500000,2308.926025
1598.000000,2306.411377
1598.500000,2299.736816
1599.000000,2288.226318
1599.500000,2274.291504
1600.000000,2262.273193
1600.500000,2254.944336
1601.000000,2251.315430
1601.500000,2248.935791
1602.000000,2245.370117
1602.500000,2239.623291
1603.000000,2231.310303
1603.500000,2220.945312
1604.000000,2209.043701
1604.500000,2197.577881
1605.000000,2188.863281
1605.500000,2183.046875
1606.000000,2177.764404
1606.500000,2169.694824
1607.000000,2157.243652
1607.500000,2141.820557
1608.000000,2127.439453
1608.500000,2118.438232
1609.000000,2114.489990
1609.500000,2114.158447
1610.000000,2114.051270
1610.500000,2111.546143
1611.000000,2105.290527
1611.500000,2094.658936
1612.000000,2080.540283
1612.500000,2065.869141
1613.000000,2054.166504
1613.500000,2047.106689
1614.000000,2045.463745
1614.500000,2045.977905
1615.000000,2045.672974
1615.500000,2043.051025
1616.000000,2037.986328
1616.500000,2030.909668
1617.000000,2021.933960
1617.500000,2010.903442
1618.000000,1999.056152
1618.500000,1988.980469
1619.000000,1982.241455
1619.500000,1979.343140
1620.000000,1977.646851
1620.500000,1974.279907
1621.000000,1967.983276
1621.500000,1960.049927
1622.000000,1952.845215
1622.500000,1947.349243
1623.000000,1942.730347
1623.500000,1937.010620
1624.000000,1928.730957
1624.500000,1919.096313
1625.000000,1910.175049
1625.500000,1903.136230
1626.000000,1897.641602
1626.500000,1892.281006
1627.000000,1885.940430
1627.500000,1878.394897
1628.000000,1870.289551
1628.500000,1861.289307
1629.000000,1850.736328
1629.500000,1837.687500
1630.000000,1823.054443
1630.500000,1808.976562
1631.000000,1797.528320
1631.500000,1789.232666
1632.000000,1783.433960
1632.500000,1778.655396
1633.000000,1774.372314
1633.500000,1770.473755
1634.000000,1766.707886
1634.500000,1762.145142
1635.000000,1755.568726
1635.500000,1746.865967
1636.000000,1737.062866
1636.500000,1727.949219
1637.000000,1720.742554
1637.500000,1715.694702
1638.000000,1711.476440
1638.500000,1706.331665
1639.000000,1698.926147
1639.500000,1688.167236
1640.000000,1675.503174
1640.500000,1663.615723
1641.000000,1655.241211
1641.500000,1651.282593
1642.000000,1650.602051
1642.500000,1649.650879
1643.000000,1645.194946
1643.500000,1637.566162
1644.000000,1628.189331
1644.500000,1619.410889
1645.000000,1612.394409
1645.500000,1606.713989
1646.000000,1601.329712
1646.500000,1595.734253
1647.000000,1589.986206
1647.500000,1584.086304
1648.000000,1577.763672
1648.500000,1570.488892
1649.000000,1562.766846
1649.500000,1555.892944
1650.000000,1551.225464
1650.500000,1549.444702
1651.000000,1549.727661
1651.500000,1549.766846
1652.000000,1547.176636
1652.500000,1541.683472
1653.000000,1533.952271
1653.500000,1526.446045
1654.000000,1521.241333
1654.500000,1518.671143
1655.000000,1517.641602
1655.500000,1516.454102
1656.000000,1513.722900
1656.500000,1508.580566
1657.000000,1501.392578
1657.500000,1493.055420
1658.000000,1485.600952
1658.500000,1481.271240
1659.000000,1480.301636
1659.500000,1481.463501
1660.000000,1481.409546
1660.500000,1477.079224
1661.000000,1467.890503
1661.500000,1456.464478
1662.000000,1446.422241
1662.500000,1440.166260
1663.000000,1439.398438
1663.500000,1441.507080
1664.000000,1444.113770
1664.500000,1444.738770
1665.000000,1441.474731
1665.500000,1433.713379
1666.000000,1422.916382
1666.500000,1411.827637
1667.000000,1403.026978
1667.500000,1398.444580
1668.000000,1396.567017
1668.500000,1395.462036
1669.000000,1393.149902
1669.500000,1389.369141
1670.000000,1385.333374
1670.500000,1382.366089
1671.000000,1380.802856
1671.500000,1379.361572
1672.000000,1376.076904
1672.500000,1370.463013
1673.000000,1362.879028
1673.500000,1355.258911
1674.000000,1349.138062
1674.500000,1344.375488
1675.000000,1339.427490
1675.500000,1333.041138
1676.000000,1325.669800
1676.500000,1319.337280
1677.000000,1315.899292
1677.500000,1315.915771
1678.000000,1316.927612
1678.500000,1316.791870
1679.000000,1314.826538
1679.500000,1311.597168
1680.000000,1307.793701
1680.500000,1302.966675
1681.000000,1295.951294
1681.500000,1287.198730
1682.000000,1278.975586
1682.500000,1274.274536
1683.000000,1274.891113
1683.500000,1278.238892
1684.000000,1280.816650
1684.500000,1280.068604
1685.000000,1276.053467
1685.500000,1271.182495
1686.000000,1268.041504
1686.500000,1267.630371
1687.000000,1268.366455
1687.500000,1268.156738
1688.000000,1265.823364
1688.500000,1261.723389
1689.000000,1257.678955
1689.500000,1255.206421
1690.000000,1254.343018
1690.500000,1253.253296
1691.000000,1249.351562
1691.500000,1242.388550
1692.000000,1233.676270
1692.500000,1226.474121
1693.000000,1223.646606
1693.500000,1224.693970
1694.000000,1226.672363
1694.500000,1226.228760
1695.000000,1221.765259
1695.500000,1213.902100
1696.000000,1205.638794
1696.500000,1199.791504
1697.000000,1196.463379
1697.500000,1194.548584
1698.000000,1191.999756
1698.500000,1187.949585
1699.000000,1183.632324
1699.500000,1180.902588
1700.000000,1180.351440
1700.500000,1180.438477
1701.000000,1178.699341
1701.500000,1174.349243
1702.000000,1168.683960
1702.500000,1164.289673
1703.000000,1162.593384
1703.500000,1162.219116
1704.000000,1160.272217
1704.500000,1155.075317
1705.000000,1147.774048
1705.500000,1141.340698
1706.000000,1138.380737
1706.500000,1140.616699
1707.000000,1144.857910
1707.500000,1147.262695
1708.000000,1145.454468
1708.500000,1139.375122
1709.000000,1132.458374
1709.500000,1128.940674
1710.000000,1130.446777
1710.500000,1134.262817
1711.000000,1135.947388
1711.500000,1132.868652
1712.000000,1124.920654
1712.500000,1116.327026
1713.000000,1110.134766
1713.500000,1106.852783
1714.000000,1105.381226
1714.500000,1104.630493
1715.000000,1104.442505
1715.500000,1105.065430
1716.000000,1105.752197
1716.500000,1104.965454
1717.000000,1102.392334
1717.500000,1099.121826
1718.000000,1096.837280
1718.500000,1096.088257
1719.000000,1095.769653
1719.500000,1094.340698
1720.000000,1091.571533
1720.500000,1088.669067
1721.000000,1086.690552
1721.500000,1085.270264
1722.000000,1083.194702
1722.500000,1080.065308
1723.000000,1076.786987
1723.500000,1074.843384
1724.000000,1074.865479
1724.500000,1075.824829
1725.000000,1075.480347
1725.500000,1071.913452
1726.000000,1065.717041
1726.500000,1058.531250
1727.000000,1053.345459
1727.500000,1052.653442
1728.000000,1056.011841
1728.500000,1061.259033
1729.000000,1065.184082
1729.500000,1065.484741
1730.000000,1062.375122
1730.500000,1058.487915
1731.000000,1055.908203
1731.500000,1054.476562
1732.000000,1052.313965
1732.500000,1047.922485
1733.000000,1041.658325
1733.500000,1035.684814
1734.000000,1032.063354
1734.500000,1031.534912
1735.000000,1032.599854
1735.500000,1034.362427
1736.000000,1036.681641
1736.500000,1040.222412
1737.000000,1044.504517
1737.500000,1047.726929
1738.000000,1048.093872
1738.500000,1044.827881
1739.000000,1038.596191
1739.500000,1031.230469
1740.000000,1024.286865
1740.500000,1018.656311
1741.000000,1015.588806
1741.500000,1015.207336
1742.000000,1017.552795
1742.500000,1020.527649
1743.000000,1021.726440
1743.500000,1019.515015
1744.000000,1014.058533
1744.500000,1006.928101
1745.000000,1000.621155
1745.500000,997.133667
1746.000000,996.358276
1746.500000,997.826172
1747.000000,999.481262
1747.500000,999.579224
1748.000000,997.778076
1748.500000,995.271179
1749.000000,994.162109
1749.500000,995.383362
1750.000000,998.060608
1750.500000,999.830383
1751.000000,998.578979
1751.500000,994.927917
1752.000000,990.835876
1752.500000,988.164612
1753.000000,987.406067
1753.500000,987.872681
1754.000000,988.652100
1754.500000,989.496094
1755.000000,990.330627
1755.500000,990.461975
1756.000000,989.042847
1756.500000,985.330994
1757.000000,980.613281
1757.500000,976.857727
1758.000000,975.718201
1758.500000,977.506226
1759.000000,980.918030
1759.500000,983.625916
1760.000000,983.481445
1760.500000,980.474426
1761.000000,975.467407
1761.500000,971.303101
1762.000000,970.186035
1762.500000,971.919922
1763.000000,974.097107
1763.500000,973.374939
1764.000000,969.243042
1764.500000,963.559753
1765.000000,959.468262
1765.500000,958.698486
1766.000000,958.824219
1766.500000,956.781677
1767.000000,952.132690
1767.500000,947.284424
1768.000000,945.783936
1768.500000,948.238708
1769.000000,952.242004
1769.500000,954.391052
1770.000000,952.584900
1770.500000,948.876343
1771.000000,945.937744
1771.500000,944.869690
1772.000000,944.979126
1772.500000,944.545288
1773.000000,942.750977
1773.500000,940.261230
1774.000000,938.262939
1774.500000,937.362000
1775.000000,936.732544
1775.500000,935.117615
1776.000000,932.354370
1776.500000,929.300354
1777.000000,927.450500
1777.500000,927.511414
1778.000000,928.511597
1778.500000,928.731445
1779.000000,926.846863
1779.500000,923.398621
1780.000000,919.898987
1780.500000,917.689758
1781.000000,917.337341
1781.500000,917.909729
1782.000000,917.803772
1782.500000,915.698547
1783.000000,911.445557
1783.500000,906.072021
1784.000000,901.725891
1784.500000,900.208313
1785.000000,900.672546
1785.500000,901.618408
1786.000000,901.450500
1786.500000,899.833801
1787.000000,897.795166
1787.500000,896.133606
1788.000000,895.006775
1788.500000,894.243591
1789.000000,893.835571
1789.500000,893.444336
1790.000000,892.064758
1790.500000,889.188843
1791.000000,885.881348
1791.500000,884.921204
1792.000000,888.381287
1792.500000,895.242188
1793.000000,901.177124
1793.500000,901.981079
1794.000000,898.043091
1794.500000,891.326172
1795.000000,885.130432
1795.500000,880.413757
1796.000000,876.104736
1796.500000,871.476562
1797.000000,866.864014
1797.500000,863.286926
1798.000000,861.462097
1798.500000,861.152100
1799.000000,861.918396
1799.500000,862.445862
1800.000000,861.369324
1800.500000,858.969849
1801.000000,856.866699
1801.500000,857.095093
1802.000000,859.961487
1802.500000,862.987976
1803.000000,863.512329
1803.500000,860.604248
1804.000000,856.843994
1804.500000,855.382629
1805.000000,856.588318
1805.500000,859.223816
1806.000000,860.808777
1806.500000,859.610107
1807.000000,855.831726
1807.500000,851.289490
1808.000000,848.741333
1808.500000,849.791443
1809.000000,853.764771
1809.500000,856.985596
1810.000000,856.246033
