440.000000,2902.056885
440.500000,2887.126465
441.000000,2868.922119
441.500000,2850.717041
442.000000,2836.112793
442.500000,2828.472656
443.000000,2827.415527
443.500000,2832.960449
444.000000,2840.896484
444.500000,2850.055664
445.000000,2860.064209
445.500000,2871.763672
446.000000,2886.455078
446.500000,2904.180176
447.000000,2924.468750
447.500000,2945.854248
448.000000,2966.821289
448.500000,2985.621338
449.000000,2999.907471
449.500000,3008.731445
450.000000,3010.059082
450.500000,3003.126221
451.000000,2987.081055
451.500000,2962.755127
452.000000,2932.875732
452.500000,2898.457275
453.000000,2861.735596
453.500000,2823.457031
454.000000,2784.632812
454.500000,2745.990967
455.000000,2708.510254
455.500000,2673.713379
456.000000,2643.775391
456.500000,2620.194580
457.000000,2603.873047
457.500000,2592.958740
458.000000,2586.663818
458.500000,2581.994385
459.000000,2576.724854
459.500000,2569.825684
460.000000,2561.202881
460.500000,2551.436035
461.000000,2541.283447
461.500000,2531.247314
462.000000,2521.381836
462.500000,2511.644775
463.000000,2502.087891
463.500000,2493.108154
464.000000,2485.143799
464.500000,2478.465576
465.000000,2472.645752
465.500000,2466.971680
466.000000,2460.632080
466.500000,2453.121582
467.000000,2444.519531
467.500000,2435.839844
468.000000,2428.090576
468.500000,2421.672363
469.000000,2416.684814
469.500000,2412.207031
470.000000,2407.167236
470.500000,2401.167480
471.000000,2394.613770
471.500000,2388.539062
472.000000,2384.095947
472.500000,2381.910400
473.000000,2380.724609
473.500000,2378.976807
474.000000,2375.057617
474.500000,2367.317139
475.000000,2355.984863
475.500000,2342.381592
476.000000,2327.677979
476.500000,2313.059570
477.000000,2299.399658
477.500000,2286.983887
478.000000,2276.284668
478.500000,2267.333496
479.000000,2260.460693
479.500000,2255.442383
480.000000,2251.783203
480.500000,2248.729980
481.000000,2245.842529
481.500000,2243.106445
482.000000,2240.628418
482.500000,2238.513916
483.000000,2236.304199
483.500000,2233.271973
484.000000,2228.979980
484.500000,2223.265869
485.000000,2216.515381
485.500000,2209.712646
486.000000,2203.931885
486.500000,2199.745361
487.000000,2198.274170
487.500000,2199.500000
488.000000,2204.562012
488.500000,2212.535889
489.000000,2222.637695
489.500000,2233.590576
490.000000,2244.177246
490.500000,2253.569336
491.000000,2262.036621
491.500000,2270.392090
492.000000,2279.376953
492.500000,2289.616699
493.000000,2301.021484
493.500000,2313.596680
494.000000,2327.010010
494.500000,2341.127441
495.000000,2355.783691
495.500000,2370.643555
496.000000,2385.321045
496.500000,2399.569580
497.000000,2413.003418
497.500000,2425.160156
498.000000,2434.444092
498.500000,2439.194824
499.000000,2437.039551
499.500000,2428.439941
500.000000,2415.906006
500.500000,2402.466797
501.000000,2390.989502
501.500000,2383.213379
502.000000,2376.538086
502.500000,2367.585693
503.000000,2354.605225
503.500000,2337.234131
504.000000,2317.472900
504.500000,2298.280029
505.000000,2281.417969
505.500000,2266.899658
506.000000,2255.280029
506.500000,2246.660645
507.000000,2243.168457
507.500000,2243.825928
508.000000,2245.585205
508.500000,2242.239258
509.000000,2238.893555
509.500000,2235.547607
510.000000,2232.201660
510.500000,2228.855713
511.000000,2225.510010
511.500000,2222.164062
512.000000,2218.818115
512.500000,2215.472168
513.000000,2212.126465
513.500000,2208.780518
514.000000,2205.434570
514.500000,2202.088623
515.000000,2198.742920
515.500000,2195.396973
516.000000,2192.051025
516.500000,2188.705078
517.000000,2185.359375
517.500000,2182.013428
518.000000,2178.667480
518.500000,2175.321777
519.000000,2171.975830
519.500000,2168.629883
520.000000,2165.283936
520.500000,2161.938232
521.000000,2158.592285
521.500000,2155.246338
522.000000,2151.900391
522.500000,2148.554688
523.000000,2145.208740
523.500000,2141.862793
524.000000,2138.516846
524.500000,2135.171143
525.000000,2131.825195
525.500000,2119.232666
526.000000,2110.433594
526.500000,2104.123779
527.000000,2097.964355
527.500000,2090.262451
528.000000,2081.370361
528.500000,2073.049316
529.000000,2067.179688
529.500000,2065.149902
530.000000,2066.001221
530.500000,2068.619629
531.000000,2071.771484
531.500000,2074.981201
532.000000,2077.926270
532.500000,2080.073975
533.000000,2081.093750
533.500000,2081.272461
534.000000,2081.561279
534.500000,2083.177979
535.000000,2087.412354
535.500000,2093.773682
536.000000,2100.772949
536.500000,2106.626465
537.000000,2110.011475
537.500000,2110.858398
538.000000,2109.493408
538.500000,2106.259033
539.000000,2101.536621
539.500000,2095.192871
540.000000,2087.916748
540.500000,2080.801514
541.000000,2075.258301
541.500000,2072.490967
542.000000,2071.345215
542.500000,2069.952637
543.000000,2066.307861
543.500000,2059.324219
544.000000,2049.009277
544.500000,2037.572510
545.000000,2027.192871
545.500000,2018.705933
546.000000,2012.522583
546.500000,2007.781982
547.000000,2004.139160
547.500000,2001.837158
548.000000,2001.904907
548.500000,2005.606689
549.000000,2013.102661
549.500000,2024.429688
550.000000,2037.445923
550.500000,2049.502197
551.000000,2058.799805
551.500000,2063.907227
552.000000,2065.352051
552.500000,2064.406982
553.000000,2063.249512
553.500000,2063.864014
554.000000,2067.191895
554.500000,2072.440430
555.000000,2078.547119
555.500000,2083.864014
556.000000,2086.712891
556.500000,2087.164062
557.000000,2085.657227
557.500000,2083.087646
558.000000,2080.347900
558.500000,2078.162842
559.000000,2077.103516
559.500000,2078.033447
560.000000,2081.182617
560.500000,2087.589355
561.000000,2096.948730
561.500000,2109.034424
562.000000,2122.327881
562.500000,2134.606689
563.000000,2143.885986
563.500000,2149.287842
564.000000,2149.986816
564.500000,2147.367188
565.000000,2142.061768
565.500000,2135.726318
566.000000,2128.397461
566.500000,2119.589111
567.000000,2108.317627
567.500000,2093.977051
568.000000,2076.986328
568.500000,2059.021484
569.000000,2042.066284
569.500000,2027.931641
570.000000,2016.449463
570.500000,2007.291504
571.000000,1998.842041
571.500000,1989.936279
572.000000,1980.549316
572.500000,1971.540771
573.000000,1964.204346
573.500000,1959.282959
574.000000,1957.692017
574.500000,1958.438232
575.000000,1961.114502
575.500000,1965.047852
576.000000,1970.264404
576.500000,1976.671875
577.000000,1984.078979
577.500000,1991.849976
578.000000,1999.276611
578.500000,2006.132568
579.000000,2012.964722
579.500000,2020.993896
580.000000,2031.112915
580.500000,2043.967773
581.000000,2058.055176
581.500000,2071.416992
582.000000,2082.213379
582.500000,2089.687500
583.000000,2094.026855
583.500000,2097.383301
584.000000,2102.052734
584.500000,2108.801025
585.000000,2117.768311
585.500000,2127.621338
586.000000,2136.906738
586.500000,2144.431885
587.000000,2149.960693
587.500000,2153.732910
588.000000,2156.315430
588.500000,2157.793945
589.000000,2158.479492
589.500000,2158.327637
590.000000,2157.742676
590.500000,2157.071289
591.000000,2156.543213
591.500000,2156.216064
592.000000,2156.031006
592.500000,2155.935303
593.000000,2156.042725
593.500000,2156.378418
594.000000,2156.741455
594.500000,2156.585693
595.000000,2154.925537
595.500000,2151.161377
596.000000,2144.710449
596.500000,2136.295654
597.000000,2127.036865
597.500000,2117.903076
598.000000,2109.448975
598.500000,2101.841064
599.000000,2094.498291
599.500000,2086.821533
600.000000,2078.761719
600.500000,2070.919922
601.000000,2064.450684
601.500000,2060.802246
602.000000,2061.538330
602.500000,2066.855713
603.000000,2076.335205
603.500000,2087.778809
604.000000,2099.841064
604.500000,2111.574463
605.000000,2123.218506
605.500000,2136.095947
606.000000,2151.568604
606.500000,2169.516357
607.000000,2188.042480
607.500000,2203.996582
608.000000,2214.941406
608.500000,2217.321045
609.000000,2212.540771
609.500000,2202.284912
610.000000,2189.668945
610.500000,2176.565674
611.000000,2163.793945
611.500000,2151.136230
612.000000,2137.916748
612.500000,2124.092773
613.000000,2110.549805
613.500000,2098.554688
614.000000,2090.044922
614.500000,2085.562012
615.000000,2085.764648
615.500000,2089.741943
616.000000,2095.388428
616.500000,2100.684570
617.000000,2104.034424
617.500000,2104.175293
618.000000,2101.835449
618.500000,2098.057617
619.000000,2095.051025
619.500000,2094.405518
620.000000,2096.254150
620.500000,2099.968018
621.000000,2104.346191
621.500000,2108.302002
622.000000,2111.461182
622.500000,2114.590576
623.000000,2118.762939
623.500000,2124.274658
624.000000,2131.134766
624.500000,2138.461182
625.000000,2145.339355
625.500000,2151.369141
626.000000,2157.188477
626.500000,2163.879883
627.000000,2172.170166
627.500000,2182.541992
628.000000,2193.913086
628.500000,2204.583008
629.000000,2212.838135
629.500000,2217.543945
630.000000,2219.065186
630.500000,2218.498779
631.000000,2217.296631
631.500000,2216.782715
632.000000,2217.776611
632.500000,2219.623779
633.000000,2221.258301
633.500000,2221.553955
634.000000,2219.167236
634.500000,2213.624268
635.000000,2204.538086
635.500000,2192.011475
636.000000,2177.157715
636.500000,2160.631836
637.000000,2143.307129
637.500000,2125.399414
638.000000,2107.075439
638.500000,2088.242432
639.000000,2069.287842
639.500000,2051.216064
640.000000,2035.205200
640.500000,2022.181763
641.000000,2012.712402
641.500000,2005.965820
642.000000,2001.400269
642.500000,1997.894043
643.000000,1995.648315
643.500000,1995.077393
644.000000,1996.944092
644.500000,2000.966675
645.000000,2006.048828
645.500000,2010.413452
646.000000,2012.759888
646.500000,2013.058838
647.000000,2012.930176
647.500000,2014.437134
648.000000,2018.630127
648.500000,2026.129883
649.000000,2035.723999
649.500000,2045.817017
650.000000,2055.389893
650.500000,2064.435547
651.000000,2073.430176
651.500000,2082.717285
652.000000,2091.876953
652.500000,2099.531982
653.000000,2103.035645
653.500000,2101.362793
654.000000,2093.359863
654.500000,2079.537598
655.000000,2061.258789
655.500000,2040.206055
656.000000,2018.928833
656.500000,2000.383057
657.000000,1986.033203
657.500000,1978.160278
658.000000,1976.007690
658.500000,1979.174194
659.000000,1985.418579
659.500000,1992.390747
660.000000,1998.125244
660.500000,2002.253174
661.000000,2005.332520
661.500000,2008.668823
662.000000,2013.512207
662.500000,2019.867432
663.000000,2027.160889
663.500000,2033.840454
664.000000,2038.586060
664.500000,2041.006958
665.000000,2041.619873
665.500000,2041.145752
666.000000,2040.395874
666.500000,2039.370728
667.000000,2037.428467
667.500000,2033.381592
668.000000,2027.081177
668.500000,2018.723267
669.000000,2009.425171
669.500000,2000.551392
670.000000,1993.318970
670.500000,1988.231201
671.000000,1985.383789
671.500000,1983.838623
672.000000,1983.037842
672.500000,1982.114502
673.000000,1980.256226
673.500000,1976.987549
674.000000,1972.143433
674.500000,1966.392212
675.000000,1961.020630
675.500000,1957.351318
676.000000,1955.706299
676.500000,1956.270630
677.000000,1957.802368
677.500000,1959.386475
678.000000,1960.657227
678.500000,1962.357056
679.000000,1965.650757
679.500000,1971.285156
680.000000,1979.344482
680.500000,1988.452759
681.000000,1996.753540
681.500000,2002.621704
682.000000,2004.831665
682.500000,2004.247559
683.000000,2001.698486
683.500000,1998.475952
684.000000,1995.605957
684.500000,1993.685303
685.000000,1992.676636
685.500000,1992.218994
686.000000,1991.638794
686.500000,1990.605591
687.000000,1989.480103
687.500000,1989.305542
688.000000,1991.283813
688.500000,1996.494751
689.000000,2004.927002
689.500000,2014.437622
690.000000,2022.059326
690.500000,2025.689941
691.000000,2022.876099
691.500000,2015.185547
692.000000,2003.942383
692.500000,1992.183105
693.000000,1982.429199
693.500000,1975.538086
694.000000,1971.057495
694.500000,1968.204346
695.000000,1965.991699
695.500000,1964.296143
696.000000,1963.431152
696.500000,1964.676758
697.000000,1968.549683
697.500000,1975.557251
698.000000,1985.393677
698.500000,1997.693604
699.000000,2012.287842
699.500000,2028.887695
700.000000,2047.864258
700.500000,2068.701660
701.000000,2090.773193
701.500000,2112.734863
702.000000,2133.438721
702.500000,2152.537354
703.000000,2170.371338
703.500000,2187.922363
704.000000,2206.186523
704.500000,2225.576660
705.000000,2245.305420
705.500000,2264.446533
706.000000,2282.744873
706.500000,2300.614990
707.000000,2319.222900
707.500000,2339.887939
708.000000,2363.169189
708.500000,2388.354736
709.000000,2413.915283
709.500000,2438.236572
710.000000,2459.409180
710.500000,2476.843994
711.000000,2488.676514
711.500000,2494.983398
712.000000,2494.668701
712.500000,2488.689697
713.000000,2478.500244
713.500000,2465.279053
714.000000,2450.077148
714.500000,2432.611084
715.000000,2412.796631
715.500000,2389.671143
716.000000,2364.039307
716.500000,2337.049316
717.000000,2310.355225
717.500000,2284.982666
718.000000,2261.157471
718.500000,2238.492920
719.000000,2216.796631
719.500000,2196.051270
720.000000,2177.388428
720.500000,2161.297607
721.000000,2148.833496
721.500000,2139.890381
722.000000,2135.047852
722.500000,2134.562744
723.000000,2138.632568
723.500000,2147.372803
724.000000,2159.283691
724.500000,2172.545654
725.000000,2185.163574
725.500000,2196.560303
726.000000,2208.163818
726.500000,2222.961670
727.000000,2243.746826
727.500000,2272.508545
728.000000,2309.311768
728.500000,2350.751709
729.000000,2392.917236
729.500000,2432.710938
730.000000,2467.790039
730.500000,2498.898926
731.000000,2526.170654
731.500000,2550.327393
732.000000,2570.342529
732.500000,2583.816650
733.000000,2589.171631
733.500000,2584.429443
734.000000,2571.380371
734.500000,2550.275879
735.000000,2524.753906
735.500000,2496.092041
736.000000,2465.776123
736.500000,2433.974854
737.000000,2400.924561
737.500000,2366.996826
738.000000,2332.741211
738.500000,2298.786865
739.000000,2265.758789
739.500000,2233.905762
740.000000,2204.078125
740.500000,2176.736084
741.000000,2152.843506
741.500000,2132.039307
742.000000,2113.475098
742.500000,2095.802979
743.000000,2077.757568
743.500000,2058.787109
744.000000,2039.418823
744.500000,2020.683716
745.000000,2003.200562
745.500000,1986.965454
746.000000,1971.224609
746.500000,1955.538330
747.000000,1940.074341
747.500000,1925.488647
748.000000,1912.489014
748.500000,1900.751099
749.000000,1889.229370
749.500000,1876.443359
750.000000,1861.576660
750.500000,1845.596313
751.000000,1830.123291
751.500000,1816.658203
752.000000,1805.709595
752.500000,1796.624756
753.000000,1787.800049
753.500000,1778.011841
754.000000,1767.675537
754.500000,1758.412109
755.000000,1751.668457
755.500000,1748.784668
756.000000,1749.325684
756.500000,1752.294067
757.000000,1756.438110
757.500000,1760.807373
758.000000,1765.125977
758.500000,1769.425537
759.000000,1773.653809
759.500000,1777.756592
760.000000,1781.960449
760.500000,1786.952393
761.000000,1793.927002
761.500000,1803.779907
762.000000,1816.512085
762.500000,1831.175659
763.000000,1845.926880
763.500000,1859.796509
764.000000,1873.309692
764.500000,1888.119019
765.000000,1905.630981
765.500000,1926.694092
766.000000,1950.036987
766.500000,1973.079224
767.000000,1993.106567
767.500000,2009.679932
768.000000,2023.530518
768.500000,2037.035400
769.000000,2051.956543
769.500000,2068.246338
770.000000,2084.473877
770.500000,2098.379395
771.000000,2107.743896
771.500000,2111.751709
772.000000,2111.529541
772.500000,2107.583252
773.000000,2100.958008
773.500000,2090.867676
774.000000,2077.690674
774.500000,2061.159912
775.000000,2042.829712
775.500000,2024.859009
776.000000,2009.625610
776.500000,1998.069092
777.000000,1989.906494
777.500000,1983.093018
778.000000,1975.581177
778.500000,1966.276978
779.000000,1955.087402
779.500000,1943.777466
780.000000,1934.717285
780.500000,1929.550049
781.000000,1928.043457
781.500000,1928.550903
782.000000,1928.598022
782.500000,1926.031982
783.000000,1920.699585
783.500000,1913.074951
784.000000,1905.267334
784.500000,1899.109863
785.000000,1895.228760
785.500000,1892.856689
786.000000,1890.359131
786.500000,1886.428955
787.000000,1880.648560
787.500000,1874.268921
788.000000,1869.546387
788.500000,1868.093140
789.000000,1871.440796
789.500000,1878.197632
790.000000,1885.666138
790.500000,1890.662476
791.000000,1891.392700
791.500000,1887.768433
792.000000,1882.246582
792.500000,1877.850464
793.000000,1876.764038
793.500000,1880.780884
794.000000,1888.623047
794.500000,1899.063721
795.000000,1910.321411
795.500000,1921.648926
796.000000,1933.038574
796.500000,1944.730103
797.000000,1956.948608
797.500000,1969.605103
798.000000,1982.725464
798.500000,1996.219238
799.000000,2010.107178
799.500000,2024.074707
800.000000,2037.472900
800.500000,2049.647705
801.000000,2060.365479
801.500000,2069.727783
802.000000,2078.465576
802.500000,2087.024902
803.000000,2095.515625
803.500000,2103.475586
804.000000,2110.492920
804.500000,2116.538818
805.000000,2122.479492
805.500000,2129.486084
806.000000,2138.577148
806.500000,2149.726562
807.000000,2162.656494
807.500000,2176.147705
808.000000,2189.292480
808.500000,2201.658691
809.000000,2213.153320
809.500000,2224.183105
810.000000,2235.246582
810.500000,2246.773682
811.000000,2259.008545
811.500000,2272.085449
812.000000,2285.564941
812.500000,2298.578125
813.000000,2310.058594
813.500000,2318.267090
814.000000,2322.284424
814.500000,2321.118408
815.000000,2315.001221
815.500000,2304.826660
816.000000,2291.294434
816.500000,2275.920654
817.000000,2259.375977
817.500000,2242.285889
818.000000,2224.179688
818.500000,2204.260986
819.000000,2181.070312
819.500000,2153.950684
820.000000,2123.793457
820.500000,2092.583496
821.000000,2062.855957
821.500000,2036.921875
822.000000,2014.451172
822.500000,1994.610229
823.000000,1975.043945
823.500000,1954.426025
824.000000,1933.273926
824.500000,1913.971313
825.000000,1899.212524
825.500000,1889.477295
826.000000,1883.852173
826.500000,1879.144287
827.000000,1872.770264
827.500000,1864.383911
828.000000,1855.207642
828.500000,1847.570679
829.000000,1843.237305
829.500000,1842.062988
830.000000,1842.327148
830.500000,1842.511841
831.000000,1842.511597
831.500000,1843.615601
832.000000,1846.731201
832.500000,1852.160767
833.000000,1858.209717
833.500000,1862.882080
834.000000,1865.266357
834.500000,1866.267090
835.000000,1868.281128
835.500000,1873.337524
836.000000,1882.030396
836.500000,1892.152100
837.000000,1901.153442
837.500000,1907.440063
838.000000,1910.184326
838.500000,1910.248657
839.000000,1908.337646
839.500000,1904.573730
840.000000,1898.593018
840.500000,1889.481812
841.000000,1877.908081
841.500000,1864.886475
842.000000,1852.359375
842.500000,1842.196045
843.000000,1835.222534
843.500000,1832.057129
844.000000,1832.335449
844.500000,1835.053955
845.000000,1839.114990
845.500000,1843.316406
846.000000,1847.396973
846.500000,1852.365845
847.000000,1860.704346
847.500000,1873.789551
848.000000,1892.744019
848.500000,1916.086548
849.000000,1941.139160
849.500000,1964.972290
850.000000,1985.842651
850.500000,2003.094849
851.000000,2018.500610
851.500000,2033.932495
852.000000,2051.029297
852.500000,2070.569824
853.000000,2091.810547
853.500000,2113.388916
854.000000,2133.507080
854.500000,2150.590088
855.000000,2163.011719
855.500000,2170.994385
856.000000,2173.560791
856.500000,2171.802246
857.000000,2164.433838
857.500000,2150.967529
858.000000,2130.083252
858.500000,2102.308105
859.000000,2069.655273
859.500000,2034.902588
860.000000,2001.223022
860.500000,1971.217529
861.000000,1945.054688
861.500000,1923.468628
862.000000,1905.714478
862.500000,1892.559937
863.000000,1884.204224
863.500000,1880.544312
864.000000,1880.095337
864.500000,1880.523315
865.000000,1880.303467
865.500000,1879.562256
866.000000,1880.375000
866.500000,1885.124146
867.000000,1896.927856
867.500000,1915.991455
868.000000,1941.566895
868.500000,1971.375244
869.000000,2002.695801
869.500000,2033.667725
870.000000,2063.593506
870.500000,2092.249512
871.000000,2119.937744
871.500000,2145.906982
872.000000,2169.020020
872.500000,2186.638184
873.000000,2196.278320
873.500000,2195.879395
874.000000,2183.713623
874.500000,2161.730469
875.000000,2130.666260
875.500000,2094.933105
876.000000,2057.168457
876.500000,2019.913696
877.000000,1984.845581
877.500000,1952.845825
878.000000,1924.756348
878.500000,1901.326538
879.000000,1882.510742
879.500000,1868.965820
880.000000,1859.633667
880.500000,1855.160034
881.000000,1854.561890
881.500000,1858.554565
882.000000,1866.682861
882.500000,1878.592896
883.000000,1893.484497
883.500000,1910.320435
884.000000,1928.613159
884.500000,1948.036377
885.000000,1969.336914
885.500000,1992.824585
886.000000,2019.501587
886.500000,2048.971680
887.000000,2080.648438
887.500000,2112.973389
888.000000,2143.885986
888.500000,2171.178711
889.000000,2193.802490
889.500000,2210.065186
890.000000,2221.003662
890.500000,2226.189453
891.000000,2227.414551
891.500000,2225.247070
892.000000,2220.729004
892.500000,2214.368896
893.000000,2206.368164
893.500000,2196.804443
894.000000,2185.025879
894.500000,2170.579102
895.000000,2151.701172
895.500000,2128.614990
896.000000,2101.062744
896.500000,2071.178467
897.000000,2041.839233
897.500000,2016.111084
898.000000,1995.823364
898.500000,1981.580200
899.000000,1971.065308
899.500000,1962.267456
900.000000,1953.082764
900.500000,1942.913818
901.000000,1932.524658
901.500000,1922.897461
902.000000,1914.235962
902.500000,1906.007935
903.000000,1897.548706
903.500000,1888.671021
904.000000,1879.644897
904.500000,1870.792847
905.000000,1861.897217
905.500000,1852.283569
906.000000,1841.194946
906.500000,1828.891602
907.000000,1816.463989
907.500000,1805.297852
908.000000,1795.982178
908.500000,1788.107910
909.000000,1780.423462
909.500000,1772.443970
910.000000,1764.780762
910.500000,1758.748535
911.000000,1754.788208
911.500000,1752.401123
912.000000,1750.124512
912.500000,1746.826294
913.000000,1742.583618
913.500000,1738.734497
914.000000,1736.824341
914.500000,1736.497314
915.000000,1736.073975
915.500000,1733.439087
916.000000,1727.872925
916.500000,1721.302490
917.000000,1716.971313
917.500000,1717.739624
918.000000,1723.716797
918.500000,1733.862671
919.000000,1745.007690
919.500000,1754.964722
920.000000,1763.174683
920.500000,1769.797729
921.000000,1775.597290
921.500000,1780.902954
922.000000,1785.798950
922.500000,1790.555420
923.000000,1795.727173
923.500000,1801.536255
924.000000,1807.553101
924.500000,1812.640869
925.000000,1815.495972
925.500000,1816.353638
926.000000,1816.586182
926.500000,1818.425781
927.000000,1823.595215
927.500000,1832.705322
928.000000,1844.264160
928.500000,1856.921997
929.000000,1869.612183
929.500000,1882.810059
930.000000,1897.577515
930.500000,1914.712646
931.000000,1933.275146
931.500000,1951.169067
932.000000,1966.015625
932.500000,1976.826782
933.000000,1983.349243
933.500000,1987.663330
934.000000,1991.206055
934.500000,1994.910767
935.000000,1998.220703
935.500000,1999.756226
936.000000,1997.868408
936.500000,1991.778076
937.000000,1982.104126
937.500000,1969.805298
938.000000,1956.637329
938.500000,1943.549683
939.000000,1930.781128
939.500000,1918.063477
940.000000,1904.920288
940.500000,1890.937866
941.000000,1876.136963
941.500000,1861.031616
942.000000,1846.599121
942.500000,1833.822510
943.000000,1823.886353
943.500000,1816.275757
944.000000,1810.193237
944.500000,1803.693848
945.000000,1794.970093
945.500000,1783.516846
946.000000,1770.216553
946.500000,1757.046143
947.000000,1745.866821
947.500000,1738.140015
948.000000,1733.357422
948.500000,1731.374390
949.000000,1730.917480
949.500000,1731.609985
950.000000,1733.027588
950.500000,1734.916138
951.000000,1736.859863
951.500000,1738.284058
952.000000,1738.435181
952.500000,1736.954956
953.000000,1733.167114
953.500000,1727.735352
954.000000,1721.583496
954.500000,1716.602051
955.000000,1714.812134
955.500000,1716.891602
956.000000,1721.835815
956.500000,1727.361206
957.000000,1731.060669
957.500000,1731.592041
958.000000,1730.678467
958.500000,1731.361694
959.000000,1736.059570
959.500000,1746.153931
960.000000,1759.832397
960.500000,1774.188843
961.000000,1786.590576
961.500000,1796.120605
962.000000,1802.786011
962.500000,1807.648438
963.000000,1809.990234
963.500000,1809.302979
964.000000,1804.163086
964.500000,1795.333252
965.000000,1784.452515
965.500000,1773.851562
966.000000,1765.120239
966.500000,1758.608154
967.000000,1753.044312
967.500000,1746.964233
968.000000,1739.543213
968.500000,1730.427246
969.000000,1720.301514
969.500000,1709.741333
970.000000,1699.223633
970.500000,1689.045898
971.000000,1679.542969
971.500000,1671.046387
972.000000,1664.266602
972.500000,1659.145996
973.000000,1655.825806
973.500000,1653.504395
974.000000,1651.537842
974.500000,1649.344360
975.000000,1646.802246
975.500000,1644.319824
976.000000,1642.562256
976.500000,1642.162964
977.000000,1642.821045
977.500000,1643.747925
978.000000,1643.685425
978.500000,1641.360596
979.000000,1636.762329
979.500000,1630.451294
980.000000,1623.603638
980.500000,1617.228638
981.000000,1611.782593
981.500000,1607.014160
982.000000,1602.740967
982.500000,1598.896851
983.000000,1596.009155
983.500000,1594.328369
984.000000,1593.928955
984.500000,1594.143188
985.000000,1593.976685
985.500000,1592.520020
986.000000,1589.608276
986.500000,1585.487305
987.000000,1581.166626
987.500000,1577.521484
988.000000,1574.705444
988.500000,1572.303223
989.000000,1569.346558
989.500000,1564.921875
990.000000,1558.782715
990.500000,1551.655273
991.000000,1544.700073
991.500000,1538.883301
992.000000,1534.909424
992.500000,1531.983154
993.000000,1529.454712
993.500000,1526.780518
994.000000,1523.967529
994.500000,1521.370605
995.000000,1519.282837
995.500000,1517.770264
996.000000,1516.654053
996.500000,1516.113525
997.000000,1516.464111
997.500000,1518.554932
998.000000,1522.404053
998.500000,1527.714478
999.000000,1533.377930
999.500000,1538.237183
1000.000000,1541.562256
1000.500000,1543.466553
1001.000000,1544.109253
1001.500000,1543.888672
1002.000000,1542.364746
1002.500000,1539.374268
1003.000000,1534.639404
1003.500000,1528.901245
1004.000000,1523.164917
1004.500000,1518.271606
1005.000000,1514.323120
1005.500000,1510.828613
1006.000000,1507.044312
1006.500000,1502.680298
1007.000000,1498.451416
1007.500000,1495.767334
1008.000000,1495.494629
1008.500000,1497.880859
1009.000000,1501.658325
1009.500000,1504.754395
1010.000000,1505.175537
1010.500000,1502.589722
1011.000000,1497.582886
1011.500000,1492.570801
1012.000000,1489.993408
1012.500000,1490.577515
1013.000000,1494.116821
1013.500000,1498.777100
1014.000000,1502.679077
1014.500000,1504.766968
1015.000000,1505.497192
1015.500000,1506.027710
1016.000000,1507.525635
1016.500000,1510.789062
1017.000000,1515.208740
1017.500000,1519.983521
1018.000000,1524.153442
1018.500000,1527.103271
1019.000000,1528.852783
1019.500000,1530.049683
1020.000000,1531.628784
1020.500000,1534.298706
1021.000000,1538.479248
1021.500000,1543.171997
1022.000000,1546.731201
1022.500000,1547.746826
1023.000000,1545.363403
1023.500000,1540.583130
1024.000000,1535.575317
1024.500000,1532.572998
1025.000000,1532.219971
1025.500000,1533.920410
1026.000000,1535.454590
1026.500000,1534.984131
1027.000000,1532.669800
1027.500000,1529.770142
1028.000000,1527.899780
1028.500000,1527.441162
1029.000000,1527.209351
1029.500000,1525.438599
1030.000000,1520.912964
1030.500000,1514.732056
1031.000000,1508.906128
1031.500000,1505.242310
1032.000000,1504.728760
1032.500000,1506.249756
1033.000000,1508.385986
1033.500000,1510.203735
1034.000000,1511.841064
1034.500000,1514.063110
1035.000000,1517.182495
1035.500000,1520.856567
1036.000000,1524.136719
1036.500000,1526.591431
1037.000000,1529.182861
1037.500000,1534.022217
1038.000000,1542.978760
1038.500000,1556.737305
1039.000000,1574.572021
1039.500000,1594.103394
1040.000000,1613.539551
1040.500000,1632.278564
1041.000000,1651.215820
1041.500000,1671.917480
1042.000000,1696.014038
1042.500000,1723.079224
1043.000000,1751.044067
1043.500000,1776.184082
1044.000000,1794.466431
1044.500000,1800.860718
1045.000000,1795.334473
1045.500000,1776.012939
1046.000000,1748.503174
1046.500000,1716.656372
1047.000000,1685.438110
1047.500000,1658.019287
1048.000000,1635.230835
1048.500000,1616.185791
1049.000000,1600.097900
1049.500000,1586.170166
1050.000000,1575.358887
1050.500000,1567.744385
1051.000000,1564.089722
1051.500000,1563.216431
1052.000000,1564.131836
1052.500000,1565.760498
1053.000000,1567.705444
1053.500000,1570.082764
1054.000000,1572.861572
1054.500000,1575.436157
1055.000000,1576.724243
1055.500000,1574.950439
1056.000000,1569.914795
1056.500000,1561.595825
1057.000000,1551.533447
1057.500000,1541.382568
1058.000000,1532.351562
1058.500000,1524.582886
1059.000000,1517.463623
1059.500000,1510.078857
1060.000000,1502.153320
1060.500000,1494.551636
1061.000000,1488.898560
1061.500000,1485.985352
1062.000000,1485.596802
1062.500000,1485.790894
1063.000000,1483.999268
1063.500000,1478.198364
1064.000000,1468.965210
1064.500000,1457.987427
1065.000000,1448.214233
1065.500000,1442.070679
1066.000000,1439.287231
1066.500000,1438.606689
1067.000000,1437.803223
1067.500000,1435.280884
1068.000000,1430.656250
1068.500000,1424.948730
1069.000000,1419.520874
1069.500000,1415.397339
1070.000000,1413.330078
1070.500000,1412.672119
1071.000000,1412.685791
1071.500000,1412.338135
1072.000000,1410.866943
1072.500000,1408.097778
1073.000000,1404.565063
1073.500000,1401.107910
1074.000000,1398.453003
1074.500000,1397.104126
1075.000000,1396.475342
1075.500000,1395.809692
1076.000000,1394.382446
1076.500000,1391.927124
1077.000000,1388.997559
1077.500000,1386.693481
1078.000000,1386.274414
1078.500000,1388.140503
1079.000000,1392.442383
1079.500000,1397.711548
1080.000000,1402.307373
1080.500000,1404.843750
1081.000000,1404.118286
1081.500000,1400.307495
1082.000000,1394.408569
1082.500000,1388.163086
1083.000000,1383.574951
1083.500000,1382.665283
1084.000000,1385.323975
1084.500000,1391.058472
1085.000000,1397.103149
1085.500000,1400.623047
1086.000000,1400.176025
1086.500000,1395.813354
1087.000000,1389.507690
1087.500000,1383.977417
1088.000000,1381.401978
1088.500000,1381.834961
1089.000000,1384.938110
1089.500000,1388.976929
1090.000000,1393.086060
1090.500000,1396.837158
1091.000000,1399.978760
1091.500000,1402.188354
1092.000000,1403.045776
1092.500000,1402.279663
1093.000000,1400.440063
1093.500000,1398.319092
1094.000000,1396.812378
1094.500000,1396.612183
1095.000000,1397.588501
1095.500000,1399.682007
1096.000000,1402.623535
1096.500000,1406.231689
1097.000000,1410.274292
1097.500000,1414.428589
1098.000000,1418.514771
1098.500000,1422.595703
1099.000000,1426.897095
1099.500000,1431.398438
1100.000000,1435.697510
1100.500000,1439.198853
1101.000000,1441.435791
1101.500000,1442.591675
1102.000000,1443.464966
1102.500000,1445.048950
1103.000000,1447.957031
1103.500000,1452.962402
1104.000000,1459.843872
1104.500000,1468.782471
1105.000000,1478.821411
1105.500000,1488.425049
1106.000000,1495.644409
1106.500000,1499.049194
1107.000000,1498.458496
1107.500000,1495.973633
1108.000000,1494.304932
1108.500000,1495.447144
1109.000000,1500.888062
1109.500000,1509.424438
1110.000000,1520.018066
1110.500000,1531.207031
1111.000000,1541.799438
1111.500000,1550.730347
1112.000000,1557.488770
1112.500000,1562.127563
1113.000000,1566.425659
1113.500000,1573.165039
1114.000000,1583.830933
1114.500000,1599.292480
1115.000000,1617.413940
1115.500000,1635.533203
1116.000000,1651.546021
1116.500000,1665.027222
1117.000000,1676.647949
1117.500000,1687.762085
1118.000000,1698.998047
1118.500000,1710.369995
1119.000000,1721.733887
1119.500000,1733.112305
1120.000000,1744.663696
1120.500000,1756.430176
1121.000000,1768.392334
1121.500000,1780.802002
1122.000000,1794.187134
1122.500000,1809.265747
1123.000000,1825.359009
1123.500000,1840.470459
1124.000000,1852.167236
1124.500000,1857.903320
1125.000000,1858.187744
1125.500000,1855.225952
1126.000000,1852.156616
1126.500000,1851.175903
1127.000000,1852.940674
1127.500000,1856.190796
1128.000000,1860.279419
1128.500000,1865.216431
1129.000000,1872.401001
1129.500000,1882.583740
1130.000000,1895.803833
1130.500000,1910.614014
1131.000000,1925.095703
1131.500000,1937.944702
1132.000000,1949.439453
1132.500000,1960.819946
1133.000000,1973.741943
1133.500000,1989.914795
1134.000000,2009.130371
1134.500000,2030.552002
1135.000000,2051.977295
1135.500000,2070.681641
1136.000000,2083.884033
1136.500000,2090.455566
1137.000000,2088.954590
1137.500000,2081.665771
1138.000000,2069.834229
1138.500000,2056.731689
1139.000000,2044.739746
1139.500000,2035.253296
1140.000000,2028.614624
1140.500000,2023.938110
1141.000000,2019.555908
1141.500000,2013.863770
1142.000000,2006.262695
1142.500000,1996.422607
1143.000000,1985.462402
1143.500000,1974.131958
1144.000000,1963.052490
1144.500000,1952.490356
1145.000000,1942.568237
1145.500000,1933.587769
1146.000000,1926.222656
1146.500000,1920.791748
1147.000000,1917.811035
1147.500000,1916.435791
1148.000000,1916.002197
1148.500000,1915.523071
1149.000000,1914.407959
1149.500000,1912.514648
1150.000000,1909.837036
1150.500000,1906.316895
1151.000000,1902.060303
1151.500000,1897.446045
1152.000000,1893.537720
1152.500000,1892.316284
1153.000000,1894.591187
1153.500000,1900.985107
1154.000000,1909.773682
1154.500000,1918.494507
1155.000000,1924.822998
1155.500000,1927.977783
1156.000000,1928.542358
1156.500000,1928.710205
1157.000000,1930.571533
1157.500000,1934.590210
1158.000000,1940.541260
1158.500000,1946.968384
1159.000000,1952.764526
1159.500000,1957.791992
1160.000000,1963.084595
1160.500000,1970.482056
1161.000000,1981.116577
1161.500000,1995.549805
1162.000000,2011.268921
1162.500000,2024.495361
1163.000000,2032.320679
1163.500000,2033.036255
1164.000000,2029.415894
1164.500000,2026.674438
1165.000000,2030.323486
1165.500000,2042.393188
1166.000000,2062.456055
1166.500000,2085.335205
1167.000000,2106.911133
1167.500000,2125.903076
1168.000000,2143.774414
1168.500000,2163.678467
1169.000000,2187.961914
1169.500000,2216.451172
1170.000000,2246.861328
1170.500000,2276.869141
1171.000000,2305.439697
1171.500000,2332.668701
1172.000000,2359.517578
1172.500000,2385.684326
1173.000000,2409.693604
1173.500000,2428.645752
1174.000000,2440.415771
1174.500000,2444.173340
1175.000000,2440.107910
1175.500000,2430.745605
1176.000000,2417.268799
1176.500000,2401.597168
1177.000000,2383.805908
1177.500000,2364.350342
1178.000000,2343.469727
1178.500000,2322.262695
1179.000000,2302.320557
1179.500000,2285.380371
1180.000000,2272.467285
1180.500000,2264.844971
1181.000000,2261.662598
1181.500000,2263.059082
1182.000000,2266.916016
1182.500000,2271.763916
1183.000000,2276.052490
1183.500000,2279.126221
1184.000000,2281.460205
1184.500000,2284.093506
1185.000000,2287.731445
1185.500000,2291.992432
1186.000000,2296.078125
1186.500000,2299.809326
1187.000000,2304.571777
1187.500000,2312.420166
1188.000000,2325.436035
1188.500000,2343.177246
1189.000000,2363.286133
1189.500000,2383.013916
1190.000000,2401.121582
1190.500000,2418.442627
1191.000000,2437.084229
1191.500000,2458.686523
1192.000000,2481.958252
1192.500000,2504.300293
1193.000000,2523.228516
1193.500000,2537.514648
1194.000000,2547.486572
1194.500000,2554.255859
1195.000000,2557.388916
1195.500000,2556.543457
1196.000000,2549.464355
1196.500000,2537.020752
1197.000000,2519.196045
1197.500000,2497.706543
1198.000000,2473.090088
1198.500000,2445.391357
1199.000000,2414.462646
1199.500000,2380.065430
1200.000000,2343.153564
1200.500000,2304.115479
1201.000000,2264.044189
1201.500000,2223.676025
1202.000000,2184.220215
1202.500000,2147.427979
1203.000000,2114.432129
1203.500000,2085.356201
1204.000000,2059.208252
1204.500000,2034.163940
1205.000000,2009.585449
1205.500000,1986.027588
1206.000000,1965.429199
1206.500000,1948.029419
1207.000000,1933.003418
1207.500000,1917.724976
1208.000000,1900.066528
1208.500000,1880.074707
1209.000000,1860.222290
1209.500000,1843.838989
1210.000000,1831.872925
1210.500000,1824.120605
1211.000000,1817.420166
1211.500000,1810.099121
1212.000000,1802.676514
1212.500000,1797.649048
1213.000000,1797.228027
1213.500000,1801.327148
1214.000000,1807.570435
1214.500000,1812.224854
1215.000000,1812.281006
1215.500000,1808.788330
1216.000000,1804.061157
1216.500000,1801.232544
1217.000000,1801.897583
1217.500000,1804.769287
1218.000000,1807.066162
1218.500000,1806.154907
1219.000000,1801.636963
1219.500000,1794.779663
1220.000000,1788.732666
1220.500000,1786.755127
1221.000000,1789.174316
1221.500000,1795.358398
1222.000000,1802.470093
1222.500000,1807.631958
1223.000000,1808.843140
1223.500000,1805.723389
1224.000000,1798.421875
1224.500000,1788.822510
1225.000000,1778.535645
1225.500000,1769.488892
1226.000000,1763.409546
1226.500000,1760.213867
1227.000000,1758.774170
1227.500000,1756.765259
1228.000000,1752.141235
1228.500000,1744.185303
1229.000000,1734.659058
1229.500000,1726.284912
1230.000000,1720.954834
1230.500000,1719.726318
1231.000000,1720.711792
1231.500000,1721.863159
1232.000000,1721.602905
1232.500000,1719.591064
1233.000000,1716.398682
1233.500000,1712.783936
1234.000000,1708.746216
1234.500000,1703.893311
1235.000000,1697.485596
1235.500000,1689.887817
1236.000000,1681.841187
1236.500000,1674.490356
1237.000000,1668.664185
1237.500000,1664.440552
1238.000000,1661.334595
1238.500000,1659.066162
1239.000000,1657.507568
1239.500000,1657.050781
1240.000000,1657.326660
1240.500000,1657.318237
1241.000000,1655.572876
1241.500000,1650.901611
1242.000000,1643.923096
1242.500000,1636.821899
1243.000000,1632.188843
1243.500000,1630.826294
1244.000000,1632.011475
1244.500000,1633.029663
1245.000000,1631.923950
1245.500000,1629.325439
1246.000000,1627.296875
1246.500000,1627.635254
1247.000000,1630.232666
1247.500000,1633.027588
1248.000000,1633.938354
1248.500000,1632.648438
1249.000000,1631.578979
1249.500000,1634.145020
1250.000000,1640.897217
1250.500000,1650.964478
1251.000000,1661.497925
1251.500000,1670.765015
1252.000000,1678.953369
1252.500000,1687.151489
1253.000000,1695.350586
1253.500000,1701.912109
1254.000000,1703.940796
1254.500000,1701.739014
1255.000000,1696.863403
1255.500000,1692.797852
1256.000000,1691.738892
1256.500000,1693.035034
1257.000000,1694.281982
1257.500000,1693.433716
1258.000000,1690.725586
1258.500000,1687.849854
1259.000000,1686.428589
1259.500000,1686.667236
1260.000000,1686.718384
1260.500000,1684.662109
1261.000000,1680.334473
1261.500000,1675.201660
1262.000000,1671.339844
1262.500000,1669.660400
1263.000000,1669.619263
1263.500000,1669.261719
1264.000000,1666.682373
1264.500000,1661.983032
1265.000000,1656.072388
1265.500000,1650.818970
1266.000000,1647.786255
1266.500000,1647.391479
1267.000000,1648.825439
1267.500000,1650.760986
1268.000000,1652.037231
1268.500000,1652.262085
1269.000000,1652.260010
1269.500000,1653.026489
1270.000000,1654.721436
1270.500000,1656.488159
1271.000000,1656.851807
1271.500000,1654.868164
1272.000000,1650.847290
1272.500000,1646.405273
1273.000000,1642.890381
1273.500000,1640.073975
1274.000000,1636.240723
1274.500000,1629.827026
1275.000000,1620.183838
1275.500000,1609.281738
1276.000000,1600.140015
1276.500000,1595.125366
1277.000000,1594.118896
1277.500000,1595.340576
1278.000000,1595.669067
1278.500000,1592.228760
1279.000000,1585.099854
1279.500000,1574.793945
1280.000000,1563.564697
1280.500000,1553.326172
1281.000000,1545.256348
1281.500000,1539.548706
1282.000000,1535.854736
1282.500000,1533.108398
1283.000000,1530.700928
1283.500000,1528.348511
1284.000000,1526.319214
1284.500000,1524.901978
1285.000000,1524.369263
1285.500000,1524.739990
1286.000000,1526.167358
1286.500000,1529.093750
1287.000000,1533.776001
1287.500000,1540.534668
1288.000000,1548.520874
1288.500000,1556.861328
1289.000000,1564.625977
1289.500000,1571.367188
1290.000000,1577.447876
1290.500000,1583.547485
1291.000000,1590.351562
1291.500000,1598.113892
1292.000000,1606.664917
1292.500000,1615.124756
1293.000000,1621.915283
1293.500000,1626.009277
1294.000000,1625.944580
1294.500000,1622.229370
1295.000000,1615.759766
1295.500000,1608.289795
1296.000000,1601.527344
1296.500000,1596.802490
1297.000000,1594.444336
1297.500000,1594.833374
1298.000000,1596.834229
1298.500000,1599.300659
1299.000000,1600.761841
1299.500000,1600.213379
1300.000000,1598.118408
1300.500000,1596.004639
1301.000000,1595.668335
1301.500000,1597.803955
1302.000000,1602.065430
1302.500000,1606.838867
1303.000000,1611.077515
1303.500000,1614.719604
1304.000000,1618.107056
1304.500000,1621.431763
1305.000000,1624.252197
1305.500000,1625.903320
1306.000000,1626.193115
1306.500000,1625.301758
1307.000000,1623.739990
1307.500000,1621.094482
1308.000000,1616.871094
1308.500000,1610.304810
1309.000000,1602.317505
1309.500000,1594.726562
1310.000000,1589.411499
1310.500000,1586.951904
1311.000000,1586.354736
1311.500000,1585.427002
1312.000000,1582.459229
1312.500000,1577.801636
1313.000000,1572.474365
1313.500000,1567.812256
1314.000000,1564.460571
1314.500000,1562.126953
1315.000000,1560.342896
1315.500000,1558.819946
1316.000000,1557.363770
1316.500000,1555.607788
1317.000000,1553.142212
1317.500000,1549.630371
1318.000000,1545.860596
1318.500000,1543.257202
1319.000000,1542.818115
1319.500000,1544.485962
1320.000000,1546.579834
1320.500000,1546.801147
1321.000000,1543.542480
1321.500000,1537.805664
1322.000000,1531.336060
1322.500000,1526.093384
1323.000000,1523.004761
1323.500000,1521.215210
1324.000000,1519.805176
1324.500000,1518.500244
1325.000000,1518.048584
1325.500000,1519.593994
1326.000000,1523.190308
1326.500000,1528.005249
1327.000000,1532.100342
1327.500000,1533.562134
1328.000000,1532.377319
1328.500000,1529.136963
1329.000000,1525.336670
1329.500000,1522.070801
1330.000000,1519.729370
1330.500000,1518.318604
1331.000000,1518.431030
1331.500000,1520.640259
1332.000000,1526.260254
1332.500000,1534.372559
1333.000000,1543.429932
1333.500000,1550.995850
1334.000000,1555.396118
1334.500000,1557.088501
1335.000000,1558.344971
1335.500000,1561.687256
1336.000000,1567.809082
1336.500000,1576.197021
1337.000000,1584.742310
1337.500000,1592.200928
1338.000000,1598.720093
1338.500000,1604.696045
1339.000000,1609.843506
1339.500000,1613.027344
1340.000000,1613.329590
1340.500000,1611.820435
1341.000000,1610.922607
1341.500000,1612.797241
1342.000000,1618.497437
1342.500000,1625.590332
1343.000000,1630.943604
1343.500000,1632.472656
1344.000000,1629.711670
1344.500000,1623.529663
1345.000000,1615.046265
1345.500000,1604.047607
1346.000000,1590.680664
1346.500000,1575.015869
1347.000000,1558.788574
1347.500000,1543.484497
1348.000000,1529.554321
1348.500000,1516.453369
1349.000000,1503.198608
1349.500000,1489.492310
1350.000000,1476.121460
1350.500000,1464.287109
1351.000000,1455.416016
1351.500000,1449.101074
1352.000000,1445.103882
1352.500000,1442.267334
1353.000000,1440.014404
1353.500000,1438.018311
1354.000000,1436.224365
1354.500000,1434.710205
1355.000000,1433.567993
1355.500000,1433.039551
1356.000000,1433.125732
1356.500000,1433.781616
1357.000000,1434.378418
1357.500000,1433.875732
1358.000000,1431.429688
1358.500000,1426.634277
1359.000000,1420.138428
1359.500000,1413.474731
1360.000000,1408.104248
1360.500000,1404.196289
1361.000000,1401.030029
1361.500000,1397.305908
1362.000000,1392.868286
1362.500000,1389.088989
1363.000000,1387.902466
1363.500000,1389.897217
1364.000000,1393.604614
1364.500000,1396.443726
1365.000000,1396.730957
1365.500000,1394.284180
1366.000000,1391.400879
1366.500000,1390.120239
1367.000000,1390.581299
1367.500000,1391.647583
1368.000000,1391.968872
1368.500000,1391.710815
1369.000000,1392.507690
1369.500000,1395.674438
1370.000000,1401.319824
1370.500000,1407.241821
1371.000000,1410.746948
1371.500000,1411.060547
1372.000000,1408.411255
1372.500000,1404.643066
1373.000000,1401.084229
1373.500000,1397.997070
1374.000000,1394.824585
1374.500000,1391.010498
1375.000000,1386.682739
1375.500000,1382.196167
1376.000000,1377.671387
1376.500000,1372.639771
1377.000000,1366.780396
1377.500000,1360.422852
1378.000000,1354.856689
1378.500000,1351.569824
1379.000000,1351.383057
1379.500000,1353.151978
1380.000000,1355.085571
1380.500000,1355.562500
1381.000000,1353.916992
1381.500000,1351.366699
1382.000000,1349.188110
1382.500000,1347.727783
1383.000000,1346.184692
1383.500000,1343.378418
1384.000000,1338.974609
1384.500000,1333.509033
1385.000000,1328.371948
1385.500000,1324.901611
1386.000000,1323.227783
1386.500000,1323.533569
1387.000000,1325.488525
1387.500000,1329.054932
1388.000000,1333.861938
1388.500000,1338.808716
1389.000000,1342.237305
1389.500000,1343.088257
1390.000000,1340.253418
1390.500000,1334.946411
1391.000000,1328.155762
1391.500000,1321.445679
1392.000000,1315.998169
1392.500000,1312.446411
1393.000000,1311.033325
1393.500000,1311.809692
1394.000000,1314.070801
1394.500000,1317.003418
1395.000000,1319.323975
1395.500000,1319.785767
1396.000000,1318.383911
1396.500000,1315.666870
1397.000000,1313.125854
1397.500000,1312.217041
1398.000000,1313.592407
1398.500000,1316.518188
1399.000000,1319.730225
1399.500000,1322.044434
1400.000000,1322.792725
1400.500000,1322.516113
1401.000000,1321.483032
1401.500000,1319.866089
1402.000000,1317.761841
1402.500000,1315.936279
1403.000000,1315.795532
1403.500000,1318.824707
1404.000000,1324.569336
1404.500000,1331.701538
1405.000000,1338.029297
1405.500000,1342.570801
1406.000000,1346.533936
1406.500000,1351.760376
1407.000000,1358.693726
1407.500000,1365.564331
1408.000000,1369.803223
1408.500000,1370.754395
1409.000000,1369.823364
1409.500000,1370.298584
1410.000000,1374.851318
1410.500000,1382.360718
1411.000000,1390.284058
1411.500000,1396.038330
1412.000000,1399.042236
1412.500000,1400.908325
1413.000000,1403.749390
1413.500000,1408.301758
1414.000000,1413.425415
1414.500000,1417.792236
1415.000000,1421.267090
1415.500000,1424.700195
1416.000000,1429.174316
1416.500000,1435.075439
1417.000000,1441.827393
1417.500000,1448.821167
1418.000000,1456.532104
1418.500000,1466.364746
1419.000000,1480.725464
1419.500000,1499.446655
1420.000000,1522.208374
1420.500000,1546.377441
1421.000000,1569.741211
1421.500000,1591.153442
1422.000000,1610.807373
1422.500000,1629.648804
1423.000000,1648.607422
1423.500000,1667.894165
1424.000000,1687.181152
1424.500000,1706.502930
1425.000000,1726.571411
1425.500000,1748.629028
1426.000000,1772.888062
1426.500000,1798.265503
1427.000000,1822.334473
1427.500000,1842.611938
1428.000000,1856.887085
1428.500000,1866.016968
1429.000000,1870.406494
1429.500000,1872.873535
1430.000000,1875.151245
1430.500000,1878.231445
1431.000000,1881.803223
1431.500000,1884.138916
1432.000000,1882.836670
1432.500000,1875.671875
1433.000000,1863.468628
1433.500000,1848.011108
1434.000000,1832.968994
1434.500000,1820.605225
1435.000000,1809.981567
1435.500000,1798.524414
1436.000000,1784.286987
1436.500000,1767.395142
1437.000000,1749.833740
1437.500000,1733.803101
1438.000000,1720.357788
1438.500000,1708.306519
1439.000000,1696.463257
1439.500000,1684.271606
1440.000000,1672.097778
1440.500000,1660.233765
1441.000000,1648.112427
1441.500000,1634.742065
1442.000000,1619.889038
1442.500000,1604.443848
1443.000000,1590.062866
1443.500000,1578.397461
1444.000000,1568.969238
1444.500000,1561.268066
1445.000000,1554.501709
1445.500000,1548.993408
1446.000000,1545.292358
1446.500000,1543.308472
1447.000000,1542.022217
1447.500000,1539.881104
1448.000000,1535.647095
1448.500000,1529.873779
1449.000000,1523.562134
1449.500000,1517.976196
1450.000000,1513.894287
1450.500000,1511.283813
1451.000000,1509.847168
1451.500000,1509.410889
1452.000000,1509.704224
1452.500000,1510.558228
1453.000000,1511.665283
1453.500000,1513.083130
1454.000000,1514.990845
1454.500000,1517.704102
1455.000000,1521.032227
1455.500000,1524.457764
1456.000000,1527.517456
1456.500000,1530.277100
1457.000000,1533.187256
1457.500000,1536.473145
1458.000000,1539.591797
1458.500000,1541.424438
1459.000000,1540.482300
1459.500000,1536.926880
1460.000000,1531.848389
1460.500000,1527.387085
1461.000000,1525.167603
1461.500000,1525.598999
1462.000000,1527.267700
1462.500000,1528.179443
1463.000000,1526.984863
1463.500000,1523.209717
1464.000000,1518.797852
1464.500000,1516.450562
1465.000000,1517.984863
1465.500000,1522.962280
1466.000000,1528.743652
1466.500000,1532.372803
1467.000000,1532.237915
1467.500000,1530.115234
1468.000000,1528.774048
1468.500000,1529.992920
1469.000000,1533.816772
1469.500000,1537.988770
1470.000000,1540.348389
1470.500000,1540.425781
1471.000000,1539.128174
1471.500000,1537.264160
1472.000000,1535.169312
1472.500000,1532.830322
1473.000000,1530.837280
1473.500000,1530.579468
1474.000000,1532.612061
1474.500000,1536.388794
1475.000000,1539.710449
1475.500000,1540.664429
1476.000000,1538.623169
1476.500000,1534.848633
1477.000000,1530.755127
1477.500000,1527.406738
1478.000000,1525.270386
1478.500000,1523.887207
1479.000000,1522.336670
1479.500000,1518.944946
1480.000000,1511.764404
1480.500000,1500.056274
1481.000000,1486.034668
1481.500000,1474.113403
1482.000000,1468.006470
1482.500000,1470.510742
1483.000000,1477.393433
1483.500000,1483.259277
1484.000000,1483.706665
1484.500000,1477.996338
1485.000000,1469.164062
1485.500000,1461.287720
1486.000000,1457.134399
1486.500000,1456.464355
1487.000000,1458.404053
1487.500000,1460.950317
1488.000000,1463.161987
1488.500000,1465.015869
1489.000000,1467.280273
1489.500000,1471.071655
1490.000000,1477.271240
1490.500000,1485.793091
1491.000000,1494.831665
1491.500000,1501.764771
1492.000000,1505.438965
1492.500000,1506.066406
1493.000000,1507.057739
1493.500000,1511.637817
1494.000000,1520.308228
1494.500000,1531.123901
1495.000000,1540.885620
1495.500000,1547.803101
1496.000000,1552.422241
1496.500000,1557.488525
1497.000000,1565.517456
1497.500000,1575.254883
1498.000000,1583.920532
1498.500000,1589.160767
1499.000000,1590.573364
1499.500000,1590.514893
1500.000000,1592.118286
1500.500000,1597.414062
1501.000000,1605.706909
1501.500000,1615.724365
1502.000000,1626.005127
1502.500000,1636.537231
1503.000000,1647.560303
1503.500000,1658.844849
1504.000000,1669.481812
1504.500000,1678.630127
1505.000000,1686.220947
1505.500000,1693.129272
1506.000000,1699.864990
1506.500000,1706.008423
1507.000000,1709.895874
1507.500000,1710.797485
1508.000000,1708.184814
1508.500000,1703.168579
1509.000000,1696.823730
1509.500000,1689.878784
1510.000000,1682.737305
1510.500000,1675.854370
1511.000000,1669.778076
1511.500000,1665.112183
1512.000000,1661.177612
1512.500000,1656.820312
1513.000000,1651.123535
1513.500000,1644.145996
1514.000000,1637.251343
1514.500000,1631.802734
1515.000000,1628.231323
1515.500000,1625.841431
1516.000000,1624.787231
1516.500000,1626.006348
1517.000000,1632.254150
1517.500000,1643.653442
1518.000000,1658.306274
1518.500000,1671.340820
1519.000000,1679.025391
1519.500000,1681.146851
1520.000000,1681.823242
1520.500000,1686.351318
1521.000000,1696.837891
1521.500000,1713.604858
1522.000000,1732.655396
1522.500000,1751.480713
1523.000000,1769.489258
1523.500000,1787.068115
1524.000000,1804.037231
1524.500000,1819.268066
1525.000000,1831.454956
1525.500000,1841.524780
1526.000000,1851.863892
1526.500000,1864.572144
1527.000000,1879.651245
1527.500000,1893.943970
1528.000000,1903.375977
1528.500000,1906.217407
1529.000000,1904.349854
1529.500000,1902.162231
1530.000000,1903.873169
1530.500000,1910.786621
1531.000000,1919.039795
1531.500000,1923.807861
1532.000000,1923.177490
1532.500000,1918.125000
1533.000000,1912.992920
1533.500000,1911.514526
1534.000000,1914.146973
1534.500000,1917.561768
1535.000000,1918.751465
1535.500000,1917.920044
1536.000000,1917.963989
1536.500000,1921.843140
1537.000000,1930.971436
1537.500000,1942.657471
1538.000000,1953.131348
1538.500000,1960.045776
1539.000000,1963.380615
1539.500000,1963.733154
1540.000000,1962.295288
1540.500000,1959.409424
1541.000000,1956.346924
1541.500000,1955.015747
1542.000000,1956.238159
1542.500000,1959.362915
1543.000000,1962.134155
1543.500000,1962.778198
1544.000000,1961.666260
1544.500000,1961.584717
1545.000000,1966.350464
1545.500000,1976.415283
1546.000000,1990.633423
1546.500000,2005.503052
1547.000000,2018.688599
1547.500000,2029.577881
1548.000000,2038.400635
1548.500000,2045.203369
1549.000000,2049.363281
1549.500000,2049.392822
1550.000000,2045.400635
1550.500000,2036.773438
1551.000000,2025.189331
1551.500000,2011.430054
1552.000000,1996.892944
1552.500000,1982.835815
1553.000000,1970.402100
1553.500000,1959.919678
1554.000000,1950.883545
1554.500000,1941.493652
1555.000000,1929.003662
1555.500000,1912.176636
1556.000000,1889.730591
1556.500000,1863.769043
1557.000000,1837.279785
1557.500000,1813.129639
1558.000000,1792.598999
1558.500000,1774.982056
1559.000000,1757.646973
1559.500000,1737.781006
1560.000000,1714.610962
1560.500000,1688.979004
1561.000000,1663.882324
1561.500000,1642.273438
1562.000000,1625.461426
1562.500000,1613.682495
1563.000000,1606.099487
1563.500000,1601.133667
1564.000000,1597.582764
1564.500000,1594.101807
1565.000000,1589.854370
1565.500000,1584.881714
1566.000000,1579.771118
1566.500000,1575.449585
1567.000000,1572.495483
1567.500000,1570.455444
1568.000000,1568.270752
1568.500000,1565.372192
1569.000000,1562.231201
1569.500000,1559.862549
1570.000000,1558.453491
1570.500000,1556.934814
1571.000000,1553.274780
1571.500000,1545.852905
1572.000000,1535.183594
1572.500000,1523.136719
1573.000000,1511.821167
1573.500000,1502.333374
1574.000000,1494.994629
1574.500000,1488.931885
1575.000000,1483.716797
1575.500000,1478.645630
1576.000000,1472.672607
1576.500000,1464.711548
1577.000000,1454.234741
1577.500000,1442.428711
1578.000000,1432.148560
1578.500000,1426.256348
1579.000000,1424.361328
1579.500000,1424.388062
1580.000000,1422.370117
1580.500000,1415.284912
1581.000000,1404.202148
1581.500000,1392.775024
1582.000000,1385.070190
1582.500000,1382.519409
1583.000000,1383.733521
1583.500000,1384.886841
1584.000000,1382.602173
1584.500000,1376.961426
1585.000000,1370.235962
1585.500000,1365.915283
1586.000000,1366.516113
1586.500000,1371.760010
1587.000000,1379.834229
1587.500000,1388.608032
1588.000000,1396.756958
1588.500000,1404.453247
1589.000000,1412.646851
1589.500000,1422.048462
1590.000000,1432.020752
1590.500000,1441.232300
1591.000000,1448.503418
1591.500000,1453.361328
1592.000000,1456.655396
1592.500000,1459.374146
1593.000000,1461.455811
1593.500000,1462.049194
1594.000000,1459.362305
1594.500000,1453.773804
1595.000000,1446.605469
1595.500000,1440.535278
1596.000000,1437.473999
1596.500000,1437.433105
1597.000000,1438.944214
1597.500000,1440.227905
1598.000000,1440.179321
1598.500000,1438.770142
1599.000000,1437.223511
1599.500000,1436.914795
1600.000000,1438.428711
1600.500000,1441.655640
1601.000000,1444.989014
1601.500000,1446.056396
1602.000000,1443.334717
1602.500000,1437.604126
1603.000000,1430.805298
1603.500000,1425.220337
1604.000000,1421.699951
1604.500000,1418.272827
1605.000000,1412.126343
1605.500000,1402.376221
1606.000000,1389.865234
1606.500000,1376.556152
1607.000000,1363.638184
1607.500000,1350.562500
1608.000000,1336.003052
1608.500000,1319.222900
1609.000000,1301.817383
1609.500000,1285.907959
1610.000000,1272.531616
1610.500000,1261.466919
1611.000000,1251.175171
1611.500000,1240.568481
1612.000000,1230.043579
1612.500000,1220.728027
1613.000000,1213.494385
1613.500000,1207.125610
1614.000000,1199.304565
1614.500000,1188.559937
1615.000000,1175.393066
1615.500000,1162.548828
1616.000000,1152.932495
1616.500000,1147.674927
1617.000000,1144.941650
1617.500000,1141.638672
1618.000000,1135.770386
1618.500000,1126.963013
1619.000000,1117.412964
1619.500000,1109.197388
1620.000000,1103.370605
1620.500000,1100.269653
1621.000000,1099.077759
1621.500000,1098.456543
1622.000000,1096.857178
1622.500000,1093.273071
1623.000000,1087.336792
1623.500000,1081.093628
1624.000000,1077.430908
1624.500000,1077.417969
1625.000000,1080.555664
1625.500000,1084.536743
1626.000000,1087.493774
1626.500000,1089.261475
1627.000000,1091.246948
1627.500000,1094.501587
1628.000000,1098.172119
1628.500000,1100.257812
1629.000000,1099.662476
1629.500000,1096.314331
1630.000000,1092.082397
1630.500000,1088.910889
1631.000000,1087.617920
1631.500000,1087.718506
1632.000000,1088.314697
1632.500000,1088.395142
1633.000000,1086.911743
1633.500000,1083.823730
1634.000000,1078.744507
1634.500000,1072.020508
1635.000000,1064.038940
1635.500000,1055.593628
1636.000000,1047.742310
1636.500000,1041.434570
1637.000000,1036.673462
1637.500000,1033.031982
1638.000000,1029.217896
1638.500000,1024.121460
1639.000000,1017.677490
1639.500000,1010.367065
1640.000000,1002.730164
1640.500000,994.859070
1641.000000,986.797607
1641.500000,979.223389
1642.000000,974.005432
1642.500000,971.763550
1643.000000,972.487305
1643.500000,973.720459
1644.000000,973.035339
1644.500000,969.616028
1645.000000,964.500732
1645.500000,959.804016
1646.000000,956.638428
1646.500000,954.842163
1647.000000,953.167664
1647.500000,950.546082
1648.000000,946.905823
1648.500000,942.444763
1649.000000,937.597839
1649.500000,932.697266
1650.000000,928.137268
1650.500000,924.224548
1651.000000,920.900818
1651.500000,917.502808
1652.000000,913.250549
1652.500000,907.979126
1653.000000,901.562988
1653.500000,894.287048
1654.000000,886.209167
1654.500000,877.793457
1655.000000,869.983398
1655.500000,863.922485
1656.000000,859.799500
1656.500000,856.841003
1657.000000,853.263428
1657.500000,848.155579
1658.000000,842.638245
1658.500000,838.548584
1659.000000,836.627625
1659.500000,835.605469
1660.000000,832.636475
1660.500000,825.985596
1661.000000,815.719055
1661.500000,804.639832
1662.000000,796.082520
1662.500000,791.300842
1663.000000,790.107666
1663.500000,790.221924
1664.000000,789.627319
1664.500000,787.247864
1665.000000,783.389038
1665.500000,779.454956
1666.000000,776.770874
1666.500000,775.782898
1667.000000,775.021301
1667.500000,772.138977
1668.000000,765.923950
1668.500000,756.963013
1669.000000,748.108643
1669.500000,742.380371
1670.000000,741.369812
1670.500000,743.739258
1671.000000,746.703491
1671.500000,747.497620
1672.000000,744.652039
1672.500000,739.794495
1673.000000,734.965515
1673.500000,731.973389
1674.000000,731.055054
1674.500000,730.862061
1675.000000,729.816956
1675.500000,727.104126
1676.000000,723.510193
1676.500000,720.608826
1677.000000,719.296997
1677.500000,719.756409
1678.000000,720.852844
1678.500000,721.394531
1679.000000,720.604187
1679.500000,718.470215
1680.000000,715.415222
1680.500000,712.071167
1681.000000,708.887146
1681.500000,706.079407
1682.000000,703.845581
1682.500000,702.134460
1683.000000,701.194763
1683.500000,701.191650
1684.000000,702.110718
1684.500000,703.452454
1685.000000,704.352234
1685.500000,704.210571
1686.000000,703.367249
1686.500000,702.357178
1687.000000,701.405457
1687.500000,699.597839
1688.000000,695.896606
1688.500000,690.007080
1689.000000,683.332031
1689.500000,678.221436
1690.000000,676.666016
1690.500000,677.515686
1691.000000,678.295898
1691.500000,676.841614
1692.000000,672.567200
1692.500000,667.908325
1693.000000,666.035583
1693.500000,668.001770
1694.000000,672.299744
1694.500000,676.008972
1695.000000,676.913513
1695.500000,674.152466
1696.000000,670.140869
1696.500000,666.664246
1697.000000,664.325317
1697.500000,662.798767
1698.000000,661.445618
1698.500000,660.298523
1699.000000,659.743835
1699.500000,659.652893
1700.000000,659.190186
1700.500000,657.487366
1701.000000,654.131714
1701.500000,650.204773
1702.000000,646.538635
1702.500000,643.370605
1703.000000,640.457947
1703.500000,637.698669
1704.000000,635.504761
1704.500000,634.340637
1705.000000,633.730225
1705.500000,632.446045
1706.000000,629.736023
1706.500000,626.306763
1707.000000,624.255554
1707.500000,625.449158
1708.000000,629.311218
1708.500000,632.694946
1709.000000,631.821411
1709.500000,626.003662
1710.000000,616.960938
1710.500000,609.118530
1711.000000,606.623901
1711.500000,608.567383
1712.000000,611.897339
1712.500000,613.050842
1713.000000,610.539612
1713.500000,605.832153
1714.000000,602.167664
1714.500000,601.838318
1715.000000,604.078674
1715.500000,607.008911
1716.000000,608.236694
1716.500000,606.442017
1717.000000,602.924988
1717.500000,599.535645
1718.000000,597.771667
1718.500000,597.733948
1719.000000,598.171021
1719.500000,597.550598
1720.000000,595.429077
1720.500000,593.276123
1721.000000,593.154602
1721.500000,595.499023
1722.000000,598.746765
1722.500000,600.382507
1723.000000,598.846680
1723.500000,594.463684
1724.000000,589.456055
1724.500000,585.814026
1725.000000,583.867920
1725.500000,583.653809
1726.000000,584.658752
1726.500000,587.132263
1727.000000,590.465942
1727.500000,593.195435
1728.000000,593.433472
1728.500000,590.487244
1729.000000,585.357666
1729.500000,581.168396
1730.000000,580.628906
1730.500000,583.030151
1731.000000,586.370789
1731.500000,587.767822
1732.000000,586.114136
1732.500000,582.599243
1733.000000,579.115967
1733.500000,576.780762
1734.000000,575.317932
1734.500000,574.337036
1735.000000,573.969421
1735.500000,574.967712
1736.000000,576.885864
1736.500000,577.932068
1737.000000,576.439514
1737.500000,572.494446
1738.000000,568.200806
1738.500000,566.166809
1739.000000,567.744324
1739.500000,570.847229
1740.000000,573.443176
1740.500000,574.666443
1741.000000,574.642883
1741.500000,573.891724
1742.000000,572.148865
1742.500000,569.225098
1743.000000,566.144897
1743.500000,565.105591
1744.000000,566.901917
1744.500000,570.263977
1745.000000,572.019775
1745.500000,569.625244
1746.000000,564.223694
1746.500000,559.083740
1747.000000,556.767578
1747.500000,557.030823
1748.000000,557.437317
1748.500000,555.414490
1749.000000,550.507690
1749.500000,545.287292
1750.000000,542.676697
1750.500000,543.570984
1751.000000,547.347839
1751.500000,551.294128
1752.000000,553.229675
1752.500000,552.262512
1753.000000,549.327637
1753.500000,546.139954
1754.000000,544.196716
1754.500000,544.140259
1755.000000,544.934631
1755.500000,545.447632
1756.000000,545.155151
1756.500000,544.454651
1757.000000,543.930603
1757.500000,543.504150
1758.000000,542.194092
1758.500000,539.451416
1759.000000,535.632996
1759.500000,532.404785
1760.000000,531.442749
1760.500000,532.593262
1761.000000,534.401672
1761.500000,535.373474
1762.000000,535.103088
1762.500000,534.176208
1763.000000,533.346436
1763.500000,532.376587
1764.000000,530.492371
1764.500000,526.887390
1765.000000,522.265320
1765.500000,518.212402
1766.000000,516.247253
1766.500000,517.144470
1767.000000,520.477600
1767.500000,524.486084
1768.000000,527.216064
1768.500000,527.952942
1769.000000,526.583130
1769.500000,524.533508
1770.000000,522.844116
1770.500000,521.733887
1771.000000,520.939697
1771.500000,520.296082
1772.000000,520.071594
1772.500000,520.511536
1773.000000,521.135742
1773.500000,520.893433
1774.000000,519.275146
1774.500000,516.565796
1775.000000,514.373047
1775.500000,514.126831
1776.000000,515.953491
1776.500000,518.631897
1777.000000,520.267578
1777.500000,519.950562
1778.000000,517.611328
1778.500000,514.563660
1779.000000,511.850586
1779.500000,509.742249
1780.000000,508.199249
1780.500000,507.209137
1781.000000,507.119598
1781.500000,508.013184
1782.000000,509.231323
1782.500000,509.895630
1783.000000,509.650177
1783.500000,508.378418
1784.000000,506.445099
1784.500000,503.363617
1785.000000,499.026978
1785.500000,494.256470
1786.000000,491.007843
1786.500000,490.408447
1787.000000,491.907135
1787.500000,493.278168
1788.000000,492.674652
1788.500000,491.136230
1789.000000,490.384613
1789.500000,491.028381
1790.000000,492.048370
1790.500000,491.804474
1791.000000,490.053009
1791.500000,487.769257
1792.000000,485.974976
1792.500000,484.814850
1793.000000,483.707428
1793.500000,482.755493
1794.000000,482.492371
1794.500000,483.343506
1795.000000,484.533020
1795.500000,484.870422
1796.000000,483.652985
1796.500000,481.271271
1797.000000,479.028015
1797.500000,478.318176
1798.000000,480.244324
1798.500000,483.519318
1799.000000,485.736115
1799.500000,485.083588
1800.000000,481.798737
1800.500000,478.388580
1801.000000,477.451416
1801.500000,479.362671
1802.000000,481.684174
1802.500000,482.260620
1803.000000,481.090271
1803.500000,478.996185
1804.000000,476.961975
1804.500000,475.272766
1805.000000,474.434875
1805.500000,475.414459
1806.000000,477.979919
1806.500000,480.075684
1807.000000,479.334198
1807.500000,476.067017
1808.000000,472.583038
1808.500000,471.097168
1809.000000,471.961456
1809.500000,473.740692
1810.000000,475.353271
