440.000000,3113.792725
440.500000,3109.320068
441.000000,3102.560303
441.500000,3094.675537
442.000000,3086.906494
442.500000,3080.371094
443.000000,3076.237549
443.500000,3074.730957
444.000000,3076.313965
444.500000,3080.863037
445.000000,3087.434814
445.500000,3095.204102
446.000000,3102.941895
446.500000,3109.275146
447.000000,3113.666260
447.500000,3116.457031
448.000000,3119.091797
448.500000,3122.866211
449.000000,3128.213379
449.500000,3133.946533
450.000000,3137.344727
450.500000,3136.308350
451.000000,3128.991699
451.500000,3116.747803
452.000000,3100.912842
452.500000,3085.276367
453.000000,3071.946289
453.500000,3061.469727
454.000000,3053.872070
454.500000,3048.617432
455.000000,3045.052979
455.500000,3043.152100
456.000000,3042.676270
456.500000,3043.651611
457.000000,3045.272705
457.500000,3046.541016
458.000000,3046.685059
458.500000,3044.983643
459.000000,3041.215820
459.500000,3035.346191
460.000000,3027.827148
460.500000,3020.016113
461.000000,3013.410400
461.500000,3009.062500
462.000000,3008.493896
462.500000,3011.029053
463.000000,3015.193848
463.500000,3019.120117
464.000000,3021.467773
464.500000,3021.877686
465.000000,3021.431885
465.500000,3021.975342
466.000000,3024.307129
466.500000,3028.530518
467.000000,3032.927002
467.500000,3034.694092
468.000000,3032.285889
468.500000,3025.633545
469.000000,3016.557129
469.500000,3007.844482
470.000000,3002.629883
470.500000,3001.936523
471.000000,3004.959961
471.500000,3008.854736
472.000000,3011.084473
472.500000,3010.422852
473.000000,3007.134033
473.500000,3003.836670
474.000000,3002.780518
474.500000,3005.162598
475.000000,3010.233887
475.500000,3015.933105
476.000000,3019.549561
476.500000,3019.032471
477.000000,3015.032227
477.500000,3008.201904
478.000000,3000.551270
478.500000,2994.001953
479.000000,2989.714111
479.500000,2988.271729
480.000000,2990.412109
480.500000,2995.813721
481.000000,3004.640137
481.500000,3014.579102
482.000000,3023.680420
482.500000,3030.276855
483.000000,3032.979736
483.500000,3032.004150
484.000000,3029.290039
484.500000,3026.748291
485.000000,3025.479980
485.500000,3025.821533
486.000000,3026.707275
486.500000,3026.823242
487.000000,3025.970215
487.500000,3024.812012
488.000000,3024.679932
488.500000,3027.013428
489.000000,3032.619629
489.500000,3040.188477
490.000000,3048.301270
490.500000,3055.608643
491.000000,3061.155762
491.500000,3065.430908
492.000000,3069.201660
492.500000,3072.955322
493.000000,3076.334717
493.500000,3078.508545
494.000000,3078.682129
494.500000,3076.687744
495.000000,3074.182373
495.500000,3072.834473
496.000000,3073.340576
496.500000,3075.689697
497.000000,3077.906494
497.500000,3077.666504
498.000000,3074.433594
498.500000,3069.273438
499.000000,3064.450928
499.500000,3062.339600
500.000000,3064.233398
500.500000,3067.389648
501.000000,3068.365723
501.500000,3064.877930
502.000000,3055.357178
502.500000,3042.134033
503.000000,3029.724609
503.500000,3021.787842
504.000000,3019.507080
504.500000,3022.483643
505.000000,3027.395020
505.500000,3030.472656
506.000000,3030.318359
506.500000,3026.408203
507.000000,3020.228760
507.500000,3013.117188
508.000000,3006.287109
508.500000,3000.282227
509.000000,2995.342041
509.500000,2991.565430
510.000000,2989.455811
510.500000,2988.837158
511.000000,2989.500000
511.500000,2990.255127
512.000000,2990.281250
512.500000,2989.398193
513.000000,2988.100586
513.500000,2987.518555
514.000000,2988.436768
514.500000,2990.669434
515.000000,2992.910889
515.500000,2993.383057
516.000000,2991.367188
516.500000,2986.853516
517.000000,2982.501221
517.500000,2981.202881
518.000000,2985.041748
518.500000,2994.358643
519.000000,3008.223877
519.500000,3022.999512
520.000000,3035.203125
520.500000,3043.713135
521.000000,3047.677002
521.500000,3048.617432
522.000000,3047.681152
522.500000,3045.934082
523.000000,3043.463623
523.500000,3040.133301
524.000000,3036.452393
524.500000,3034.068359
525.000000,3035.348389
525.500000,3043.348145
526.000000,3057.363525
526.500000,3076.508301
527.000000,3097.290527
527.500000,3115.532227
528.000000,3127.687500
528.500000,3134.015381
529.000000,3135.861572
529.500000,3136.686523
530.000000,3139.686523
530.500000,3146.240479
531.000000,3155.748779
531.500000,3165.241699
532.000000,3171.792969
532.500000,3173.586426
533.000000,3170.540039
533.500000,3164.068359
534.000000,3157.626709
534.500000,3153.768799
535.000000,3152.824951
535.500000,3154.456055
536.000000,3156.375244
536.500000,3155.918701
537.000000,3152.215576
537.500000,3145.898682
538.000000,3138.747314
538.500000,3132.992188
539.000000,3130.814697
539.500000,3131.945557
540.000000,3135.040039
540.500000,3137.869873
541.000000,3138.899170
541.500000,3138.134521
542.000000,3137.022461
542.500000,3138.100830
543.000000,3142.656006
543.500000,3150.686768
544.000000,3159.930176
544.500000,3167.365479
545.000000,3170.660645
545.500000,3168.927979
546.000000,3164.814453
546.500000,3161.149658
547.000000,3160.292480
547.500000,3162.966797
548.000000,3167.811523
548.500000,3171.443359
549.000000,3170.862061
549.500000,3165.977051
550.000000,3157.129883
550.500000,3147.246338
551.000000,3139.621826
551.500000,3135.836426
552.000000,3136.013672
552.500000,3139.079834
553.000000,3143.126953
553.500000,3146.406006
554.000000,3147.880371
554.500000,3147.231201
555.000000,3145.588135
555.500000,3143.953613
556.000000,3143.276611
556.500000,3144.123291
557.000000,3146.149902
557.500000,3148.065430
558.000000,3148.552490
558.500000,3147.051270
559.000000,3143.156738
559.500000,3137.969727
560.000000,3132.606445
560.500000,3127.932617
561.000000,3124.038818
561.500000,3120.380615
562.000000,3116.310059
562.500000,3111.520752
563.000000,3106.589600
563.500000,3102.833740
564.000000,3101.043457
564.500000,3102.108154
565.000000,3105.139404
565.500000,3108.959717
566.000000,3111.471680
566.500000,3110.795654
567.000000,3105.957520
567.500000,3097.136230
568.000000,3084.729980
568.500000,3070.573486
569.000000,3056.516113
569.500000,3044.173096
570.000000,3034.826904
570.500000,3028.312012
571.000000,3024.293457
571.500000,3021.722900
572.000000,3019.418701
572.500000,3016.663574
573.000000,3013.583252
573.500000,3010.892334
574.000000,3009.397705
574.500000,3010.222168
575.000000,3013.288818
575.500000,3017.828369
576.000000,3022.271729
576.500000,3025.162842
577.000000,3025.538574
577.500000,3023.603760
578.000000,3020.183594
578.500000,3017.202881
579.000000,3016.349121
579.500000,3017.739746
580.000000,3021.236572
580.500000,3025.534912
581.000000,3029.163818
581.500000,3031.012939
582.000000,3031.065674
582.500000,3029.622559
583.000000,3027.503906
583.500000,3025.208252
584.000000,3023.040039
584.500000,3021.044922
585.000000,3019.215820
585.500000,3017.816650
586.000000,3017.218262
586.500000,3017.764404
587.000000,3019.568115
587.500000,3021.983643
588.000000,3023.819580
588.500000,3024.168701
589.000000,3022.073975
589.500000,3018.108887
590.000000,3013.209961
590.500000,3009.274658
591.000000,3008.152588
591.500000,3010.610596
592.000000,3016.058594
592.500000,3023.465332
593.000000,3030.959961
593.500000,3036.748535
594.000000,3040.457520
594.500000,3042.366211
595.000000,3043.508545
595.500000,3044.587891
596.000000,3045.826416
596.500000,3046.899414
597.000000,3047.235107
597.500000,3047.074951
598.000000,3047.464600
598.500000,3049.649170
599.000000,3055.320312
599.500000,3064.282959
600.000000,3075.721680
600.500000,3087.068115
601.000000,3096.246582
601.500000,3102.371338
602.000000,3106.381348
602.500000,3110.031982
603.000000,3115.487061
603.500000,3124.801514
604.000000,3136.895508
604.500000,3150.730225
605.000000,3164.698975
605.500000,3177.829834
606.000000,3190.053711
606.500000,3202.141113
607.000000,3214.953613
607.500000,3228.533447
608.000000,3242.354736
608.500000,3255.385498
609.000000,3266.257324
609.500000,3274.373779
610.000000,3279.419922
610.500000,3282.263672
611.000000,3283.953857
611.500000,3285.510010
612.000000,3287.737305
612.500000,3291.165039
613.000000,3295.387207
613.500000,3299.528809
614.000000,3302.637939
614.500000,3303.767090
615.000000,3302.761230
615.500000,3299.926514
616.000000,3296.182129
616.500000,3292.979492
617.000000,3291.695312
617.500000,3292.588623
618.000000,3295.923096
618.500000,3300.357910
619.000000,3304.454590
619.500000,3306.697510
620.000000,3306.458252
620.500000,3304.674072
621.000000,3303.139404
621.500000,3303.799561
622.000000,3307.266602
622.500000,3313.304688
623.000000,3319.121338
623.500000,3321.474854
624.000000,3319.328369
624.500000,3312.570068
625.000000,3303.244629
625.500000,3293.947998
626.000000,3286.963379
626.500000,3282.806396
627.000000,3281.033447
627.500000,3280.365967
628.000000,3280.319336
628.500000,3280.508545
629.000000,3280.614258
629.500000,3279.723389
630.000000,3276.352783
630.500000,3269.615967
631.000000,3260.175049
631.500000,3249.938721
632.000000,3241.801514
632.500000,3239.568848
633.000000,3243.414551
633.500000,3252.166504
634.000000,3262.166748
634.500000,3270.420166
635.000000,3275.457031
635.500000,3277.842041
636.000000,3279.691650
636.500000,3283.773682
637.000000,3292.142334
637.500000,3303.947754
638.000000,3318.368164
638.500000,3333.269531
639.000000,3346.984375
639.500000,3358.637939
640.000000,3368.455566
640.500000,3377.741455
641.000000,3388.217285
641.500000,3401.988037
642.000000,3419.690918
642.500000,3442.348633
643.000000,3467.874268
643.500000,3493.259521
644.000000,3515.154785
644.500000,3530.666748
645.000000,3538.587891
645.500000,3539.722168
646.000000,3535.235596
646.500000,3527.921631
647.000000,3519.474121
647.500000,3511.070312
648.000000,3503.263184
648.500000,3496.520996
649.000000,3491.909424
649.500000,3490.510498
650.000000,3493.501953
650.500000,3500.946289
651.000000,3510.998047
651.500000,3521.532715
652.000000,3530.005859
652.500000,3533.305908
653.000000,3530.728760
653.500000,3520.791016
654.000000,3505.331055
654.500000,3486.704102
655.000000,3467.688232
655.500000,3450.950928
656.000000,3438.852295
656.500000,3431.256592
657.000000,3428.066650
657.500000,3426.021729
658.000000,3422.603760
658.500000,3416.534668
659.000000,3407.659668
659.500000,3397.397949
660.000000,3387.951660
660.500000,3381.698242
661.000000,3379.140137
661.500000,3379.980713
662.000000,3382.039551
662.500000,3383.496338
663.000000,3383.197021
663.500000,3380.725830
664.000000,3376.943604
664.500000,3373.136719
665.000000,3370.008545
665.500000,3367.296387
666.000000,3364.312256
666.500000,3360.761963
667.000000,3357.466553
667.500000,3356.561768
668.000000,3361.926758
668.500000,3374.593994
669.000000,3394.070312
669.500000,3417.338135
670.000000,3440.124512
670.500000,3458.681885
671.000000,3472.342773
671.500000,3481.415771
672.000000,3489.430908
672.500000,3497.375977
673.000000,3504.346436
673.500000,3507.661865
674.000000,3505.175293
674.500000,3496.807129
675.000000,3485.270020
675.500000,3476.049805
676.000000,3474.260498
676.500000,3479.933594
677.000000,3492.444580
677.500000,3507.019287
678.000000,3519.364258
678.500000,3526.529785
679.000000,3527.575684
679.500000,3523.393311
680.000000,3515.468994
680.500000,3504.220947
681.000000,3490.868408
681.500000,3476.141602
682.000000,3461.721191
682.500000,3449.620850
683.000000,3440.238525
683.500000,3432.881592
684.000000,3425.700439
684.500000,3416.804932
685.000000,3405.080322
685.500000,3391.506836
686.000000,3378.299561
686.500000,3367.946289
687.000000,3362.310303
687.500000,3360.406982
688.000000,3360.733398
688.500000,3360.984619
689.000000,3359.317139
689.500000,3354.711914
690.000000,3347.514893
690.500000,3338.135010
691.000000,3327.340332
691.500000,3314.822510
692.000000,3300.689697
692.500000,3284.718018
693.000000,3267.485840
693.500000,3250.023682
694.000000,3233.795166
694.500000,3219.850830
695.000000,3209.197266
695.500000,3201.513184
696.000000,3197.254395
696.500000,3195.382080
697.000000,3195.801758
697.500000,3197.721924
698.000000,3200.276855
698.500000,3202.301758
699.000000,3202.507812
699.500000,3199.502930
700.000000,3193.046631
700.500000,3182.793213
701.000000,3170.576660
701.500000,3158.466553
702.000000,3148.392578
702.500000,3141.583740
703.000000,3137.607666
703.500000,3135.196289
704.000000,3132.748047
704.500000,3129.126221
705.000000,3124.031982
705.500000,3118.709229
706.000000,3114.991211
706.500000,3113.846924
707.000000,3116.373535
707.500000,3122.257080
708.000000,3131.167725
708.500000,3142.373779
709.000000,3154.822266
709.500000,3167.149902
710.000000,3177.982422
710.500000,3185.546875
711.000000,3189.903809
711.500000,3191.058105
712.000000,3190.880127
712.500000,3191.449219
713.000000,3194.615967
713.500000,3200.845947
714.000000,3209.406982
714.500000,3218.636719
715.000000,3227.031250
715.500000,3233.879395
716.000000,3238.665283
716.500000,3242.012695
717.000000,3244.242676
717.500000,3245.902344
718.000000,3247.300293
718.500000,3248.739014
719.000000,3250.566650
719.500000,3253.262207
720.000000,3257.036133
720.500000,3262.549805
721.000000,3269.896973
721.500000,3279.648682
722.000000,3291.528076
722.500000,3305.121094
723.000000,3319.353027
723.500000,3332.954590
724.000000,3345.026123
724.500000,3356.040527
725.000000,3368.103760
725.500000,3383.881836
726.000000,3406.703369
726.500000,3436.401367
727.000000,3472.446777
727.500000,3512.173584
728.000000,3553.159180
728.500000,3594.338135
729.000000,3636.542480
729.500000,3682.459717
730.000000,3733.099609
730.500000,3789.511719
731.000000,3849.012695
731.500000,3908.594238
732.000000,3964.809570
732.500000,4014.432861
733.000000,4054.933594
733.500000,4085.253174
734.000000,4103.630859
734.500000,4111.456543
735.000000,4106.715332
735.500000,4092.860596
736.000000,4070.039062
736.500000,4040.742188
737.000000,4005.096436
737.500000,3962.651611
738.000000,3913.440674
738.500000,3857.871338
739.000000,3799.161621
739.500000,3741.456787
740.000000,3688.761475
740.500000,3645.716797
741.000000,3611.956787
741.500000,3587.503662
742.000000,3568.962402
742.500000,3554.074219
743.000000,3542.069580
743.500000,3533.003662
744.000000,3528.363525
744.500000,3528.343506
745.000000,3534.591064
745.500000,3546.059082
746.000000,3562.948242
746.500000,3583.312500
747.000000,3605.344727
747.500000,3626.604248
748.000000,3644.587158
748.500000,3656.689209
749.000000,3662.541748
749.500000,3660.716309
750.000000,3653.111328
750.500000,3639.995117
751.000000,3622.984131
751.500000,3602.422119
752.000000,3579.288330
752.500000,3554.934082
753.000000,3531.081543
753.500000,3509.292725
754.000000,3491.067139
754.500000,3475.784180
755.000000,3462.586914
755.500000,3449.894775
756.000000,3437.077393
756.500000,3424.362061
757.000000,3412.708496
757.500000,3403.233398
758.000000,3396.428223
758.500000,3392.591797
759.000000,3390.669189
759.500000,3389.974609
760.000000,3389.520752
760.500000,3388.488281
761.000000,3386.055664
761.500000,3381.077637
762.000000,3372.793213
762.500000,3361.155273
763.000000,3346.746094
763.500000,3331.569092
764.000000,3317.406982
764.500000,3304.803711
765.000000,3293.518066
765.500000,3282.106201
766.000000,3269.066162
766.500000,3253.785645
767.000000,3236.612793
767.500000,3218.616943
768.000000,3200.905273
768.500000,3183.724609
769.000000,3166.534424
769.500000,3148.664795
770.000000,3130.166504
770.500000,3111.756104
771.000000,3094.650635
771.500000,3080.215576
772.000000,3069.436035
772.500000,3062.500977
773.000000,3060.046387
773.500000,3061.770996
774.000000,3068.716797
774.500000,3079.265381
775.000000,3091.990967
775.500000,3103.981445
776.000000,3112.347412
776.500000,3115.664795
777.000000,3114.910156
777.500000,3112.716797
778.000000,3111.989014
778.500000,3115.043457
779.000000,3121.449707
779.500000,3130.391357
780.000000,3139.576660
780.500000,3147.176514
781.000000,3152.408447
781.500000,3155.523193
782.000000,3157.669189
782.500000,3160.146240
783.000000,3163.959229
783.500000,3169.066895
784.000000,3174.932129
784.500000,3180.191650
785.000000,3183.326172
785.500000,3183.892822
786.000000,3182.233887
786.500000,3179.941162
787.000000,3178.511719
787.500000,3178.844727
788.000000,3180.677490
788.500000,3183.780273
789.000000,3187.684326
789.500000,3192.937744
790.000000,3199.973389
790.500000,3209.134766
791.000000,3219.053711
791.500000,3227.131592
792.000000,3230.364990
792.500000,3227.334473
793.000000,3216.737793
793.500000,3201.150879
794.000000,3182.605957
794.500000,3164.512939
795.000000,3149.695557
795.500000,3139.385254
796.000000,3133.300293
796.500000,3129.856934
797.000000,3126.812500
797.500000,3122.275635
798.000000,3115.733887
798.500000,3107.403076
799.000000,3099.021973
799.500000,3092.337158
800.000000,3088.143311
800.500000,3086.589111
801.000000,3086.940918
801.500000,3088.739014
802.000000,3092.178467
802.500000,3097.375977
803.000000,3104.794434
803.500000,3113.698486
804.000000,3123.453613
804.500000,3133.050049
805.000000,3141.645264
805.500000,3148.712646
806.000000,3153.701416
806.500000,3156.026855
807.000000,3155.871826
807.500000,3153.811035
808.000000,3151.665283
808.500000,3151.485596
809.000000,3153.863281
809.500000,3158.545410
810.000000,3163.464355
810.500000,3166.527832
811.000000,3167.147461
811.500000,3166.416748
812.000000,3166.096436
812.500000,3167.449219
813.000000,3171.171143
813.500000,3176.290527
814.000000,3182.280273
814.500000,3188.763428
815.000000,3195.816650
815.500000,3202.838623
816.000000,3208.091797
816.500000,3209.237305
817.000000,3205.629395
817.500000,3197.791260
818.000000,3189.476562
818.500000,3184.987061
819.000000,3185.943359
819.500000,3192.098633
820.000000,3199.562744
820.500000,3203.986572
821.000000,3203.602539
821.500000,3200.198975
822.000000,3196.857422
822.500000,3195.875977
823.000000,3197.684814
823.500000,3199.517578
824.000000,3198.200928
824.500000,3192.885986
825.000000,3185.234131
825.500000,3179.417725
826.000000,3178.835449
826.500000,3184.199463
827.000000,3192.161621
827.500000,3198.382812
828.000000,3200.089111
828.500000,3195.984619
829.000000,3189.167725
829.500000,3183.546631
830.000000,3182.391357
830.500000,3186.920654
831.000000,3195.678223
831.500000,3204.905273
832.000000,3211.195801
832.500000,3213.412842
833.000000,3211.165771
833.500000,3207.232178
834.000000,3204.497314
834.500000,3205.103027
835.000000,3209.712891
835.500000,3216.781250
836.000000,3223.223633
836.500000,3226.095459
837.000000,3225.242676
837.500000,3221.382568
838.000000,3217.126953
838.500000,3213.998535
839.000000,3211.780273
839.500000,3208.955566
840.000000,3203.871338
840.500000,3196.055176
841.000000,3186.505127
841.500000,3177.399170
842.000000,3170.398193
842.500000,3165.040039
843.000000,3160.482910
843.500000,3155.945312
844.000000,3152.062012
844.500000,3150.322754
845.000000,3152.122070
845.500000,3157.343750
846.000000,3163.640381
846.500000,3167.732666
847.000000,3167.728271
847.500000,3163.399170
848.000000,3158.269287
848.500000,3155.855469
849.000000,3157.840576
849.500000,3164.060547
850.000000,3172.262451
850.500000,3179.829102
851.000000,3185.222168
851.500000,3188.958496
852.000000,3192.232422
852.500000,3196.164551
853.000000,3200.535645
853.500000,3203.995850
854.000000,3205.264893
854.500000,3204.532715
855.000000,3203.372314
855.500000,3204.031006
856.000000,3207.855957
856.500000,3215.468262
857.000000,3225.106201
857.500000,3235.330078
858.000000,3245.116455
858.500000,3254.688965
859.000000,3264.877441
859.500000,3275.903809
860.000000,3286.849609
860.500000,3296.212646
861.000000,3302.687744
861.500000,3307.033447
862.000000,3310.974609
862.500000,3316.773193
863.000000,3325.988281
863.500000,3337.355225
864.000000,3347.926270
864.500000,3354.097168
865.000000,3354.270996
865.500000,3348.732666
866.000000,3340.562988
866.500000,3332.579102
867.000000,3326.492432
867.500000,3322.648926
868.000000,3319.449463
868.500000,3315.243896
869.000000,3309.259277
869.500000,3301.849854
870.000000,3294.147217
870.500000,3287.218994
871.000000,3281.407471
871.500000,3276.108154
872.000000,3270.795166
872.500000,3265.353516
873.000000,3260.297607
873.500000,3256.332764
874.000000,3254.084961
874.500000,3253.607666
875.000000,3254.386230
875.500000,3255.884521
876.000000,3257.511230
876.500000,3258.920166
877.000000,3259.977295
877.500000,3260.446777
878.000000,3260.276367
878.500000,3259.326416
879.000000,3257.545898
879.500000,3254.792725
880.000000,3250.780762
880.500000,3245.566162
881.000000,3239.318115
881.500000,3232.951416
882.000000,3227.489258
882.500000,3223.205322
883.000000,3219.459717
883.500000,3214.827637
884.000000,3208.203857
884.500000,3199.735107
885.000000,3191.063477
885.500000,3184.416748
886.000000,3180.695312
886.500000,3180.113037
887.000000,3180.482666
887.500000,3179.948975
888.000000,3177.817871
888.500000,3174.716064
889.000000,3172.104248
889.500000,3170.761475
890.000000,3170.239990
890.500000,3169.250000
891.000000,3166.501953
891.500000,3162.072021
892.000000,3156.122803
892.500000,3149.299072
893.000000,3141.533691
893.500000,3132.641113
894.000000,3122.731445
894.500000,3112.625000
895.000000,3103.554199
895.500000,3096.602783
896.000000,3091.010986
896.500000,3085.569580
897.000000,3079.335205
897.500000,3072.670410
898.000000,3067.300293
898.500000,3065.309570
899.000000,3067.479980
899.500000,3072.273438
900.000000,3076.847168
900.500000,3078.553955
901.000000,3075.536621
901.500000,3069.995117
902.000000,3065.061768
902.500000,3063.645752
903.000000,3066.659424
903.500000,3072.144531
904.000000,3076.963379
904.500000,3078.755859
905.000000,3078.034424
905.500000,3077.455811
906.000000,3080.309326
906.500000,3089.313477
907.000000,3102.242432
907.500000,3114.795410
908.000000,3122.094238
908.500000,3121.646973
909.000000,3115.365723
909.500000,3109.399902
910.000000,3109.764160
910.500000,3117.190430
911.000000,3129.825195
911.500000,3141.550537
912.000000,3147.410889
912.500000,3147.141357
913.000000,3143.795166
913.500000,3142.340088
914.000000,3146.004150
914.500000,3154.882324
915.000000,3164.949951
915.500000,3171.357178
916.000000,3172.305664
916.500000,3168.297852
917.000000,3163.593750
917.500000,3162.201660
918.000000,3166.106201
918.500000,3174.966553
919.000000,3186.889160
919.500000,3199.037109
920.000000,3209.148438
920.500000,3216.629639
921.000000,3221.071289
921.500000,3223.732422
922.000000,3225.577393
922.500000,3227.714111
923.000000,3230.962402
923.500000,3235.756836
924.000000,3241.852783
924.500000,3248.833496
925.000000,3255.812500
925.500000,3261.678711
926.000000,3265.844482
926.500000,3267.526855
927.000000,3267.081787
927.500000,3265.040771
928.000000,3262.362061
928.500000,3259.929199
929.000000,3258.315674
929.500000,3257.554443
930.000000,3257.638672
930.500000,3258.126709
931.000000,3258.491211
931.500000,3257.995605
932.000000,3255.650391
932.500000,3251.121338
933.000000,3244.916504
933.500000,3238.560547
934.000000,3233.992676
934.500000,3233.045898
935.000000,3235.225098
935.500000,3239.679199
936.000000,3244.342285
936.500000,3248.243652
937.000000,3251.884277
937.500000,3256.703613
938.000000,3263.764893
938.500000,3272.522217
939.000000,3281.002686
939.500000,3287.385010
940.000000,3290.789551
940.500000,3293.232422
941.000000,3297.418457
941.500000,3305.062744
942.000000,3316.565186
942.500000,3330.177490
943.000000,3343.573730
943.500000,3355.112549
944.000000,3364.808350
944.500000,3373.448242
945.000000,3382.516602
945.500000,3393.573975
946.000000,3407.412354
946.500000,3425.503418
947.000000,3448.052490
947.500000,3474.177734
948.000000,3501.487305
948.500000,3526.708740
949.000000,3546.741699
949.500000,3561.812012
950.000000,3572.845947
950.500000,3583.345703
951.000000,3595.850098
951.500000,3611.136230
952.000000,3629.091553
952.500000,3649.252197
953.000000,3671.715332
953.500000,3697.329346
954.000000,3725.675293
954.500000,3755.636475
955.000000,3784.704590
955.500000,3811.253662
956.000000,3836.643311
956.500000,3864.085449
957.000000,3896.532227
957.500000,3934.694336
958.000000,3976.356689
958.500000,4017.151123
959.000000,4053.025146
959.500000,4083.774658
960.000000,4110.217285
960.500000,4135.730957
961.000000,4162.676758
961.500000,4192.166016
962.000000,4224.907227
962.500000,4261.457031
963.000000,4301.527344
963.500000,4343.234863
964.000000,4381.467773
964.500000,4406.787109
965.000000,4415.717773
965.500000,4403.425293
966.000000,4375.610352
966.500000,4338.450684
967.000000,4298.834961
967.500000,4260.179688
968.000000,4221.928711
968.500000,4181.722168
969.000000,4137.416992
969.500000,4090.291992
970.000000,4042.172119
970.500000,3994.718750
971.000000,3947.543457
971.500000,3898.751953
972.000000,3846.726807
972.500000,3791.809082
973.000000,3736.770508
973.500000,3685.044922
974.000000,3637.688477
974.500000,3595.334229
975.000000,3556.023926
975.500000,3519.679932
976.000000,3486.644531
976.500000,3458.293213
977.000000,3435.123779
977.500000,3416.114502
978.000000,3400.144531
978.500000,3386.029297
979.000000,3375.082764
979.500000,3368.450195
980.000000,3368.417480
980.500000,3373.603760
981.000000,3381.426025
981.500000,3388.011230
982.000000,3390.597656
982.500000,3388.539307
983.000000,3384.080078
983.500000,3379.541016
984.000000,3376.262939
984.500000,3374.328369
985.000000,3372.587158
985.500000,3370.186279
986.000000,3367.074951
986.500000,3363.698486
987.000000,3360.413818
987.500000,3357.037598
988.000000,3352.898926
988.500000,3347.691895
989.000000,3341.435303
989.500000,3335.099121
990.000000,3329.574219
990.500000,3324.925537
991.000000,3320.270508
991.500000,3314.025146
992.000000,3304.812500
992.500000,3291.915771
993.000000,3276.728271
993.500000,3261.455322
994.000000,3248.581543
994.500000,3240.776367
995.000000,3237.958252
995.500000,3239.525879
996.000000,3243.041748
996.500000,3245.922363
997.000000,3246.274902
997.500000,3243.893311
998.000000,3239.312256
998.500000,3234.156006
999.000000,3229.317139
999.500000,3224.656006
1000.000000,3219.070068
1000.500000,3211.371582
1001.000000,3200.603271
1001.500000,3186.683838
1002.000000,3170.393311
1002.500000,3152.452393
1003.000000,3133.971436
1003.500000,3115.934570
1004.000000,3099.280762
1004.500000,3085.496582
1005.000000,3075.182861
1005.500000,3069.125732
1006.000000,3067.028076
1006.500000,3067.928223
1007.000000,3070.532471
1007.500000,3072.997559
1008.000000,3073.398438
1008.500000,3070.988525
1009.000000,3065.057129
1009.500000,3057.085205
1010.000000,3048.756104
1010.500000,3041.773193
1011.000000,3036.899658
1011.500000,3033.639160
1012.000000,3030.629150
1012.500000,3026.856689
1013.000000,3022.528564
1013.500000,3018.914307
1014.000000,3017.176025
1014.500000,3018.088623
1015.000000,3020.632324
1015.500000,3023.314453
1016.000000,3025.014893
1016.500000,3025.854736
1017.000000,3026.893311
1017.500000,3029.205566
1018.000000,3033.531738
1018.500000,3039.051270
1019.000000,3044.940918
1019.500000,3050.483887
1020.000000,3055.574951
1020.500000,3060.538818
1021.000000,3065.539551
1021.500000,3070.229736
1022.000000,3073.995850
1022.500000,3076.144043
1023.000000,3077.057617
1023.500000,3077.340576
1024.000000,3077.897949
1024.500000,3079.090088
1025.000000,3080.523193
1025.500000,3081.646240
1026.000000,3082.498535
1026.500000,3084.086670
1027.000000,3088.178711
1027.500000,3095.337158
1028.000000,3105.690430
1028.500000,3116.931152
1029.000000,3127.261963
1029.500000,3136.449219
1030.000000,3145.898193
1030.500000,3157.386719
1031.000000,3170.972168
1031.500000,3183.983643
1032.000000,3192.263428
1032.500000,3190.699463
1033.000000,3180.455078
1033.500000,3163.628906
1034.000000,3146.259033
1034.500000,3132.818359
1035.000000,3124.193359
1035.500000,3118.242432
1036.000000,3111.488037
1036.500000,3101.523926
1037.000000,3087.360596
1037.500000,3070.625977
1038.000000,3052.338623
1038.500000,3033.669678
1039.000000,3015.213623
1039.500000,2997.707275
1040.000000,2982.290039
1040.500000,2969.787842
1041.000000,2960.007324
1041.500000,2952.260010
1042.000000,2945.324951
1042.500000,2939.148193
1043.000000,2934.201416
1043.500000,2931.404541
1044.000000,2930.171387
1044.500000,2929.115479
1045.000000,2926.701172
1045.500000,2922.572021
1046.000000,2917.913574
1046.500000,2914.668701
1047.000000,2914.407715
1047.500000,2916.110840
1048.000000,2917.729736
1048.500000,2917.051514
1049.000000,2912.722168
1049.500000,2905.779785
1050.000000,2898.327393
1050.500000,2892.622803
1051.000000,2889.885010
1051.500000,2890.727295
1052.000000,2893.990479
1052.500000,2898.835938
1053.000000,2903.576416
1053.500000,2906.504883
1054.000000,2906.583008
1054.500000,2903.280029
1055.000000,2897.631592
1055.500000,2891.955566
1056.000000,2889.123047
1056.500000,2890.686279
1057.000000,2897.953125
1057.500000,2908.677979
1058.000000,2920.817627
1058.500000,2931.830566
1059.000000,2940.053223
1059.500000,2945.542480
1060.000000,2949.600098
1060.500000,2954.189697
1061.000000,2960.965820
1061.500000,2971.182373
1062.000000,2983.880859
1062.500000,2997.771484
1063.000000,3010.782959
1063.500000,3021.328369
1064.000000,3029.505127
1064.500000,3036.542725
1065.000000,3044.454834
1065.500000,3054.911377
1066.000000,3068.986084
1066.500000,3085.762939
1067.000000,3104.398926
1067.500000,3123.209229
1068.000000,3141.056641
1068.500000,3157.452148
1069.000000,3172.013428
1069.500000,3184.673828
1070.000000,3195.366211
1070.500000,3203.763916
1071.000000,3209.918457
1071.500000,3213.125732
1072.000000,3213.695801
1072.500000,3211.061279
1073.000000,3206.015869
1073.500000,3199.213867
1074.000000,3192.074219
1074.500000,3186.108643
1075.000000,3182.485596
1075.500000,3181.229248
1076.000000,3181.758789
1076.500000,3182.503906
1077.000000,3182.316406
1077.500000,3181.436523
1078.000000,3181.309570
1078.500000,3183.686279
1079.000000,3189.719238
1079.500000,3198.603027
1080.000000,3207.920166
1080.500000,3215.110840
1081.000000,3219.581299
1081.500000,3222.194580
1082.000000,3225.540283
1082.500000,3231.793701
1083.000000,3240.708008
1083.500000,3250.674561
1084.000000,3259.175781
1084.500000,3264.235840
1085.000000,3264.884766
1085.500000,3261.945312
1086.000000,3256.036621
1086.500000,3248.883789
1087.000000,3241.598877
1087.500000,3234.967285
1088.000000,3229.095703
1088.500000,3223.269775
1089.000000,3216.715576
1089.500000,3209.525391
1090.000000,3203.124512
1090.500000,3199.900391
1091.000000,3200.571533
1091.500000,3204.920410
1092.000000,3209.485352
1092.500000,3210.816895
1093.000000,3207.989014
1093.500000,3202.662354
1094.000000,3198.937500
1094.500000,3200.735352
1095.000000,3210.264648
1095.500000,3225.305664
1096.000000,3242.818115
1096.500000,3258.752686
1097.000000,3270.307861
1097.500000,3278.071045
1098.000000,3283.682861
1098.500000,3289.679932
1099.000000,3297.508057
1099.500000,3306.619873
1100.000000,3314.668213
1100.500000,3318.710449
1101.000000,3318.572998
1101.500000,3315.455811
1102.000000,3313.064941
1102.500000,3314.291260
1103.000000,3318.887451
1103.500000,3324.482178
1104.000000,3328.264648
1104.500000,3329.500488
1105.000000,3329.717529
1105.500000,3331.303955
1106.000000,3335.348633
1106.500000,3339.785645
1107.000000,3341.842529
1107.500000,3340.939941
1108.000000,3339.039795
1108.500000,3339.700195
1109.000000,3345.070068
1109.500000,3354.448730
1110.000000,3364.299561
1110.500000,3371.301758
1111.000000,3375.171631
1111.500000,3376.794678
1112.000000,3377.922363
1112.500000,3378.550049
1113.000000,3377.787598
1113.500000,3375.375732
1114.000000,3373.020020
1114.500000,3373.595459
1115.000000,3379.708008
1115.500000,3389.971191
1116.000000,3401.645020
1116.500000,3411.182129
1117.000000,3416.828369
1117.500000,3420.285156
1118.000000,3424.314209
1118.500000,3430.876465
1119.000000,3439.758789
1119.500000,3449.434570
1120.000000,3458.484131
1120.500000,3467.159668
1121.000000,3477.239502
1121.500000,3490.999512
1122.000000,3508.020752
1122.500000,3526.049316
1123.000000,3541.386963
1123.500000,3551.213135
1124.000000,3555.107422
1124.500000,3556.109375
1125.000000,3557.815430
1125.500000,3562.361084
1126.000000,3569.917969
1126.500000,3577.739990
1127.000000,3583.212402
1127.500000,3585.737061
1128.000000,3586.509521
1128.500000,3587.558350
1129.000000,3589.995361
1129.500000,3593.519775
1130.000000,3596.834229
1130.500000,3599.002441
1131.000000,3600.491943
1131.500000,3602.134277
1132.000000,3604.442871
1132.500000,3607.332764
1133.000000,3610.534180
1133.500000,3614.393555
1134.000000,3620.077148
1134.500000,3628.298096
1135.000000,3639.457520
1135.500000,3651.909912
1136.000000,3664.048584
1136.500000,3674.838379
1137.000000,3683.969727
1137.500000,3691.946045
1138.000000,3699.174561
1138.500000,3705.818115
1139.000000,3712.044434
1139.500000,3717.917480
1140.000000,3723.322754
1140.500000,3727.176270
1141.000000,3728.712158
1141.500000,3727.415039
1142.000000,3725.222656
1142.500000,3725.692871
1143.000000,3732.276855
1143.500000,3745.861816
1144.000000,3765.044922
1144.500000,3785.491943
1145.000000,3803.791992
1145.500000,3819.580322
1146.000000,3834.268799
1146.500000,3850.141113
1147.000000,3868.188232
1147.500000,3887.346436
1148.000000,3905.859619
1148.500000,3922.898438
1149.000000,3939.604004
1149.500000,3958.543457
1150.000000,3981.292236
1150.500000,4009.038330
1151.000000,4039.437744
1151.500000,4069.597168
1152.000000,4096.639648
1152.500000,4118.839844
1153.000000,4136.286621
1153.500000,4150.697754
1154.000000,4163.201660
1154.500000,4174.417480
1155.000000,4182.956055
1155.500000,4188.253418
1156.000000,4189.806641
1156.500000,4189.514648
1157.000000,4189.581543
1157.500000,4191.302734
1158.000000,4194.132812
1158.500000,4196.531738
1159.000000,4197.821777
1159.500000,4199.467285
1160.000000,4204.357422
1160.500000,4216.341309
1161.000000,4235.190430
1161.500000,4259.765137
1162.000000,4287.239258
1162.500000,4316.211426
1163.000000,4347.337402
1163.500000,4381.737793
1164.000000,4420.127441
1164.500000,4460.036133
1165.000000,4497.718262
1165.500000,4530.625488
1166.000000,4557.340332
1166.500000,4580.196289
1167.000000,4602.413086
1167.500000,4626.726074
1168.000000,4653.741699
1168.500000,4682.149902
1169.000000,4709.263672
1169.500000,4731.911133
1170.000000,4749.713867
1170.500000,4761.944336
1171.000000,4769.989258
1171.500000,4774.000488
1172.000000,4773.858887
1172.500000,4769.144043
1173.000000,4759.557617
1173.500000,4746.506348
1174.000000,4730.782715
1174.500000,4713.408691
1175.000000,4693.248047
1175.500000,4669.520996
1176.000000,4641.365723
1176.500000,4610.273438
1177.000000,4578.617676
1177.500000,4548.227051
1178.000000,4518.828613
1178.500000,4488.126465
1179.000000,4453.850586
1179.500000,4413.718262
1180.000000,4369.515137
1180.500000,4323.245605
1181.000000,4278.020020
1181.500000,4236.886719
1182.000000,4202.303711
1182.500000,4175.577148
1183.000000,4157.300781
1183.500000,4144.050293
1184.000000,4131.819824
1184.500000,4116.427734
1185.000000,4095.519043
1185.500000,4071.404297
1186.000000,4047.716553
1186.500000,4027.500732
1187.000000,4011.347656
1187.500000,3997.749268
1188.000000,3984.491211
1188.500000,3970.700684
1189.000000,3956.802490
1189.500000,3943.419922
1190.000000,3930.486816
1190.500000,3917.926270
1191.000000,3906.379883
1191.500000,3897.662109
1192.000000,3893.431152
1192.500000,3893.173828
1193.000000,3894.526123
1193.500000,3893.956543
1194.000000,3888.567139
1194.500000,3879.886719
1195.000000,3870.579102
1195.500000,3863.739746
1196.000000,3861.109863
1196.500000,3862.264404
1197.000000,3865.883057
1197.500000,3871.060547
1198.000000,3876.882324
1198.500000,3882.291260
1199.000000,3885.985840
1199.500000,3886.427246
1200.000000,3884.492920
1200.500000,3882.453369
1201.000000,3883.306885
1201.500000,3888.846436
1202.000000,3898.514648
1202.500000,3909.501953
1203.000000,3919.306152
1203.500000,3927.397705
1204.000000,3934.702637
1204.500000,3942.725586
1205.000000,3951.625000
1205.500000,3959.772217
1206.000000,3964.917480
1206.500000,3966.036621
1207.000000,3964.251953
1207.500000,3961.657227
1208.000000,3960.281250
1208.500000,3961.170166
1209.000000,3963.329102
1209.500000,3965.751465
1210.000000,3967.673340
1210.500000,3968.991211
1211.000000,3970.085938
1211.500000,3971.365234
1212.000000,3973.080811
1212.500000,3975.202637
1213.000000,3977.516602
1213.500000,3979.510742
1214.000000,3980.490967
1214.500000,3980.534424
1215.000000,3980.511475
1215.500000,3982.101562
1216.000000,3986.933350
1216.500000,3995.283447
1217.000000,4005.252930
1217.500000,4014.015137
1218.000000,4019.805176
1218.500000,4022.071533
1219.000000,4023.524414
1219.500000,4027.250488
1220.000000,4034.894287
1220.500000,4046.435547
1221.000000,4059.737793
1221.500000,4072.056396
1222.000000,4081.203857
1222.500000,4086.929199
1223.000000,4089.029053
1223.500000,4088.864014
1224.000000,4086.442627
1224.500000,4081.960693
1225.000000,4074.746338
1225.500000,4064.648193
1226.000000,4051.934814
1226.500000,4037.385742
1227.000000,4022.377197
1227.500000,4008.245361
1228.000000,3995.786133
1228.500000,3985.983887
1229.000000,3978.357910
1229.500000,3972.257812
1230.000000,3965.931641
1230.500000,3957.399658
1231.000000,3945.602539
1231.500000,3931.678467
1232.000000,3918.771729
1232.500000,3910.387695
1233.000000,3910.597412
1233.500000,3917.742432
1234.000000,3930.282471
1234.500000,3944.708984
1235.000000,3959.649170
1235.500000,3975.515381
1236.000000,3993.131348
1236.500000,4011.885254
1237.000000,4028.994629
1237.500000,4040.292969
1238.000000,4045.301025
1238.500000,4044.621338
1239.000000,4042.678223
1239.500000,4043.213135
1240.000000,4047.714600
1240.500000,4055.408203
1241.000000,4063.997803
1241.500000,4070.866455
1242.000000,4073.456055
1242.500000,4071.241943
1243.000000,4063.033691
1243.500000,4051.114990
1244.000000,4037.686035
1244.500000,4025.612061
1245.000000,4016.713135
1245.500000,4010.932373
1246.000000,4006.963623
1246.500000,4003.973145
1247.000000,4001.882080
1247.500000,4001.612793
1248.000000,4002.749023
1248.500000,4003.764648
1249.000000,4002.521484
1249.500000,3997.617432
1250.000000,3990.179199
1250.500000,3982.845459
1251.000000,3978.144775
1251.500000,3976.677490
1252.000000,3978.332275
1252.500000,3981.790527
1253.000000,3987.047119
1253.500000,3993.381104
1254.000000,3998.955811
1254.500000,4000.857422
1255.000000,3996.631104
1255.500000,3987.037354
1256.000000,3976.880371
1256.500000,3972.413574
1257.000000,3975.722900
1257.500000,3985.891602
1258.000000,3995.785889
1258.500000,3999.086182
1259.000000,3995.087402
1259.500000,3987.454102
1260.000000,3982.466064
1260.500000,3984.042725
1261.000000,3991.815674
1261.500000,4000.633301
1262.000000,4004.742920
1262.500000,4002.452637
1263.000000,3993.768066
1263.500000,3982.749512
1264.000000,3972.708740
1264.500000,3965.408447
1265.000000,3960.822510
1265.500000,3957.743164
1266.000000,3954.476562
1266.500000,3949.685791
1267.000000,3943.286865
1267.500000,3935.656982
1268.000000,3928.158203
1268.500000,3922.042725
1269.000000,3917.889404
1269.500000,3916.215332
1270.000000,3917.610596
1270.500000,3922.786865
1271.000000,3933.002686
1271.500000,3947.520264
1272.000000,3965.891357
1272.500000,3985.763428
1273.000000,4006.143799
1273.500000,4026.859375
1274.000000,4048.442627
1274.500000,4070.822266
1275.000000,4092.750977
1275.500000,4112.169922
1276.000000,4127.918457
1276.500000,4138.933105
1277.000000,4146.262695
1277.500000,4148.875000
1278.000000,4146.403809
1278.500000,4136.795410
1279.000000,4120.250488
1279.500000,4097.998535
1280.000000,4071.954590
1280.500000,4043.774170
1281.000000,4013.503418
1281.500000,3981.808594
1282.000000,3950.749512
1282.500000,3923.672607
1283.000000,3904.947510
1283.500000,3894.650391
1284.000000,3890.716553
1284.500000,3889.078613
1285.000000,3887.024170
1285.500000,3885.063965
1286.000000,3885.699463
1286.500000,3892.013428
1287.000000,3902.676025
1287.500000,3915.156250
1288.000000,3925.954346
1288.500000,3933.572998
1289.000000,3939.710938
1289.500000,3947.598633
1290.000000,3959.857422
1290.500000,3976.036377
1291.000000,3993.607178
1291.500000,4008.362549
1292.000000,4015.728760
1292.500000,4015.894287
1293.000000,4010.036865
1293.500000,4002.605225
1294.000000,3997.940674
1294.500000,3998.527100
1295.000000,4003.656494
1295.500000,4011.217285
1296.000000,4018.595703
1296.500000,4025.209473
1297.000000,4032.670166
1297.500000,4043.468750
1298.000000,4057.952637
1298.500000,4074.701660
1299.000000,4090.736328
1299.500000,4103.729004
1300.000000,4113.057617
1300.500000,4120.452637
1301.000000,4127.660645
1301.500000,4135.738770
1302.000000,4144.834961
1302.500000,4154.399902
1303.000000,4164.362793
1303.500000,4174.911133
1304.000000,4186.191895
1304.500000,4198.095215
1305.000000,4210.460938
1305.500000,4223.708984
1306.000000,4238.284668
1306.500000,4254.750488
1307.000000,4272.074707
1307.500000,4288.770996
1308.000000,4303.881836
1308.500000,4317.950684
1309.000000,4333.090332
1309.500000,4351.239258
1310.000000,4372.661621
1310.500000,4394.493164
1311.000000,4412.329102
1311.500000,4424.362793
1312.000000,4429.751465
1312.500000,4431.785645
1313.000000,4432.710938
1313.500000,4433.251465
1314.000000,4432.617188
1314.500000,4430.037598
1315.000000,4426.296875
1315.500000,4422.776367
1316.000000,4419.930176
1316.500000,4416.113770
1317.000000,4409.040527
1317.500000,4397.006836
1318.000000,4381.902832
1318.500000,4367.324219
1319.000000,4356.125000
1319.500000,4347.755859
1320.000000,4338.938477
1320.500000,4326.421387
1321.000000,4308.607910
1321.500000,4289.314941
1322.000000,4273.363281
1322.500000,4263.295898
1323.000000,4259.133789
1323.500000,4257.946777
1324.000000,4256.298828
1324.500000,4251.881348
1325.000000,4244.475586
1325.500000,4234.023438
1326.000000,4221.771484
1326.500000,4208.092285
1327.000000,4193.576660
1327.500000,4178.104004
1328.000000,4161.219238
1328.500000,4142.243164
1329.000000,4120.913086
1329.500000,4098.201660
1330.000000,4075.532227
1330.500000,4053.951904
1331.000000,4033.454834
1331.500000,4012.772705
1332.000000,3990.945557
1332.500000,3968.587891
1333.000000,3947.810059
1333.500000,3930.951660
1334.000000,3918.635498
1334.500000,3909.908691
1335.000000,3901.837158
1335.500000,3892.337158
1336.000000,3881.814697
1336.500000,3872.568604
1337.000000,3866.848877
1337.500000,3865.581543
1338.000000,3866.716064
1338.500000,3866.787109
1339.000000,3863.288086
1339.500000,3856.877686
1340.000000,3849.759766
1340.500000,3844.324707
1341.000000,3841.348389
1341.500000,3838.866943
1342.000000,3834.555908
1342.500000,3827.785400
1343.000000,3820.146484
1343.500000,3814.559326
1344.000000,3812.895752
1344.500000,3815.383301
1345.000000,3819.081055
1345.500000,3820.294189
1346.000000,3816.911377
1346.500000,3807.092529
1347.000000,3792.333252
1347.500000,3774.229004
1348.000000,3754.643066
1348.500000,3734.826904
1349.000000,3714.943115
1349.500000,3694.399414
1350.000000,3672.090820
1350.500000,3648.126465
1351.000000,3623.206787
1351.500000,3599.046875
1352.000000,3577.360107
1352.500000,3558.689697
1353.000000,3542.518555
1353.500000,3527.744873
1354.000000,3513.038818
1354.500000,3497.492432
1355.000000,3480.968262
1355.500000,3463.516113
1356.000000,3445.965332
1356.500000,3429.553223
1357.000000,3415.372314
1357.500000,3404.139893
1358.000000,3395.514893
1358.500000,3388.049316
1359.000000,3380.177002
1359.500000,3371.005371
1360.000000,3360.335449
1360.500000,3349.386719
1361.000000,3339.520020
1361.500000,3331.466797
1362.000000,3325.171631
1362.500000,3319.545654
1363.000000,3313.275146
1363.500000,3305.510254
1364.000000,3296.677734
1364.500000,3287.946777
1365.000000,3280.518555
1365.500000,3275.062988
1366.000000,3270.494385
1366.500000,3265.314697
1367.000000,3258.665771
1367.500000,3251.185059
1368.000000,3244.851562
1368.500000,3241.477783
1369.000000,3241.839600
1369.500000,3243.677246
1370.000000,3244.140381
1370.500000,3241.522217
1371.000000,3235.325195
1371.500000,3227.549805
1372.000000,3220.619385
1372.500000,3216.267090
1373.000000,3214.657471
1373.500000,3215.083984
1374.000000,3216.062500
1374.500000,3216.890625
1375.000000,3217.907715
1375.500000,3220.795654
1376.000000,3227.075195
1376.500000,3237.970947
1377.000000,3252.569580
1377.500000,3268.284424
1378.000000,3281.825928
1378.500000,3291.173584
1379.000000,3295.156738
1379.500000,3295.779053
1380.000000,3294.021484
1380.500000,3290.926270
1381.000000,3286.308838
1381.500000,3280.697021
1382.000000,3275.902344
1382.500000,3274.563721
1383.000000,3277.431885
1383.500000,3283.198242
1384.000000,3288.200684
1384.500000,3289.106445
1385.000000,3286.703125
1385.500000,3283.492188
1386.000000,3282.513428
1386.500000,3284.791504
1387.000000,3288.696777
1387.500000,3292.095947
1388.000000,3294.671631
1388.500000,3298.305908
1389.000000,3305.771973
1389.500000,3316.245117
1390.000000,3327.067871
1390.500000,3334.688232
1391.000000,3336.603027
1391.500000,3333.436279
1392.000000,3327.208984
1392.500000,3319.939697
1393.000000,3313.092773
1393.500000,3307.694824
1394.000000,3304.131592
1394.500000,3303.041748
1395.000000,3303.311279
1395.500000,3303.151855
1396.000000,3300.859131
1396.500000,3295.738037
1397.000000,3288.529541
1397.500000,3280.684570
1398.000000,3273.160645
1398.500000,3266.194580
1399.000000,3260.075684
1399.500000,3255.143555
1400.000000,3252.503174
1400.500000,3252.222168
1401.000000,3253.646484
1401.500000,3254.982666
1402.000000,3254.490723
1402.500000,3251.191162
1403.000000,3245.623535
1403.500000,3238.398682
1404.000000,3230.727051
1404.500000,3223.192139
1405.000000,3215.821045
1405.500000,3208.029297
1406.000000,3198.977539
1406.500000,3188.012695
1407.000000,3175.361572
1407.500000,3162.659180
1408.000000,3152.466797
1408.500000,3146.249268
1409.000000,3145.670166
1409.500000,3148.816162
1410.000000,3153.684570
1410.500000,3157.375732
1411.000000,3157.682861
1411.500000,3154.225830
1412.000000,3148.678223
1412.500000,3143.620117
1413.000000,3140.995850
1413.500000,3141.213135
1414.000000,3141.607178
1414.500000,3139.091309
1415.000000,3132.684814
1415.500000,3123.300537
1416.000000,3114.035889
1416.500000,3107.913330
1417.000000,3106.439453
1417.500000,3108.260254
1418.000000,3111.102051
1418.500000,3112.149414
1419.000000,3108.639404
1419.500000,3101.180176
1420.000000,3091.408691
1420.500000,3082.934570
1421.000000,3079.330566
1421.500000,3081.927979
1422.000000,3088.122559
1422.500000,3093.125732
1423.000000,3093.020020
1423.500000,3085.711914
1424.000000,3075.723877
1424.500000,3068.660889
1425.000000,3067.612061
1425.500000,3071.868164
1426.000000,3077.273682
1426.500000,3080.048584
1427.000000,3079.422363
1427.500000,3078.397217
1428.000000,3080.948242
1428.500000,3087.565430
1429.000000,3096.009766
1429.500000,3101.772217
1430.000000,3101.880859
1430.500000,3098.997803
1431.000000,3098.943359
1431.500000,3106.702148
1432.000000,3121.519043
1432.500000,3138.476807
1433.000000,3150.922607
1433.500000,3154.573975
1434.000000,3153.713379
1434.500000,3154.879395
1435.000000,3162.918457
1435.500000,3177.920898
1436.000000,3194.971191
1436.500000,3209.645752
1437.000000,3221.005371
1437.500000,3231.715088
1438.000000,3244.159180
1438.500000,3257.611816
1439.000000,3269.424805
1439.500000,3278.104736
1440.000000,3284.610352
1440.500000,3292.094238
1441.000000,3302.640869
1441.500000,3315.551025
1442.000000,3328.394531
1442.500000,3339.863525
1443.000000,3351.111328
1443.500000,3364.238037
1444.000000,3379.472168
1444.500000,3395.240723
1445.000000,3409.251953
1445.500000,3420.906738
1446.000000,3432.279785
1446.500000,3446.342041
1447.000000,3464.857422
1447.500000,3486.047607
1448.000000,3507.328613
1448.500000,3526.416016
1449.000000,3542.000977
1449.500000,3554.673096
1450.000000,3564.845947
1450.500000,3572.925293
1451.000000,3579.458252
1451.500000,3585.421875
1452.000000,3592.032227
1452.500000,3600.015869
1453.000000,3608.421143
1453.500000,3615.235840
1454.000000,3618.926514
1454.500000,3618.709229
1455.000000,3615.989258
1455.500000,3613.052734
1456.000000,3611.860840
1456.500000,3612.620850
1457.000000,3614.730957
1457.500000,3617.195068
1458.000000,3620.262939
1458.500000,3624.790771
1459.000000,3631.944580
1459.500000,3641.220947
1460.000000,3650.723389
1460.500000,3657.707031
1461.000000,3660.402588
1461.500000,3658.804199
1462.000000,3655.719727
1462.500000,3654.241455
1463.000000,3655.719482
1463.500000,3659.938721
1464.000000,3664.305176
1464.500000,3666.422119
1465.000000,3665.916260
1465.500000,3664.702881
1466.000000,3665.361816
1466.500000,3668.208008
1467.000000,3671.159424
1467.500000,3671.133789
1468.000000,3665.578613
1468.500000,3656.282959
1469.000000,3646.233154
1469.500000,3638.492676
1470.000000,3634.341553
1470.500000,3633.333740
1471.000000,3633.924561
1471.500000,3635.270264
1472.000000,3636.321289
1472.500000,3635.135498
1473.000000,3630.348389
1473.500000,3620.546875
1474.000000,3607.206787
1474.500000,3592.765869
1475.000000,3579.688232
1475.500000,3568.756348
1476.000000,3559.172363
1476.500000,3549.142822
1477.000000,3536.330078
1477.500000,3519.521729
1478.000000,3496.824707
1478.500000,3469.803467
1479.000000,3442.081543
1479.500000,3419.383789
1480.000000,3405.889160
1480.500000,3400.744629
1481.000000,3397.148926
1481.500000,3386.996338
1482.000000,3367.903320
1482.500000,3341.630859
1483.000000,3316.532227
1483.500000,3300.133545
1484.000000,3293.587158
1484.500000,3292.343750
1485.000000,3289.197754
1485.500000,3280.217529
1486.000000,3265.813477
1486.500000,3251.122070
1487.000000,3241.705322
1487.500000,3238.395020
1488.000000,3239.976318
1488.500000,3242.053711
1489.000000,3241.435791
1489.500000,3238.174316
1490.000000,3234.740723
1490.500000,3233.978271
1491.000000,3236.667969
1491.500000,3242.517090
1492.000000,3249.416504
1492.500000,3256.512207
1493.000000,3263.926025
1493.500000,3272.201172
1494.000000,3280.989990
1494.500000,3289.322266
1495.000000,3296.819092
1495.500000,3304.876709
1496.000000,3316.765625
1496.500000,3334.153076
1497.000000,3357.932861
1497.500000,3383.759521
1498.000000,3406.473389
1498.500000,3423.156494
1499.000000,3433.704590
1499.500000,3440.884521
1500.000000,3448.240723
1500.500000,3458.180420
1501.000000,3470.975342
1501.500000,3487.059082
1502.000000,3505.535400
1502.500000,3526.010254
1503.000000,3546.812988
1503.500000,3565.639648
1504.000000,3580.578369
1504.500000,3591.058350
1505.000000,3597.710205
1505.500000,3602.481445
1506.000000,3606.269531
1506.500000,3609.323242
1507.000000,3610.708252
1507.500000,3609.962646
1508.000000,3606.459229
1508.500000,3600.629883
1509.000000,3593.616943
1509.500000,3587.506104
1510.000000,3584.560791
1510.500000,3586.701904
1511.000000,3592.049805
1511.500000,3597.974365
1512.000000,3601.733154
1512.500000,3602.180420
1513.000000,3600.870117
1513.500000,3599.433838
1514.000000,3597.895264
1514.500000,3594.124756
1515.000000,3585.628418
1515.500000,3573.140137
1516.000000,3559.249512
1516.500000,3547.890625
1517.000000,3542.056152
1517.500000,3540.616943
1518.000000,3541.311523
1518.500000,3541.479492
1519.000000,3540.327881
1519.500000,3539.114014
1520.000000,3539.899414
1520.500000,3544.906982
1521.000000,3553.777588
1521.500000,3565.866699
1522.000000,3578.597168
1522.500000,3590.070557
1523.000000,3600.107422
1523.500000,3610.020508
1524.000000,3621.324951
1524.500000,3634.100098
1525.000000,3646.697754
1525.500000,3656.973633
1526.000000,3663.203857
1526.500000,3667.479492
1527.000000,3672.968750
1527.500000,3681.579102
1528.000000,3692.439453
1528.500000,3701.518799
1529.000000,3703.969971
1529.500000,3696.119873
1530.000000,3679.861084
1530.500000,3658.697998
1531.000000,3639.114258
1531.500000,3625.156006
1532.000000,3615.333252
1532.500000,3605.240967
1533.000000,3589.549316
1533.500000,3565.496094
1534.000000,3534.955566
1534.500000,3504.382812
1535.000000,3480.149170
1535.500000,3462.577148
1536.000000,3448.832275
1536.500000,3432.779785
1537.000000,3410.089355
1537.500000,3381.842041
1538.000000,3352.034912
1538.500000,3325.306641
1539.000000,3302.993164
1539.500000,3283.785400
1540.000000,3264.576172
1540.500000,3243.098877
1541.000000,3219.657959
1541.500000,3195.637695
1542.000000,3173.317871
1542.500000,3154.756592
1543.000000,3140.291504
1543.500000,3128.879883
1544.000000,3118.575439
1544.500000,3107.268311
1545.000000,3093.787109
1545.500000,3079.170166
1546.000000,3065.433838
1546.500000,3054.058105
1547.000000,3045.849609
1547.500000,3040.137207
1548.000000,3036.127686
1548.500000,3033.116699
1549.000000,3030.471436
1549.500000,3027.855713
1550.000000,3025.431885
1550.500000,3024.426758
1551.000000,3025.797119
1551.500000,3030.465088
1552.000000,3037.178467
1552.500000,3043.857910
1553.000000,3048.453857
1553.500000,3050.176758
1554.000000,3049.537842
1554.500000,3047.957764
1555.000000,3046.534668
1555.500000,3046.261963
1556.000000,3048.573486
1556.500000,3053.655762
1557.000000,3060.689697
1557.500000,3066.692383
1558.000000,3068.616699
1558.500000,3065.296875
1559.000000,3059.276611
1559.500000,3054.900635
1560.000000,3055.461914
1560.500000,3062.925293
1561.000000,3073.425293
1561.500000,3082.055176
1562.000000,3085.340576
1562.500000,3082.363037
1563.000000,3075.687256
1563.500000,3070.037842
1564.000000,3070.252441
1564.500000,3077.388916
1565.000000,3090.859863
1565.500000,3106.360107
1566.000000,3121.601807
1566.500000,3136.454834
1567.000000,3152.971924
1567.500000,3173.307373
1568.000000,3197.735352
1568.500000,3224.037109
1569.000000,3249.083984
1569.500000,3270.472656
1570.000000,3288.659912
1570.500000,3303.984375
1571.000000,3317.427490
1571.500000,3328.406982
1572.000000,3337.107422
1572.500000,3344.973389
1573.000000,3354.837891
1573.500000,3368.810791
1574.000000,3386.977539
1574.500000,3405.216553
1575.000000,3416.925293
1575.500000,3420.417969
1576.000000,3416.288086
1576.500000,3409.681152
1577.000000,3404.595703
1577.500000,3401.620850
1578.000000,3397.999756
1578.500000,3389.984863
1579.000000,3377.332275
1579.500000,3360.670166
1580.000000,3341.895508
1580.500000,3319.843018
1581.000000,3293.165039
1581.500000,3260.505615
1582.000000,3223.572998
1582.500000,3185.819580
1583.000000,3149.573486
1583.500000,3114.832520
1584.000000,3080.223145
1584.500000,3044.347656
1585.000000,3006.437256
1585.500000,2967.318604
1586.000000,2928.218994
1586.500000,2890.874756
1587.000000,2857.784424
1587.500000,2831.471191
1588.000000,2812.699463
1588.500000,2801.727295
1589.000000,2795.236328
1589.500000,2791.137939
1590.000000,2787.547363
1590.500000,2784.006592
1591.000000,2780.408936
1591.500000,2776.790771
1592.000000,2773.503662
1592.500000,2771.330322
1593.000000,2771.247803
1593.500000,2773.333984
1594.000000,2777.518555
1594.500000,2782.521484
1595.000000,2787.171631
1595.500000,2790.326904
1596.000000,2790.912354
1596.500000,2788.814453
1597.000000,2784.569580
1597.500000,2779.090576
1598.000000,2773.052246
1598.500000,2765.800049
1599.000000,2756.400391
1599.500000,2743.855469
1600.000000,2729.378418
1600.500000,2714.205811
1601.000000,2699.234375
1601.500000,2684.060791
1602.000000,2667.570557
1602.500000,2649.496826
1603.000000,2630.708252
1603.500000,2612.704346
1604.000000,2596.871338
1604.500000,2582.926758
1605.000000,2570.403076
1605.500000,2557.859131
1606.000000,2543.607422
1606.500000,2526.398926
1607.000000,2506.103027
1607.500000,2484.147217
1608.000000,2463.316650
1608.500000,2446.417236
1609.000000,2432.558838
1609.500000,2419.595459
1610.000000,2405.021240
1610.500000,2387.888916
1611.000000,2369.440430
1611.500000,2351.225342
1612.000000,2333.716064
1612.500000,2316.302002
1613.000000,2298.823975
1613.500000,2282.119385
1614.000000,2267.811279
1614.500000,2255.589355
1615.000000,2243.737061
1615.500000,2229.689453
1616.000000,2212.015625
1616.500000,2191.541748
1617.000000,2170.650635
1617.500000,2151.969971
1618.000000,2137.026367
1618.500000,2126.950684
1619.000000,2120.116699
1619.500000,2115.260742
1620.000000,2110.098389
1620.500000,2102.943604
1621.000000,2093.697021
1621.500000,2083.710693
1622.000000,2074.261475
1622.500000,2064.905518
1623.000000,2053.230225
1623.500000,2037.594849
1624.000000,2017.426880
1624.500000,1996.629028
1625.000000,1979.636108
1625.500000,1967.671021
1626.000000,1958.650391
1626.500000,1948.572144
1627.000000,1935.193359
1627.500000,1919.790649
1628.000000,1906.337646
1628.500000,1897.540527
1629.000000,1890.837646
1629.500000,1881.950317
1630.000000,1868.269043
1630.500000,1850.750732
1631.000000,1834.348389
1631.500000,1822.787598
1632.000000,1816.378662
1632.500000,1811.361450
1633.000000,1803.714355
1633.500000,1792.555176
1634.000000,1779.709839
1634.500000,1768.302856
1635.000000,1759.949951
1635.500000,1753.666992
1636.000000,1747.359497
1636.500000,1739.317139
1637.000000,1729.792603
1637.500000,1720.377441
1638.000000,1712.655518
1638.500000,1707.546509
1639.000000,1703.448242
1639.500000,1697.910156
1640.000000,1689.516357
1640.500000,1678.936646
1641.000000,1668.677734
1641.500000,1661.044800
1642.000000,1656.572998
1642.500000,1652.774048
1643.000000,1646.270874
1643.500000,1636.345581
1644.000000,1623.623779
1644.500000,1610.622925
1645.000000,1599.273560
1645.500000,1590.404175
1646.000000,1584.136597
1646.500000,1580.653564
1647.000000,1579.231812
1647.500000,1578.229248
1648.000000,1574.956299
1648.500000,1566.202271
1649.000000,1553.492065
1649.500000,1540.013916
1650.000000,1529.552002
1650.500000,1523.751465
1651.000000,1520.879761
1651.500000,1516.954590
1652.000000,1509.059082
1652.500000,1498.179688
1653.000000,1486.703369
1653.500000,1477.103760
1654.000000,1470.175049
1654.500000,1464.233276
1655.000000,1457.686157
1655.500000,1450.766479
1656.000000,1445.383301
1656.500000,1443.848877
1657.000000,1446.161865
1657.500000,1450.580078
1658.000000,1453.511475
1658.500000,1451.966309
1659.000000,1446.012207
1659.500000,1436.613770
1660.000000,1426.158813
1660.500000,1416.822876
1661.000000,1409.960938
1661.500000,1405.777954
1662.000000,1404.291016
1662.500000,1404.003052
1663.000000,1402.918945
1663.500000,1399.355713
1664.000000,1392.132812
1664.500000,1382.257568
1665.000000,1371.658813
1665.500000,1362.465454
1666.000000,1355.457153
1666.500000,1349.663818
1667.000000,1343.213501
1667.500000,1334.732910
1668.000000,1325.100586
1668.500000,1316.233643
1669.000000,1309.719482
1669.500000,1305.741577
1670.000000,1302.902954
1670.500000,1299.512207
1671.000000,1294.463745
1671.500000,1287.744995
1672.000000,1279.623657
1672.500000,1271.105347
1673.000000,1263.727417
1673.500000,1259.080566
1674.000000,1258.751953
1674.500000,1261.492310
1675.000000,1263.914673
1675.500000,1262.880127
1676.000000,1257.968262
1676.500000,1251.041138
1677.000000,1245.400879
1677.500000,1242.615234
1678.000000,1240.976440
1678.500000,1238.905884
1679.000000,1236.284546
1679.500000,1234.399658
1680.000000,1233.962402
1680.500000,1233.489258
1681.000000,1230.778198
1681.500000,1225.634399
1682.000000,1219.826172
1682.500000,1216.055664
1683.000000,1214.961426
1683.500000,1213.983643
1684.000000,1210.494019
1684.500000,1204.265381
1685.000000,1197.548828
1685.500000,1193.149414
1686.000000,1191.291626
1686.500000,1190.549072
1687.000000,1188.858887
1687.500000,1185.040405
1688.000000,1179.685791
1688.500000,1173.340088
1689.000000,1166.530640
1689.500000,1159.913696
1690.000000,1154.676636
1690.500000,1151.905273
1691.000000,1151.628540
1691.500000,1151.582397
1692.000000,1148.831665
1692.500000,1142.619385
1693.000000,1133.660034
1693.500000,1125.368408
1694.000000,1120.818481
1694.500000,1120.446899
1695.000000,1122.163086
1695.500000,1123.023071
1696.000000,1121.324829
1696.500000,1117.648560
1697.000000,1114.368530
1697.500000,1113.028442
1698.000000,1112.968262
1698.500000,1112.724976
1699.000000,1111.495117
1699.500000,1110.002319
1700.000000,1109.233643
1700.500000,1108.976196
1701.000000,1107.685547
1701.500000,1104.338623
1702.000000,1099.489502
1702.500000,1095.370850
1703.000000,1093.621582
1703.500000,1093.554199
1704.000000,1093.013184
1704.500000,1090.335693
1705.000000,1085.782959
1705.500000,1080.591431
1706.000000,1075.919800
1706.500000,1071.949463
1707.000000,1067.871216
1707.500000,1063.096802
1708.000000,1057.752686
1708.500000,1052.330078
1709.000000,1047.597046
1709.500000,1044.265137
1710.000000,1042.560303
1710.500000,1041.617310
1711.000000,1039.832153
1711.500000,1035.917358
1712.000000,1029.320679
1712.500000,1022.011963
1713.000000,1016.000671
1713.500000,1012.222595
1714.000000,1010.359009
1714.500000,1009.408325
1715.000000,1008.687439
1715.500000,1008.408142
1716.000000,1008.656067
1716.500000,1009.006042
1717.000000,1008.572266
1717.500000,1006.810364
1718.000000,1004.242920
1718.500000,1001.541321
1719.000000,998.926331
1719.500000,995.828003
1720.000000,991.504761
1720.500000,986.175171
1721.000000,980.768616
1721.500000,976.481567
1722.000000,974.322205
1722.500000,973.469604
1723.000000,972.849182
1723.500000,971.541199
1724.000000,969.322449
1724.500000,966.564941
1725.000000,963.817444
1725.500000,961.182861
1726.000000,958.472290
1726.500000,955.680420
1727.000000,953.364136
1727.500000,952.500183
1728.000000,953.265564
1728.500000,954.891663
1729.000000,955.645569
1729.500000,953.762329
1730.000000,948.782471
1730.500000,942.508667
1731.000000,937.145996
1731.500000,933.861206
1732.000000,932.691223
1732.500000,931.740112
1733.000000,929.669617
1733.500000,926.541077
1734.000000,923.565613
1734.500000,922.205627
1735.000000,922.603699
1735.500000,924.342834
1736.000000,926.384827
1736.500000,928.161804
1737.000000,929.486145
1737.500000,930.319580
1738.000000,930.830383
1738.500000,931.248535
1739.000000,931.598633
1739.500000,931.243042
1740.000000,928.805115
1740.500000,923.991394
1741.000000,917.365662
1741.500000,911.580688
1742.000000,909.552856
1742.500000,910.912048
1743.000000,913.117859
1743.500000,912.730835
1744.000000,908.144104
1744.500000,900.653259
1745.000000,894.171204
1745.500000,891.900146
1746.000000,893.219543
1746.500000,896.410522
1747.000000,898.745789
1747.500000,899.127991
1748.000000,898.073730
1748.500000,896.330139
1749.000000,893.887146
1749.500000,890.298401
1750.000000,885.231079
1750.500000,879.639099
1751.000000,875.066284
1751.500000,872.619446
1752.000000,872.550781
1752.500000,873.562439
1753.000000,874.066711
1753.500000,872.819824
1754.000000,869.797058
1754.500000,866.221008
1755.000000,863.806580
1755.500000,864.212036
1756.000000,866.796021
1756.500000,869.982727
1757.000000,871.601746
1757.500000,870.419495
1758.000000,866.915100
1758.500000,862.738159
1759.000000,859.586487
1759.500000,857.912720
1760.000000,857.516357
1760.500000,857.411682
1761.000000,857.112183
1761.500000,856.851929
1762.000000,857.262695
1762.500000,858.577393
1763.000000,860.229980
1763.500000,860.830322
1764.000000,859.488647
1764.500000,856.025391
1765.000000,851.795410
1765.500000,848.093811
1766.000000,845.267883
1766.500000,842.893677
1767.000000,840.642395
1767.500000,839.174805
1768.000000,839.791992
1768.500000,842.631653
1769.000000,846.183716
1769.500000,847.925476
1770.000000,845.269958
1770.500000,839.442749
1771.000000,833.376160
1771.500000,830.082336
1772.000000,830.888672
1772.500000,834.036682
1773.000000,836.174255
1773.500000,835.060730
1774.000000,831.338318
1774.500000,826.863708
1775.000000,823.659485
1775.500000,822.148376
1776.000000,821.069763
1776.500000,819.503052
1777.000000,817.462036
1777.500000,815.627747
1778.000000,814.507935
1778.500000,814.102966
1779.000000,814.358093
1779.500000,814.911621
1780.000000,814.983215
1780.500000,813.884949
1781.000000,811.468689
1781.500000,809.255554
1782.000000,809.357910
1782.500000,811.896729
1783.000000,814.535461
1783.500000,814.098267
1784.000000,809.819702
1784.500000,803.965576
1785.000000,800.105957
1785.500000,800.122070
1786.000000,802.196167
1786.500000,803.558289
1787.000000,802.673462
1787.500000,799.694458
1788.000000,795.383484
1788.500000,790.652466
1789.000000,786.499329
1789.500000,783.864868
1790.000000,783.782288
1790.500000,785.232117
1791.000000,786.283691
1791.500000,785.384888
1792.000000,782.432068
1792.500000,778.658447
1793.000000,775.624756
1793.500000,774.176270
1794.000000,774.115662
1794.500000,775.618225
1795.000000,778.158264
1795.500000,780.916077
1796.000000,782.363525
1796.500000,780.868652
1797.000000,776.097229
1797.500000,769.660278
1798.000000,764.694153
1798.500000,763.274414
1799.000000,766.072510
1799.500000,770.049255
1800.000000,771.714172
1800.500000,770.119019
1801.000000,765.996765
1801.500000,761.262756
1802.000000,756.942688
1802.500000,753.253723
1803.000000,750.789734
1803.500000,751.079651
1804.000000,753.996338
1804.500000,757.439148
1805.000000,758.756470
1805.500000,757.154541
1806.000000,754.880127
1806.500000,754.025146
1807.000000,753.972534
1807.500000,752.766479
1808.000000,749.913696
1808.500000,747.724731
1809.000000,748.666077
1809.500000,751.503845
1810.000000,753.899780
