440.000000,1623.362549
440.500000,1622.619141
441.000000,1621.673706
441.500000,1621.415771
442.000000,1623.099609
442.500000,1626.267456
443.000000,1630.138794
443.500000,1633.248291
444.000000,1634.058105
444.500000,1632.098999
445.000000,1628.848022
445.500000,1626.075562
446.000000,1625.229370
446.500000,1627.500854
447.000000,1631.883789
447.500000,1636.850952
448.000000,1641.044189
448.500000,1643.657227
449.000000,1644.776978
449.500000,1644.831421
450.000000,1644.286865
450.500000,1643.200439
451.000000,1641.261719
451.500000,1638.442383
452.000000,1634.712158
452.500000,1630.960693
453.000000,1628.095581
453.500000,1626.738281
454.000000,1627.483765
454.500000,1630.568115
455.000000,1635.503784
455.500000,1641.716431
456.000000,1648.369995
456.500000,1654.755127
457.000000,1660.356689
457.500000,1664.952026
458.000000,1669.046875
458.500000,1673.088501
459.000000,1677.388916
459.500000,1681.838135
460.000000,1685.680542
460.500000,1688.217285
461.000000,1688.822754
461.500000,1688.024170
462.000000,1686.590820
462.500000,1686.016968
463.000000,1687.324951
463.500000,1690.251709
464.000000,1693.858154
464.500000,1696.644653
465.000000,1697.098145
465.500000,1694.775391
466.000000,1690.898560
466.500000,1686.743042
467.000000,1683.634277
467.500000,1682.529175
468.000000,1682.504883
468.500000,1682.141602
469.000000,1680.224121
469.500000,1676.202881
470.000000,1670.229004
470.500000,1663.677246
471.000000,1657.798950
471.500000,1652.954956
472.000000,1649.204590
472.500000,1645.883179
473.000000,1642.402588
473.500000,1638.593140
474.000000,1634.552246
474.500000,1630.355103
475.000000,1625.919922
475.500000,1620.868286
476.000000,1615.286987
476.500000,1609.761719
477.000000,1605.253540
477.500000,1603.104004
478.000000,1603.848999
478.500000,1606.885254
479.000000,1610.383667
479.500000,1612.599121
480.000000,1612.205444
480.500000,1609.488159
481.000000,1605.622559
481.500000,1602.762939
482.000000,1602.389771
482.500000,1604.364990
483.000000,1607.910034
483.500000,1611.183716
484.000000,1612.521118
484.500000,1611.187378
485.000000,1607.656128
485.500000,1602.435791
486.000000,1596.765015
486.500000,1591.571289
487.000000,1587.185669
487.500000,1583.891479
488.000000,1581.698975
488.500000,1580.732666
489.000000,1581.156982
489.500000,1582.614380
490.000000,1584.778198
490.500000,1587.003784
491.000000,1588.575928
491.500000,1589.068115
492.000000,1588.309814
492.500000,1586.886353
493.000000,1585.439941
493.500000,1584.614014
494.000000,1584.785767
494.500000,1585.914673
495.000000,1587.179688
495.500000,1587.754150
496.000000,1587.253296
496.500000,1585.391479
497.000000,1582.852539
497.500000,1580.707764
498.000000,1579.787598
498.500000,1580.457153
499.000000,1582.537842
499.500000,1585.129028
500.000000,1586.986450
500.500000,1587.562988
501.000000,1586.583252
501.500000,1584.865967
502.000000,1583.402832
502.500000,1583.328735
503.000000,1585.213745
503.500000,1588.721680
504.000000,1592.914917
504.500000,1596.645264
505.000000,1598.916626
505.500000,1598.530273
506.000000,1596.161011
506.500000,1591.975342
507.000000,1586.822632
507.500000,1581.349121
508.000000,1576.242798
508.500000,1572.073486
509.000000,1569.313477
509.500000,1568.009155
510.000000,1568.300537
510.500000,1569.441040
511.000000,1570.419556
511.500000,1570.337158
512.000000,1568.730835
512.500000,1566.095825
513.000000,1563.515869
513.500000,1562.505859
514.000000,1563.780273
514.500000,1567.092163
515.000000,1570.992920
515.500000,1573.901001
516.000000,1574.944336
516.500000,1573.653442
517.000000,1571.449707
517.500000,1569.536011
518.000000,1568.630737
518.500000,1568.695190
519.000000,1569.192017
519.500000,1569.469849
520.000000,1569.613159
520.500000,1570.246338
521.000000,1572.227051
521.500000,1575.628662
522.000000,1579.973633
522.500000,1583.916626
523.000000,1586.564331
523.500000,1587.796753
524.000000,1588.460571
524.500000,1589.794678
525.000000,1592.601685
525.500000,1596.738525
526.000000,1600.858765
526.500000,1603.481323
527.000000,1603.775635
527.500000,1601.560059
528.000000,1597.903320
528.500000,1594.543335
529.000000,1592.827637
529.500000,1593.069336
530.000000,1595.514404
530.500000,1598.916748
531.000000,1601.834473
531.500000,1603.145508
532.000000,1602.059326
532.500000,1598.688965
533.000000,1593.975098
533.500000,1589.611328
534.000000,1587.227539
534.500000,1588.125000
535.000000,1591.590088
535.500000,1596.884399
536.000000,1602.159790
536.500000,1605.630981
537.000000,1606.882324
537.500000,1606.240234
538.000000,1604.392578
538.500000,1602.148193
539.000000,1599.907593
539.500000,1597.795776
540.000000,1596.078735
540.500000,1595.195312
541.000000,1596.080322
541.500000,1599.149292
542.000000,1604.503052
542.500000,1610.923950
543.000000,1616.640869
543.500000,1620.184937
544.000000,1621.409912
544.500000,1620.514893
545.000000,1619.281006
545.500000,1619.341919
546.000000,1621.114380
546.500000,1624.486938
547.000000,1628.774414
547.500000,1633.428955
548.000000,1638.482178
548.500000,1644.241577
549.000000,1650.830933
549.500000,1657.445923
550.000000,1662.467041
550.500000,1664.610718
551.000000,1662.238037
551.500000,1656.782837
552.000000,1650.398315
552.500000,1645.444336
553.000000,1643.345459
553.500000,1644.566528
554.000000,1647.135864
554.500000,1648.495972
555.000000,1647.473633
555.500000,1643.670532
556.000000,1638.571533
556.500000,1634.210083
557.000000,1632.608398
557.500000,1634.011230
558.000000,1637.661865
558.500000,1641.719116
559.000000,1644.250000
559.500000,1644.298950
560.000000,1640.944824
560.500000,1635.769165
561.000000,1630.191284
561.500000,1625.704468
562.000000,1623.344482
562.500000,1623.483887
563.000000,1625.212891
563.500000,1627.092163
564.000000,1627.916748
564.500000,1626.706299
565.000000,1623.848389
565.500000,1619.923950
566.000000,1616.138916
566.500000,1613.328613
567.000000,1611.568726
567.500000,1610.317017
568.000000,1608.810425
568.500000,1606.485840
569.000000,1602.979004
569.500000,1599.208740
570.000000,1596.221802
570.500000,1594.765015
571.000000,1595.304199
571.500000,1597.396240
572.000000,1599.786987
572.500000,1600.918945
573.000000,1600.099854
573.500000,1596.955200
574.000000,1592.590820
574.500000,1588.170776
575.000000,1584.941162
575.500000,1583.436523
576.000000,1582.988647
576.500000,1582.551880
577.000000,1581.051636
577.500000,1577.974365
578.000000,1573.200684
578.500000,1567.865967
579.000000,1563.162231
579.500000,1559.757080
580.000000,1558.173706
580.500000,1558.002686
581.000000,1558.593506
581.500000,1559.074097
582.000000,1559.037231
582.500000,1558.608887
583.000000,1558.364746
583.500000,1559.127319
584.000000,1561.152100
584.500000,1564.451294
585.000000,1568.034912
585.500000,1571.036865
586.000000,1572.927002
586.500000,1573.575195
587.000000,1573.043945
587.500000,1571.473267
588.000000,1568.442627
588.500000,1563.916870
589.000000,1557.783325
589.500000,1551.218872
590.000000,1546.101318
590.500000,1544.544434
591.000000,1547.679321
591.500000,1554.703125
592.000000,1563.399048
592.500000,1571.413696
593.000000,1577.220337
593.500000,1579.762085
594.000000,1580.490723
594.500000,1580.495850
595.000000,1580.322632
595.500000,1579.707764
596.000000,1578.183350
596.500000,1575.776489
597.000000,1573.628662
597.500000,1573.385498
598.000000,1576.677979
598.500000,1582.765015
599.000000,1590.445190
599.500000,1597.266113
600.000000,1600.718384
600.500000,1600.599731
601.000000,1598.419067
601.500000,1596.384766
602.000000,1596.421509
602.500000,1599.837646
603.000000,1605.646362
603.500000,1612.044189
604.000000,1616.857178
604.500000,1618.580688
605.000000,1617.439941
605.500000,1614.447144
606.000000,1611.382935
606.500000,1610.175781
607.000000,1611.900635
607.500000,1615.874390
608.000000,1621.423340
608.500000,1627.124390
609.000000,1632.049927
609.500000,1635.966187
610.000000,1639.061157
610.500000,1641.699463
611.000000,1643.884766
611.500000,1645.329712
612.000000,1645.954102
612.500000,1645.951294
613.000000,1646.399414
613.500000,1648.914917
614.000000,1653.945312
614.500000,1661.637695
615.000000,1670.832153
615.500000,1680.088013
616.000000,1688.172607
616.500000,1694.963501
617.000000,1701.334351
617.500000,1708.402832
618.000000,1717.139038
618.500000,1727.200195
619.000000,1737.915527
619.500000,1748.015381
620.000000,1756.470215
620.500000,1762.961182
621.000000,1767.534790
621.500000,1770.002197
622.000000,1770.493286
622.500000,1768.224121
623.000000,1763.460083
623.500000,1756.359985
624.000000,1748.147583
624.500000,1739.979370
625.000000,1732.955200
625.500000,1727.804810
626.000000,1724.860352
626.500000,1723.491821
627.000000,1722.940918
627.500000,1722.250977
628.000000,1720.470459
628.500000,1717.191040
629.000000,1711.878418
629.500000,1704.719360
630.000000,1696.304810
630.500000,1687.504272
631.000000,1679.223389
631.500000,1672.429565
632.000000,1667.521362
632.500000,1665.444336
633.000000,1665.792725
633.500000,1668.257446
634.000000,1671.619263
634.500000,1674.679688
635.000000,1676.382324
635.500000,1676.226562
636.000000,1674.314697
636.500000,1671.812866
637.000000,1669.931152
637.500000,1669.083130
638.000000,1669.263428
638.500000,1669.734375
639.000000,1669.975586
639.500000,1670.141968
640.000000,1671.335083
640.500000,1674.805420
641.000000,1680.766113
641.500000,1688.673828
642.000000,1696.531494
642.500000,1701.843262
643.000000,1703.455322
643.500000,1701.165527
644.000000,1697.102783
644.500000,1693.307861
645.000000,1691.279907
645.500000,1691.345459
646.000000,1693.055298
646.500000,1695.131958
647.000000,1696.635498
647.500000,1697.478027
648.000000,1697.677490
648.500000,1697.348022
649.000000,1696.134399
649.500000,1693.552368
650.000000,1689.165405
650.500000,1683.341553
651.000000,1677.381592
651.500000,1672.920776
652.000000,1670.810913
652.500000,1671.844238
653.000000,1674.739136
653.500000,1677.629639
654.000000,1678.357910
654.500000,1675.797119
655.000000,1670.265747
655.500000,1663.598999
656.000000,1658.135254
656.500000,1655.443115
657.000000,1656.817993
657.500000,1660.059204
658.000000,1662.843750
658.500000,1663.415649
659.000000,1661.092407
659.500000,1656.817139
660.000000,1652.366699
660.500000,1649.338745
661.000000,1647.804932
661.500000,1646.990967
662.000000,1646.014648
662.500000,1645.024536
663.000000,1645.121704
663.500000,1648.017822
664.000000,1654.327881
664.500000,1662.621826
665.000000,1669.874023
665.500000,1673.637329
666.000000,1672.329346
666.500000,1667.857788
667.000000,1662.828369
667.500000,1660.319580
668.000000,1662.263306
668.500000,1667.001709
669.000000,1672.068115
669.500000,1675.192505
670.000000,1675.584106
670.500000,1673.710327
671.000000,1671.441528
671.500000,1670.547241
672.000000,1670.925171
672.500000,1671.720093
673.000000,1671.684937
673.500000,1670.006836
674.000000,1666.947510
674.500000,1663.614258
675.000000,1661.558228
675.500000,1661.581909
676.000000,1664.027100
676.500000,1667.858643
677.000000,1672.212402
677.500000,1676.051147
678.000000,1678.534912
678.500000,1679.324341
679.000000,1678.382812
679.500000,1676.073486
680.000000,1673.090698
680.500000,1670.258423
681.000000,1668.426270
681.500000,1668.757935
682.000000,1671.229736
682.500000,1675.744385
683.000000,1680.682007
683.500000,1684.364624
684.000000,1685.492310
684.500000,1683.710327
685.000000,1679.327759
685.500000,1673.900391
686.000000,1669.010254
686.500000,1665.605347
687.000000,1664.059692
687.500000,1663.760986
688.000000,1664.321533
688.500000,1665.457886
689.000000,1667.200928
689.500000,1669.683716
690.000000,1672.578369
690.500000,1674.908936
691.000000,1675.633423
691.500000,1673.174683
692.000000,1667.545654
692.500000,1658.728516
693.000000,1648.171021
693.500000,1637.807007
694.000000,1629.750366
694.500000,1625.032104
695.000000,1624.308350
695.500000,1626.387695
696.000000,1630.512085
696.500000,1635.117065
697.000000,1639.494873
697.500000,1643.682495
698.000000,1648.369019
698.500000,1654.165405
699.000000,1661.140137
699.500000,1668.781494
700.000000,1676.030396
700.500000,1681.575439
701.000000,1685.030029
701.500000,1685.998169
702.000000,1685.642822
702.500000,1684.798584
703.000000,1684.184082
703.500000,1684.021484
704.000000,1684.000610
704.500000,1683.461792
705.000000,1681.542358
705.500000,1678.234131
706.000000,1673.951416
706.500000,1669.786621
707.000000,1666.689819
707.500000,1664.821045
708.000000,1663.618774
708.500000,1661.921631
709.000000,1658.729858
709.500000,1654.181763
710.000000,1649.919067
710.500000,1648.342285
711.000000,1650.292725
711.500000,1656.297241
712.000000,1664.301514
712.500000,1671.803345
713.000000,1676.487427
713.500000,1677.767456
714.000000,1676.500244
714.500000,1674.468994
715.000000,1673.016479
715.500000,1672.588623
716.000000,1673.174927
716.500000,1674.138916
717.000000,1675.151001
717.500000,1676.237671
718.000000,1677.710205
718.500000,1679.995239
719.000000,1683.497559
719.500000,1688.964111
720.000000,1696.527100
720.500000,1706.814575
721.000000,1718.855225
721.500000,1731.493896
722.000000,1743.504517
722.500000,1754.519531
723.000000,1765.450806
723.500000,1778.194458
724.000000,1795.195068
724.500000,1817.287354
725.000000,1845.812378
725.500000,1878.403931
726.000000,1914.405640
726.500000,1952.913086
727.000000,1994.725098
727.500000,2040.701294
728.000000,2091.661133
728.500000,2147.852539
729.000000,2207.941406
729.500000,2270.511963
730.000000,2333.561768
730.500000,2395.710938
731.000000,2455.972412
731.500000,2512.529541
732.000000,2563.856934
732.500000,2607.442139
733.000000,2640.592773
733.500000,2662.074463
734.000000,2670.295410
734.500000,2667.346191
735.000000,2651.216797
735.500000,2624.897217
736.000000,2587.093750
736.500000,2539.891846
737.000000,2484.088379
737.500000,2422.211914
738.000000,2357.939453
738.500000,2294.190186
739.000000,2232.913086
739.500000,2175.668457
740.000000,2121.883301
740.500000,2072.070557
741.000000,2025.746582
741.500000,1984.301636
742.000000,1948.313599
742.500000,1918.233521
743.000000,1893.873291
743.500000,1873.628296
744.000000,1856.368774
744.500000,1840.303711
745.000000,1824.709961
745.500000,1809.220215
746.000000,1793.969238
746.500000,1779.088745
747.000000,1764.689453
747.500000,1750.821045
748.000000,1737.536621
748.500000,1725.039307
749.000000,1713.377930
749.500000,1702.915283
750.000000,1693.591431
750.500000,1685.581177
751.000000,1678.472412
751.500000,1671.775024
752.000000,1664.718262
752.500000,1656.606323
753.000000,1647.176514
753.500000,1637.166992
754.000000,1628.232300
754.500000,1622.129761
755.000000,1620.741089
755.500000,1623.081665
756.000000,1627.806519
756.500000,1632.327515
757.000000,1634.334473
757.500000,1632.637329
758.000000,1627.866577
758.500000,1621.456055
759.000000,1615.637939
759.500000,1612.049805
760.000000,1610.379272
760.500000,1609.985840
761.000000,1609.485718
761.500000,1607.744019
762.000000,1604.347046
762.500000,1599.687988
763.000000,1594.671143
763.500000,1590.430664
764.000000,1587.963501
764.500000,1587.162231
765.000000,1587.952393
765.500000,1589.359253
766.000000,1590.348022
766.500000,1589.949707
767.000000,1587.486206
767.500000,1582.813354
768.000000,1576.991821
768.500000,1571.514160
769.000000,1567.681519
769.500000,1566.804932
770.000000,1568.248779
770.500000,1571.116333
771.000000,1573.753784
771.500000,1574.911133
772.000000,1574.436279
772.500000,1573.610840
773.000000,1574.197144
773.500000,1577.015625
774.000000,1582.421875
774.500000,1588.805664
775.000000,1594.484009
775.500000,1598.262085
776.000000,1599.669189
776.500000,1599.493286
777.000000,1599.048340
777.500000,1599.211792
778.000000,1599.995361
778.500000,1600.931885
779.000000,1601.391113
779.500000,1600.839111
780.000000,1599.407471
780.500000,1597.243774
781.000000,1594.662720
781.500000,1591.893677
782.000000,1589.205688
782.500000,1586.947754
783.000000,1585.579712
783.500000,1585.088013
784.000000,1585.295410
784.500000,1585.427246
785.000000,1584.722534
785.500000,1583.024414
786.000000,1580.826172
786.500000,1579.143188
787.000000,1578.599731
787.500000,1579.121582
788.000000,1579.724365
788.500000,1579.137695
789.000000,1576.978271
789.500000,1573.338989
790.000000,1569.485596
790.500000,1566.784180
791.000000,1565.779175
791.500000,1565.994019
792.000000,1566.520874
792.500000,1566.566650
793.000000,1565.837769
793.500000,1564.807129
794.000000,1564.140015
794.500000,1564.251099
795.000000,1565.402466
795.500000,1567.417603
796.000000,1570.133667
796.500000,1573.490112
797.000000,1577.401001
797.500000,1581.770508
798.000000,1586.257935
798.500000,1590.400513
799.000000,1593.817261
799.500000,1595.847290
800.000000,1596.180420
800.500000,1594.456299
801.000000,1591.119995
801.500000,1587.221558
802.000000,1584.212036
802.500000,1583.170898
803.000000,1584.897949
803.500000,1588.225830
804.000000,1591.644409
804.500000,1593.562988
805.000000,1593.034668
805.500000,1590.945190
806.000000,1588.986938
806.500000,1588.613770
807.000000,1590.216431
807.500000,1593.630859
808.000000,1597.803345
808.500000,1602.146118
809.000000,1606.361816
809.500000,1610.294678
810.000000,1613.530884
810.500000,1615.119873
811.000000,1614.333618
811.500000,1611.359741
812.000000,1607.239746
812.500000,1603.884644
813.000000,1603.478149
813.500000,1606.239868
814.000000,1612.068970
814.500000,1618.977417
815.000000,1624.874268
815.500000,1628.266357
816.000000,1628.888306
816.500000,1627.246948
817.000000,1624.758057
817.500000,1622.833374
818.000000,1622.431641
818.500000,1624.417236
819.000000,1628.152466
819.500000,1632.756958
820.000000,1636.778931
820.500000,1638.921509
821.000000,1638.757935
821.500000,1636.864746
822.000000,1634.042969
822.500000,1631.375854
823.000000,1629.793091
823.500000,1629.516479
824.000000,1630.936890
824.500000,1633.804077
825.000000,1637.808716
825.500000,1642.154053
826.000000,1645.806885
826.500000,1647.992554
827.000000,1648.973022
827.500000,1649.680786
828.000000,1651.562012
828.500000,1656.122070
829.000000,1663.122559
829.500000,1671.604004
830.000000,1679.718262
830.500000,1685.969116
831.000000,1690.107544
831.500000,1693.572876
832.000000,1698.004517
832.500000,1704.028564
833.000000,1711.295166
833.500000,1717.993652
834.000000,1722.015137
834.500000,1722.575562
835.000000,1719.988525
835.500000,1715.863892
836.000000,1712.195557
836.500000,1710.192139
837.000000,1709.440430
837.500000,1709.207275
838.000000,1708.783325
838.500000,1708.441772
839.000000,1709.220703
839.500000,1712.521973
840.000000,1718.750854
840.500000,1726.902954
841.000000,1734.755371
841.500000,1739.630371
842.000000,1739.034546
842.500000,1733.912598
843.000000,1725.153809
843.500000,1715.544922
844.000000,1707.234863
844.500000,1701.262451
845.000000,1697.539429
845.500000,1695.022949
846.000000,1692.246094
846.500000,1688.052979
847.000000,1682.495972
847.500000,1676.486816
848.000000,1671.591187
848.500000,1669.343872
849.000000,1669.762573
849.500000,1671.933960
850.000000,1674.004517
850.500000,1674.339233
851.000000,1672.324097
851.500000,1669.343506
852.000000,1667.783325
852.500000,1669.296875
853.000000,1674.526855
853.500000,1680.940186
854.000000,1685.502808
854.500000,1686.154663
855.000000,1682.830566
855.500000,1677.380249
856.000000,1672.776001
856.500000,1671.538940
857.000000,1673.444092
857.500000,1677.302734
858.000000,1680.448120
858.500000,1680.570068
859.000000,1677.573975
859.500000,1672.448364
860.000000,1666.761719
860.500000,1661.816284
861.000000,1658.320190
861.500000,1656.041504
862.000000,1655.011475
862.500000,1654.952026
863.000000,1656.288696
863.500000,1659.064087
864.000000,1663.058350
864.500000,1667.075684
865.000000,1669.334961
865.500000,1668.083618
866.000000,1663.260376
866.500000,1655.348267
867.000000,1646.904053
867.500000,1640.452881
868.000000,1637.115356
868.500000,1637.078125
869.000000,1638.760864
869.500000,1640.390625
870.000000,1640.962158
870.500000,1640.940430
871.000000,1641.723999
871.500000,1644.269897
872.000000,1649.313110
872.500000,1655.938599
873.000000,1663.409302
873.500000,1670.866577
874.000000,1677.727417
874.500000,1683.485352
875.000000,1687.605957
875.500000,1689.338013
876.000000,1688.984375
876.500000,1687.197388
877.000000,1685.834106
877.500000,1686.326294
878.000000,1688.530762
878.500000,1691.277588
879.000000,1692.825195
879.500000,1692.162109
880.000000,1689.654053
880.500000,1687.174927
881.000000,1686.963867
881.500000,1689.582275
882.000000,1694.913086
882.500000,1701.033569
883.000000,1706.741211
883.500000,1712.218750
884.000000,1718.746948
884.500000,1727.606445
885.000000,1738.790771
885.500000,1751.390381
886.000000,1763.772705
886.500000,1775.137085
887.000000,1786.484863
887.500000,1800.071045
888.000000,1817.468140
888.500000,1839.024658
889.000000,1862.450684
889.500000,1883.888062
890.000000,1899.764160
890.500000,1909.523315
891.000000,1913.025635
891.500000,1913.617798
892.000000,1913.656006
892.500000,1915.067139
893.000000,1918.778320
893.500000,1924.424316
894.000000,1931.061279
894.500000,1937.504272
895.000000,1942.707886
895.500000,1945.642334
896.000000,1946.615479
896.500000,1945.623291
897.000000,1943.262207
897.500000,1939.028809
898.000000,1932.227051
898.500000,1921.764893
899.000000,1907.315308
899.500000,1890.006226
900.000000,1871.510498
900.500000,1853.707031
901.000000,1837.566895
901.500000,1822.105957
902.000000,1805.691650
902.500000,1787.355347
903.000000,1767.472412
903.500000,1747.745605
904.000000,1730.023438
904.500000,1715.519287
905.000000,1703.771606
905.500000,1694.415161
906.000000,1686.412231
906.500000,1679.913086
907.000000,1674.834351
907.500000,1671.131226
908.000000,1667.869751
908.500000,1663.722778
909.000000,1657.598511
909.500000,1649.712402
910.000000,1641.072388
910.500000,1633.176392
911.000000,1627.471436
911.500000,1623.911743
912.000000,1622.409180
912.500000,1622.041504
913.000000,1622.071289
913.500000,1621.904907
914.000000,1621.172974
914.500000,1619.610840
915.000000,1617.319214
915.500000,1614.391968
916.000000,1611.338745
916.500000,1608.705933
917.000000,1606.813110
917.500000,1605.838501
918.000000,1605.537842
918.500000,1605.454468
919.000000,1605.120361
919.500000,1604.345581
920.000000,1603.255981
920.500000,1602.329590
921.000000,1602.033691
921.500000,1602.190430
922.000000,1602.071533
922.500000,1600.707764
923.000000,1597.460449
923.500000,1592.760376
924.000000,1588.212891
924.500000,1585.556396
925.000000,1585.150757
925.500000,1586.664551
926.000000,1588.238770
926.500000,1588.409668
927.000000,1587.060181
927.500000,1585.109375
928.000000,1583.979736
928.500000,1584.429810
929.000000,1586.163696
929.500000,1587.901611
930.000000,1588.515015
930.500000,1588.212158
931.000000,1588.165161
931.500000,1589.665283
932.000000,1593.368652
932.500000,1598.432129
933.000000,1603.285522
933.500000,1606.365112
934.000000,1607.089478
934.500000,1605.341187
935.000000,1602.336792
935.500000,1599.108521
936.000000,1596.682251
936.500000,1595.943359
937.000000,1597.009888
937.500000,1599.624878
938.000000,1602.891113
938.500000,1605.562866
939.000000,1606.562134
939.500000,1606.068848
940.000000,1604.882080
940.500000,1604.561768
941.000000,1606.680420
941.500000,1611.350098
942.000000,1617.997314
942.500000,1625.055054
943.000000,1630.885254
943.500000,1634.274414
944.000000,1635.268188
944.500000,1634.126221
945.000000,1632.239624
945.500000,1630.837036
946.000000,1630.795044
946.500000,1632.725220
947.000000,1636.085815
947.500000,1639.651245
948.000000,1642.000488
948.500000,1642.477051
949.000000,1641.513550
949.500000,1641.176270
950.000000,1644.627075
950.500000,1652.827637
951.000000,1665.989624
951.500000,1680.974976
952.000000,1693.951294
952.500000,1702.188110
953.000000,1705.832520
953.500000,1707.379272
954.000000,1710.628540
954.500000,1718.536255
955.000000,1729.685547
955.500000,1740.905884
956.000000,1749.007446
956.500000,1752.849121
957.000000,1754.744507
957.500000,1758.424316
958.000000,1766.750732
958.500000,1779.166138
959.000000,1793.007324
959.500000,1804.402100
960.000000,1809.993042
960.500000,1810.736328
961.000000,1808.349731
961.500000,1805.672974
962.000000,1804.232910
962.500000,1803.862915
963.000000,1803.355347
963.500000,1801.619507
964.000000,1798.721069
964.500000,1795.129761
965.000000,1791.464111
965.500000,1787.624756
966.000000,1783.207153
966.500000,1777.898071
967.000000,1772.014526
967.500000,1766.281982
968.000000,1761.263306
968.500000,1756.687988
969.000000,1751.492554
969.500000,1744.671997
970.000000,1735.386230
970.500000,1724.677490
971.000000,1714.262207
971.500000,1705.956299
972.000000,1700.720337
972.500000,1698.138672
973.000000,1696.429321
973.500000,1693.863770
974.000000,1689.871338
974.500000,1684.589478
975.000000,1679.086060
975.500000,1673.948608
976.000000,1669.050659
976.500000,1663.884521
977.000000,1658.268311
977.500000,1652.866577
978.000000,1649.098511
978.500000,1647.768799
979.000000,1649.286743
979.500000,1651.740967
980.000000,1652.838623
980.500000,1651.112671
981.000000,1646.268921
981.500000,1640.029541
982.000000,1634.811157
982.500000,1632.530762
983.000000,1633.022949
983.500000,1635.173950
984.000000,1637.029785
984.500000,1637.280762
985.000000,1636.175171
985.500000,1634.526978
986.000000,1633.447876
986.500000,1633.596069
987.000000,1634.927979
987.500000,1636.800659
988.000000,1638.532104
988.500000,1639.699707
989.000000,1640.062866
989.500000,1640.000854
990.000000,1639.990601
990.500000,1640.606323
991.000000,1642.390015
991.500000,1645.465942
992.000000,1649.454346
992.500000,1653.680664
993.000000,1657.432251
993.500000,1660.354492
994.000000,1662.956177
994.500000,1666.074219
995.000000,1670.338989
995.500000,1676.133911
996.000000,1683.146729
996.500000,1690.922119
997.000000,1699.165039
997.500000,1707.709229
998.000000,1716.395508
998.500000,1724.707886
999.000000,1731.524902
999.500000,1736.304443
1000.000000,1738.568359
1000.500000,1739.134766
1001.000000,1738.954956
1001.500000,1738.506226
1002.000000,1737.185181
1002.500000,1733.221558
1003.000000,1725.680176
1003.500000,1713.739624
1004.000000,1699.923950
1004.500000,1687.091187
1005.000000,1677.320435
1005.500000,1671.266846
1006.000000,1667.343262
1006.500000,1663.183594
1007.000000,1657.136841
1007.500000,1649.585449
1008.000000,1642.433350
1008.500000,1637.886475
1009.000000,1638.062744
1009.500000,1641.849487
1010.000000,1647.241211
1010.500000,1651.270142
1011.000000,1651.791748
1011.500000,1648.495361
1012.000000,1643.333252
1012.500000,1638.940186
1013.000000,1637.126343
1013.500000,1638.755859
1014.000000,1641.733521
1014.500000,1643.576782
1015.000000,1642.541870
1015.500000,1638.270996
1016.000000,1632.418335
1016.500000,1627.288452
1017.000000,1624.601440
1017.500000,1624.213379
1018.000000,1625.350220
1018.500000,1626.332153
1019.000000,1625.948486
1019.500000,1624.037354
1020.000000,1620.744263
1020.500000,1616.650513
1021.000000,1612.324219
1021.500000,1608.301025
1022.000000,1605.038086
1022.500000,1603.149048
1023.000000,1602.671143
1023.500000,1604.039185
1024.000000,1607.007446
1024.500000,1611.842773
1025.000000,1618.287476
1025.500000,1625.717651
1026.000000,1632.725220
1026.500000,1637.511597
1027.000000,1638.185547
1027.500000,1635.144897
1028.000000,1629.285400
1028.500000,1623.521240
1029.000000,1620.056641
1029.500000,1618.976807
1030.000000,1618.897583
1030.500000,1617.634033
1031.000000,1613.873169
1031.500000,1607.837524
1032.000000,1601.510498
1032.500000,1597.155273
1033.000000,1595.354004
1033.500000,1595.787598
1034.000000,1596.424561
1034.500000,1595.492554
1035.000000,1592.552612
1035.500000,1588.586670
1036.000000,1585.476318
1036.500000,1584.697388
1037.000000,1586.933594
1037.500000,1590.654053
1038.000000,1593.922729
1038.500000,1595.354004
1039.000000,1594.678467
1039.500000,1593.560547
1040.000000,1594.171265
1040.500000,1597.747314
1041.000000,1603.502930
1041.500000,1609.283813
1042.000000,1612.947144
1042.500000,1613.287964
1043.000000,1612.300903
1043.500000,1612.688477
1044.000000,1616.083252
1044.500000,1622.462646
1045.000000,1629.665649
1045.500000,1635.165771
1046.000000,1637.388916
1046.500000,1636.873291
1047.000000,1634.538574
1047.500000,1631.789551
1048.000000,1628.964600
1048.500000,1625.840088
1049.000000,1621.939453
1049.500000,1617.108276
1050.000000,1611.363892
1050.500000,1604.938477
1051.000000,1598.467896
1051.500000,1593.170166
1052.000000,1590.102417
1052.500000,1590.520630
1053.000000,1592.903809
1053.500000,1594.621338
1054.000000,1592.723022
1054.500000,1585.505737
1055.000000,1574.584961
1055.500000,1564.104736
1056.000000,1558.569824
1056.500000,1559.104370
1057.000000,1564.846436
1057.500000,1570.981567
1058.000000,1573.162109
1058.500000,1570.223267
1059.000000,1562.897827
1059.500000,1554.251709
1060.000000,1547.270142
1060.500000,1543.761108
1061.000000,1543.567261
1061.500000,1546.100098
1062.000000,1549.486694
1062.500000,1552.251221
1063.000000,1553.689941
1063.500000,1553.762939
1064.000000,1553.386841
1064.500000,1553.376099
1065.000000,1553.792358
1065.500000,1553.895630
1066.000000,1552.920288
1066.500000,1551.401978
1067.000000,1551.459229
1067.500000,1554.986450
1068.000000,1563.599365
1068.500000,1575.365967
1069.000000,1587.118164
1069.500000,1595.794189
1070.000000,1600.467529
1070.500000,1602.412476
1071.000000,1604.420776
1071.500000,1608.557739
1072.000000,1614.567505
1072.500000,1621.491455
1073.000000,1628.127319
1073.500000,1634.210938
1074.000000,1640.078003
1074.500000,1645.633179
1075.000000,1649.910645
1075.500000,1651.916260
1076.000000,1651.179810
1076.500000,1649.404297
1077.000000,1649.025269
1077.500000,1651.417603
1078.000000,1656.851074
1078.500000,1663.368042
1079.000000,1668.860352
1079.500000,1672.261719
1080.000000,1674.080688
1080.500000,1675.496460
1081.000000,1677.452393
1081.500000,1680.071167
1082.000000,1682.692993
1082.500000,1684.801025
1083.000000,1686.492188
1083.500000,1688.169922
1084.000000,1690.158569
1084.500000,1692.392822
1085.000000,1694.555908
1085.500000,1696.482056
1086.000000,1698.408325
1086.500000,1700.847168
1087.000000,1704.426025
1087.500000,1708.957031
1088.000000,1713.891846
1088.500000,1718.250732
1089.000000,1721.106934
1089.500000,1722.023926
1090.000000,1721.387207
1090.500000,1719.854614
1091.000000,1718.372314
1091.500000,1717.456299
1092.000000,1716.744385
1092.500000,1715.267822
1093.000000,1712.151367
1093.500000,1706.909424
1094.000000,1700.195435
1094.500000,1693.428589
1095.000000,1688.048828
1095.500000,1684.416016
1096.000000,1682.139404
1096.500000,1679.724121
1097.000000,1675.901123
1097.500000,1670.747681
1098.000000,1665.324829
1098.500000,1661.375000
1099.000000,1660.349976
1099.500000,1662.689819
1100.000000,1667.134888
1100.500000,1671.924194
1101.000000,1675.239014
1101.500000,1675.565918
1102.000000,1673.571167
1102.500000,1670.349731
1103.000000,1667.727661
1103.500000,1667.096802
1104.000000,1668.702515
1104.500000,1671.533081
1105.000000,1674.191528
1105.500000,1675.739502
1106.000000,1675.958496
1106.500000,1675.901367
1107.000000,1676.548340
1107.500000,1678.066406
1108.000000,1679.836548
1108.500000,1680.868164
1109.000000,1680.667603
1109.500000,1679.551147
1110.000000,1678.482788
1110.500000,1678.229858
1111.000000,1678.612549
1111.500000,1679.051392
1112.000000,1679.046509
1112.500000,1678.676147
1113.000000,1678.549194
1113.500000,1679.128052
1114.000000,1680.173218
1114.500000,1680.780029
1115.000000,1679.931763
1115.500000,1677.735229
1116.000000,1675.002197
1116.500000,1673.258789
1117.000000,1673.954956
1117.500000,1677.097290
1118.000000,1681.985962
1118.500000,1687.258545
1119.000000,1691.702393
1119.500000,1694.581665
1120.000000,1696.039917
1120.500000,1696.000488
1121.000000,1694.833862
1121.500000,1692.328003
1122.000000,1688.921753
1122.500000,1685.622681
1123.000000,1684.218018
1123.500000,1686.680054
1124.000000,1694.207886
1124.500000,1705.421997
1125.000000,1717.780762
1125.500000,1727.986084
1126.000000,1733.329102
1126.500000,1734.926025
1127.000000,1734.844971
1127.500000,1735.844849
1128.000000,1739.289062
1128.500000,1744.649902
1129.000000,1750.411133
1129.500000,1755.706299
1130.000000,1760.875854
1130.500000,1766.862793
1131.000000,1773.668091
1131.500000,1780.339478
1132.000000,1785.708252
1132.500000,1789.609375
1133.000000,1793.557495
1133.500000,1799.471069
1134.000000,1807.985352
1134.500000,1817.049316
1135.000000,1823.160645
1135.500000,1824.916992
1136.000000,1822.829834
1136.500000,1821.197632
1137.000000,1824.626221
1137.500000,1834.675781
1138.000000,1849.636719
1138.500000,1865.476196
1139.000000,1878.285156
1139.500000,1885.593750
1140.000000,1888.627563
1140.500000,1888.374878
1141.000000,1887.035522
1141.500000,1885.700195
1142.000000,1885.012451
1142.500000,1885.083252
1143.000000,1885.188232
1143.500000,1883.856689
1144.000000,1879.326904
1144.500000,1871.720337
1145.000000,1862.351196
1145.500000,1854.347778
1146.000000,1850.601807
1146.500000,1850.794434
1147.000000,1852.838379
1147.500000,1853.534180
1148.000000,1851.015381
1148.500000,1845.619751
1149.000000,1839.683350
1149.500000,1835.368774
1150.000000,1832.984131
1150.500000,1831.959473
1151.000000,1830.989502
1151.500000,1829.666382
1152.000000,1828.477173
1152.500000,1828.225098
1153.000000,1829.426880
1153.500000,1832.075562
1154.000000,1836.325195
1154.500000,1841.885864
1155.000000,1848.646606
1155.500000,1855.514526
1156.000000,1861.109009
1156.500000,1864.689819
1157.000000,1866.317383
1157.500000,1867.133179
1158.000000,1868.328857
1158.500000,1870.255737
1159.000000,1872.242310
1159.500000,1873.489746
1160.000000,1874.291870
1160.500000,1876.023926
1161.000000,1879.910034
1161.500000,1886.321777
1162.000000,1893.574707
1162.500000,1899.085938
1163.000000,1900.805908
1163.500000,1899.012573
1164.000000,1895.167969
1164.500000,1891.859131
1165.000000,1891.016602
1165.500000,1892.403198
1166.000000,1895.339111
1166.500000,1898.663818
1167.000000,1901.866943
1167.500000,1904.969971
1168.000000,1908.014648
1168.500000,1910.545532
1169.000000,1911.906494
1169.500000,1911.133057
1170.000000,1908.772095
1170.500000,1905.754883
1171.000000,1903.585815
1171.500000,1903.385864
1172.000000,1905.068481
1172.500000,1907.566528
1173.000000,1909.497925
1173.500000,1909.989014
1174.000000,1908.535522
1174.500000,1905.779663
1175.000000,1901.998047
1175.500000,1897.714478
1176.000000,1893.255981
1176.500000,1889.144043
1177.000000,1886.084839
1177.500000,1884.714966
1178.000000,1885.054077
1178.500000,1886.878052
1179.000000,1889.208008
1179.500000,1891.114990
1180.000000,1891.969971
1180.500000,1891.176025
1181.000000,1888.949463
1181.500000,1885.881592
1182.000000,1883.065796
1182.500000,1881.522461
1183.000000,1881.721680
1183.500000,1882.784180
1184.000000,1883.255249
1184.500000,1882.141846
1185.000000,1879.204956
1185.500000,1875.884888
1186.000000,1873.926880
1186.500000,1874.233032
1187.000000,1876.405273
1187.500000,1879.083862
1188.000000,1880.778687
1188.500000,1880.366333
1189.000000,1878.081543
1189.500000,1874.022461
1190.000000,1869.197998
1190.500000,1864.681274
1191.000000,1861.710693
1191.500000,1861.354858
1192.000000,1863.674805
1192.500000,1867.232544
1193.000000,1869.826172
1193.500000,1869.786377
1194.000000,1865.687256
1194.500000,1858.981567
1195.000000,1850.998291
1195.500000,1843.469116
1196.000000,1837.519287
1196.500000,1833.466675
1197.000000,1831.043091
1197.500000,1829.732910
1198.000000,1828.601074
1198.500000,1826.779663
1199.000000,1824.051025
1199.500000,1820.632446
1200.000000,1817.352661
1200.500000,1814.806396
1201.000000,1812.782959
1201.500000,1810.425171
1202.000000,1806.840576
1202.500000,1801.997925
1203.000000,1796.603027
1203.500000,1791.901489
1204.000000,1789.139160
1204.500000,1788.221802
1205.000000,1788.971680
1205.500000,1790.584839
1206.000000,1792.482788
1206.500000,1794.297485
1207.000000,1795.935303
1207.500000,1797.561401
1208.000000,1799.482910
1208.500000,1801.997070
1209.000000,1804.763794
1209.500000,1806.928467
1210.000000,1807.642090
1210.500000,1806.340942
1211.000000,1803.594116
1211.500000,1800.651367
1212.000000,1798.727783
1212.500000,1798.146484
1213.000000,1798.669556
1213.500000,1799.415405
1214.000000,1799.957397
1214.500000,1800.422485
1215.000000,1801.215698
1215.500000,1802.535156
1216.000000,1804.191650
1216.500000,1805.606201
1217.000000,1806.034912
1217.500000,1804.501465
1218.000000,1800.826416
1218.500000,1794.696289
1219.000000,1787.574829
1219.500000,1781.363892
1220.000000,1777.841431
1220.500000,1778.119263
1221.000000,1781.512329
1221.500000,1786.032227
1222.000000,1789.575317
1222.500000,1791.076294
1223.000000,1790.125610
1223.500000,1787.942749
1224.000000,1785.516724
1224.500000,1783.847168
1225.000000,1783.871582
1225.500000,1786.029175
1226.000000,1790.234253
1226.500000,1795.623169
1227.000000,1800.597168
1227.500000,1803.567749
1228.000000,1804.522705
1228.500000,1804.182251
1229.000000,1804.288818
1229.500000,1806.026978
1230.000000,1809.079102
1230.500000,1812.212158
1231.000000,1814.116211
1231.500000,1814.425415
1232.000000,1813.540649
1232.500000,1812.409180
1233.000000,1811.308716
1233.500000,1809.821655
1234.000000,1807.150513
1234.500000,1803.325317
1235.000000,1799.144165
1235.500000,1795.962280
1236.000000,1794.745728
1236.500000,1795.591431
1237.000000,1797.317871
1237.500000,1798.682251
1238.000000,1799.187988
1238.500000,1799.153809
1239.000000,1799.548950
1239.500000,1801.025513
1240.000000,1803.139893
1240.500000,1804.602783
1241.000000,1803.987549
1241.500000,1800.947510
1242.000000,1796.014893
1242.500000,1791.061768
1243.000000,1788.045044
1243.500000,1787.403931
1244.000000,1788.985474
1244.500000,1791.295044
1245.000000,1792.897461
1245.500000,1792.971558
1246.000000,1791.610596
1246.500000,1789.348999
1247.000000,1787.045288
1247.500000,1785.424438
1248.000000,1784.798828
1248.500000,1785.757568
1249.000000,1788.286743
1249.500000,1792.179443
1250.000000,1796.242310
1250.500000,1798.572266
1251.000000,1797.156738
1251.500000,1791.769409
1252.000000,1783.377319
1252.500000,1775.406738
1253.000000,1771.852295
1253.500000,1773.896606
1254.000000,1781.322876
1254.500000,1790.912598
1255.000000,1799.391479
1255.500000,1804.753540
1256.000000,1807.142944
1256.500000,1807.477417
1257.000000,1807.189819
1257.500000,1806.647095
1258.000000,1805.818970
1258.500000,1804.789307
1259.000000,1804.311523
1259.500000,1805.588013
1260.000000,1809.215698
1260.500000,1814.587402
1261.000000,1820.200928
1261.500000,1824.469238
1262.000000,1826.389160
1262.500000,1826.989258
1263.000000,1827.663574
1263.500000,1829.513062
1264.000000,1832.588379
1264.500000,1835.644897
1265.000000,1837.192383
1265.500000,1836.519409
1266.000000,1834.532959
1266.500000,1832.980591
1267.000000,1833.394775
1267.500000,1836.962036
1268.000000,1842.452637
1268.500000,1848.333618
1269.000000,1852.894287
1269.500000,1854.983276
1270.000000,1854.461914
1270.500000,1852.137695
1271.000000,1848.944336
1271.500000,1845.860352
1272.000000,1843.329590
1272.500000,1841.049927
1273.000000,1838.517944
1273.500000,1835.528809
1274.000000,1832.502441
1274.500000,1830.437866
1275.000000,1830.353027
1275.500000,1832.817993
1276.000000,1837.119873
1276.500000,1842.332642
1277.000000,1847.169922
1277.500000,1850.566284
1278.000000,1852.286377
1278.500000,1852.035645
1279.000000,1850.245850
1279.500000,1847.720581
1280.000000,1845.666382
1280.500000,1845.061401
1281.000000,1846.260498
1281.500000,1848.172241
1282.000000,1849.273071
1282.500000,1848.713989
1283.000000,1846.343506
1283.500000,1843.354004
1284.000000,1840.980347
1284.500000,1839.798828
1285.000000,1839.490845
1285.500000,1839.420410
1286.000000,1839.130615
1286.500000,1838.607788
1287.000000,1838.074219
1287.500000,1837.414185
1288.000000,1836.174072
1288.500000,1833.709229
1289.000000,1829.974243
1289.500000,1825.649048
1290.000000,1821.995117
1290.500000,1820.143677
1291.000000,1821.057129
1291.500000,1824.003662
1292.000000,1828.050293
1292.500000,1831.701660
1293.000000,1833.901611
1293.500000,1834.535522
1294.000000,1833.893433
1294.500000,1832.378052
1295.000000,1830.165039
1295.500000,1826.986450
1296.000000,1822.886597
1296.500000,1818.011230
1297.000000,1813.139893
1297.500000,1809.020508
1298.000000,1805.947021
1298.500000,1804.085205
1299.000000,1803.437866
1299.500000,1804.011963
1300.000000,1805.617920
1300.500000,1807.213989
1301.000000,1806.979492
1301.500000,1804.045898
1302.000000,1798.420166
1302.500000,1793.009155
1303.000000,1791.586182
1303.500000,1795.949341
1304.000000,1804.938599
1304.500000,1814.439209
1305.000000,1819.746338
1305.500000,1817.491455
1306.000000,1809.902466
1306.500000,1800.597534
1307.000000,1794.142944
1307.500000,1793.383911
1308.000000,1797.129150
1308.500000,1802.718506
1309.000000,1807.241333
1309.500000,1809.275879
1310.000000,1808.908813
1310.500000,1807.804565
1311.000000,1807.678711
1311.500000,1809.359497
1312.000000,1813.288574
1312.500000,1818.331055
1313.000000,1823.089111
1313.500000,1826.342285
1314.000000,1827.783691
1314.500000,1828.250854
1315.000000,1829.441528
1315.500000,1833.026855
1316.000000,1838.730225
1316.500000,1845.284546
1317.000000,1850.397705
1317.500000,1852.091187
1318.000000,1850.540894
1318.500000,1847.473389
1319.000000,1845.528076
1319.500000,1846.555664
1320.000000,1850.968384
1320.500000,1856.367432
1321.000000,1859.155396
1321.500000,1857.310303
1322.000000,1850.184082
1322.500000,1840.895142
1323.000000,1833.393555
1323.500000,1830.489502
1324.000000,1832.042969
1324.500000,1835.561035
1325.000000,1837.468384
1325.500000,1835.131470
1326.000000,1829.683594
1326.500000,1823.037109
1327.000000,1817.500977
1327.500000,1814.114380
1328.000000,1812.391235
1328.500000,1811.631226
1329.000000,1811.675903
1329.500000,1812.576660
1330.000000,1814.057983
1330.500000,1814.832642
1331.000000,1813.023071
1331.500000,1808.576538
1332.000000,1802.478271
1332.500000,1797.175781
1333.000000,1794.848022
1333.500000,1796.074341
1334.000000,1799.473022
1334.500000,1803.052490
1335.000000,1805.239136
1335.500000,1805.312134
1336.000000,1804.402710
1336.500000,1803.646240
1337.000000,1803.751587
1337.500000,1804.616211
1338.000000,1805.386841
1338.500000,1805.152466
1339.000000,1803.542847
1339.500000,1801.096069
1340.000000,1798.459961
1340.500000,1796.086548
1341.000000,1793.842163
1341.500000,1791.176270
1342.000000,1787.517944
1342.500000,1782.903687
1343.000000,1777.859741
1343.500000,1773.220825
1344.000000,1769.664307
1344.500000,1767.625610
1345.000000,1766.510620
1345.500000,1765.293457
1346.000000,1762.756226
1346.500000,1757.804932
1347.000000,1751.139771
1347.500000,1744.368286
1348.000000,1739.252197
1348.500000,1736.238403
1349.000000,1734.084351
1349.500000,1730.464600
1350.000000,1723.295654
1350.500000,1713.778564
1351.000000,1704.497314
1351.500000,1698.231201
1352.000000,1696.262695
1352.500000,1696.753296
1353.000000,1696.494385
1353.500000,1692.986206
1354.000000,1686.527710
1354.500000,1679.308228
1355.000000,1674.034302
1355.500000,1672.489380
1356.000000,1673.410767
1356.500000,1675.073364
1357.000000,1675.713989
1357.500000,1674.584717
1358.000000,1671.967529
1358.500000,1668.651123
1359.000000,1665.175171
1359.500000,1661.942383
1360.000000,1659.670410
1360.500000,1659.002319
1361.000000,1661.158081
1361.500000,1666.023315
1362.000000,1672.609497
1362.500000,1678.943970
1363.000000,1683.327026
1363.500000,1685.015503
1364.000000,1685.022339
1364.500000,1684.601929
1365.000000,1684.820679
1365.500000,1685.980469
1366.000000,1687.550903
1366.500000,1689.123779
1367.000000,1690.577393
1367.500000,1691.924316
1368.000000,1692.992920
1368.500000,1693.492065
1369.000000,1693.243530
1369.500000,1692.728516
1370.000000,1692.450928
1370.500000,1692.351196
1371.000000,1691.603882
1371.500000,1689.384155
1372.000000,1685.589233
1372.500000,1681.448120
1373.000000,1678.729980
1373.500000,1678.577393
1374.000000,1679.889893
1374.500000,1680.293579
1375.000000,1677.780518
1375.500000,1671.062866
1376.000000,1662.040161
1376.500000,1653.226807
1377.000000,1646.535522
1377.500000,1642.141479
1378.000000,1638.597656
1378.500000,1633.740479
1379.000000,1625.806030
1379.500000,1615.590088
1380.000000,1604.836304
1380.500000,1595.825562
1381.000000,1589.936646
1381.500000,1586.188721
1382.000000,1582.489014
1382.500000,1577.088135
1383.000000,1570.353760
1383.500000,1564.199463
1384.000000,1560.317383
1384.500000,1559.438354
1385.000000,1559.415283
1385.500000,1557.913696
1386.000000,1554.039429
1386.500000,1548.672363
1387.000000,1543.957520
1387.500000,1541.458496
1388.000000,1541.331787
1388.500000,1541.980957
1389.000000,1541.660645
1389.500000,1539.741577
1390.000000,1535.974976
1390.500000,1531.045654
1391.000000,1525.525269
1391.500000,1520.333984
1392.000000,1516.643433
1392.500000,1515.519653
1393.000000,1516.795410
1393.500000,1519.612427
1394.000000,1522.182495
1394.500000,1523.313599
1395.000000,1523.593018
1395.500000,1524.596436
1396.000000,1527.564941
1396.500000,1532.511597
1397.000000,1537.951294
1397.500000,1541.930542
1398.000000,1543.047363
1398.500000,1541.991211
1399.000000,1540.053955
1399.500000,1538.997437
1400.000000,1539.832031
1400.500000,1541.963623
1401.000000,1544.191284
1401.500000,1545.279541
1402.000000,1544.843018
1402.500000,1543.146484
1403.000000,1540.916504
1403.500000,1538.405273
1404.000000,1535.561157
1404.500000,1532.086792
1405.000000,1528.234253
1405.500000,1524.715820
1406.000000,1522.351929
1406.500000,1521.555664
1407.000000,1521.927368
1407.500000,1522.239868
1408.000000,1521.068115
1408.500000,1517.895386
1409.000000,1512.291382
1409.500000,1505.454712
1410.000000,1498.765625
1410.500000,1493.727539
1411.000000,1491.366333
1411.500000,1491.294434
1412.000000,1491.718628
1412.500000,1490.372803
1413.000000,1486.266724
1413.500000,1479.727539
1414.000000,1473.344604
1414.500000,1469.432861
1415.000000,1468.252075
1415.500000,1468.805054
1416.000000,1469.228882
1416.500000,1468.416870
1417.000000,1466.490967
1417.500000,1464.468750
1418.000000,1463.269287
1418.500000,1463.073853
1419.000000,1464.229492
1419.500000,1466.644409
1420.000000,1470.514771
1420.500000,1475.215210
1421.000000,1479.630005
1421.500000,1482.769409
1422.000000,1484.720093
1422.500000,1486.504883
1423.000000,1489.286499
1423.500000,1493.515625
1424.000000,1497.914795
1424.500000,1500.790894
1425.000000,1501.627441
1425.500000,1500.966187
1426.000000,1500.068726
1426.500000,1499.875366
1427.000000,1500.713257
1427.500000,1502.327881
1428.000000,1504.682373
1428.500000,1507.479004
1429.000000,1510.375244
1429.500000,1512.901855
1430.000000,1514.954712
1430.500000,1517.216187
1431.000000,1520.523315
1431.500000,1524.949097
1432.000000,1529.290894
1432.500000,1531.730713
1433.000000,1531.819336
1433.500000,1530.070312
1434.000000,1528.624390
1434.500000,1529.227661
1435.000000,1531.991089
1435.500000,1536.074707
1436.000000,1540.394409
1436.500000,1544.524902
1437.000000,1548.437988
1437.500000,1551.958496
1438.000000,1554.190186
1438.500000,1554.716797
1439.000000,1553.244507
1439.500000,1550.894531
1440.000000,1549.227051
1440.500000,1549.824829
1441.000000,1553.645020
1441.500000,1560.784302
1442.000000,1569.826416
1442.500000,1579.088745
1443.000000,1587.090454
1443.500000,1593.414795
1444.000000,1599.629517
1444.500000,1607.787842
1445.000000,1618.524780
1445.500000,1630.440186
1446.000000,1640.643066
1446.500000,1647.461548
1447.000000,1651.114624
1447.500000,1654.214355
1448.000000,1658.973511
1448.500000,1665.384521
1449.000000,1672.344604
1449.500000,1678.658325
1450.000000,1684.465820
1450.500000,1691.004517
1451.000000,1699.201172
1451.500000,1708.738525
1452.000000,1718.416870
1452.500000,1727.779541
1453.000000,1737.548706
1453.500000,1749.034546
1454.000000,1762.212036
1454.500000,1775.896973
1455.000000,1788.214966
1455.500000,1798.080811
1456.000000,1805.840576
1456.500000,1813.149658
1457.000000,1821.022217
1457.500000,1829.138184
1458.000000,1836.090820
1458.500000,1840.903564
1459.000000,1843.093872
1459.500000,1843.856323
1460.000000,1844.829590
1460.500000,1847.267334
1461.000000,1851.097290
1461.500000,1855.152222
1462.000000,1858.167114
1462.500000,1859.483643
1463.000000,1860.198608
1463.500000,1861.613647
1464.000000,1864.154663
1464.500000,1866.874023
1465.000000,1867.928467
1465.500000,1866.083496
1466.000000,1861.809692
1466.500000,1857.526978
1467.000000,1855.718628
1467.500000,1856.787964
1468.000000,1860.401611
1468.500000,1864.674438
1469.000000,1868.166870
1469.500000,1870.046875
1470.000000,1869.720825
1470.500000,1866.611450
1471.000000,1861.123901
1471.500000,1854.232544
1472.000000,1848.047729
1472.500000,1844.953247
1473.000000,1845.007935
1473.500000,1847.167480
1474.000000,1848.572144
1474.500000,1846.335571
1475.000000,1838.986816
1475.500000,1827.592651
1476.000000,1814.600464
1476.500000,1803.067261
1477.000000,1795.753174
1477.500000,1792.117432
1478.000000,1790.618042
1478.500000,1787.923340
1479.000000,1781.122559
1479.500000,1769.681885
1480.000000,1755.542725
1480.500000,1741.682129
1481.000000,1729.963989
1481.500000,1720.690063
1482.000000,1712.026001
1482.500000,1702.238647
1483.000000,1690.991333
1483.500000,1679.146851
1484.000000,1668.487549
1484.500000,1660.563354
1485.000000,1655.548950
1485.500000,1652.033936
1486.000000,1647.946411
1486.500000,1641.644775
1487.000000,1632.096191
1487.500000,1621.141357
1488.000000,1611.259766
1488.500000,1604.438477
1489.000000,1601.197632
1489.500000,1599.940430
1490.000000,1598.898804
1490.500000,1597.440552
1491.000000,1596.050659
1491.500000,1595.280151
1492.000000,1594.592529
1492.500000,1592.720947
1493.000000,1589.294312
1493.500000,1585.298096
1494.000000,1582.460083
1494.500000,1581.426392
1495.000000,1581.221313
1495.500000,1580.276001
1496.000000,1578.146973
1496.500000,1576.253540
1497.000000,1576.297852
1497.500000,1577.400757
1498.000000,1576.253418
1498.500000,1570.174072
1499.000000,1559.260132
1499.500000,1547.540161
1500.000000,1540.292114
1500.500000,1541.138550
1501.000000,1547.644409
1501.500000,1555.364380
1502.000000,1559.249756
1502.500000,1556.977905
1503.000000,1551.087524
1503.500000,1545.119751
1504.000000,1542.191895
1504.500000,1543.440308
1505.000000,1548.194458
1505.500000,1553.929443
1506.000000,1558.010132
1506.500000,1559.408081
1507.000000,1558.324097
1507.500000,1557.012573
1508.000000,1557.626343
1508.500000,1560.652832
1509.000000,1564.607544
1509.500000,1566.757812
1510.000000,1565.240356
1510.500000,1559.855103
1511.000000,1553.679688
1511.500000,1550.010864
1512.000000,1550.074951
1512.500000,1554.193115
1513.000000,1560.516602
1513.500000,1567.360840
1514.000000,1573.357422
1514.500000,1577.396484
1515.000000,1578.279663
1515.500000,1575.959351
1516.000000,1570.629761
1516.500000,1564.820923
1517.000000,1561.305420
1517.500000,1561.201050
1518.000000,1563.984253
1518.500000,1567.075562
1519.000000,1568.256836
1519.500000,1567.391235
1520.000000,1566.422729
1520.500000,1567.607788
1521.000000,1571.076782
1521.500000,1575.407471
1522.000000,1577.982544
1522.500000,1576.556885
1523.000000,1571.707520
1523.500000,1565.442261
1524.000000,1560.245361
1524.500000,1557.859863
1525.000000,1559.244141
1525.500000,1563.090454
1526.000000,1567.545410
1526.500000,1569.915161
1527.000000,1567.908325
1527.500000,1562.306885
1528.000000,1555.524902
1528.500000,1551.052002
1529.000000,1551.125977
1529.500000,1555.674072
1530.000000,1561.473511
1530.500000,1564.733643
1531.000000,1564.419678
1531.500000,1561.386108
1532.000000,1558.421631
1532.500000,1557.138672
1533.000000,1556.890747
1533.500000,1555.718018
1534.000000,1552.194092
1534.500000,1547.193848
1535.000000,1543.194092
1535.500000,1541.760010
1536.000000,1543.111328
1536.500000,1544.909180
1537.000000,1545.179443
1537.500000,1543.863647
1538.000000,1542.762329
1538.500000,1544.337402
1539.000000,1549.214233
1539.500000,1556.450439
1540.000000,1563.655640
1540.500000,1568.645752
1541.000000,1571.046997
1541.500000,1570.620972
1542.000000,1568.412842
1542.500000,1565.515747
1543.000000,1563.368652
1543.500000,1563.224121
1544.000000,1565.571167
1544.500000,1569.052002
1545.000000,1571.191528
1545.500000,1570.213501
1546.000000,1565.361328
1546.500000,1559.892822
1547.000000,1557.610352
1547.500000,1560.403198
1548.000000,1567.405396
1548.500000,1575.146851
1549.000000,1579.831055
1549.500000,1578.975830
1550.000000,1574.274048
1550.500000,1568.014404
1551.000000,1562.587646
1551.500000,1559.352905
1552.000000,1558.603027
1552.500000,1560.923950
1553.000000,1566.349121
1553.500000,1573.532715
1554.000000,1579.674194
1554.500000,1582.508667
1555.000000,1580.943115
1555.500000,1577.799683
1556.000000,1576.375977
1556.500000,1578.106079
1557.000000,1581.875977
1557.500000,1584.373169
1558.000000,1583.541748
1558.500000,1579.837646
1559.000000,1575.747192
1559.500000,1573.373901
1560.000000,1572.749756
1560.500000,1573.140381
1561.000000,1573.613525
1561.500000,1574.326904
1562.000000,1575.521240
1562.500000,1576.680420
1563.000000,1576.625488
1563.500000,1574.718384
1564.000000,1571.435181
1564.500000,1568.552612
1565.000000,1567.649414
1565.500000,1568.340332
1566.000000,1569.844727
1566.500000,1571.164917
1567.000000,1571.901978
1567.500000,1571.998779
1568.000000,1571.214966
1568.500000,1569.242188
1569.000000,1566.499146
1569.500000,1563.978027
1570.000000,1562.582886
1570.500000,1562.590454
1571.000000,1562.889893
1571.500000,1562.374756
1572.000000,1561.239624
1572.500000,1560.728271
1573.000000,1561.883057
1573.500000,1564.118774
1574.000000,1565.422729
1574.500000,1564.046021
1575.000000,1558.892578
1575.500000,1552.496948
1576.000000,1547.491577
1576.500000,1545.271606
1577.000000,1545.585571
1577.500000,1546.691040
1578.000000,1546.926392
1578.500000,1545.911011
1579.000000,1545.018799
1579.500000,1545.952148
1580.000000,1548.588501
1580.500000,1551.352783
1581.000000,1551.705933
1581.500000,1547.622925
1582.000000,1539.935547
1582.500000,1531.840576
1583.000000,1526.226929
1583.500000,1523.390503
1584.000000,1521.593872
1584.500000,1518.286133
1585.000000,1512.388306
1585.500000,1506.032104
1586.000000,1501.775269
1586.500000,1499.944580
1587.000000,1498.833130
1587.500000,1496.471680
1588.000000,1493.041382
1588.500000,1491.195679
1589.000000,1493.066650
1589.500000,1498.435059
1590.000000,1503.137695
1590.500000,1502.908569
1591.000000,1497.316040
1591.500000,1488.789917
1592.000000,1481.410767
1592.500000,1477.129272
1593.000000,1474.988281
1593.500000,1472.779053
1594.000000,1469.674438
1594.500000,1466.755127
1595.000000,1465.384766
1595.500000,1464.933960
1596.000000,1463.153442
1596.500000,1458.404907
1597.000000,1450.984497
1597.500000,1442.888916
1598.000000,1436.148193
1598.500000,1431.513916
1599.000000,1427.810547
1599.500000,1424.400024
1600.000000,1421.669800
1600.500000,1420.659668
1601.000000,1421.032227
1601.500000,1420.889526
1602.000000,1417.744019
1602.500000,1411.240234
1603.000000,1403.238647
1603.500000,1396.655029
1604.000000,1393.428345
1604.500000,1391.874023
1605.000000,1389.146118
1605.500000,1383.294434
1606.000000,1374.952026
1606.500000,1366.871826
1607.000000,1361.682861
1607.500000,1360.337646
1608.000000,1360.993652
1608.500000,1360.884399
1609.000000,1358.256592
1609.500000,1352.707520
1610.000000,1346.170288
1610.500000,1340.544678
1611.000000,1336.632080
1611.500000,1333.570068
1612.000000,1329.150879
1612.500000,1321.844727
1613.000000,1311.378540
1613.500000,1299.976685
1614.000000,1290.492920
1614.500000,1284.302734
1615.000000,1281.731079
1615.500000,1280.306030
1616.000000,1277.701172
1616.500000,1272.671143
1617.000000,1265.642212
1617.500000,1258.041504
1618.000000,1251.581421
1618.500000,1247.184082
1619.000000,1243.800293
1619.500000,1240.035645
1620.000000,1234.875000
1620.500000,1228.168823
1621.000000,1220.924683
1621.500000,1214.294312
1622.000000,1208.753296
1622.500000,1204.036865
1623.000000,1200.060913
1623.500000,1196.760010
1624.000000,1194.273193
1624.500000,1191.923584
1625.000000,1188.786255
1625.500000,1184.752197
1626.000000,1180.773926
1626.500000,1178.114014
1627.000000,1176.710571
1627.500000,1174.517334
1628.000000,1169.468628
1628.500000,1160.907104
1629.000000,1152.189941
1629.500000,1147.669434
1630.000000,1148.912964
1630.500000,1154.428223
1631.000000,1159.204590
1631.500000,1159.417847
1632.000000,1153.958618
1632.500000,1145.474731
1633.000000,1136.907471
1633.500000,1130.339233
1634.000000,1126.244751
1634.500000,1123.292236
1635.000000,1120.518433
1635.500000,1117.481201
1636.000000,1114.425171
1636.500000,1111.886475
1637.000000,1109.863770
1637.500000,1107.500000
1638.000000,1103.700195
1638.500000,1097.360962
1639.000000,1089.427734
1639.500000,1081.425293
1640.000000,1074.763916
1640.500000,1069.575317
1641.000000,1064.910767
1641.500000,1059.805420
1642.000000,1054.017456
1642.500000,1048.076294
1643.000000,1042.564209
1643.500000,1037.720581
1644.000000,1034.235840
1644.500000,1032.619507
1645.000000,1033.216675
1645.500000,1034.712280
1646.000000,1034.486694
1646.500000,1030.273193
1647.000000,1022.304871
1647.500000,1011.994751
1648.000000,1002.025330
1648.500000,994.316101
1649.000000,988.646301
1649.500000,984.844421
1650.000000,982.574707
1650.500000,981.765747
1651.000000,982.038269
1651.500000,982.538452
1652.000000,982.526184
1652.500000,981.840332
1653.000000,980.261658
1653.500000,977.777344
1654.000000,973.971741
1654.500000,969.158691
1655.000000,964.209229
1655.500000,959.970642
1656.000000,956.602417
1656.500000,953.592957
1657.000000,950.221069
1657.500000,946.228394
1658.000000,942.171143
1658.500000,938.766296
1659.000000,936.421936
1659.500000,935.456177
1660.000000,935.461731
1660.500000,935.156921
1661.000000,932.807800
1661.500000,927.741333
1662.000000,920.629944
1662.500000,914.197754
1663.000000,911.655579
1663.500000,912.419556
1664.000000,914.378662
1664.500000,914.723816
1665.000000,912.211731
1665.500000,907.755859
1666.000000,903.215393
1666.500000,899.546509
1667.000000,896.563599
1667.500000,894.401794
1668.000000,893.409790
1668.500000,894.388916
1669.000000,896.523315
1669.500000,898.051758
1670.000000,897.319458
1670.500000,893.675293
1671.000000,887.327087
1671.500000,879.510437
1672.000000,871.412842
1672.500000,864.279785
1673.000000,859.550415
1673.500000,857.250488
1674.000000,856.848267
1674.500000,856.779541
1675.000000,856.155273
1675.500000,855.302368
1676.000000,855.024475
1676.500000,855.597778
1677.000000,856.116455
1677.500000,855.385071
1678.000000,853.491638
1678.500000,851.002197
1679.000000,848.631287
1679.500000,846.465759
1680.000000,844.205017
1680.500000,841.768494
1681.000000,839.197144
1681.500000,836.211914
1682.000000,831.819214
1682.500000,825.852966
1683.000000,819.385071
1683.500000,814.578369
1684.000000,813.217163
1684.500000,814.869751
1685.000000,817.476685
1685.500000,818.711304
1686.000000,817.891418
1686.500000,815.158752
1687.000000,811.580750
1687.500000,807.849915
1688.000000,804.954224
1688.500000,804.214966
1689.000000,805.853210
1689.500000,808.759644
1690.000000,810.622681
1690.500000,809.620667
1691.000000,805.722778
1691.500000,801.166565
1692.000000,797.354675
1692.500000,793.796021
1693.000000,788.858154
1693.500000,781.988770
1694.000000,774.654724
1694.500000,769.068054
1695.000000,766.291260
1695.500000,765.931580
1696.000000,766.514404
1696.500000,767.534546
1697.000000,768.975281
1697.500000,770.412720
1698.000000,770.584778
1698.500000,768.089966
1699.000000,763.717773
1699.500000,759.937683
1700.000000,758.784912
1700.500000,759.909363
1701.000000,761.239563
1701.500000,760.649658
1702.000000,757.833435
1702.500000,754.775879
1703.000000,753.063782
1703.500000,752.649597
1704.000000,752.279419
1704.500000,750.798157
1705.000000,748.161316
1705.500000,744.840332
1706.000000,741.425415
1706.500000,738.273987
1707.000000,735.703308
1707.500000,734.332214
1708.000000,734.165466
1708.500000,734.802246
1709.000000,735.419373
1709.500000,735.586548
1710.000000,735.517700
1710.500000,735.552734
1711.000000,735.645935
1711.500000,735.490662
1712.000000,735.017822
1712.500000,734.614746
1713.000000,734.287720
1713.500000,733.260010
1714.000000,730.385437
1714.500000,725.462280
1715.000000,720.391541
1715.500000,717.521973
1716.000000,717.343262
1716.500000,718.849182
1717.000000,719.320801
1717.500000,717.387207
1718.000000,714.327698
1718.500000,712.283630
1719.000000,712.588379
1719.500000,714.784668
1720.000000,717.340332
1720.500000,719.091003
1721.000000,719.286011
1721.500000,717.821106
1722.000000,713.577454
1722.500000,707.065857
1723.000000,699.772156
1723.500000,694.291687
1724.000000,692.582581
1724.500000,694.475708
1725.000000,696.859009
1725.500000,696.795349
1726.000000,694.122070
1726.500000,690.439026
1727.000000,688.448181
1727.500000,689.222229
1728.000000,691.105408
1728.500000,691.810059
1729.000000,690.061462
1729.500000,686.645264
1730.000000,683.639160
1730.500000,682.387329
1731.000000,683.254456
1731.500000,684.730408
1732.000000,685.421021
1732.500000,685.000793
1733.000000,683.898132
1733.500000,682.631287
1734.000000,681.059814
1734.500000,678.372986
1735.000000,674.417358
1735.500000,669.890381
1736.000000,666.227722
1736.500000,664.653076
1737.000000,664.493103
1737.500000,664.167236
1738.000000,662.498657
1738.500000,659.672668
1739.000000,657.187256
1739.500000,656.767273
1740.000000,659.170105
1740.500000,662.987061
1741.000000,666.203247
1741.500000,666.992432
1742.000000,663.828430
1742.500000,657.922363
1743.000000,651.172913
1743.500000,645.796204
1744.000000,643.180603
1744.500000,643.690247
1745.000000,645.736694
1745.500000,648.086365
1746.000000,649.581482
1746.500000,649.017334
1747.000000,646.150757
1747.500000,641.422119
1748.000000,636.465698
1748.500000,633.327209
1749.000000,633.393677
1749.500000,635.514526
1750.000000,637.450134
1750.500000,637.605774
1751.000000,635.700745
1751.500000,633.560730
1752.000000,632.743347
1752.500000,633.178955
1753.000000,633.775269
1753.500000,633.464294
1754.000000,632.210938
1754.500000,630.770081
1755.000000,629.692810
1755.500000,628.760742
1756.000000,627.174622
1756.500000,624.158142
1757.000000,620.179504
1757.500000,616.272949
1758.000000,613.622070
1758.500000,612.836670
1759.000000,613.491150
1759.500000,614.182922
1760.000000,613.735779
1760.500000,612.213135
1761.000000,610.458984
1761.500000,609.568420
1762.000000,609.719421
1762.500000,609.900818
1763.000000,608.789795
1763.500000,605.736633
1764.000000,601.860107
1764.500000,598.672363
1765.000000,597.016663
1765.500000,597.071411
1766.000000,597.463013
1766.500000,596.944214
1767.000000,595.177673
1767.500000,592.706055
1768.000000,590.889099
1768.500000,590.904358
1769.000000,593.107239
1769.500000,596.163208
1770.000000,597.821777
1770.500000,596.456909
1771.000000,591.495544
1771.500000,584.830627
1772.000000,578.665833
1772.500000,574.766663
1773.000000,573.536255
1773.500000,574.574158
1774.000000,577.065002
1774.500000,580.564331
1775.000000,583.938354
1775.500000,585.687256
1776.000000,585.411743
1776.500000,583.568665
1777.000000,581.850952
1777.500000,581.486084
1778.000000,581.976929
1778.500000,581.752808
1779.000000,579.467407
1779.500000,575.638184
1780.000000,571.735718
1780.500000,568.994629
1781.000000,568.011658
1781.500000,568.444397
1782.000000,569.926270
1782.500000,571.709534
1783.000000,572.759460
1783.500000,572.020325
1784.000000,569.687134
1784.500000,567.191711
1785.000000,566.052307
1785.500000,566.683350
1786.000000,567.416016
1786.500000,566.096619
1787.000000,562.420532
1787.500000,557.920654
1788.000000,554.890381
1788.500000,554.689331
1789.000000,557.027893
1789.500000,559.848450
1790.000000,561.487732
1790.500000,561.547485
1791.000000,560.357178
1791.500000,558.818237
1792.000000,557.173218
1792.500000,555.179504
1793.000000,552.775208
1793.500000,550.682983
1794.000000,549.710571
1794.500000,550.178589
1795.000000,550.586121
1795.500000,548.893921
1796.000000,544.975830
1796.500000,540.420837
1797.000000,537.820801
1797.500000,538.763611
1798.000000,542.263123
1798.500000,545.615112
1799.000000,546.358337
1799.500000,544.330444
1800.000000,540.629700
1800.500000,537.395752
1801.000000,535.788757
1801.500000,535.355286
1802.000000,534.572510
1802.500000,532.290161
1803.000000,528.951172
1803.500000,526.044434
1804.000000,524.857056
1804.500000,525.556152
1805.000000,526.729004
1805.500000,527.531067
1806.000000,527.964600
1806.500000,528.374817
1807.000000,528.738220
1807.500000,528.900452
1808.000000,529.239075
1808.500000,530.425781
1809.000000,532.349487
1809.500000,533.505005
1810.000000,532.148010
