440.000000,5698.285156
440.500000,5692.006348
441.000000,5680.622070
441.500000,5666.749512
442.000000,5652.805664
442.500000,5641.646973
443.000000,5635.052246
443.500000,5632.604004
444.000000,5633.413574
444.500000,5636.639648
445.000000,5641.983887
445.500000,5650.329102
446.000000,5661.538574
446.500000,5675.501953
447.000000,5690.067383
447.500000,5702.323730
448.000000,5710.886719
448.500000,5716.333984
449.000000,5720.419434
449.500000,5724.773926
450.000000,5729.197266
450.500000,5730.909668
451.000000,5725.365234
451.500000,5712.184570
452.000000,5691.027344
452.500000,5666.425293
453.000000,5643.636230
453.500000,5625.111816
454.000000,5610.117676
454.500000,5596.172363
455.000000,5580.436035
455.500000,5562.003906
456.000000,5543.936523
456.500000,5530.081543
457.000000,5521.836914
457.500000,5519.490723
458.000000,5519.295410
458.500000,5516.720703
459.000000,5509.655273
459.500000,5498.843262
460.000000,5486.589844
460.500000,5476.467285
461.000000,5470.831055
461.500000,5468.166504
462.000000,5466.873535
462.500000,5464.845215
463.000000,5460.926270
463.500000,5456.166016
464.000000,5452.291504
464.500000,5450.533691
465.000000,5450.586914
465.500000,5451.028320
466.000000,5449.520996
466.500000,5444.576172
467.000000,5437.265137
467.500000,5429.572266
468.000000,5424.413574
468.500000,5424.066406
469.000000,5427.921387
469.500000,5433.227051
470.000000,5436.758301
470.500000,5436.474609
471.000000,5430.823730
471.500000,5423.648438
472.000000,5418.580078
472.500000,5418.289551
473.000000,5424.217773
473.500000,5435.249512
474.000000,5447.453125
474.500000,5457.251465
475.000000,5463.093262
475.500000,5463.784668
476.000000,5461.388184
476.500000,5458.199707
477.000000,5456.463867
477.500000,5457.457520
478.000000,5461.162109
478.500000,5466.643555
479.000000,5472.163574
479.500000,5476.033203
480.000000,5477.005859
480.500000,5475.544434
481.000000,5472.074707
481.500000,5468.189453
482.000000,5464.865234
482.500000,5461.875000
483.000000,5458.172363
483.500000,5452.479492
484.000000,5444.224609
484.500000,5434.298828
485.000000,5425.291016
485.500000,5420.059082
486.000000,5418.952148
486.500000,5421.675781
487.000000,5424.737793
487.500000,5424.337891
488.000000,5419.091797
488.500000,5410.312500
489.000000,5401.403809
489.500000,5397.309570
490.000000,5402.548340
490.500000,5414.920898
491.000000,5432.295410
491.500000,5449.824707
492.000000,5463.350586
492.500000,5471.160156
493.000000,5475.153809
493.500000,5477.704590
494.000000,5480.906738
494.500000,5485.703613
495.000000,5491.265137
495.500000,5496.128418
496.000000,5499.665527
496.500000,5501.561523
497.000000,5502.135742
497.500000,5501.297852
498.000000,5498.601562
498.500000,5494.105469
499.000000,5488.354980
499.500000,5482.912109
500.000000,5480.050781
500.500000,5480.743652
501.000000,5484.524902
501.500000,5488.628418
502.000000,5490.207520
502.500000,5487.462891
503.000000,5480.170410
503.500000,5470.113770
504.000000,5460.150391
504.500000,5451.798828
505.000000,5444.807617
505.500000,5438.099609
506.000000,5430.031250
506.500000,5419.793457
507.000000,5408.126465
507.500000,5396.118652
508.000000,5384.821289
508.500000,5374.789062
509.000000,5366.267578
509.500000,5358.884277
510.000000,5353.163574
510.500000,5349.127930
511.000000,5347.289062
511.500000,5347.151367
512.000000,5347.687988
512.500000,5347.842773
513.000000,5347.099609
513.500000,5345.455078
514.000000,5343.487305
514.500000,5341.759766
515.000000,5340.261719
515.500000,5338.690918
516.000000,5336.859375
516.500000,5335.018066
517.000000,5334.095703
517.500000,5335.220703
518.000000,5338.702637
518.500000,5343.632812
519.000000,5348.521973
519.500000,5351.764648
520.000000,5351.512695
520.500000,5349.134766
521.000000,5346.265625
521.500000,5344.906738
522.000000,5346.636719
522.500000,5351.878906
523.000000,5359.407227
523.500000,5367.401855
524.000000,5374.446289
524.500000,5379.392578
525.000000,5382.408203
525.500000,5383.296875
526.000000,5382.858887
526.500000,5381.715820
527.000000,5380.648438
527.500000,5380.476562
528.000000,5381.885254
528.500000,5384.655762
529.000000,5387.459961
529.500000,5388.649414
530.000000,5386.355957
530.500000,5380.852539
531.000000,5373.072754
531.500000,5365.754883
532.000000,5361.025879
532.500000,5359.058594
533.000000,5358.032227
533.500000,5355.088867
534.000000,5348.086426
534.500000,5336.342773
535.000000,5323.861328
535.500000,5315.056641
536.000000,5312.820801
536.500000,5318.658691
537.000000,5330.290527
537.500000,5342.354004
538.000000,5350.256836
538.500000,5352.557617
539.000000,5348.772949
539.500000,5342.066406
540.000000,5334.912109
540.500000,5328.702148
541.000000,5323.108887
541.500000,5317.264648
542.000000,5310.872070
542.500000,5304.856934
543.000000,5301.255859
543.500000,5301.977051
544.000000,5306.177734
544.500000,5312.509766
545.000000,5317.999023
545.500000,5319.660156
546.000000,5316.529785
546.500000,5310.026367
547.000000,5302.458984
547.500000,5296.122559
548.000000,5292.666016
548.500000,5292.020996
549.000000,5293.668457
549.500000,5295.936035
550.000000,5298.127930
550.500000,5299.990234
551.000000,5301.587402
551.500000,5303.081543
552.000000,5304.390625
552.500000,5305.171387
553.000000,5305.196777
553.500000,5304.333984
554.000000,5303.107422
554.500000,5302.464355
555.000000,5303.224609
555.500000,5305.730957
556.000000,5309.192383
556.500000,5312.159668
557.000000,5312.887207
557.500000,5310.077637
558.000000,5303.608887
558.500000,5295.553223
559.000000,5287.797363
559.500000,5281.682129
560.000000,5277.829102
560.500000,5275.108398
561.000000,5271.939453
561.500000,5267.678711
562.000000,5263.022949
562.500000,5259.643066
563.000000,5259.030762
563.500000,5262.798340
564.000000,5269.174316
564.500000,5275.960938
565.000000,5280.902344
565.500000,5282.174805
566.000000,5279.595215
566.500000,5273.730469
567.000000,5266.000488
567.500000,5257.849121
568.000000,5250.222168
568.500000,5243.686035
569.000000,5239.048340
569.500000,5236.253906
570.000000,5235.035156
570.500000,5234.181641
571.000000,5232.491211
571.500000,5229.107910
572.000000,5223.951660
572.500000,5217.525879
573.000000,5211.059082
573.500000,5205.286133
574.000000,5199.989746
574.500000,5194.644531
575.000000,5188.831055
575.500000,5182.872559
576.000000,5178.300293
576.500000,5176.811035
577.000000,5179.442383
577.500000,5185.171387
578.000000,5192.064453
578.500000,5197.039551
579.000000,5196.497559
579.500000,5191.287598
580.000000,5182.881348
580.500000,5174.404297
581.000000,5168.626953
581.500000,5166.950195
582.000000,5168.393066
582.500000,5170.535645
583.000000,5171.291992
583.500000,5169.204590
584.000000,5164.961914
584.500000,5159.128418
585.000000,5152.603516
585.500000,5145.397949
586.000000,5137.197266
586.500000,5128.074707
587.000000,5118.863770
587.500000,5111.050293
588.000000,5107.013672
588.500000,5106.848633
589.000000,5110.117188
589.500000,5114.606934
590.000000,5118.410156
590.500000,5120.270996
591.000000,5119.877441
591.500000,5118.048340
592.000000,5116.369141
592.500000,5116.252930
593.000000,5118.322754
593.500000,5123.538086
594.000000,5131.126953
594.500000,5140.159180
595.000000,5148.420898
595.500000,5153.919922
596.000000,5155.636230
596.500000,5154.115234
597.000000,5150.968262
597.500000,5149.014160
598.000000,5150.750000
598.500000,5155.426270
599.000000,5161.638672
599.500000,5166.845215
600.000000,5168.910645
600.500000,5167.433105
601.000000,5164.049805
601.500000,5161.470703
602.000000,5161.562988
602.500000,5165.606445
603.000000,5172.418945
603.500000,5180.724121
604.000000,5188.248047
604.500000,5193.189453
605.000000,5195.130371
605.500000,5194.093262
606.000000,5190.706055
606.500000,5186.079102
607.000000,5181.175293
607.500000,5176.720215
608.000000,5172.738281
608.500000,5168.520508
609.000000,5162.968750
609.500000,5155.463867
610.000000,5145.793457
610.500000,5135.163574
611.000000,5126.008789
611.500000,5120.940918
612.000000,5120.955078
612.500000,5126.995605
613.000000,5136.455566
613.500000,5146.444824
614.000000,5153.447266
614.500000,5155.429688
615.000000,5153.114746
615.500000,5148.647461
616.000000,5144.864746
616.500000,5143.909180
617.000000,5146.903320
617.500000,5151.607422
618.000000,5155.778809
618.500000,5157.960449
619.000000,5157.528809
619.500000,5155.636719
620.000000,5153.918457
620.500000,5153.790527
621.000000,5155.357422
621.500000,5158.277344
622.000000,5161.856934
622.500000,5166.031250
623.000000,5170.898926
623.500000,5177.010742
624.000000,5184.023926
624.500000,5191.158203
625.000000,5197.416504
625.500000,5202.013672
626.000000,5204.578125
626.500000,5205.565430
627.000000,5205.340820
627.500000,5204.700195
628.000000,5203.844238
628.500000,5202.896484
629.000000,5201.861816
629.500000,5200.750000
630.000000,5199.572266
630.500000,5198.439941
631.000000,5197.680664
631.500000,5197.950195
632.000000,5199.601562
632.500000,5203.005859
633.000000,5207.024902
633.500000,5209.369629
634.000000,5207.707031
634.500000,5200.634766
635.000000,5189.278320
635.500000,5176.826660
636.000000,5167.444824
636.500000,5163.870605
637.000000,5168.144043
637.500000,5175.942871
638.000000,5183.156250
638.500000,5186.799805
639.000000,5185.625488
639.500000,5181.442383
640.000000,5177.062988
640.500000,5174.747559
641.000000,5174.034180
641.500000,5173.122559
642.000000,5170.522461
642.500000,5165.733398
643.000000,5160.609863
643.500000,5157.768555
644.000000,5158.655762
644.500000,5162.236816
645.000000,5165.834961
645.500000,5166.853516
646.000000,5163.826660
646.500000,5158.110352
647.000000,5152.183594
647.500000,5148.916992
648.000000,5149.838379
648.500000,5153.554688
649.000000,5158.188477
649.500000,5161.636719
650.000000,5162.618164
650.500000,5160.868164
651.000000,5157.573242
651.500000,5154.053223
652.000000,5151.306641
652.500000,5150.090332
653.000000,5150.151367
653.500000,5151.045898
654.000000,5151.662109
654.500000,5150.545898
655.000000,5146.711914
655.500000,5140.140625
656.000000,5131.316406
656.500000,5121.968750
657.000000,5114.177246
657.500000,5109.259766
658.000000,5108.377930
658.500000,5109.923828
659.000000,5111.880859
659.500000,5111.965820
660.000000,5108.671875
660.500000,5101.632324
661.000000,5092.630859
661.500000,5084.246582
662.000000,5078.121582
662.500000,5074.605469
663.000000,5071.744629
663.500000,5067.162109
664.000000,5059.435059
664.500000,5048.867188
665.000000,5037.945312
665.500000,5029.673828
666.000000,5025.756836
666.500000,5024.601074
667.000000,5023.624512
667.500000,5019.988770
668.000000,5011.705078
668.500000,5000.126465
669.000000,4988.496094
669.500000,4979.846680
670.000000,4975.449707
670.500000,4975.126465
671.000000,4976.496582
671.500000,4977.059082
672.000000,4974.877441
672.500000,4968.636230
673.000000,4959.433105
673.500000,4948.483398
674.000000,4937.780273
674.500000,4929.400879
675.000000,4925.175781
675.500000,4925.460449
676.000000,4930.100098
676.500000,4936.272461
677.000000,4941.669434
677.500000,4944.661621
678.000000,4944.062012
678.500000,4940.454102
679.000000,4935.041992
679.500000,4929.729004
680.000000,4926.283691
680.500000,4925.986816
681.000000,4928.399902
681.500000,4932.854004
682.000000,4937.209473
682.500000,4939.341309
683.000000,4938.276367
683.500000,4934.370117
684.000000,4929.426758
684.500000,4925.061035
685.000000,4922.048340
685.500000,4919.954102
686.000000,4918.129883
686.500000,4916.349121
687.000000,4915.951172
687.500000,4918.150391
688.000000,4923.605957
688.500000,4930.689941
689.000000,4936.503906
689.500000,4938.109863
690.000000,4934.692871
690.500000,4927.073730
691.000000,4919.057617
691.500000,4913.539062
692.000000,4910.636719
692.500000,4909.523926
693.000000,4908.543457
693.500000,4907.104980
694.000000,4906.074219
694.500000,4906.928711
695.000000,4909.924805
695.500000,4913.248047
696.000000,4914.242676
696.500000,4911.892578
697.000000,4906.161621
697.500000,4899.657715
698.000000,4895.165039
698.500000,4893.555664
699.000000,4893.091797
699.500000,4891.180664
700.000000,4886.299316
700.500000,4878.234375
701.000000,4869.256348
701.500000,4861.883789
702.000000,4857.332031
702.500000,4855.642578
703.000000,4855.796387
703.500000,4857.831055
704.000000,4862.720703
704.500000,4871.427246
705.000000,4884.565430
705.500000,4900.030762
706.000000,4914.259766
706.500000,4924.472168
707.000000,4928.907715
707.500000,4929.436035
708.000000,4928.722656
708.500000,4929.739258
709.000000,4934.265137
709.500000,4942.673340
710.000000,4953.105469
710.500000,4963.275391
711.000000,4971.256836
711.500000,4974.703125
712.000000,4973.256836
712.500000,4966.245605
713.000000,4955.097656
713.500000,4942.178711
714.000000,4930.701172
714.500000,4922.700195
715.000000,4919.018066
715.500000,4917.656738
716.000000,4916.083984
716.500000,4911.811035
717.000000,4902.692383
717.500000,4889.067871
718.000000,4872.428711
718.500000,4855.294922
719.000000,4839.913574
719.500000,4828.245605
720.000000,4820.609863
720.500000,4817.532715
721.000000,4816.955566
721.500000,4816.926758
722.000000,4815.192383
722.500000,4810.748535
723.000000,4804.538086
723.500000,4798.652344
724.000000,4795.445801
724.500000,4795.977539
725.000000,4800.692383
725.500000,4807.746582
726.000000,4815.913086
726.500000,4824.298828
727.000000,4832.871094
727.500000,4841.307617
728.000000,4848.340332
728.500000,4851.970215
729.000000,4850.790527
729.500000,4844.339844
730.000000,4835.988281
730.500000,4830.805664
731.000000,4831.768066
731.500000,4841.269043
732.000000,4856.776367
732.500000,4874.971191
733.000000,4892.007812
733.500000,4905.432129
734.000000,4914.221680
734.500000,4919.704590
735.000000,4922.087402
735.500000,4922.350098
736.000000,4920.912109
736.500000,4919.475098
737.000000,4920.387695
737.500000,4925.369629
738.000000,4934.767578
738.500000,4945.916016
739.000000,4954.833496
739.500000,4957.981445
740.000000,4955.773926
740.500000,4949.795898
741.000000,4944.341797
741.500000,4942.667969
742.000000,4944.665039
742.500000,4947.082031
743.000000,4945.458008
743.500000,4937.397949
744.000000,4922.850098
744.500000,4905.493164
745.000000,4889.170410
745.500000,4876.184570
746.000000,4867.327637
746.500000,4860.392578
747.000000,4853.613770
747.500000,4846.917969
748.000000,4841.777832
748.500000,4839.849609
749.000000,4840.858398
749.500000,4842.799805
750.000000,4842.217773
750.500000,4835.060547
751.000000,4821.905762
751.500000,4805.511230
752.000000,4790.270508
752.500000,4779.724609
753.000000,4775.180664
753.500000,4775.351562
754.000000,4778.425293
754.500000,4781.975586
755.000000,4784.329102
755.500000,4784.692871
756.000000,4781.564453
756.500000,4774.408691
757.000000,4762.783691
757.500000,4748.102539
758.000000,4733.044922
758.500000,4720.613770
759.000000,4712.217285
759.500000,4708.263672
760.000000,4705.792969
760.500000,4702.747070
761.000000,4698.339355
761.500000,4692.926758
762.000000,4687.672852
762.500000,4683.508301
763.000000,4680.782715
763.500000,4679.400879
764.000000,4679.889648
764.500000,4682.253906
765.000000,4686.534668
765.500000,4690.889648
766.000000,4692.528320
766.500000,4689.520508
767.000000,4681.151367
767.500000,4669.475098
768.000000,4658.312500
768.500000,4651.439941
769.000000,4648.962891
769.500000,4649.762207
770.000000,4650.799805
770.500000,4650.130371
771.000000,4647.656250
771.500000,4644.035156
772.000000,4640.129395
772.500000,4636.042969
773.000000,4631.385254
773.500000,4626.476562
774.000000,4622.715820
774.500000,4621.356445
775.000000,4623.520020
775.500000,4627.552246
776.000000,4631.016113
776.500000,4631.552734
777.000000,4628.088867
777.500000,4621.814453
778.000000,4615.507812
778.500000,4611.224121
779.000000,4609.245117
779.500000,4609.372070
780.000000,4610.202148
780.500000,4610.837402
781.000000,4610.631836
781.500000,4608.911621
782.000000,4605.276855
782.500000,4600.206055
783.000000,4595.166504
783.500000,4592.054688
784.000000,4592.704590
784.500000,4596.143555
785.000000,4600.321777
785.500000,4602.255859
786.000000,4599.731934
786.500000,4593.640137
787.000000,4587.108887
787.500000,4583.240234
788.000000,4582.843262
788.500000,4585.089355
789.000000,4587.651367
789.500000,4589.263184
790.000000,4590.686035
790.500000,4594.101074
791.000000,4601.078613
791.500000,4611.655273
792.000000,4623.203613
792.500000,4632.524414
793.000000,4636.858398
793.500000,4635.920410
794.000000,4629.140137
794.500000,4618.737793
795.000000,4605.965332
795.500000,4593.252441
796.000000,4583.547363
796.500000,4579.113770
797.000000,4580.605469
797.500000,4586.776367
798.000000,4594.087402
798.500000,4598.712402
799.000000,4598.858398
799.500000,4593.559082
800.000000,4585.646973
800.500000,4577.955078
801.000000,4572.898926
801.500000,4571.214355
802.000000,4572.044922
802.500000,4573.847656
803.000000,4575.456543
803.500000,4576.460449
804.000000,4577.240723
804.500000,4578.811523
805.000000,4582.492188
805.500000,4588.429688
806.000000,4595.739746
806.500000,4602.126465
807.000000,4605.472168
807.500000,4604.849121
808.000000,4602.034180
808.500000,4600.197266
809.000000,4602.253906
809.500000,4610.712891
810.000000,4623.570801
810.500000,4637.687988
811.000000,4648.986328
811.500000,4655.246582
812.000000,4656.522949
812.500000,4654.734863
813.000000,4651.463867
813.500000,4648.192383
814.000000,4645.954590
814.500000,4645.408203
815.000000,4647.935547
815.500000,4653.804199
816.000000,4662.267578
816.500000,4670.511230
817.000000,4675.477051
817.500000,4675.040039
818.000000,4670.491211
818.500000,4664.353027
819.000000,4660.203125
819.500000,4660.684570
820.000000,4664.756348
820.500000,4669.864746
821.000000,4672.580078
821.500000,4671.178223
822.000000,4666.318359
822.500000,4660.606445
823.000000,4656.808594
823.500000,4656.204590
824.000000,4659.702148
824.500000,4665.628418
825.000000,4672.382324
825.500000,4677.969238
826.000000,4680.577148
826.500000,4679.409180
827.000000,4675.387695
827.500000,4670.155273
828.000000,4665.965820
828.500000,4664.817383
829.000000,4666.123535
829.500000,4668.312500
830.000000,4668.732422
830.500000,4665.133301
831.000000,4657.403809
831.500000,4647.351074
832.000000,4637.436523
832.500000,4628.831055
833.000000,4621.057129
833.500000,4612.394043
834.000000,4601.139160
834.500000,4587.768555
835.000000,4573.916016
835.500000,4561.973145
836.000000,4553.692871
836.500000,4549.271973
837.000000,4547.039062
837.500000,4545.237793
838.000000,4542.772949
838.500000,4539.261230
839.000000,4535.096680
839.500000,4530.315430
840.000000,4524.873535
840.500000,4518.526855
841.000000,4511.255859
841.500000,4503.284180
842.000000,4494.801758
842.500000,4486.043945
843.000000,4477.361328
843.500000,4469.521484
844.000000,4464.225098
844.500000,4462.400879
845.000000,4464.810547
845.500000,4470.175781
846.000000,4476.049316
846.500000,4479.594238
847.000000,4479.180176
847.500000,4473.886719
848.000000,4465.622559
848.500000,4456.005371
849.000000,4446.821777
849.500000,4439.545898
850.000000,4435.185059
850.500000,4434.919434
851.000000,4439.083984
851.500000,4446.249512
852.000000,4453.474609
852.500000,4457.023926
853.000000,4452.397461
853.500000,4440.720703
854.000000,4425.222656
854.500000,4412.112305
855.000000,4406.948730
855.500000,4411.325195
856.000000,4422.769531
856.500000,4436.350586
857.000000,4446.721191
857.500000,4449.991699
858.000000,4447.635254
858.500000,4441.800293
859.000000,4436.225586
859.500000,4432.595215
860.000000,4430.002930
860.500000,4426.617188
861.000000,4421.242188
861.500000,4414.510742
862.000000,4408.457031
862.500000,4405.157715
863.000000,4406.768555
863.500000,4412.021973
864.000000,4419.315430
864.500000,4425.817871
865.000000,4428.897461
865.500000,4427.561523
866.000000,4422.432617
866.500000,4414.915527
867.000000,4407.464844
867.500000,4402.685547
868.000000,4401.568359
868.500000,4405.100098
869.000000,4411.685059
869.500000,4419.690918
870.000000,4427.224609
870.500000,4433.035645
871.000000,4436.480957
871.500000,4437.675293
872.000000,4436.063965
872.500000,4431.924805
873.000000,4425.147461
873.500000,4417.434082
874.000000,4410.935059
874.500000,4407.502441
875.000000,4408.080566
875.500000,4411.709961
876.000000,4415.888184
876.500000,4417.843750
877.000000,4416.220703
877.500000,4410.481934
878.000000,4402.812012
878.500000,4394.942383
879.000000,4388.488281
879.500000,4384.656250
880.000000,4383.715332
880.500000,4385.240234
881.000000,4388.238281
881.500000,4390.991699
882.000000,4391.567871
882.500000,4389.381836
883.000000,4384.281250
883.500000,4378.458984
884.000000,4374.633789
884.500000,4374.723145
885.000000,4379.595215
885.500000,4388.487305
886.000000,4398.953613
886.500000,4408.029297
887.000000,4413.401855
887.500000,4412.276855
888.000000,4405.784668
888.500000,4395.025879
889.000000,4383.524902
889.500000,4374.973145
890.000000,4371.722656
890.500000,4373.472656
891.000000,4378.341797
891.500000,4382.935059
892.000000,4384.009277
892.500000,4380.880371
893.000000,4373.285645
893.500000,4363.623535
894.000000,4354.394043
894.500000,4347.992188
895.000000,4346.176758
895.500000,4349.724609
896.000000,4357.352051
896.500000,4366.963867
897.000000,4375.339355
897.500000,4379.412598
898.000000,4379.120117
898.500000,4375.252930
899.000000,4370.771484
899.500000,4368.522949
900.000000,4369.961426
900.500000,4374.346680
901.000000,4379.718750
901.500000,4383.667969
902.000000,4384.100098
902.500000,4381.459473
903.000000,4376.242676
903.500000,4370.281738
904.000000,4365.147461
904.500000,4362.313477
905.000000,4363.034668
905.500000,4368.073242
906.000000,4376.097168
906.500000,4384.652832
907.000000,4390.390625
907.500000,4389.851562
908.000000,4384.101562
908.500000,4376.430176
909.000000,4372.673828
909.500000,4378.414551
910.000000,4395.632324
910.500000,4419.981445
911.000000,4445.322266
911.500000,4465.604980
912.000000,4475.849121
912.500000,4478.510742
913.000000,4476.490723
913.500000,4474.853516
914.000000,4477.306641
914.500000,4485.145020
915.000000,4497.573242
915.500000,4513.248535
916.000000,4530.116699
916.500000,4546.720215
917.000000,4561.854004
917.500000,4574.002441
918.000000,4582.851562
918.500000,4587.951172
919.000000,4590.051270
919.500000,4589.969238
920.000000,4587.999512
920.500000,4583.838379
921.000000,4575.796387
921.500000,4563.445801
922.000000,4545.846680
922.500000,4525.354980
923.000000,4504.514160
923.500000,4486.077637
924.000000,4472.013672
924.500000,4462.523438
925.000000,4456.746094
925.500000,4454.677246
926.000000,4455.921875
926.500000,4461.390625
927.000000,4469.688965
927.500000,4479.281250
928.000000,4487.740234
928.500000,4493.351562
929.000000,4496.426758
929.500000,4498.866211
930.000000,4502.914062
930.500000,4509.349121
931.000000,4517.472168
931.500000,4524.916992
932.000000,4529.512207
932.500000,4531.480469
933.000000,4531.669434
933.500000,4531.457031
934.000000,4531.305664
934.500000,4530.687012
935.000000,4528.775879
935.500000,4524.872559
936.000000,4519.406738
936.500000,4512.572266
937.000000,4504.952637
937.500000,4496.502441
938.000000,4487.459961
938.500000,4478.395996
939.000000,4470.248535
939.500000,4463.707520
940.000000,4458.682617
940.500000,4454.022461
941.000000,4448.388184
941.500000,4441.322266
942.000000,4433.016113
942.500000,4424.867188
943.000000,4418.566406
943.500000,4415.133789
944.000000,4414.687012
944.500000,4416.190430
945.000000,4417.492188
945.500000,4416.114746
946.000000,4411.229980
946.500000,4402.656738
947.000000,4393.177734
947.500000,4386.036621
948.000000,4382.884277
948.500000,4383.418945
949.000000,4385.291016
949.500000,4385.875977
950.000000,4383.829102
950.500000,4380.201172
951.000000,4376.587891
951.500000,4373.867188
952.000000,4371.299316
952.500000,4367.191406
953.000000,4360.398926
953.500000,4352.051758
954.000000,4344.891602
954.500000,4341.505371
955.000000,4341.610352
955.500000,4342.691895
956.000000,4341.089355
956.500000,4334.732422
957.000000,4326.370117
957.500000,4320.491699
958.000000,4320.473633
958.500000,4326.612793
959.000000,4335.390137
959.500000,4341.709473
960.000000,4341.794434
960.500000,4336.996582
961.000000,4330.522461
961.500000,4326.478516
962.000000,4326.532227
962.500000,4327.930176
963.000000,4326.080566
963.500000,4317.734863
964.000000,4303.520020
964.500000,4287.505371
965.000000,4275.118164
965.500000,4270.363770
966.000000,4271.083984
966.500000,4273.988770
967.000000,4274.777344
967.500000,4271.138184
968.000000,4264.198242
968.500000,4256.876465
969.000000,4252.275391
969.500000,4251.781738
970.000000,4255.702637
970.500000,4261.689453
971.000000,4267.165039
971.500000,4269.706543
972.000000,4267.031738
972.500000,4259.637695
973.000000,4249.712402
973.500000,4241.267090
974.000000,4237.860840
974.500000,4240.896484
975.000000,4247.163574
975.500000,4251.913086
976.000000,4251.580566
976.500000,4244.381836
977.000000,4233.780762
977.500000,4224.397461
978.000000,4219.968262
978.500000,4221.433105
979.000000,4227.176270
979.500000,4233.611328
980.000000,4237.503418
980.500000,4237.542480
981.000000,4232.233398
981.500000,4222.754883
982.000000,4210.233887
982.500000,4197.702637
983.000000,4189.031250
983.500000,4187.550293
984.000000,4193.019531
984.500000,4203.255859
985.000000,4213.537109
985.500000,4220.075684
986.000000,4223.053223
986.500000,4224.094727
987.000000,4225.739258
987.500000,4228.586426
988.000000,4230.773926
988.500000,4229.562500
989.000000,4223.213379
989.500000,4213.479980
990.000000,4203.361328
990.500000,4195.756836
991.000000,4192.090332
991.500000,4190.516602
992.000000,4188.944336
992.500000,4186.229004
993.000000,4183.055176
993.500000,4181.250000
994.000000,4181.948242
994.500000,4185.301270
995.000000,4189.830078
995.500000,4194.661621
996.000000,4199.668945
996.500000,4205.774414
997.000000,4213.798828
997.500000,4224.225098
998.000000,4236.728516
998.500000,4250.479980
999.000000,4264.714355
999.500000,4278.496094
1000.000000,4290.268066
1000.500000,4298.941406
1001.000000,4302.464844
1001.500000,4301.086914
1002.000000,4295.382324
1002.500000,4287.321289
1003.000000,4278.590820
1003.500000,4269.662598
1004.000000,4259.854004
1004.500000,4247.695801
1005.000000,4233.310547
1005.500000,4217.589844
1006.000000,4202.593750
1006.500000,4189.984375
1007.000000,4179.711914
1007.500000,4170.619141
1008.000000,4161.225586
1008.500000,4150.962402
1009.000000,4140.593262
1009.500000,4131.617188
1010.000000,4125.857910
1010.500000,4122.778809
1011.000000,4121.414551
1011.500000,4119.816406
1012.000000,4116.685547
1012.500000,4112.099609
1013.000000,4107.330078
1013.500000,4104.059082
1014.000000,4103.084961
1014.500000,4104.704590
1015.000000,4107.524414
1015.500000,4110.564453
1016.000000,4113.501953
1016.500000,4117.451660
1017.000000,4124.217285
1017.500000,4135.459961
1018.000000,4151.543945
1018.500000,4170.402832
1019.000000,4189.068359
1019.500000,4204.885254
1020.000000,4216.060547
1020.500000,4224.708496
1021.000000,4233.875000
1021.500000,4246.464844
1022.000000,4263.646484
1022.500000,4283.629883
1023.000000,4302.690918
1023.500000,4316.977051
1024.000000,4325.602539
1024.500000,4328.475586
1025.000000,4328.998047
1025.500000,4329.423340
1026.000000,4331.060547
1026.500000,4334.282715
1027.000000,4339.185547
1027.500000,4346.702148
1028.000000,4358.701172
1028.500000,4375.841309
1029.000000,4398.085449
1029.500000,4421.539551
1030.000000,4441.003906
1030.500000,4453.235840
1031.000000,4455.795898
1031.500000,4451.046875
1032.000000,4442.715820
1032.500000,4434.575195
1033.000000,4428.213379
1033.500000,4422.150391
1034.000000,4412.801758
1034.500000,4394.551270
1035.000000,4367.122559
1035.500000,4330.749512
1036.000000,4291.033691
1036.500000,4253.999512
1037.000000,4224.056152
1037.500000,4202.128906
1038.000000,4186.617188
1038.500000,4173.444336
1039.000000,4160.140625
1039.500000,4146.286621
1040.000000,4133.426270
1040.500000,4123.151367
1041.000000,4116.613770
1041.500000,4113.208008
1042.000000,4111.984863
1042.500000,4112.307129
1043.000000,4113.707520
1043.500000,4115.698730
1044.000000,4116.971680
1044.500000,4115.470215
1045.000000,4110.882324
1045.500000,4103.794922
1046.000000,4096.805664
1046.500000,4092.602783
1047.000000,4092.389893
1047.500000,4095.160889
1048.000000,4098.888672
1048.500000,4101.485840
1049.000000,4101.741211
1049.500000,4100.491211
1050.000000,4098.684570
1050.500000,4097.317871
1051.000000,4096.850098
1051.500000,4097.151367
1052.000000,4097.785645
1052.500000,4098.069336
1053.000000,4097.192871
1053.500000,4093.933838
1054.000000,4088.124268
1054.500000,4079.290771
1055.000000,4068.567383
1055.500000,4056.841553
1056.000000,4045.258545
1056.500000,4034.827393
1057.000000,4026.393066
1057.500000,4020.245361
1058.000000,4016.217773
1058.500000,4012.616699
1059.000000,4006.875244
1059.500000,3997.671143
1060.000000,3984.582031
1060.500000,3970.463379
1061.000000,3959.284912
1061.500000,3953.830566
1062.000000,3954.004150
1062.500000,3957.314941
1063.000000,3959.776367
1063.500000,3958.413086
1064.000000,3953.894775
1064.500000,3948.015625
1065.000000,3943.267090
1065.500000,3940.812012
1066.000000,3939.836914
1066.500000,3938.933105
1067.000000,3937.405273
1067.500000,3935.974854
1068.000000,3936.392822
1068.500000,3939.472412
1069.000000,3945.439209
1069.500000,3952.125488
1070.000000,3957.139648
1070.500000,3959.089355
1071.000000,3957.830078
1071.500000,3954.849609
1072.000000,3952.259521
1072.500000,3951.701904
1073.000000,3953.172363
1073.500000,3955.977051
1074.000000,3958.525879
1074.500000,3959.732910
1075.000000,3959.795166
1075.500000,3959.554932
1076.000000,3959.993164
1076.500000,3961.328125
1077.000000,3962.715820
1077.500000,3962.745361
1078.000000,3959.932617
1078.500000,3954.724854
1079.000000,3948.078125
1079.500000,3941.958008
1080.000000,3937.873047
1080.500000,3935.933838
1081.000000,3935.474854
1081.500000,3935.557373
1082.000000,3935.719238
1082.500000,3936.219482
1083.000000,3937.364990
1083.500000,3939.174805
1084.000000,3940.770020
1084.500000,3940.849854
1085.000000,3938.741699
1085.500000,3934.132080
1086.000000,3927.522461
1086.500000,3919.606934
1087.000000,3910.800781
1087.500000,3901.563965
1088.000000,3892.426270
1088.500000,3884.166992
1089.000000,3878.055908
1089.500000,3874.373535
1090.000000,3873.201172
1090.500000,3873.476807
1091.000000,3873.882568
1091.500000,3873.246338
1092.000000,3871.054688
1092.500000,3867.122070
1093.000000,3862.239014
1093.500000,3857.283447
1094.000000,3853.265381
1094.500000,3851.138184
1095.000000,3850.760010
1095.500000,3851.246582
1096.000000,3850.999756
1096.500000,3848.649170
1097.000000,3843.654297
1097.500000,3837.442871
1098.000000,3832.345215
1098.500000,3830.125732
1099.000000,3831.923096
1099.500000,3835.855713
1100.000000,3839.036133
1100.500000,3838.673828
1101.000000,3833.625000
1101.500000,3824.934814
1102.000000,3815.830811
1102.500000,3809.700684
1103.000000,3807.528320
1103.500000,3809.268311
1104.000000,3812.182617
1104.500000,3814.150391
1105.000000,3814.452148
1105.500000,3813.746582
1106.000000,3813.265625
1106.500000,3813.657471
1107.000000,3814.789307
1107.500000,3816.101318
1108.000000,3817.680908
1108.500000,3819.960938
1109.000000,3823.112793
1109.500000,3825.819580
1110.000000,3825.525391
1110.500000,3820.385010
1111.000000,3810.996826
1111.500000,3800.581543
1112.000000,3793.535645
1112.500000,3793.498291
1113.000000,3798.414062
1113.500000,3804.602539
1114.000000,3807.631104
1114.500000,3805.499512
1115.000000,3800.807617
1115.500000,3798.425537
1116.000000,3802.611084
1116.500000,3813.445068
1117.000000,3827.975586
1117.500000,3840.324707
1118.000000,3844.383301
1118.500000,3840.063965
1119.000000,3828.918457
1119.500000,3816.744141
1120.000000,3809.123047
1120.500000,3808.988281
1121.000000,3815.177979
1121.500000,3824.142822
1122.000000,3831.241943
1122.500000,3833.196289
1123.000000,3831.582764
1123.500000,3829.597412
1124.000000,3831.085205
1124.500000,3838.575928
1125.000000,3851.144287
1125.500000,3865.908447
1126.000000,3879.674561
1126.500000,3890.560059
1127.000000,3897.607910
1127.500000,3901.907959
1128.000000,3903.481445
1128.500000,3902.966553
1129.000000,3900.225342
1129.500000,3895.998047
1130.000000,3891.485596
1130.500000,3888.142334
1131.000000,3886.859131
1131.500000,3887.952148
1132.000000,3890.427246
1132.500000,3893.531982
1133.000000,3896.649658
1133.500000,3900.042236
1134.000000,3904.440430
1134.500000,3910.888428
1135.000000,3919.868652
1135.500000,3931.040527
1136.000000,3943.350586
1136.500000,3955.117188
1137.000000,3964.794678
1137.500000,3972.664551
1138.000000,3980.118652
1138.500000,3989.392822
1139.000000,4001.968262
1139.500000,4016.311523
1140.000000,4028.445801
1140.500000,4034.030762
1141.000000,4032.522949
1141.500000,4027.295166
1142.000000,4025.656250
1142.500000,4035.378418
1143.000000,4054.916748
1143.500000,4078.712646
1144.000000,4097.215820
1144.500000,4103.676270
1145.000000,4099.027344
1145.500000,4090.593750
1146.000000,4086.068848
1146.500000,4087.660400
1147.000000,4092.489502
1147.500000,4094.150146
1148.000000,4088.354004
1148.500000,4077.876953
1149.000000,4068.203613
1149.500000,4063.975342
1150.000000,4065.633301
1150.500000,4069.847168
1151.000000,4072.234375
1151.500000,4070.350098
1152.000000,4065.795898
1152.500000,4060.727783
1153.000000,4056.876709
1153.500000,4054.759033
1154.000000,4053.949219
1154.500000,4054.339111
1155.000000,4055.892578
1155.500000,4057.972900
1156.000000,4059.288330
1156.500000,4058.918701
1157.000000,4056.656006
1157.500000,4054.225098
1158.000000,4053.393066
1158.500000,4054.424316
1159.000000,4056.179199
1159.500000,4056.769043
1160.000000,4055.101562
1160.500000,4051.298828
1161.000000,4046.622314
1161.500000,4041.877197
1162.000000,4037.274170
1162.500000,4032.695557
1163.000000,4028.165771
1163.500000,4023.822754
1164.000000,4019.402588
1164.500000,4014.109375
1165.000000,4007.274170
1165.500000,3999.483643
1166.000000,3992.571777
1166.500000,3988.199219
1167.000000,3987.303223
1167.500000,3987.483154
1168.000000,3985.528320
1168.500000,3979.537354
1169.000000,3969.748779
1169.500000,3958.902344
1170.000000,3950.143311
1170.500000,3945.334473
1171.000000,3943.436035
1171.500000,3942.865234
1172.000000,3941.770996
1172.500000,3939.389404
1173.000000,3936.082520
1173.500000,3932.085938
1174.000000,3927.363281
1174.500000,3921.601318
1175.000000,3914.627686
1175.500000,3906.871338
1176.000000,3898.826172
1176.500000,3890.854248
1177.000000,3882.729980
1177.500000,3873.944824
1178.000000,3863.936523
1178.500000,3852.915283
1179.000000,3841.662354
1179.500000,3831.312744
1180.000000,3822.722656
1180.500000,3816.522461
1181.000000,3812.300049
1181.500000,3810.250488
1182.000000,3809.781494
1182.500000,3810.808594
1183.000000,3812.385742
1183.500000,3813.195068
1184.000000,3812.087891
1184.500000,3808.927002
1185.000000,3804.754150
1185.500000,3801.301758
1186.000000,3799.712402
1186.500000,3799.024658
1187.000000,3797.286621
1187.500000,3793.247314
1188.000000,3786.996582
1188.500000,3780.443115
1189.000000,3775.396729
1189.500000,3772.197510
1190.000000,3769.520996
1190.500000,3765.994141
1191.000000,3761.742920
1191.500000,3758.361328
1192.000000,3757.130371
1192.500000,3758.277588
1193.000000,3759.939209
1193.500000,3760.256836
1194.000000,3758.977295
1194.500000,3757.700439
1195.000000,3758.418213
1195.500000,3761.198242
1196.000000,3764.281250
1196.500000,3765.052246
1197.000000,3761.470215
1197.500000,3754.834473
1198.000000,3747.394043
1198.500000,3741.397461
1199.000000,3737.532227
1199.500000,3734.918213
1200.000000,3731.915283
1200.500000,3727.262939
1201.000000,3721.103271
1201.500000,3713.854248
1202.000000,3706.537598
1202.500000,3700.044922
1203.000000,3695.113281
1203.500000,3692.801025
1204.000000,3694.240967
1204.500000,3699.925293
1205.000000,3709.877441
1205.500000,3721.500000
1206.000000,3730.772217
1206.500000,3734.431396
1207.000000,3729.463135
1207.500000,3718.275635
1208.000000,3705.139160
1208.500000,3695.130615
1209.000000,3690.891357
1209.500000,3691.841064
1210.000000,3694.240967
1210.500000,3694.855713
1211.000000,3693.049561
1211.500000,3689.713135
1212.000000,3686.722412
1212.500000,3685.017578
1213.000000,3684.511475
1213.500000,3685.251221
1214.000000,3687.810303
1214.500000,3692.339355
1215.000000,3697.977051
1215.500000,3702.473145
1216.000000,3703.494873
1216.500000,3702.160400
1217.000000,3701.666504
1217.500000,3705.607666
1218.000000,3715.477539
1218.500000,3728.882080
1219.000000,3741.541992
1219.500000,3750.392334
1220.000000,3756.272461
1220.500000,3762.048828
1221.000000,3770.485840
1221.500000,3782.542236
1222.000000,3795.844971
1222.500000,3807.701416
1223.000000,3816.886230
1223.500000,3824.158203
1224.000000,3831.273926
1224.500000,3839.442383
1225.000000,3848.500488
1225.500000,3856.928223
1226.000000,3862.621338
1226.500000,3865.006348
1227.000000,3863.458984
1227.500000,3858.631104
1228.000000,3850.724365
1228.500000,3839.794678
1229.000000,3826.241211
1229.500000,3810.767334
1230.000000,3795.307373
1230.500000,3782.304932
1231.000000,3772.509277
1231.500000,3765.922607
1232.000000,3760.272217
1232.500000,3753.317627
1233.000000,3744.084229
1233.500000,3733.292480
1234.000000,3722.513916
1234.500000,3713.027832
1235.000000,3705.706055
1235.500000,3700.447998
1236.000000,3698.414551
1236.500000,3699.819824
1237.000000,3704.714600
1237.500000,3710.875977
1238.000000,3715.339355
1238.500000,3716.409424
1239.000000,3715.403320
1239.500000,3715.432373
1240.000000,3718.720215
1240.500000,3725.724365
1241.000000,3733.379395
1241.500000,3739.258789
1242.000000,3743.637695
1242.500000,3749.126465
1243.000000,3758.201904
1243.500000,3770.437012
1244.000000,3782.616943
1244.500000,3791.277588
1245.000000,3794.659668
1245.500000,3795.981689
1246.000000,3798.965820
1246.500000,3805.164795
1247.000000,3813.304932
1247.500000,3820.137695
1248.000000,3823.448242
1248.500000,3823.334229
1249.000000,3821.776367
1249.500000,3819.703613
1250.000000,3816.608154
1250.500000,3810.643311
1251.000000,3802.086670
1251.500000,3792.716309
1252.000000,3785.335693
1252.500000,3781.376953
1253.000000,3779.451416
1253.500000,3776.344971
1254.000000,3769.262451
1254.500000,3758.926270
1255.000000,3747.643311
1255.500000,3738.322754
1256.000000,3732.492432
1256.500000,3728.782959
1257.000000,3725.302002
1257.500000,3720.866211
1258.000000,3715.909180
1258.500000,3711.861328
1259.000000,3709.575195
1259.500000,3708.884277
1260.000000,3708.032471
1260.500000,3705.107178
1261.000000,3699.820312
1261.500000,3692.809326
1262.000000,3685.801270
1262.500000,3680.246338
1263.000000,3676.734375
1263.500000,3674.917480
1264.000000,3674.723877
1264.500000,3675.986572
1265.000000,3679.320068
1265.500000,3683.980225
1266.000000,3688.410156
1266.500000,3690.357178
1267.000000,3687.894775
1267.500000,3681.314209
1268.000000,3673.238281
1268.500000,3667.156250
1269.000000,3664.871338
1269.500000,3666.741211
1270.000000,3669.928223
1270.500000,3672.051758
1271.000000,3672.396729
1271.500000,3671.880371
1272.000000,3672.244385
1272.500000,3674.338623
1273.000000,3677.501221
1273.500000,3680.197998
1274.000000,3681.543701
1274.500000,3682.548584
1275.000000,3685.418213
1275.500000,3691.157715
1276.000000,3699.250977
1276.500000,3706.643799
1277.000000,3709.813721
1277.500000,3707.170410
1278.000000,3700.576660
1278.500000,3693.737549
1279.000000,3690.076416
1279.500000,3691.290039
1280.000000,3694.270508
1280.500000,3694.919434
1281.000000,3690.910156
1281.500000,3682.724365
1282.000000,3674.034180
1282.500000,3668.871338
1283.000000,3669.460693
1283.500000,3674.132812
1284.000000,3680.101807
1284.500000,3684.360107
1285.000000,3685.283691
1285.500000,3684.050049
1286.000000,3682.239014
1286.500000,3681.438721
1287.000000,3682.501465
1287.500000,3685.436279
1288.000000,3689.325439
1288.500000,3692.731689
1289.000000,3694.220215
1289.500000,3692.159424
1290.000000,3687.446777
1290.500000,3681.468018
1291.000000,3676.297852
1291.500000,3672.978760
1292.000000,3670.864014
1292.500000,3668.596924
1293.000000,3665.868896
1293.500000,3664.016602
1294.000000,3665.412354
1294.500000,3669.834229
1295.000000,3675.032227
1295.500000,3676.963623
1296.000000,3672.291992
1296.500000,3661.986328
1297.000000,3650.241943
1297.500000,3642.119385
1298.000000,3639.864258
1298.500000,3643.215820
1299.000000,3648.167236
1299.500000,3651.475830
1300.000000,3652.111328
1300.500000,3650.097656
1301.000000,3646.510498
1301.500000,3642.049805
1302.000000,3637.662842
1302.500000,3635.027832
1303.000000,3636.366943
1303.500000,3641.508545
1304.000000,3648.628174
1304.500000,3653.535645
1305.000000,3652.288818
1305.500000,3645.454102
1306.000000,3636.131592
1306.500000,3628.966064
1307.000000,3626.802734
1307.500000,3629.594971
1308.000000,3634.264893
1308.500000,3637.958984
1309.000000,3639.517822
1309.500000,3638.730469
1310.000000,3636.664551
1310.500000,3633.803711
1311.000000,3630.756104
1311.500000,3628.451904
1312.000000,3627.931396
1312.500000,3629.121094
1313.000000,3630.199463
1313.500000,3628.444824
1314.000000,3620.888184
1314.500000,3609.346680
1315.000000,3597.570801
1315.500000,3590.465576
1316.000000,3591.295410
1316.500000,3598.722900
1317.000000,3607.779297
1317.500000,3613.024170
1318.000000,3612.524414
1318.500000,3607.053467
1319.000000,3601.253662
1319.500000,3598.410156
1320.000000,3597.977295
1320.500000,3596.869385
1321.000000,3591.918457
1321.500000,3582.606934
1322.000000,3571.675537
1322.500000,3562.994385
1323.000000,3558.850830
1323.500000,3557.512207
1324.000000,3556.615723
1324.500000,3554.420166
1325.000000,3550.993408
1325.500000,3547.641602
1326.000000,3545.166016
1326.500000,3543.351318
1327.000000,3541.654053
1327.500000,3540.054688
1328.000000,3538.699219
1328.500000,3536.866211
1329.000000,3533.088135
1329.500000,3525.696777
1330.000000,3516.159180
1330.500000,3508.329834
1331.000000,3506.074219
1331.500000,3509.875000
1332.000000,3516.450684
1332.500000,3520.644775
1333.000000,3518.788330
1333.500000,3512.730713
1334.000000,3505.454590
1334.500000,3499.819580
1335.000000,3496.612305
1335.500000,3495.125244
1336.000000,3495.645752
1336.500000,3499.621338
1337.000000,3507.366699
1337.500000,3516.822998
1338.000000,3523.323242
1338.500000,3521.331299
1339.000000,3511.986328
1339.500000,3498.854980
1340.000000,3487.617432
1340.500000,3481.517578
1341.000000,3480.088867
1341.500000,3481.095459
1342.000000,3483.401123
1342.500000,3487.031006
1343.000000,3492.623779
1343.500000,3498.671631
1344.000000,3501.962646
1344.500000,3500.304199
1345.000000,3493.013428
1345.500000,3482.969482
1346.000000,3474.042236
1346.500000,3468.900635
1347.000000,3467.124023
1347.500000,3466.537109
1348.000000,3464.563232
1348.500000,3459.719238
1349.000000,3453.215088
1349.500000,3446.980469
1350.000000,3442.991455
1350.500000,3442.507324
1351.000000,3445.389893
1351.500000,3450.197266
1352.000000,3455.108643
1352.500000,3458.354736
1353.000000,3458.021484
1353.500000,3454.360352
1354.000000,3447.604004
1354.500000,3439.857178
1355.000000,3433.512451
1355.500000,3430.301514
1356.000000,3430.566162
1356.500000,3433.289062
1357.000000,3436.154297
1357.500000,3436.859863
1358.000000,3434.725586
1358.500000,3429.466797
1359.000000,3422.757812
1359.500000,3416.217285
1360.000000,3411.278809
1360.500000,3408.794922
1361.000000,3408.766602
1361.500000,3410.227051
1362.000000,3412.024658
1362.500000,3412.962402
1363.000000,3411.756348
1363.500000,3408.173096
1364.000000,3401.565674
1364.500000,3392.835693
1365.000000,3383.922852
1365.500000,3377.965332
1366.000000,3377.879883
1366.500000,3385.314209
1367.000000,3397.447510
1367.500000,3409.690674
1368.000000,3416.965820
1368.500000,3414.757080
1369.000000,3404.634277
1369.500000,3389.979980
1370.000000,3376.314941
1370.500000,3367.949951
1371.000000,3366.858154
1371.500000,3371.151855
1372.000000,3377.629883
1372.500000,3382.025391
1373.000000,3380.877930
1373.500000,3375.320068
1374.000000,3368.001709
1374.500000,3362.777588
1375.000000,3361.797852
1375.500000,3363.877197
1376.000000,3365.186279
1376.500000,3361.652588
1377.000000,3352.918213
1377.500000,3340.388428
1378.000000,3328.627441
1378.500000,3322.207275
1379.000000,3322.755859
1379.500000,3330.570557
1380.000000,3342.736572
1380.500000,3354.797852
1381.000000,3361.971680
1381.500000,3361.873535
1382.000000,3353.250000
1382.500000,3340.419434
1383.000000,3328.497314
1383.500000,3321.991943
1384.000000,3324.024658
1384.500000,3333.235107
1385.000000,3346.178467
1385.500000,3358.011475
1386.000000,3364.516602
1386.500000,3362.482178
1387.000000,3353.712646
1387.500000,3340.643066
1388.000000,3328.492188
1388.500000,3321.537842
1389.000000,3320.707764
1389.500000,3325.114502
1390.000000,3331.770752
1390.500000,3337.854004
1391.000000,3341.271729
1391.500000,3341.301758
1392.000000,3336.905029
1392.500000,3329.444092
1393.000000,3320.437256
1393.500000,3312.688477
1394.000000,3308.812500
1394.500000,3309.367188
1395.000000,3313.170410
1395.500000,3318.065674
1396.000000,3322.084229
1396.500000,3324.123779
1397.000000,3324.129883
1397.500000,3320.973877
1398.000000,3314.625244
1398.500000,3305.018066
1399.000000,3294.305908
1399.500000,3285.530518
1400.000000,3281.189209
1400.500000,3281.614258
1401.000000,3285.794434
1401.500000,3291.180176
1402.000000,3296.086914
1402.500000,3299.773682
1403.000000,3301.221191
1403.500000,3299.803467
1404.000000,3294.678467
1404.500000,3286.636475
1405.000000,3277.814941
1405.500000,3270.690186
1406.000000,3266.320068
1406.500000,3264.574463
1407.000000,3263.575684
1407.500000,3262.093506
1408.000000,3259.879150
1408.500000,3256.954590
1409.000000,3253.095703
1409.500000,3247.780518
1410.000000,3241.284912
1410.500000,3235.407471
1411.000000,3233.038818
1411.500000,3235.163574
1412.000000,3241.677490
1412.500000,3248.678223
1413.000000,3252.145264
1413.500000,3250.343018
1414.000000,3243.810547
1414.500000,3235.546875
1415.000000,3228.492432
1415.500000,3224.353271
1416.000000,3222.673584
1416.500000,3222.595215
1417.000000,3222.694824
1417.500000,3222.465576
1418.000000,3222.213623
1418.500000,3222.548828
1419.000000,3223.562256
1419.500000,3224.393311
1420.000000,3223.554199
1420.500000,3220.303955
1421.000000,3214.842773
1421.500000,3209.249512
1422.000000,3206.175049
1422.500000,3206.663818
1423.000000,3211.198975
1423.500000,3218.095459
1424.000000,3225.329834
1424.500000,3230.865723
1425.000000,3233.220215
1425.500000,3231.544678
1426.000000,3227.092041
1426.500000,3221.371094
1427.000000,3216.583008
1427.500000,3214.166992
1428.000000,3213.555908
1428.500000,3213.489990
1429.000000,3212.832520
1429.500000,3211.633545
1430.000000,3210.944580
1430.500000,3211.648438
1431.000000,3213.743408
1431.500000,3216.020996
1432.000000,3217.571289
1432.500000,3218.507080
1433.000000,3219.428955
1433.500000,3220.754395
1434.000000,3222.201660
1434.500000,3223.081787
1435.000000,3223.101318
1435.500000,3222.632080
1436.000000,3222.687744
1436.500000,3224.608887
1437.000000,3228.802246
1437.500000,3236.240479
1438.000000,3246.678467
1438.500000,3259.510986
1439.000000,3272.980957
1439.500000,3285.020996
1440.000000,3294.204590
1440.500000,3301.129883
1441.000000,3306.982666
1441.500000,3313.053467
1442.000000,3318.983154
1442.500000,3323.522949
1443.000000,3325.479004
1443.500000,3325.221680
1444.000000,3323.881348
1444.500000,3322.243408
1445.000000,3320.156250
1445.500000,3316.923828
1446.000000,3313.062012
1446.500000,3310.821777
1447.000000,3311.966553
1447.500000,3317.056396
1448.000000,3323.278320
1448.500000,3326.836670
1449.000000,3325.426270
1449.500000,3319.969727
1450.000000,3313.065918
1450.500000,3307.246338
1451.000000,3302.953125
1451.500000,3298.337158
1452.000000,3291.942383
1452.500000,3284.644287
1453.000000,3278.488037
1453.500000,3274.744629
1454.000000,3272.740479
1454.500000,3270.717773
1455.000000,3267.842529
1455.500000,3265.433838
1456.000000,3265.455811
1456.500000,3268.732910
1457.000000,3271.687744
1457.500000,3269.519531
1458.000000,3260.733643
1458.500000,3248.203125
1459.000000,3238.117188
1459.500000,3235.072998
1460.000000,3239.669189
1460.500000,3246.195557
1461.000000,3248.437256
1461.500000,3245.412109
1462.000000,3240.401855
1462.500000,3238.313477
1463.000000,3240.688721
1463.500000,3243.898438
1464.000000,3242.286377
1464.500000,3232.125732
1465.000000,3216.022705
1465.500000,3198.882812
1466.000000,3185.691895
1466.500000,3178.957520
1467.000000,3176.199951
1467.500000,3175.517578
1468.000000,3175.548828
1468.500000,3175.708740
1469.000000,3175.110840
1469.500000,3172.692627
1470.000000,3167.926514
1470.500000,3162.635986
1471.000000,3159.863037
1471.500000,3160.245605
1472.000000,3162.075439
1472.500000,3161.839355
1473.000000,3157.399658
1473.500000,3150.145752
1474.000000,3143.865723
1474.500000,3141.774170
1475.000000,3143.233643
1475.500000,3145.807861
1476.000000,3146.856934
1476.500000,3146.203369
1477.000000,3145.571533
1477.500000,3145.764648
1478.000000,3145.526123
1478.500000,3142.724121
1479.000000,3136.537354
1479.500000,3129.173828
1480.000000,3124.277344
1480.500000,3123.550781
1481.000000,3126.653076
1481.500000,3130.360107
1482.000000,3132.170654
1482.500000,3131.488037
1483.000000,3129.085205
1483.500000,3126.244873
1484.000000,3123.923584
1484.500000,3122.713379
1485.000000,3122.694824
1485.500000,3124.127686
1486.000000,3126.456299
1486.500000,3129.303223
1487.000000,3132.279785
1487.500000,3135.366211
1488.000000,3138.571533
1488.500000,3141.538818
1489.000000,3143.496582
1489.500000,3144.132812
1490.000000,3143.790527
1490.500000,3143.636230
1491.000000,3144.444092
1491.500000,3145.698486
1492.000000,3146.070068
1492.500000,3144.510986
1493.000000,3141.097900
1493.500000,3137.288818
1494.000000,3135.197754
1494.500000,3136.738281
1495.000000,3141.633057
1495.500000,3149.318115
1496.000000,3157.145264
1496.500000,3162.061768
1497.000000,3162.164551
1497.500000,3157.033936
1498.000000,3149.185547
1498.500000,3143.044678
1499.000000,3142.324707
1499.500000,3146.652832
1500.000000,3153.839844
1500.500000,3159.707031
1501.000000,3161.628418
1501.500000,3160.731934
1502.000000,3159.588379
1502.500000,3160.410400
1503.000000,3162.824463
1503.500000,3164.695801
1504.000000,3164.379150
1504.500000,3161.781982
1505.000000,3159.012451
1505.500000,3157.909912
1506.000000,3158.187012
1506.500000,3158.400146
1507.000000,3157.739014
1507.500000,3157.786133
1508.000000,3161.411865
1508.500000,3169.574219
1509.000000,3180.084229
1509.500000,3187.842285
1510.000000,3187.638428
1510.500000,3181.791260
1511.000000,3176.528320
1511.500000,3178.527588
1512.000000,3189.784668
1512.500000,3204.825928
1513.000000,3214.988281
1513.500000,3213.948242
1514.000000,3204.259033
1514.500000,3193.215820
1515.000000,3189.775635
1515.500000,3199.156738
1516.000000,3216.041260
1516.500000,3232.983887
1517.000000,3243.371094
1517.500000,3245.536377
1518.000000,3243.408447
1518.500000,3243.950928
1519.000000,3253.067383
1519.500000,3268.622314
1520.000000,3284.638672
1520.500000,3294.379395
1521.000000,3293.960693
1521.500000,3287.528809
1522.000000,3282.446289
1522.500000,3285.002686
1523.000000,3295.779053
1523.500000,3309.924072
1524.000000,3321.002930
1524.500000,3325.303467
1525.000000,3325.700439
1525.500000,3325.810059
1526.000000,3328.117676
1526.500000,3332.092773
1527.000000,3334.885254
1527.500000,3334.224609
1528.000000,3330.085205
1528.500000,3324.735840
1529.000000,3320.823486
1529.500000,3319.812500
1530.000000,3322.693848
1530.500000,3327.833252
1531.000000,3333.203613
1531.500000,3336.630371
1532.000000,3337.117432
1532.500000,3335.292725
1533.000000,3332.967285
1533.500000,3331.800293
1534.000000,3332.221680
1534.500000,3334.134277
1535.000000,3336.472412
1535.500000,3338.489014
1536.000000,3339.678223
1536.500000,3339.536377
1537.000000,3337.945801
1537.500000,3335.272705
1538.000000,3332.081299
1538.500000,3328.855225
1539.000000,3325.663818
1539.500000,3322.697021
1540.000000,3321.060547
1540.500000,3321.673096
1541.000000,3324.699951
1541.500000,3327.835938
1542.000000,3327.471436
1542.500000,3320.926514
1543.000000,3309.802246
1543.500000,3298.123779
1544.000000,3289.368408
1544.500000,3284.572266
1545.000000,3280.566650
1545.500000,3274.273193
1546.000000,3265.348633
1546.500000,3256.342285
1547.000000,3250.615723
1547.500000,3249.338867
1548.000000,3251.850830
1548.500000,3255.737549
1549.000000,3259.447754
1549.500000,3262.241455
1550.000000,3263.536621
1550.500000,3263.479004
1551.000000,3262.764648
1551.500000,3262.711914
1552.000000,3264.194824
1552.500000,3266.623535
1553.000000,3268.042969
1553.500000,3266.583496
1554.000000,3263.354736
1554.500000,3261.428223
1555.000000,3262.877930
1555.500000,3267.578857
1556.000000,3272.323975
1556.500000,3273.944092
1557.000000,3271.820801
1557.500000,3268.460693
1558.000000,3266.855713
1558.500000,3267.250244
1559.000000,3267.568115
1559.500000,3265.247314
1560.000000,3258.781738
1560.500000,3249.890137
1561.000000,3241.214355
1561.500000,3235.155518
1562.000000,3232.389648
1562.500000,3232.521240
1563.000000,3233.772217
1563.500000,3234.257812
1564.000000,3232.831787
1564.500000,3229.154053
1565.000000,3224.928467
1565.500000,3221.807129
1566.000000,3219.785889
1566.500000,3217.234131
1567.000000,3212.465088
1567.500000,3206.041260
1568.000000,3200.870850
1568.500000,3199.719727
1569.000000,3203.078125
1569.500000,3206.644775
1570.000000,3205.871094
1570.500000,3199.863525
1571.000000,3191.373291
1571.500000,3185.188721
1572.000000,3184.066406
1572.500000,3186.408447
1573.000000,3187.766602
1573.500000,3184.490723
1574.000000,3177.772949
1574.500000,3170.998779
1575.000000,3168.268799
1575.500000,3172.515381
1576.000000,3181.937744
1576.500000,3192.591553
1577.000000,3200.331055
1577.500000,3203.223389
1578.000000,3200.978516
1578.500000,3196.679688
1579.000000,3192.888184
1579.500000,3190.461670
1580.000000,3188.592773
1580.500000,3185.969727
1581.000000,3182.229980
1581.500000,3178.272217
1582.000000,3175.366699
1582.500000,3174.366943
1583.000000,3174.605713
1583.500000,3175.392822
1584.000000,3175.769043
1584.500000,3174.539307
1585.000000,3170.906738
1585.500000,3164.473633
1586.000000,3156.816162
1586.500000,3151.124512
1587.000000,3150.408936
1587.500000,3154.705566
1588.000000,3162.773193
1588.500000,3171.177246
1589.000000,3177.627686
1589.500000,3181.844971
1590.000000,3183.851074
1590.500000,3183.426758
1591.000000,3179.845703
1591.500000,3173.202393
1592.000000,3165.552490
1592.500000,3159.902100
1593.000000,3157.450684
1593.500000,3157.370850
1594.000000,3156.548584
1594.500000,3152.633789
1595.000000,3146.315186
1595.500000,3140.446289
1596.000000,3138.299561
1596.500000,3140.225830
1597.000000,3143.810303
1597.500000,3145.175293
1598.000000,3140.707520
1598.500000,3131.280762
1599.000000,3118.295654
1599.500000,3104.664795
1600.000000,3091.580322
1600.500000,3078.812988
1601.000000,3065.982666
1601.500000,3053.493408
1602.000000,3042.283691
1602.500000,3033.419434
1603.000000,3026.163330
1603.500000,3019.680420
1604.000000,3013.215820
1604.500000,3006.983154
1605.000000,3001.641113
1605.500000,2997.831055
1606.000000,2995.740723
1606.500000,2994.873779
1607.000000,2994.660156
1607.500000,2994.016846
1608.000000,2991.277100
1608.500000,2986.027588
1609.000000,2978.586426
1609.500000,2971.588623
1610.000000,2967.756836
1610.500000,2968.047852
1611.000000,2971.222412
1611.500000,2974.946533
1612.000000,2977.037109
1612.500000,2976.054688
1613.000000,2972.634766
1613.500000,2966.710693
1614.000000,2959.322754
1614.500000,2951.752197
1615.000000,2945.665039
1615.500000,2941.969238
1616.000000,2939.467041
1616.500000,2935.891113
1617.000000,2929.772705
1617.500000,2922.583252
1618.000000,2917.667480
1618.500000,2917.156494
1619.000000,2920.777100
1619.500000,2924.709961
1620.000000,2925.382812
1620.500000,2921.691406
1621.000000,2915.421631
1621.500000,2909.169434
1622.000000,2904.346436
1622.500000,2900.442139
1623.000000,2896.070068
1623.500000,2890.769531
1624.000000,2885.572998
1624.500000,2881.991943
1625.000000,2880.483154
1625.500000,2879.782227
1626.000000,2878.074951
1626.500000,2874.417725
1627.000000,2868.919678
1627.500000,2863.124512
1628.000000,2858.260254
1628.500000,2854.037109
1629.000000,2849.457520
1629.500000,2843.818604
1630.000000,2837.323486
1630.500000,2830.894531
1631.000000,2825.286377
1631.500000,2820.551514
1632.000000,2816.317383
1632.500000,2812.888184
1633.000000,2810.424072
1633.500000,2808.600098
1634.000000,2805.731445
1634.500000,2800.040771
1635.000000,2791.965332
1635.500000,2784.164551
1636.000000,2779.845459
1636.500000,2779.493164
1637.000000,2781.061035
1637.500000,2780.459717
1638.000000,2775.187500
1638.500000,2767.015381
1639.000000,2758.780762
1639.500000,2752.955322
1640.000000,2750.410156
1640.500000,2750.213867
1641.000000,2750.426758
1641.500000,2748.841553
1642.000000,2744.005615
1642.500000,2734.793213
1643.000000,2724.182129
1643.500000,2716.872314
1644.000000,2715.452881
1644.500000,2718.975098
1645.000000,2722.739990
1645.500000,2722.439941
1646.000000,2717.486572
1646.500000,2712.412842
1647.000000,2711.313477
1647.500000,2712.831543
1648.000000,2712.351562
1648.500000,2706.186279
1649.000000,2694.202881
1649.500000,2681.817139
1650.000000,2673.972900
1650.500000,2672.201172
1651.000000,2673.771484
1651.500000,2675.616211
1652.000000,2675.898193
1652.500000,2674.434326
1653.000000,2672.081299
1653.500000,2669.117920
1654.000000,2665.971924
1654.500000,2663.177490
1655.000000,2660.796143
1655.500000,2657.744141
1656.000000,2652.390625
1656.500000,2644.689453
1657.000000,2635.819336
1657.500000,2628.241699
1658.000000,2623.518555
1658.500000,2620.421387
1659.000000,2617.283691
1659.500000,2613.248535
1660.000000,2608.802002
1660.500000,2604.739258
1661.000000,2600.794434
1661.500000,2595.640381
1662.000000,2588.817139
1662.500000,2580.822998
1663.000000,2573.343750
1663.500000,2567.572021
1664.000000,2562.788086
1664.500000,2557.643311
1665.000000,2551.613037
1665.500000,2545.822266
1666.000000,2542.719727
1666.500000,2543.537598
1667.000000,2548.432861
1667.500000,2554.490234
1668.000000,2558.727539
1668.500000,2559.263428
1669.000000,2555.477295
1669.500000,2548.899658
1670.000000,2541.773193
1670.500000,2535.395752
1671.000000,2529.782471
1671.500000,2524.371094
1672.000000,2518.813721
1672.500000,2513.920410
1673.000000,2510.814697
1673.500000,2510.474365
1674.000000,2512.365967
1674.500000,2514.860107
1675.000000,2515.765137
1675.500000,2513.826904
1676.000000,2508.146484
1676.500000,2499.985840
1677.000000,2490.873535
1677.500000,2483.431641
1678.000000,2480.148682
1678.500000,2481.083252
1679.000000,2484.638916
1679.500000,2487.712646
1680.000000,2487.463623
1680.500000,2482.435303
1681.000000,2475.164062
1681.500000,2468.775635
1682.000000,2465.469238
1682.500000,2466.091309
1683.000000,2468.344482
1683.500000,2469.406982
1684.000000,2468.034424
1684.500000,2465.216797
1685.000000,2462.999512
1685.500000,2462.350830
1686.000000,2461.659424
1686.500000,2457.875977
1687.000000,2448.194824
1687.500000,2434.445068
1688.000000,2420.066650
1688.500000,2408.875977
1689.000000,2401.915283
1689.500000,2397.693848
1690.000000,2394.425537
1690.500000,2392.529785
1691.000000,2393.644775
1691.500000,2400.017090
1692.000000,2409.361328
1692.500000,2418.452637
1693.000000,2424.121582
1693.500000,2424.923584
1694.000000,2422.044678
1694.500000,2418.048340
1695.000000,2414.186035
1695.500000,2410.330322
1696.000000,2405.463623
1696.500000,2399.277588
1697.000000,2392.482910
1697.500000,2386.701416
1698.000000,2383.453613
1698.500000,2382.910645
1699.000000,2384.073242
1699.500000,2385.240967
1700.000000,2385.166504
1700.500000,2383.243652
1701.000000,2379.971680
1701.500000,2375.450684
1702.000000,2370.175049
1702.500000,2364.618408
1703.000000,2359.526611
1703.500000,2355.628662
1704.000000,2353.181152
1704.500000,2351.857910
1705.000000,2351.352295
1705.500000,2351.540771
1706.000000,2352.744141
1706.500000,2354.400635
1707.000000,2355.027100
1707.500000,2353.197998
1708.000000,2348.534424
1708.500000,2342.722168
1709.000000,2338.407471
1709.500000,2337.479736
1710.000000,2338.473389
1710.500000,2337.464844
1711.000000,2331.663818
1711.500000,2319.890869
1712.000000,2306.512939
1712.500000,2297.775391
1713.000000,2296.969238
1713.500000,2303.391113
1714.000000,2312.817871
1714.500000,2320.205566
1715.000000,2322.232666
1715.500000,2320.661621
1716.000000,2317.266113
1716.500000,2314.034424
1717.000000,2311.647705
1717.500000,2310.074707
1718.000000,2309.156250
1718.500000,2308.285156
1719.000000,2306.193359
1719.500000,2301.298096
1720.000000,2293.732422
1720.500000,2285.517090
1721.000000,2279.648193
1721.500000,2278.641357
1722.000000,2281.354248
1722.500000,2285.001221
1723.000000,2286.022705
1723.500000,2282.586426
1724.000000,2274.939697
1724.500000,2265.728271
1725.000000,2258.558105
1725.500000,2255.707520
1726.000000,2258.585938
1726.500000,2264.442871
1727.000000,2269.828125
1727.500000,2271.389648
1728.000000,2268.248779
1728.500000,2262.542969
1729.000000,2257.521973
1729.500000,2255.675537
1730.000000,2256.946289
1730.500000,2260.187500
1731.000000,2263.499023
1731.500000,2266.049561
1732.000000,2267.774414
1732.500000,2268.447754
1733.000000,2267.654541
1733.500000,2264.811279
1734.000000,2259.477539
1734.500000,2252.375488
1735.000000,2244.650146
1735.500000,2237.850098
1736.000000,2232.946533
1736.500000,2229.372314
1737.000000,2226.317871
1737.500000,2223.183105
1738.000000,2220.394775
1738.500000,2218.841797
1739.000000,2218.715820
1739.500000,2219.461914
1740.000000,2220.020508
1740.500000,2220.292725
1741.000000,2221.093994
1741.500000,2222.932861
1742.000000,2224.629395
1742.500000,2223.484863
1743.000000,2217.937012
1743.500000,2208.975830
1744.000000,2199.480469
1744.500000,2192.849121
1745.000000,2192.237793
1745.500000,2196.109375
1746.000000,2203.175781
1746.500000,2210.420166
1747.000000,2214.738037
1747.500000,2214.101807
1748.000000,2208.944824
1748.500000,2201.824219
1749.000000,2196.678711
1749.500000,2197.066162
1750.000000,2201.676025
1750.500000,2207.057861
1751.000000,2209.414307
1751.500000,2206.715088
1752.000000,2200.849609
1752.500000,2195.084717
1753.000000,2191.282959
1753.500000,2188.807617
1754.000000,2185.942627
1754.500000,2181.954590
1755.000000,2178.111328
1755.500000,2175.858398
1756.000000,2175.135986
1756.500000,2173.603516
1757.000000,2169.273193
1757.500000,2163.916260
1758.000000,2161.875488
1758.500000,2166.872314
1759.000000,2177.157227
1759.500000,2186.637939
1760.000000,2189.986084
1760.500000,2185.014160
1761.000000,2176.481934
1761.500000,2169.372803
1762.000000,2165.474854
1762.500000,2163.070801
1763.000000,2159.856445
1763.500000,2155.517822
1764.000000,2152.101807
1764.500000,2151.400635
1765.000000,2154.257812
1765.500000,2158.467529
1766.000000,2161.280029
1766.500000,2160.531738
1767.000000,2155.771973
1767.500000,2148.660889
1768.000000,2141.994629
1768.500000,2138.209229
1769.000000,2136.943359
1769.500000,2136.561768
1770.000000,2135.293457
1770.500000,2132.710693
1771.000000,2129.900391
1771.500000,2127.600586
1772.000000,2125.476318
1772.500000,2122.869385
1773.000000,2119.798096
1773.500000,2117.210205
1774.000000,2116.093750
1774.500000,2116.149170
1775.000000,2116.433838
1775.500000,2115.474609
1776.000000,2112.086182
1776.500000,2106.737793
1777.000000,2101.272949
1777.500000,2098.799561
1778.000000,2101.408203
1778.500000,2108.293701
1779.000000,2115.074951
1779.500000,2116.269531
1780.000000,2110.591797
1780.500000,2099.746338
1781.000000,2088.852295
1781.500000,2081.672607
1782.000000,2079.220947
1782.500000,2080.127441
1783.000000,2082.297363
1783.500000,2084.309814
1784.000000,2085.900635
1784.500000,2087.632080
1785.000000,2089.773682
1785.500000,2091.280762
1786.000000,2089.757324
1786.500000,2083.604248
1787.000000,2073.538330
1787.500000,2063.539307
1788.000000,2057.644043
1788.500000,2058.232910
1789.000000,2062.939697
1789.500000,2068.406494
1790.000000,2072.251953
1790.500000,2073.993896
1791.000000,2074.433105
1791.500000,2073.450928
1792.000000,2070.243408
1792.500000,2064.343018
1793.000000,2056.410400
1793.500000,2049.060303
1794.000000,2045.612183
1794.500000,2046.523804
1795.000000,2051.322754
1795.500000,2056.693604
1796.000000,2059.513916
1796.500000,2058.963135
1797.000000,2056.021240
1797.500000,2052.365967
1798.000000,2049.408691
1798.500000,2047.687378
1799.000000,2046.799927
1799.500000,2046.376343
1800.000000,2046.024902
1800.500000,2046.368042
1801.000000,2048.586914
1801.500000,2053.216797
1802.000000,2058.076904
1802.500000,2058.591797
1803.000000,2051.719238
1803.500000,2040.937256
1804.000000,2032.868896
1804.500000,2031.818237
1805.000000,2036.394775
1805.500000,2040.288208
1806.000000,2040.234253
1806.500000,2038.307251
1807.000000,2038.127075
1807.500000,2039.512451
1808.000000,2039.406128
1808.500000,2036.402832
1809.000000,2033.859741
1809.500000,2034.924316
1810.000000,2036.963257
