440.000000,9248.676758
440.500000,9243.947266
441.000000,9243.041016
441.500000,9242.546875
442.000000,9241.150391
442.500000,9239.125000
443.000000,9235.689453
443.500000,9229.275391
444.000000,9216.535156
444.500000,9194.788086
445.000000,9165.406250
445.500000,9130.316406
446.000000,9092.644531
446.500000,9053.523438
447.000000,9012.349609
447.500000,8966.312500
448.000000,8914.972656
448.500000,8858.416992
449.000000,8799.563477
449.500000,8742.941406
450.000000,8692.102539
450.500000,8647.954102
451.000000,8611.211914
451.500000,8579.632812
452.000000,8552.665039
452.500000,8527.524414
453.000000,8503.182617
453.500000,8478.745117
454.000000,8453.658203
454.500000,8427.574219
455.000000,8400.332031
455.500000,8371.572266
456.000000,8341.268555
456.500000,8309.250977
457.000000,8276.683594
457.500000,8245.921875
458.000000,8218.897461
458.500000,8197.673828
459.000000,8182.565918
459.500000,8173.117676
460.000000,8168.229980
460.500000,8166.059570
461.000000,8166.656250
461.500000,8169.556641
462.000000,8175.225586
462.500000,8182.742676
463.000000,8191.313477
463.500000,8200.623047
464.000000,8211.423828
464.500000,8225.360352
465.000000,8244.589844
465.500000,8270.550781
466.000000,8301.867188
466.500000,8338.333008
467.000000,8377.396484
467.500000,8417.656250
468.000000,8457.360352
468.500000,8495.161133
469.000000,8530.077148
469.500000,8561.528320
470.000000,8589.127930
470.500000,8614.170898
471.000000,8637.767578
471.500000,8660.674805
472.000000,8682.153320
472.500000,8700.911133
473.000000,8714.197266
473.500000,8721.684570
474.000000,8723.730469
474.500000,8721.220703
475.000000,8715.502930
475.500000,8705.889648
476.000000,8692.091797
476.500000,8671.845703
477.000000,8645.852539
477.500000,8614.113281
478.000000,8578.962891
478.500000,8542.717773
479.000000,8506.467773
479.500000,8469.804688
480.000000,8431.411133
480.500000,8390.434570
481.000000,8346.441406
481.500000,8302.068359
482.000000,8260.146484
482.500000,8222.580078
483.000000,8190.953125
483.500000,8164.654297
484.000000,8141.005371
484.500000,8117.565430
485.000000,8092.794434
485.500000,8066.011719
486.000000,8038.263672
486.500000,8011.462891
487.000000,7987.017578
487.500000,7966.261719
488.000000,7949.155273
488.500000,7935.184570
489.000000,7922.957520
489.500000,7910.315430
490.000000,7895.636719
490.500000,7878.614258
491.000000,7859.231445
491.500000,7839.468262
492.000000,7821.707031
492.500000,7806.987793
493.000000,7795.511230
493.500000,7786.162109
494.000000,7777.256836
494.500000,7767.521484
495.000000,7757.291992
495.500000,7747.744141
496.000000,7739.801758
496.500000,7734.222168
497.000000,7730.091797
497.500000,7726.043457
498.000000,7721.313477
498.500000,7716.123047
499.000000,7711.408691
499.500000,7708.190918
500.000000,7707.164062
500.500000,7707.298828
501.000000,7708.044434
501.500000,7709.080078
502.000000,7711.021484
502.500000,7714.827637
503.000000,7720.760254
503.500000,7727.619629
504.000000,7733.332520
504.500000,7735.402832
505.000000,7732.871094
505.500000,7725.070312
506.000000,7715.351562
506.500000,7706.223633
507.000000,7699.780273
507.500000,7697.531250
508.000000,7699.375488
508.500000,7703.423340
509.000000,7707.510742
509.500000,7710.002930
510.000000,7709.790527
510.500000,7707.877441
511.000000,7706.682617
511.500000,7708.700684
512.000000,7715.808105
512.500000,7727.265625
513.000000,7740.647949
513.500000,7751.804199
514.000000,7757.367676
514.500000,7756.023438
515.000000,7750.510254
515.500000,7744.002441
516.000000,7740.443359
516.500000,7743.877930
517.000000,7753.211426
517.500000,7766.424805
518.000000,7780.392578
518.500000,7792.210938
519.000000,7799.679199
519.500000,7803.505859
520.000000,7805.782715
520.500000,7809.373535
521.000000,7817.125000
521.500000,7829.676758
522.000000,7847.132324
522.500000,7866.822754
523.000000,7886.263672
523.500000,7903.902832
524.000000,7919.514160
524.500000,7933.192871
525.000000,7945.526367
525.500000,7955.354980
526.000000,7961.430664
526.500000,7961.258301
527.000000,7954.329102
527.500000,7941.016113
528.000000,7924.214844
528.500000,7908.315918
529.000000,7897.195312
529.500000,7892.434082
530.000000,7896.734375
530.500000,7908.267578
531.000000,7925.313965
531.500000,7943.921387
532.000000,7960.997559
532.500000,7974.555176
533.000000,7984.596191
533.500000,7993.642578
534.000000,8006.253906
534.500000,8027.308594
535.000000,8056.814941
535.500000,8094.887695
536.000000,8136.588867
536.500000,8176.292480
537.000000,8210.353516
537.500000,8237.952148
538.000000,8260.493164
538.500000,8281.361328
539.000000,8304.224609
539.500000,8331.678711
540.000000,8366.307617
540.500000,8407.850586
541.000000,8458.452148
541.500000,8518.381836
542.000000,8589.913086
542.500000,8674.317383
543.000000,8771.330078
543.500000,8883.785156
544.000000,9011.580078
544.500000,9162.227539
545.000000,9338.192383
545.500000,9549.908203
546.000000,9796.125977
546.500000,10080.992188
547.000000,10400.678711
547.500000,10748.001953
548.000000,11113.998047
548.500000,11482.591797
549.000000,11839.021484
549.500000,12173.156250
550.000000,12464.776367
550.500000,12706.397461
551.000000,12866.781250
551.500000,12942.344727
552.000000,12925.755859
552.500000,12818.021484
553.000000,12639.312500
553.500000,12405.398438
554.000000,12152.624023
554.500000,11911.357422
555.000000,11697.543945
555.500000,11526.880859
556.000000,11398.841797
556.500000,11316.392578
557.000000,11279.640625
557.500000,11280.412109
558.000000,11314.587891
558.500000,11367.569336
559.000000,11424.927734
559.500000,11467.859375
560.000000,11468.830078
560.500000,11424.323242
561.000000,11328.394531
561.500000,11189.404297
562.000000,11018.577148
562.500000,10827.179688
563.000000,10628.139648
563.500000,10429.431641
564.000000,10235.369141
564.500000,10050.880859
565.000000,9877.301758
565.500000,9719.348633
566.000000,9578.493164
566.500000,9454.535156
567.000000,9346.466797
567.500000,9252.255859
568.000000,9172.833008
568.500000,9105.900391
569.000000,9055.233398
569.500000,9015.113281
570.000000,8983.331055
570.500000,8954.052734
571.000000,8921.635742
571.500000,8881.186523
572.000000,8828.610352
572.500000,8762.712891
573.000000,8686.206055
573.500000,8599.828125
574.000000,8508.398438
574.500000,8415.471680
575.000000,8326.049805
575.500000,8245.237305
576.000000,8175.068848
576.500000,8116.502930
577.000000,8068.857422
577.500000,8028.878906
578.000000,7994.509277
578.500000,7962.521973
579.000000,7932.541504
579.500000,7904.527344
580.000000,7879.272949
580.500000,7856.251953
581.000000,7833.934570
581.500000,7809.718262
582.000000,7782.319824
582.500000,7752.375488
583.000000,7723.168945
583.500000,7700.282227
584.000000,7687.102051
584.500000,7687.985352
585.000000,7698.225586
585.500000,7713.443359
586.000000,7728.315918
586.500000,7739.401855
587.000000,7746.013184
587.500000,7751.048340
588.000000,7758.251465
588.500000,7768.804688
589.000000,7782.403320
589.500000,7796.077637
590.000000,7806.533203
590.500000,7811.905762
591.000000,7812.848145
591.500000,7811.833984
592.000000,7811.349609
592.500000,7812.945801
593.000000,7816.313477
593.500000,7820.567871
594.000000,7824.520996
594.500000,7828.588379
595.000000,7834.322266
595.500000,7843.940430
596.000000,7858.708984
596.500000,7878.228516
597.000000,7900.593262
597.500000,7922.285645
598.000000,7940.953125
598.500000,7956.867188
599.000000,7971.094238
599.500000,7985.957031
600.000000,8003.472656
600.500000,8023.429688
601.000000,8044.379395
601.500000,8064.939941
602.000000,8084.688477
602.500000,8104.407227
603.000000,8125.683105
603.500000,8150.724121
604.000000,8179.210938
604.500000,8211.809570
605.000000,8249.047852
605.500000,8293.691406
606.000000,8349.829102
606.500000,8422.145508
607.000000,8513.430664
607.500000,8618.707031
608.000000,8734.573242
608.500000,8852.135742
609.000000,8963.770508
609.500000,9064.097656
610.000000,9148.125000
610.500000,9215.087891
611.000000,9263.652344
611.500000,9290.255859
612.000000,9294.912109
612.500000,9270.891602
613.000000,9220.618164
613.500000,9141.367188
614.000000,9041.264648
614.500000,8923.384766
615.000000,8795.342773
615.500000,8664.255859
616.000000,8537.199219
616.500000,8419.242188
617.000000,8313.341797
617.500000,8217.047852
618.000000,8130.163086
618.500000,8048.804688
619.000000,7972.424316
619.500000,7900.814453
620.000000,7835.477539
620.500000,7777.381836
621.000000,7726.427246
621.500000,7682.233887
622.000000,7642.228516
622.500000,7605.009766
623.000000,7568.693848
623.500000,7533.011719
624.000000,7498.289062
624.500000,7465.479980
625.000000,7435.410156
625.500000,7409.004883
626.000000,7387.643066
626.500000,7371.782715
627.000000,7362.454102
627.500000,7358.326172
628.000000,7359.367188
628.500000,7363.285156
629.000000,7368.663086
629.500000,7373.856934
630.000000,7377.680176
630.500000,7379.323242
631.000000,7378.204102
631.500000,7373.335938
632.000000,7365.106445
632.500000,7353.520020
633.000000,7340.905762
633.500000,7329.734863
634.000000,7321.435547
634.500000,7316.544922
635.000000,7314.014648
635.500000,7312.071777
636.000000,7309.182129
636.500000,7305.192871
637.000000,7301.512207
637.500000,7299.919434
638.000000,7302.755371
638.500000,7310.263184
639.000000,7322.770996
639.500000,7338.832031
640.000000,7355.992188
640.500000,7371.199707
641.000000,7381.978516
641.500000,7385.782715
642.000000,7383.743164
642.500000,7377.349121
643.000000,7371.665527
643.500000,7371.936035
644.000000,7379.498535
644.500000,7393.349121
645.000000,7409.885742
645.500000,7425.112793
646.000000,7436.617676
646.500000,7445.554688
647.000000,7455.216797
647.500000,7467.711914
648.000000,7483.054688
648.500000,7498.121582
649.000000,7508.812988
649.500000,7512.696777
650.000000,7510.122070
650.500000,7504.972656
651.000000,7501.640137
651.500000,7503.063965
652.000000,7508.476074
652.500000,7516.687988
653.000000,7525.320312
653.500000,7533.525879
654.000000,7542.151855
654.500000,7552.649414
655.000000,7565.990723
655.500000,7582.079102
656.000000,7600.703125
656.500000,7620.769043
657.000000,7641.396484
657.500000,7660.697754
658.000000,7675.466797
658.500000,7683.346680
659.000000,7681.995117
659.500000,7671.925293
660.000000,7656.341309
660.500000,7639.543457
661.000000,7625.105469
661.500000,7613.182129
662.000000,7600.368164
662.500000,7581.728027
663.000000,7555.197754
663.500000,7520.124512
664.000000,7480.231934
664.500000,7440.952148
665.000000,7406.275391
665.500000,7376.901855
666.000000,7352.639648
666.500000,7331.072266
667.000000,7311.243652
667.500000,7292.298340
668.000000,7274.148926
668.500000,7256.224121
669.000000,7237.836914
669.500000,7218.701660
670.000000,7199.429688
670.500000,7181.448242
671.000000,7165.787109
671.500000,7153.155762
672.000000,7141.152344
672.500000,7127.354980
673.000000,7110.629883
673.500000,7091.335938
674.000000,7071.840820
674.500000,7055.086426
675.000000,7043.384766
675.500000,7035.512695
676.000000,7029.264648
676.500000,7022.091797
677.000000,7012.676270
677.500000,7002.029785
678.000000,6992.146973
678.500000,6985.100098
679.000000,6981.705566
679.500000,6980.774414
680.000000,6980.052734
680.500000,6977.202148
681.000000,6971.190430
681.500000,6960.984863
682.000000,6948.167480
682.500000,6934.478027
683.000000,6922.291992
683.500000,6913.332031
684.000000,6908.073730
684.500000,6905.707031
685.000000,6905.061035
685.500000,6904.713867
686.000000,6904.291016
686.500000,6904.407227
687.000000,6905.903320
687.500000,6908.308105
688.000000,6910.003418
688.500000,6908.846191
689.000000,6903.347168
689.500000,6893.692383
690.000000,6882.978516
690.500000,6875.190430
691.000000,6871.801758
691.500000,6873.169922
692.000000,6876.191895
692.500000,6877.827148
693.000000,6876.254395
693.500000,6871.411621
694.000000,6865.111328
694.500000,6859.108398
695.000000,6853.801270
695.500000,6848.511719
696.000000,6842.402344
696.500000,6835.655273
697.000000,6829.237305
697.500000,6824.221191
698.000000,6820.438965
698.500000,6816.172852
699.000000,6809.380859
699.500000,6798.648926
700.000000,6784.883789
700.500000,6769.672363
701.000000,6755.312012
701.500000,6743.083008
702.000000,6731.961426
702.500000,6720.916016
703.000000,6709.719727
703.500000,6699.531738
704.000000,6692.388672
704.500000,6689.450195
705.000000,6691.114746
705.500000,6694.504883
706.000000,6696.627930
706.500000,6696.235352
707.000000,6693.571777
707.500000,6691.031250
708.000000,6691.648438
708.500000,6697.710938
709.000000,6709.753418
709.500000,6726.605957
710.000000,6745.014160
710.500000,6762.110352
711.000000,6776.081055
711.500000,6785.317871
712.000000,6790.831055
712.500000,6794.210449
713.000000,6798.147949
713.500000,6804.842285
714.000000,6815.107910
714.500000,6827.907715
715.000000,6842.257324
715.500000,6857.163086
716.000000,6873.497559
716.500000,6892.995117
717.000000,6919.522461
717.500000,6954.395020
718.000000,6997.903320
718.500000,7048.947266
719.000000,7104.975586
719.500000,7164.461426
720.000000,7225.472656
720.500000,7287.349121
721.000000,7349.489258
721.500000,7411.812988
722.000000,7474.539062
722.500000,7538.262695
723.000000,7603.551270
723.500000,7670.595215
724.000000,7739.270020
724.500000,7808.789551
725.000000,7878.771484
725.500000,7949.206543
726.000000,8020.862793
726.500000,8094.196777
727.000000,8169.904297
727.500000,8248.533203
728.000000,8331.597656
728.500000,8422.142578
729.000000,8523.209961
729.500000,8638.286133
730.000000,8762.783203
730.500000,8891.099609
731.000000,9013.977539
731.500000,9121.608398
732.000000,9210.359375
732.500000,9279.155273
733.000000,9330.000000
733.500000,9365.778320
734.000000,9383.271484
734.500000,9380.600586
735.000000,9347.123047
735.500000,9286.573242
736.000000,9196.811523
736.500000,9086.937500
737.000000,8962.403320
737.500000,8828.060547
738.000000,8687.010742
738.500000,8541.416016
739.000000,8396.673828
739.500000,8262.225586
740.000000,8144.512207
740.500000,8053.226562
741.000000,7984.480957
741.500000,7934.736816
742.000000,7893.527344
742.500000,7854.921875
743.000000,7818.365234
743.500000,7786.482910
744.000000,7763.547363
744.500000,7748.869629
745.000000,7740.817871
745.500000,7733.373047
746.000000,7722.282227
746.500000,7707.931152
747.000000,7693.490723
747.500000,7682.866211
748.000000,7678.107910
748.500000,7679.429688
749.000000,7684.118164
749.500000,7690.802246
750.000000,7699.370117
750.500000,7713.335449
751.000000,7735.400879
751.500000,7768.958008
752.000000,7814.166504
752.500000,7869.723633
753.000000,7934.232910
753.500000,8005.344238
754.000000,8084.088379
754.500000,8170.533691
755.000000,8267.781250
755.500000,8374.369141
756.000000,8488.836914
756.500000,8604.525391
757.000000,8710.825195
757.500000,8793.953125
758.000000,8842.087891
758.500000,8838.267578
759.000000,8786.225586
759.500000,8685.119141
760.000000,8557.324219
760.500000,8416.737305
761.000000,8279.885742
761.500000,8157.752441
762.000000,8053.589844
762.500000,7964.411133
763.000000,7885.647461
763.500000,7810.623535
764.000000,7736.673828
764.500000,7663.166016
765.000000,7591.100098
765.500000,7521.161621
766.000000,7454.161133
766.500000,7390.256836
767.000000,7329.955078
767.500000,7274.450195
768.000000,7224.070312
768.500000,7179.329102
769.000000,7138.118164
769.500000,7098.618164
770.000000,7058.330566
770.500000,7015.800781
771.000000,6971.704590
771.500000,6928.455566
772.000000,6889.768066
772.500000,6858.356445
773.000000,6835.760254
773.500000,6819.630859
774.000000,6808.605469
774.500000,6799.602539
775.000000,6792.046387
775.500000,6786.370117
776.000000,6784.344238
776.500000,6787.110840
777.000000,6794.091797
777.500000,6803.448242
778.000000,6813.054688
778.500000,6822.050781
779.000000,6831.139648
779.500000,6842.158691
780.000000,6856.099609
780.500000,6873.387207
781.000000,6892.627930
781.500000,6912.253906
782.000000,6931.919434
782.500000,6952.889648
783.000000,6977.777344
783.500000,7007.692871
784.000000,7044.190918
784.500000,7084.855957
785.000000,7127.768555
785.500000,7170.388184
786.000000,7211.180176
786.500000,7250.226562
787.000000,7288.510254
787.500000,7327.212402
788.000000,7367.273926
788.500000,7409.892090
789.000000,7455.177734
789.500000,7504.254883
790.000000,7557.222168
790.500000,7615.561035
791.000000,7680.214355
791.500000,7752.224609
792.000000,7832.938477
792.500000,7921.882812
793.000000,8020.276367
793.500000,8126.355957
794.000000,8242.081055
794.500000,8366.708008
795.000000,8502.720703
795.500000,8649.520508
796.000000,8803.901367
796.500000,8958.946289
797.000000,9104.686523
797.500000,9226.980469
798.000000,9318.600586
798.500000,9362.191406
799.000000,9362.966797
799.500000,9315.409180
800.000000,9231.872070
800.500000,9123.316406
801.000000,9005.394531
801.500000,8890.633789
802.000000,8788.182617
802.500000,8700.659180
803.000000,8631.500977
803.500000,8576.077148
804.000000,8534.686523
804.500000,8503.377930
805.000000,8481.957031
805.500000,8468.935547
806.000000,8463.944336
806.500000,8467.853516
807.000000,8480.795898
807.500000,8504.555664
808.000000,8536.477539
808.500000,8574.819336
809.000000,8614.201172
809.500000,8650.177734
810.000000,8680.848633
810.500000,8707.570312
811.000000,8734.409180
811.500000,8765.066406
812.000000,8801.445312
812.500000,8841.288086
813.000000,8880.653320
813.500000,8915.199219
814.000000,8939.769531
814.500000,8953.028320
815.000000,8951.211914
815.500000,8931.648438
816.000000,8890.946289
816.500000,8823.668945
817.000000,8730.487305
817.500000,8608.032227
818.000000,8465.250000
818.500000,8305.915039
819.000000,8140.607910
819.500000,7977.327148
820.000000,7822.863770
820.500000,7682.596680
821.000000,7558.696289
821.500000,7450.115234
822.000000,7357.889160
822.500000,7278.674316
823.000000,7215.488281
823.500000,7166.161621
824.000000,7134.349609
824.500000,7118.503906
825.000000,7117.976562
825.500000,7129.031250
826.000000,7146.049316
826.500000,7165.222168
827.000000,7184.411133
827.500000,7204.093262
828.000000,7225.993164
828.500000,7253.138672
829.000000,7286.265625
829.500000,7325.863281
830.000000,7369.868652
830.500000,7415.258789
831.000000,7458.763184
831.500000,7498.931641
832.000000,7536.168945
832.500000,7573.970215
833.000000,7618.216309
833.500000,7672.583984
834.000000,7741.846680
834.500000,7824.899902
835.000000,7919.310547
835.500000,8020.504883
836.000000,8123.342285
836.500000,8223.726562
837.000000,8319.277344
837.500000,8405.262695
838.000000,8479.743164
838.500000,8535.526367
839.000000,8570.760742
839.500000,8581.192383
840.000000,8567.201172
840.500000,8530.966797
841.000000,8473.594727
841.500000,8399.376953
842.000000,8308.336914
842.500000,8205.849609
843.000000,8093.290039
843.500000,7976.287109
844.000000,7859.485840
844.500000,7747.240234
845.000000,7642.958984
845.500000,7548.866699
846.000000,7465.122559
846.500000,7393.936523
847.000000,7334.398438
847.500000,7289.282227
848.000000,7254.884277
848.500000,7229.934570
849.000000,7209.789551
849.500000,7191.203125
850.000000,7172.985352
850.500000,7157.022949
851.000000,7148.270020
851.500000,7150.320801
852.000000,7168.746582
852.500000,7200.622559
853.000000,7245.401367
853.500000,7298.580078
854.000000,7360.807617
854.500000,7434.079102
855.000000,7521.638184
855.500000,7626.208496
856.000000,7745.105957
856.500000,7876.592773
857.000000,8014.521973
857.500000,8157.235352
858.000000,8303.871094
858.500000,8457.809570
859.000000,8621.333984
859.500000,8797.255859
860.000000,8987.651367
860.500000,9192.993164
861.000000,9416.395508
861.500000,9655.620117
862.000000,9913.850586
862.500000,10186.342773
863.000000,10474.870117
863.500000,10778.487305
864.000000,11101.354492
864.500000,11446.907227
865.000000,11813.735352
865.500000,12197.675781
866.000000,12586.039062
866.500000,12961.620117
867.000000,13309.911133
867.500000,13605.199219
868.000000,13838.787109
868.500000,13988.198242
869.000000,14046.923828
869.500000,14008.476562
870.000000,13868.863281
870.500000,13644.350586
871.000000,13340.761719
871.500000,12986.056641
872.000000,12587.237305
872.500000,12166.771484
873.000000,11738.058594
873.500000,11316.327148
874.000000,10914.508789
874.500000,10539.536133
875.000000,10189.891602
875.500000,9862.047852
876.000000,9546.307617
876.500000,9241.948242
877.000000,8949.288086
877.500000,8678.089844
878.000000,8431.322266
878.500000,8212.204102
879.000000,8016.208496
879.500000,7837.345703
880.000000,7672.867188
880.500000,7521.296387
881.000000,7388.573730
881.500000,7274.683105
882.000000,7184.420410
882.500000,7112.112305
883.000000,7054.693848
883.500000,7006.644531
884.000000,6965.145020
884.500000,6928.371582
885.000000,6894.256348
885.500000,6861.079102
886.000000,6827.098633
886.500000,6790.980957
887.000000,6752.923828
887.500000,6712.826172
888.000000,6670.994629
888.500000,6627.249023
889.000000,6581.848633
889.500000,6536.067383
890.000000,6491.902344
890.500000,6450.832031
891.000000,6414.333496
891.500000,6381.064453
892.000000,6349.960938
892.500000,6319.301758
893.000000,6288.665039
893.500000,6259.112793
894.000000,6233.170410
894.500000,6214.213867
895.000000,6203.890137
895.500000,6204.176758
896.000000,6211.075684
896.500000,6221.599121
897.000000,6231.984375
897.500000,6241.156738
898.000000,6250.657227
898.500000,6263.125977
899.000000,6279.769531
899.500000,6298.444824
900.000000,6314.331055
900.500000,6323.318359
901.000000,6321.584961
901.500000,6313.148438
902.000000,6302.373047
902.500000,6293.967773
903.000000,6288.896973
903.500000,6284.517090
904.000000,6277.430664
904.500000,6266.018066
905.000000,6252.404785
905.500000,6240.502441
906.000000,6233.214844
906.500000,6232.447266
907.000000,6235.583496
907.500000,6239.779785
908.000000,6242.667969
908.500000,6244.144531
909.000000,6246.632324
909.500000,6253.558105
910.000000,6268.620117
910.500000,6291.338867
911.000000,6321.646484
911.500000,6355.432617
912.000000,6390.495117
912.500000,6426.104980
913.000000,6464.245605
913.500000,6507.913086
914.000000,6558.256348
914.500000,6613.142090
915.000000,6665.559570
915.500000,6704.440918
916.000000,6724.642090
916.500000,6720.546875
917.000000,6698.598633
917.500000,6663.357422
918.000000,6620.228027
918.500000,6571.331055
919.000000,6515.829102
919.500000,6453.721680
920.000000,6385.422852
920.500000,6315.723145
921.000000,6250.850586
921.500000,6194.941895
922.000000,6151.757324
922.500000,6119.538086
923.000000,6095.042480
923.500000,6074.137695
924.000000,6053.595215
924.500000,6033.081055
925.000000,6014.265137
925.500000,6001.182617
926.000000,5995.458496
926.500000,5999.690918
927.000000,6011.852051
927.500000,6028.995605
928.000000,6046.224609
928.500000,6058.510742
929.000000,6061.550293
929.500000,6055.579102
930.000000,6042.068848
930.500000,6027.895508
931.000000,6021.254883
931.500000,6025.966797
932.000000,6043.729004
932.500000,6069.951172
933.000000,6098.073242
933.500000,6122.100586
934.000000,6139.506836
934.500000,6149.809570
935.000000,6156.379395
935.500000,6161.245605
936.000000,6166.179199
936.500000,6171.979492
937.000000,6179.229004
937.500000,6188.831543
938.000000,6201.094727
938.500000,6214.748047
939.000000,6227.093262
939.500000,6236.106445
940.000000,6241.001465
940.500000,6245.175781
941.000000,6253.579102
941.500000,6269.467285
942.000000,6294.341797
942.500000,6325.336426
943.000000,6357.643066
943.500000,6386.984863
944.000000,6412.149902
944.500000,6434.300293
945.000000,6457.321289
945.500000,6485.307129
946.000000,6519.012695
946.500000,6557.959961
947.000000,6598.858398
947.500000,6638.553711
948.000000,6675.263184
948.500000,6709.188965
949.000000,6741.173340
949.500000,6772.587402
950.000000,6803.586914
950.500000,6833.472656
951.000000,6860.282227
951.500000,6882.563965
952.000000,6898.543945
952.500000,6907.544922
953.000000,6910.159180
953.500000,6907.341797
954.000000,6901.937988
954.500000,6895.986328
955.000000,6890.601562
955.500000,6884.690430
956.000000,6876.091309
956.500000,6862.618652
957.000000,6844.723633
957.500000,6825.039551
958.000000,6807.021484
958.500000,6792.495605
959.000000,6781.240234
959.500000,6770.205566
960.000000,6756.384277
960.500000,6739.488770
961.000000,6720.856934
961.500000,6703.064941
962.000000,6687.571289
962.500000,6673.699219
963.000000,6659.241211
963.500000,6641.839844
964.000000,6620.992188
964.500000,6596.083008
965.000000,6568.094238
965.500000,6536.439453
966.000000,6501.743652
966.500000,6464.911621
967.000000,6427.659668
967.500000,6391.150391
968.000000,6354.894043
968.500000,6316.887207
969.000000,6274.323730
969.500000,6227.710449
970.000000,6179.434082
970.500000,6134.332031
971.000000,6097.445312
971.500000,6070.013672
972.000000,6050.374023
972.500000,6034.862793
973.000000,6019.574219
973.500000,6002.931152
974.000000,5985.878418
974.500000,5970.521973
975.000000,5957.946289
975.500000,5948.574707
976.000000,5940.841309
976.500000,5932.860352
977.000000,5923.196777
977.500000,5911.701660
978.000000,5899.290039
978.500000,5887.590820
979.000000,5878.244141
979.500000,5871.187988
980.000000,5866.291504
980.500000,5862.603516
981.000000,5859.972656
981.500000,5858.667480
982.000000,5858.989258
982.500000,5860.583008
983.000000,5861.922363
983.500000,5860.919922
984.000000,5856.846191
984.500000,5849.190430
985.000000,5839.690918
985.500000,5830.025391
986.000000,5821.738281
986.500000,5815.653809
987.000000,5811.530762
987.500000,5807.935059
988.000000,5802.737305
988.500000,5794.453613
989.000000,5781.632324
989.500000,5766.109863
990.000000,5749.927734
990.500000,5735.042969
991.000000,5721.528809
991.500000,5707.285156
992.000000,5689.883301
992.500000,5668.752930
993.000000,5647.408203
993.500000,5632.043945
994.000000,5625.406250
994.500000,5628.937988
995.000000,5637.438965
995.500000,5646.227051
996.000000,5653.080078
996.500000,5660.044922
997.000000,5671.814941
997.500000,5691.162598
998.000000,5718.134766
998.500000,5746.608887
999.000000,5768.776855
999.500000,5780.658691
1000.000000,5779.691406
1000.500000,5769.532227
1001.000000,5754.072754
1001.500000,5736.142578
1002.000000,5716.029785
1002.500000,5691.162109
1003.000000,5659.911133
1003.500000,5620.020508
1004.000000,5575.072266
1004.500000,5529.007324
1005.000000,5486.053711
1005.500000,5448.588379
1006.000000,5415.546875
1006.500000,5383.868164
1007.000000,5350.658691
1007.500000,5315.240234
1008.000000,5279.135742
1008.500000,5245.296387
1009.000000,5217.150879
1009.500000,5194.968750
1010.000000,5179.085938
1010.500000,5168.151855
1011.000000,5161.295898
1011.500000,5157.840820
1012.000000,5156.589355
1012.500000,5156.522949
1013.000000,5156.441406
1013.500000,5155.811523
1014.000000,5154.834473
1014.500000,5153.597168
1015.000000,5151.739258
1015.500000,5148.290527
1016.000000,5142.694824
1016.500000,5135.492676
1017.000000,5127.954590
1017.500000,5121.459961
1018.000000,5117.146484
1018.500000,5114.848633
1019.000000,5115.215332
1019.500000,5118.409668
1020.000000,5125.095703
1020.500000,5134.534180
1021.000000,5144.736816
1021.500000,5153.083496
1022.000000,5158.035645
1022.500000,5159.043457
1023.000000,5158.160645
1023.500000,5157.252441
1024.000000,5157.773926
1024.500000,5160.863281
1025.000000,5166.955078
1025.500000,5176.548340
1026.000000,5189.141602
1026.500000,5202.388184
1027.000000,5212.664551
1027.500000,5217.921387
1028.000000,5217.410156
1028.500000,5215.653809
1029.000000,5217.473145
1029.500000,5224.468750
1030.000000,5234.643555
1030.500000,5243.166992
1031.000000,5246.461914
1031.500000,5244.541504
1032.000000,5241.952637
1032.500000,5244.516113
1033.000000,5254.435547
1033.500000,5273.578125
1034.000000,5299.906738
1034.500000,5334.500000
1035.000000,5378.574707
1035.500000,5433.614258
1036.000000,5498.895020
1036.500000,5569.559082
1037.000000,5640.878418
1037.500000,5710.136719
1038.000000,5778.604004
1038.500000,5850.414062
1039.000000,5930.117188
1039.500000,6017.689941
1040.000000,6110.851562
1040.500000,6206.462891
1041.000000,6303.754395
1041.500000,6406.132812
1042.000000,6517.242676
1042.500000,6642.400391
1043.000000,6777.938965
1043.500000,6919.576172
1044.000000,7059.962891
1044.500000,7193.352539
1045.000000,7317.121094
1045.500000,7429.989258
1046.000000,7529.083008
1046.500000,7612.177734
1047.000000,7670.413086
1047.500000,7703.357910
1048.000000,7702.508301
1048.500000,7672.713379
1049.000000,7611.786133
1049.500000,7523.529297
1050.000000,7408.907227
1050.500000,7269.026367
1051.000000,7108.831543
1051.500000,6931.389160
1052.000000,6745.817871
1052.500000,6559.012695
1053.000000,6377.664551
1053.500000,6208.208008
1054.000000,6052.577148
1054.500000,5913.051758
1055.000000,5789.417480
1055.500000,5680.082031
1056.000000,5585.035645
1056.500000,5501.580566
1057.000000,5431.627930
1057.500000,5372.449219
1058.000000,5325.132812
1058.500000,5286.403320
1059.000000,5254.916504
1059.500000,5228.960449
1060.000000,5208.341797
1060.500000,5193.848633
1061.000000,5184.771484
1061.500000,5179.872559
1062.000000,5175.449219
1062.500000,5168.168457
1063.000000,5157.481934
1063.500000,5144.672363
1064.000000,5132.854980
1064.500000,5124.505371
1065.000000,5119.931152
1065.500000,5117.304688
1066.000000,5114.787109
1066.500000,5111.817383
1067.000000,5109.684570
1067.500000,5109.629883
1068.000000,5111.739258
1068.500000,5113.278320
1069.000000,5110.331543
1069.500000,5100.904297
1070.000000,5086.757812
1070.500000,5072.872559
1071.000000,5064.573730
1071.500000,5065.626465
1072.000000,5072.100586
1072.500000,5077.797852
1073.000000,5076.674316
1073.500000,5065.470703
1074.000000,5047.635742
1074.500000,5029.467773
1075.000000,5016.659668
1075.500000,5010.333008
1076.000000,5008.022461
1076.500000,5004.227539
1077.000000,4993.895508
1077.500000,4977.325195
1078.000000,4956.238281
1078.500000,4934.833984
1079.000000,4916.480469
1079.500000,4902.675781
1080.000000,4893.016113
1080.500000,4886.704590
1081.000000,4882.139160
1081.500000,4878.736328
1082.000000,4875.834473
1082.500000,4873.229492
1083.000000,4870.628906
1083.500000,4867.705078
1084.000000,4864.240723
1084.500000,4860.337402
1085.000000,4856.588379
1085.500000,4853.871582
1086.000000,4853.248047
1086.500000,4854.479980
1087.000000,4857.010254
1087.500000,4859.368652
1088.000000,4860.469238
1088.500000,4860.446777
1089.000000,4860.628418
1089.500000,4863.144531
1090.000000,4869.736816
1090.500000,4881.905762
1091.000000,4898.278320
1091.500000,4917.238281
1092.000000,4935.214844
1092.500000,4948.499023
1093.000000,4955.734375
1093.500000,4957.257812
1094.000000,4956.547852
1094.500000,4958.493164
1095.000000,4967.532227
1095.500000,4983.880859
1096.000000,5006.070312
1096.500000,5028.718750
1097.000000,5047.210938
1097.500000,5060.396973
1098.000000,5069.029785
1098.500000,5076.086914
1099.000000,5083.975098
1099.500000,5093.520996
1100.000000,5104.059082
1100.500000,5115.013672
1101.000000,5126.475586
1101.500000,5139.696777
1102.000000,5155.139160
1102.500000,5172.722656
1103.000000,5190.794922
1103.500000,5207.503418
1104.000000,5221.795410
1104.500000,5233.993652
1105.000000,5244.972168
1105.500000,5255.816895
1106.000000,5266.796875
1106.500000,5277.449219
1107.000000,5286.712402
1107.500000,5293.821777
1108.000000,5297.748047
1108.500000,5298.108887
1109.000000,5295.089844
1109.500000,5289.402832
1110.000000,5282.760254
1110.500000,5276.667480
1111.000000,5271.792969
1111.500000,5268.190918
1112.000000,5265.069824
1112.500000,5262.058105
1113.000000,5259.218262
1113.500000,5256.685059
1114.000000,5253.949219
1114.500000,5249.763184
1115.000000,5242.412109
1115.500000,5232.029297
1116.000000,5219.462891
1116.500000,5207.304688
1117.000000,5197.658203
1117.500000,5190.625000
1118.000000,5185.061035
1118.500000,5179.301270
1119.000000,5172.688965
1119.500000,5166.103516
1120.000000,5161.251953
1120.500000,5160.319824
1121.000000,5163.119141
1121.500000,5169.693848
1122.000000,5178.500000
1122.500000,5188.760254
1123.000000,5199.912109
1123.500000,5211.863281
1124.000000,5224.893066
1124.500000,5239.395020
1125.000000,5256.513672
1125.500000,5276.633789
1126.000000,5300.969238
1126.500000,5328.576660
1127.000000,5358.603516
1127.500000,5389.142578
1128.000000,5418.469727
1128.500000,5445.508301
1129.000000,5470.266602
1129.500000,5493.178711
1130.000000,5515.459473
1130.500000,5538.061035
1131.000000,5561.443359
1131.500000,5585.702148
1132.000000,5610.260742
1132.500000,5634.417480
1133.000000,5657.715820
1133.500000,5680.268555
1134.000000,5702.669434
1134.500000,5725.552734
1135.000000,5748.925293
1135.500000,5771.682129
1136.000000,5791.834473
1136.500000,5808.897461
1137.000000,5823.884277
1137.500000,5840.269531
1138.000000,5862.077148
1138.500000,5891.365723
1139.000000,5925.433594
1139.500000,5958.627441
1140.000000,5985.168457
1140.500000,5999.771973
1141.000000,6005.686035
1141.500000,6006.801758
1142.000000,6008.420410
1142.500000,6012.873535
1143.000000,6019.119629
1143.500000,6024.672363
1144.000000,6028.066406
1144.500000,6030.354980
1145.000000,6033.666016
1145.500000,6039.016602
1146.000000,6045.990723
1146.500000,6052.579102
1147.000000,6057.299316
1147.500000,6060.460449
1148.000000,6063.566895
1148.500000,6067.737305
1149.000000,6072.208984
1149.500000,6074.246582
1150.000000,6071.862305
1150.500000,6063.666504
1151.000000,6052.962891
1151.500000,6044.366211
1152.000000,6041.680664
1152.500000,6045.910645
1153.000000,6054.047852
1153.500000,6060.601074
1154.000000,6060.658691
1154.500000,6054.531250
1155.000000,6044.995605
1155.500000,6037.744141
1156.000000,6037.084961
1156.500000,6042.370117
1157.000000,6050.716797
1157.500000,6058.556152
1158.000000,6064.519531
1158.500000,6069.813965
1159.000000,6076.687012
1159.500000,6086.852539
1160.000000,6099.351074
1160.500000,6113.623535
1161.000000,6129.629883
1161.500000,6149.496582
1162.000000,6175.056152
1162.500000,6206.627441
1163.000000,6242.196777
1163.500000,6277.906250
1164.000000,6310.586426
1164.500000,6340.054199
1165.000000,6367.315918
1165.500000,6394.682129
1166.000000,6423.167480
1166.500000,6451.972168
1167.000000,6479.088379
1167.500000,6502.385742
1168.000000,6520.763672
1168.500000,6533.323730
1169.000000,6541.254395
1169.500000,6544.177246
1170.000000,6543.450195
1170.500000,6538.820801
1171.000000,6531.508301
1171.500000,6523.066895
1172.000000,6515.881836
1172.500000,6511.956055
1173.000000,6511.770508
1173.500000,6512.785156
1174.000000,6510.622559
1174.500000,6502.372070
1175.000000,6485.802246
1175.500000,6464.482910
1176.000000,6442.862793
1176.500000,6425.303711
1177.000000,6414.145996
1177.500000,6409.402344
1178.000000,6409.117188
1178.500000,6412.110840
1179.000000,6416.438477
1179.500000,6420.125977
1180.000000,6420.901855
1180.500000,6416.044922
1181.000000,6405.978027
1181.500000,6393.324707
1182.000000,6382.690430
1182.500000,6377.728516
1183.000000,6379.585449
1183.500000,6384.676270
1184.000000,6388.474609
1184.500000,6388.147461
1185.000000,6382.844727
1185.500000,6375.323730
1186.000000,6367.742188
1186.500000,6360.379883
1187.000000,6351.420410
1187.500000,6338.775879
1188.000000,6322.918457
1188.500000,6306.340820
1189.000000,6292.250488
1189.500000,6282.155273
1190.000000,6272.669922
1190.500000,6257.823730
1191.000000,6233.327637
1191.500000,6198.409180
1192.000000,6157.723145
1192.500000,6119.316895
1193.000000,6091.220703
1193.500000,6075.234863
1194.000000,6073.369629
1194.500000,6080.098633
1195.000000,6093.729492
1195.500000,6111.795410
1196.000000,6133.826172
1196.500000,6159.163086
1197.000000,6187.088379
1197.500000,6217.982910
1198.000000,6253.166992
1198.500000,6297.272949
1199.000000,6351.710938
1199.500000,6419.392090
1200.000000,6496.275879
1200.500000,6579.116699
1201.000000,6664.784668
1201.500000,6753.728516
1202.000000,6849.259766
1202.500000,6953.287109
1203.000000,7065.408203
1203.500000,7178.550293
1204.000000,7282.928223
1204.500000,7373.623535
1205.000000,7446.770996
1205.500000,7506.179688
1206.000000,7554.222168
1206.500000,7590.948242
1207.000000,7613.992676
1207.500000,7618.416016
1208.000000,7606.810547
1208.500000,7581.100586
1209.000000,7550.422363
1209.500000,7519.726074
1210.000000,7490.737305
1210.500000,7462.013672
1211.000000,7431.066406
1211.500000,7396.001953
1212.000000,7355.043457
1212.500000,7307.124023
1213.000000,7248.727539
1213.500000,7180.867188
1214.000000,7103.849121
1214.500000,7022.993164
1215.000000,6941.673340
1215.500000,6860.553223
1216.000000,6777.067871
1216.500000,6688.217285
1217.000000,6594.465820
1217.500000,6499.618652
1218.000000,6408.785645
1218.500000,6326.454102
1219.000000,6250.730957
1219.500000,6180.368164
1220.000000,6113.967773
1220.500000,6053.893066
1221.000000,6003.791016
1221.500000,5966.136230
1222.000000,5942.687012
1222.500000,5930.597656
1223.000000,5930.445801
1223.500000,5938.562500
1224.000000,5953.365723
1224.500000,5969.365723
1225.000000,5980.839844
1225.500000,5984.801758
1226.000000,5982.801758
1226.500000,5980.355957
1227.000000,5983.270508
1227.500000,5994.817871
1228.000000,6011.102539
1228.500000,6026.728516
1229.000000,6037.435059
1229.500000,6041.475586
1230.000000,6041.233398
1230.500000,6039.243164
1231.000000,6036.948730
1231.500000,6034.514160
1232.000000,6031.804199
1232.500000,6029.312012
1233.000000,6028.275879
1233.500000,6029.184082
1234.000000,6032.483887
1234.500000,6037.406250
1235.000000,6043.055176
1235.500000,6048.018555
1236.000000,6050.605469
1236.500000,6049.299316
1237.000000,6044.801758
1237.500000,6039.500000
1238.000000,6037.064941
1238.500000,6041.045898
1239.000000,6050.427734
1239.500000,6062.694336
1240.000000,6073.876465
1240.500000,6081.081055
1241.000000,6083.028320
1241.500000,6080.094727
1242.000000,6071.965820
1242.500000,6060.385254
1243.000000,6047.559082
1243.500000,6037.354980
1244.000000,6033.512695
1244.500000,6035.379395
1245.000000,6039.061523
1245.500000,6039.047852
1246.000000,6032.615723
1246.500000,6021.304688
1247.000000,6010.750000
1247.500000,6006.135742
1248.000000,6006.329590
1248.500000,6006.853027
1249.000000,6002.132324
1249.500000,5989.142090
1250.000000,5970.366699
1250.500000,5950.675293
1251.000000,5933.875488
1251.500000,5920.250488
1252.000000,5908.193359
1252.500000,5895.688477
1253.000000,5882.864258
1253.500000,5871.749023
1254.000000,5865.248535
1254.500000,5864.479492
1255.000000,5869.682129
1255.500000,5880.040527
1256.000000,5893.727051
1256.500000,5909.136719
1257.000000,5924.321777
1257.500000,5938.207520
1258.000000,5951.793457
1258.500000,5967.851562
1259.000000,5988.918945
1259.500000,6016.544922
1260.000000,6048.946289
1260.500000,6082.134766
1261.000000,6112.286621
1261.500000,6138.625977
1262.000000,6162.958008
1262.500000,6189.405762
1263.000000,6221.858887
1263.500000,6259.777344
1264.000000,6300.796875
1264.500000,6341.075195
1265.000000,6378.600586
1265.500000,6414.848633
1266.000000,6454.486328
1266.500000,6504.548340
1267.000000,6567.416992
1267.500000,6647.081055
1268.000000,6738.467285
1268.500000,6839.380859
1269.000000,6946.453125
1269.500000,7059.447266
1270.000000,7179.443359
1270.500000,7306.831543
1271.000000,7441.336426
1271.500000,7579.225586
1272.000000,7716.786133
1272.500000,7850.896973
1273.000000,7978.307129
1273.500000,8097.697266
1274.000000,8205.153320
1274.500000,8296.929688
1275.000000,8369.285156
1275.500000,8418.475586
1276.000000,8447.298828
1276.500000,8454.757812
1277.000000,8447.300781
1277.500000,8424.546875
1278.000000,8390.541016
1278.500000,8345.608398
1279.000000,8291.991211
1279.500000,8230.599609
1280.000000,8161.147461
1280.500000,8083.626465
1281.000000,7996.975586
1281.500000,7904.139648
1282.000000,7807.662598
1282.500000,7711.734375
1283.000000,7618.881836
1283.500000,7528.952637
1284.000000,7440.494141
1284.500000,7351.512207
1285.000000,7260.698730
1285.500000,7167.644531
1286.000000,7073.479980
1286.500000,6980.372559
1287.000000,6890.904297
1287.500000,6809.172363
1288.000000,6735.947754
1288.500000,6671.440918
1289.000000,6612.432617
1289.500000,6555.070801
1290.000000,6496.748535
1290.500000,6437.476074
1291.000000,6379.833008
1291.500000,6326.778809
1292.000000,6281.890625
1292.500000,6243.825684
1293.000000,6210.874512
1293.500000,6178.977539
1294.000000,6144.729004
1294.500000,6106.816895
1295.000000,6067.032227
1295.500000,6029.233887
1296.000000,5996.628418
1296.500000,5972.023926
1297.000000,5952.279785
1297.500000,5934.368652
1298.000000,5915.706543
1298.500000,5897.477539
1299.000000,5884.268066
1299.500000,5881.209961
1300.000000,5891.414551
1300.500000,5910.779785
1301.000000,5933.574219
1301.500000,5953.060059
1302.000000,5965.675293
1302.500000,5974.549805
1303.000000,5984.449219
1303.500000,5998.871094
1304.000000,6018.098633
1304.500000,6039.757812
1305.000000,6060.990723
1305.500000,6080.709473
1306.000000,6099.858398
1306.500000,6119.353516
1307.000000,6138.872070
1307.500000,6157.188477
1308.000000,6174.151855
1308.500000,6191.619141
1309.000000,6212.725098
1309.500000,6239.215820
1310.000000,6270.284668
1310.500000,6301.458008
1311.000000,6327.248047
1311.500000,6345.962402
1312.000000,6356.468262
1312.500000,6361.952148
1313.000000,6364.299316
1313.500000,6364.777832
1314.000000,6363.440918
1314.500000,6359.264160
1315.000000,6351.144531
1315.500000,6336.679688
1316.000000,6316.392578
1316.500000,6290.674316
1317.000000,6263.199219
1317.500000,6236.681152
1318.000000,6211.720703
1318.500000,6186.703613
1319.000000,6159.728027
1319.500000,6131.109375
1320.000000,6103.226562
1320.500000,6077.746094
1321.000000,6053.166504
1321.500000,6024.505371
1322.000000,5986.847656
1322.500000,5942.530762
1323.000000,5898.831543
1323.500000,5864.231445
1324.000000,5841.946777
1324.500000,5828.979004
1325.000000,5816.795898
1325.500000,5798.855957
1326.000000,5775.735840
1326.500000,5751.106445
1327.000000,5729.328613
1327.500000,5712.012695
1328.000000,5697.698242
1328.500000,5685.447266
1329.000000,5676.891602
1329.500000,5674.552246
1330.000000,5681.177734
1330.500000,5693.375000
1331.000000,5706.547363
1331.500000,5715.908203
1332.000000,5718.691406
1332.500000,5716.502441
1333.000000,5712.347168
1333.500000,5709.426270
1334.000000,5709.625000
1334.500000,5713.885742
1335.000000,5721.389160
1335.500000,5732.598633
1336.000000,5747.065918
1336.500000,5766.049316
1337.000000,5789.107422
1337.500000,5815.143066
1338.000000,5841.314941
1338.500000,5864.412109
1339.000000,5882.408203
1339.500000,5896.160156
1340.000000,5906.560547
1340.500000,5915.053223
1341.000000,5920.238770
1341.500000,5920.568359
1342.000000,5913.373535
1342.500000,5898.612305
1343.000000,5877.387695
1343.500000,5851.683594
1344.000000,5823.938965
1344.500000,5795.495605
1345.000000,5766.939453
1345.500000,5737.241699
1346.000000,5704.804688
1346.500000,5667.217773
1347.000000,5625.569824
1347.500000,5583.814453
1348.000000,5547.915527
1348.500000,5521.942383
1349.000000,5506.316406
1349.500000,5494.672852
1350.000000,5479.885742
1350.500000,5458.947754
1351.000000,5433.107422
1351.500000,5408.536133
1352.000000,5390.450195
1352.500000,5378.863770
1353.000000,5369.410645
1353.500000,5356.791016
1354.000000,5339.216309
1354.500000,5318.811035
1355.000000,5300.405762
1355.500000,5287.804688
1356.000000,5279.891602
1356.500000,5274.534180
1357.000000,5269.215820
1357.500000,5263.610840
1358.000000,5259.440430
1358.500000,5258.734375
1359.000000,5262.902344
1359.500000,5270.259766
1360.000000,5278.417969
1360.500000,5284.373047
1361.000000,5285.624023
1361.500000,5282.578613
1362.000000,5277.259766
1362.500000,5273.033691
1363.000000,5272.607422
1363.500000,5277.010254
1364.000000,5284.016602
1364.500000,5290.401855
1365.000000,5293.668945
1365.500000,5292.743652
1366.000000,5290.102051
1366.500000,5288.832031
1367.000000,5290.920898
1367.500000,5296.166504
1368.000000,5302.443359
1368.500000,5307.156738
1369.000000,5308.673340
1369.500000,5307.985352
1370.000000,5306.155273
1370.500000,5304.291504
1371.000000,5302.341309
1371.500000,5299.761719
1372.000000,5296.261230
1372.500000,5292.374023
1373.000000,5289.102539
1373.500000,5287.135742
1374.000000,5285.849609
1374.500000,5283.663574
1375.000000,5279.394043
1375.500000,5272.729492
1376.000000,5266.091309
1376.500000,5263.182617
1377.000000,5266.612305
1377.500000,5276.353027
1378.000000,5289.599609
1378.500000,5301.616699
1379.000000,5308.663574
1379.500000,5311.967285
1380.000000,5315.722656
1380.500000,5325.216309
1381.000000,5344.774902
1381.500000,5373.076172
1382.000000,5406.190918
1382.500000,5439.830078
1383.000000,5472.517090
1383.500000,5506.385254
1384.000000,5544.328613
1384.500000,5589.398926
1385.000000,5639.413086
1385.500000,5691.851074
1386.000000,5743.526367
1386.500000,5793.159180
1387.000000,5841.683594
1387.500000,5891.080566
1388.000000,5943.064941
1388.500000,5997.650391
1389.000000,6054.492188
1389.500000,6112.081543
1390.000000,6169.679199
1390.500000,6226.870605
1391.000000,6283.319336
1391.500000,6338.650879
1392.000000,6392.127930
1392.500000,6442.473145
1393.000000,6488.449707
1393.500000,6527.109863
1394.000000,6557.780762
1394.500000,6577.486328
1395.000000,6588.674316
1395.500000,6593.848145
1396.000000,6598.121094
1396.500000,6605.268555
1397.000000,6616.128906
1397.500000,6627.938477
1398.000000,6635.877930
1398.500000,6636.858887
1399.000000,6627.891602
1399.500000,6612.289062
1400.000000,6592.050293
1400.500000,6570.118164
1401.000000,6547.530762
1401.500000,6524.304199
1402.000000,6500.144043
1402.500000,6474.816406
1403.000000,6448.559082
1403.500000,6421.770020
1404.000000,6395.501465
1404.500000,6371.448730
1405.000000,6350.242676
1405.500000,6331.738770
1406.000000,6313.875977
1406.500000,6294.276855
1407.000000,6271.701660
1407.500000,6247.057129
1408.000000,6221.605469
1408.500000,6195.708008
1409.000000,6167.860840
1409.500000,6137.675293
1410.000000,6106.971680
1410.500000,6080.300781
1411.000000,6062.526367
1411.500000,6054.261230
1412.000000,6050.527344
1412.500000,6044.128418
1413.000000,6030.782227
1413.500000,6010.612305
1414.000000,5990.314453
1414.500000,5975.419434
1415.000000,5966.135254
1415.500000,5959.450195
1416.000000,5951.239258
1416.500000,5940.140625
1417.000000,5928.059570
1417.500000,5917.976074
1418.000000,5911.489746
1418.500000,5906.635742
1419.000000,5900.728516
1419.500000,5892.762207
1420.000000,5883.604492
1420.500000,5875.214844
1421.000000,5868.635254
1421.500000,5863.132812
1422.000000,5856.722656
1422.500000,5847.178223
1423.000000,5834.051758
1423.500000,5816.846191
1424.000000,5797.386230
1424.500000,5776.599609
1425.000000,5755.111816
1425.500000,5731.970215
1426.000000,5705.565918
1426.500000,5675.191895
1427.000000,5642.375000
1427.500000,5611.693848
1428.000000,5589.782227
1428.500000,5577.883301
1429.000000,5575.222656
1429.500000,5573.942871
1430.000000,5565.579102
1430.500000,5546.469727
1431.000000,5518.242676
1431.500000,5485.690918
1432.000000,5453.978027
1432.500000,5425.997559
1433.000000,5401.477051
1433.500000,5380.661133
1434.000000,5362.564453
1434.500000,5346.749023
1435.000000,5331.351562
1435.500000,5314.397461
1436.000000,5295.937012
1436.500000,5278.802734
1437.000000,5267.237793
1437.500000,5262.031250
1438.000000,5261.581543
1438.500000,5260.133301
1439.000000,5253.316895
1439.500000,5242.120605
1440.000000,5230.916992
1440.500000,5224.871094
1441.000000,5225.816406
1441.500000,5231.793457
1442.000000,5238.724121
1442.500000,5243.921387
1443.000000,5247.120117
1443.500000,5248.688477
1444.000000,5249.724121
1444.500000,5251.191895
1445.000000,5254.265137
1445.500000,5260.003418
1446.000000,5268.082520
1446.500000,5275.992188
1447.000000,5280.885742
1447.500000,5282.637207
1448.000000,5283.252930
1448.500000,5286.032715
1449.000000,5292.311035
1449.500000,5299.161621
1450.000000,5301.982422
1450.500000,5298.643066
1451.000000,5292.536133
1451.500000,5291.273926
1452.000000,5300.080078
1452.500000,5322.019043
1453.000000,5350.520508
1453.500000,5379.325684
1454.000000,5403.951172
1454.500000,5424.199707
1455.000000,5444.016113
1455.500000,5467.587402
1456.000000,5496.393555
1456.500000,5527.086914
1457.000000,5554.744141
1457.500000,5576.700195
1458.000000,5591.630859
1458.500000,5603.019531
1459.000000,5613.614258
1459.500000,5625.119141
1460.000000,5637.654785
1460.500000,5651.123047
1461.000000,5666.500000
1461.500000,5685.820801
1462.000000,5708.926270
1462.500000,5734.185059
1463.000000,5757.785645
1463.500000,5776.832031
1464.000000,5792.322266
1464.500000,5806.922852
1465.000000,5822.727051
1465.500000,5838.523438
1466.000000,5850.041504
1466.500000,5854.891113
1467.000000,5852.741699
1467.500000,5848.500000
1468.000000,5845.920410
1468.500000,5845.143066
1469.000000,5842.711426
1469.500000,5834.696289
1470.000000,5819.886719
1470.500000,5801.077148
1471.000000,5783.231445
1471.500000,5769.040039
1472.000000,5756.873535
1472.500000,5743.581055
1473.000000,5727.395996
1473.500000,5708.820801
1474.000000,5690.827148
1474.500000,5676.119141
1475.000000,5665.230469
1475.500000,5656.189941
1476.000000,5646.597168
1476.500000,5635.239746
1477.000000,5621.835938
1477.500000,5607.536621
1478.000000,5592.950684
1478.500000,5578.348633
1479.000000,5563.777832
1479.500000,5549.695312
1480.000000,5537.320801
1480.500000,5528.208008
1481.000000,5522.546387
1481.500000,5519.449219
1482.000000,5515.590332
1482.500000,5506.561523
1483.000000,5490.840332
1483.500000,5468.102051
1484.000000,5441.882324
1484.500000,5416.453613
1485.000000,5394.889648
1485.500000,5377.918945
1486.000000,5365.923828
1486.500000,5357.697754
1487.000000,5353.293945
1487.500000,5350.557617
1488.000000,5347.068359
1488.500000,5340.815430
1489.000000,5332.143555
1489.500000,5324.882812
1490.000000,5323.720703
1490.500000,5331.859375
1491.000000,5346.700195
1491.500000,5363.988770
1492.000000,5378.659668
1492.500000,5388.303711
1493.000000,5395.503418
1493.500000,5404.459961
1494.000000,5418.052246
1494.500000,5436.343262
1495.000000,5456.854004
1495.500000,5475.913574
1496.000000,5490.672363
1496.500000,5502.189453
1497.000000,5514.024902
1497.500000,5531.250000
1498.000000,5558.041016
1498.500000,5592.283691
1499.000000,5628.604492
1499.500000,5660.317383
1500.000000,5683.705566
1500.500000,5698.441406
1501.000000,5709.521973
1501.500000,5722.099121
1502.000000,5739.802246
1502.500000,5765.417480
1503.000000,5798.032227
1503.500000,5836.079590
1504.000000,5875.271973
1504.500000,5910.235840
1505.000000,5936.529297
1505.500000,5955.020508
1506.000000,5969.182129
1506.500000,5985.216309
1507.000000,6006.342285
1507.500000,6030.285645
1508.000000,6053.293945
1508.500000,6072.768066
1509.000000,6088.754883
1509.500000,6102.954102
1510.000000,6116.631348
1510.500000,6129.142090
1511.000000,6140.104492
1511.500000,6150.801270
1512.000000,6164.502441
1512.500000,6185.330078
1513.000000,6213.306152
1513.500000,6245.424316
1514.000000,6275.796875
1514.500000,6299.075684
1515.000000,6313.666016
1515.500000,6324.331055
1516.000000,6337.990723
1516.500000,6359.444824
1517.000000,6390.969727
1517.500000,6426.873535
1518.000000,6459.728516
1518.500000,6484.092285
1519.000000,6500.368164
1519.500000,6512.791992
1520.000000,6525.343262
1520.500000,6537.453125
1521.000000,6545.435547
1521.500000,6544.181641
1522.000000,6535.392090
1522.500000,6523.145996
1523.000000,6513.007812
1523.500000,6506.490234
1524.000000,6500.851074
1524.500000,6492.127930
1525.000000,6477.933105
1525.500000,6460.198730
1526.000000,6441.442383
1526.500000,6423.828613
1527.000000,6407.324707
1527.500000,6390.435059
1528.000000,6371.821777
1528.500000,6351.033691
1529.000000,6328.224121
1529.500000,6303.405762
1530.000000,6276.890137
1530.500000,6248.637695
1531.000000,6219.977051
1531.500000,6193.313477
1532.000000,6171.263184
1532.500000,6157.641602
1533.000000,6154.144531
1533.500000,6161.417969
1534.000000,6179.048828
1534.500000,6204.734375
1535.000000,6237.327148
1535.500000,6273.909668
1536.000000,6313.414551
1536.500000,6354.621094
1537.000000,6399.500977
1537.500000,6451.613770
1538.000000,6516.527832
1538.500000,6597.853516
1539.000000,6692.989746
1539.500000,6799.139648
1540.000000,6911.304688
1540.500000,7029.746582
1541.000000,7154.551758
1541.500000,7288.153320
1542.000000,7428.146484
1542.500000,7569.893066
1543.000000,7707.613281
1543.500000,7837.107910
1544.000000,7955.588867
1544.500000,8063.471191
1545.000000,8158.137207
1545.500000,8240.658203
1546.000000,8305.185547
1546.500000,8352.602539
1547.000000,8378.683594
1547.500000,8384.361328
1548.000000,8371.222656
1548.500000,8343.340820
1549.000000,8307.530273
1549.500000,8268.423828
1550.000000,8229.045898
1550.500000,8188.246582
1551.000000,8143.725586
1551.500000,8092.793945
1552.000000,8036.974609
1552.500000,7980.380371
1553.000000,7928.504395
1553.500000,7884.453125
1554.000000,7846.385742
1554.500000,7807.832031
1555.000000,7761.633789
1555.500000,7706.590332
1556.000000,7643.240723
1556.500000,7576.534668
1557.000000,7508.351074
1557.500000,7436.939453
1558.000000,7358.189941
1558.500000,7268.949707
1559.000000,7171.258789
1559.500000,7069.097168
1560.000000,6968.608887
1560.500000,6874.575195
1561.000000,6786.318848
1561.500000,6701.674316
1562.000000,6618.043457
1562.500000,6535.664062
1563.000000,6457.770020
1563.500000,6388.170410
1564.000000,6330.022949
1564.500000,6279.723145
1565.000000,6232.620117
1565.500000,6184.292480
1566.000000,6134.473145
1566.500000,6085.876953
1567.000000,6040.769531
1567.500000,5997.954102
1568.000000,5953.473145
1568.500000,5904.346680
1569.000000,5851.974121
1569.500000,5799.831543
1570.000000,5750.771973
1570.500000,5705.673828
1571.000000,5662.248535
1571.500000,5618.952637
1572.000000,5575.715820
1572.500000,5533.122559
1573.000000,5490.908691
1573.500000,5447.969727
1574.000000,5403.652832
1574.500000,5359.274902
1575.000000,5318.109863
1575.500000,5281.832520
1576.000000,5252.384277
1576.500000,5229.559082
1577.000000,5213.929688
1577.500000,5204.909668
1578.000000,5199.633301
1578.500000,5193.255371
1579.000000,5181.685547
1579.500000,5163.008789
1580.000000,5141.541504
1580.500000,5122.183594
1581.000000,5107.536133
1581.500000,5096.931641
1582.000000,5086.523926
1582.500000,5073.352051
1583.000000,5057.450195
1583.500000,5041.322754
1584.000000,5027.439453
1584.500000,5015.886230
1585.000000,5005.584473
1585.500000,4994.754395
1586.000000,4983.180664
1586.500000,4972.286133
1587.000000,4963.962891
1587.500000,4959.000488
1588.000000,4955.947754
1588.500000,4951.906738
1589.000000,4944.596680
1589.500000,4933.664551
1590.000000,4922.632812
1590.500000,4915.593750
1591.000000,4913.557129
1591.500000,4913.891602
1592.000000,4910.647461
1592.500000,4899.643066
1593.000000,4881.611328
1593.500000,4862.792480
1594.000000,4850.183105
1594.500000,4845.085449
1595.000000,4845.749512
1595.500000,4846.296875
1596.000000,4843.567871
1596.500000,4838.658691
1597.000000,4833.901367
1597.500000,4829.478516
1598.000000,4822.389160
1598.500000,4807.537598
1599.000000,4785.080078
1599.500000,4758.847168
1600.000000,4735.853516
1600.500000,4721.401367
1601.000000,4714.348145
1601.500000,4709.905273
1602.000000,4702.188477
1602.500000,4689.266602
1603.000000,4673.250000
1603.500000,4658.194336
1604.000000,4646.116699
1604.500000,4634.391113
1605.000000,4618.286621
1605.500000,4596.251953
1606.000000,4571.987793
1606.500000,4552.556152
1607.000000,4543.252930
1607.500000,4544.216309
1608.000000,4548.441406
1608.500000,4547.728027
1609.000000,4540.096191
1609.500000,4528.224121
1610.000000,4518.344727
1610.500000,4514.427734
1611.000000,4515.257324
1611.500000,4516.874023
1612.000000,4515.477539
1612.500000,4510.500977
1613.000000,4503.222168
1613.500000,4496.377441
1614.000000,4492.732910
1614.500000,4492.710938
1615.000000,4495.224609
1615.500000,4495.823730
1616.000000,4489.565918
1616.500000,4474.560547
1617.000000,4453.866211
1617.500000,4433.274414
1618.000000,4417.520996
1618.500000,4406.344727
1619.000000,4393.792969
1619.500000,4374.134766
1620.000000,4347.851562
1620.500000,4319.138184
1621.000000,4293.936523
1621.500000,4274.677734
1622.000000,4258.984375
1622.500000,4242.477539
1623.000000,4222.064453
1623.500000,4198.439941
1624.000000,4173.241699
1624.500000,4148.779785
1625.000000,4126.152832
1625.500000,4105.191895
1626.000000,4085.418457
1626.500000,4066.091309
1627.000000,4046.359619
1627.500000,4025.421387
1628.000000,4003.444092
1628.500000,3980.901611
1629.000000,3958.646240
1629.500000,3937.173096
1630.000000,3916.266113
1630.500000,3895.574219
1631.000000,3875.072021
1631.500000,3855.232422
1632.000000,3836.480713
1632.500000,3818.195312
1633.000000,3798.692383
1633.500000,3776.661865
1634.000000,3752.103027
1634.500000,3727.678955
1635.000000,3706.240723
1635.500000,3688.312988
1636.000000,3671.666748
1636.500000,3652.551514
1637.000000,3629.399902
1637.500000,3603.491211
1638.000000,3578.231934
1638.500000,3556.185547
1639.000000,3536.618652
1639.500000,3518.083496
1640.000000,3499.250732
1640.500000,3479.992676
1641.000000,3460.235107
1641.500000,3439.259033
1642.000000,3416.231445
1642.500000,3392.323486
1643.000000,3370.950928
1643.500000,3354.289062
1644.000000,3343.385742
1644.500000,3335.148682
1645.000000,3326.384521
1645.500000,3315.546387
1646.000000,3303.841064
1646.500000,3293.294434
1647.000000,3284.367920
1647.500000,3275.592041
1648.000000,3264.510498
1648.500000,3248.410400
1649.000000,3228.831299
1649.500000,3208.627197
1650.000000,3191.474609
1650.500000,3179.930664
1651.000000,3174.034668
1651.500000,3171.132324
1652.000000,3168.622070
1652.500000,3165.527100
1653.000000,3162.510742
1653.500000,3160.284912
1654.000000,3158.565186
1654.500000,3156.273193
1655.000000,3153.300049
1655.500000,3150.839600
1656.000000,3149.769287
1656.500000,3149.014160
1657.000000,3145.680908
1657.500000,3136.685059
1658.000000,3124.358154
1658.500000,3112.583008
1659.000000,3104.666504
1659.500000,3101.113281
1660.000000,3098.669678
1660.500000,3094.023438
1661.000000,3086.882080
1661.500000,3079.754639
1662.000000,3075.344971
1662.500000,3073.539062
1663.000000,3072.417725
1663.500000,3069.412842
1664.000000,3063.428223
1664.500000,3055.626709
1665.000000,3047.804443
1665.500000,3041.726074
1666.000000,3038.516602
1666.500000,3038.857910
1667.000000,3041.864014
1667.500000,3046.549805
1668.000000,3050.790283
1668.500000,3052.730957
1669.000000,3052.330566
1669.500000,3050.420410
1670.000000,3047.946289
1670.500000,3044.964111
1671.000000,3040.733643
1671.500000,3035.218994
1672.000000,3030.049072
1672.500000,3027.536865
1673.000000,3029.889893
1673.500000,3035.424561
1674.000000,3040.740479
1674.500000,3042.188965
1675.000000,3039.224609
1675.500000,3034.471191
1676.000000,3031.766602
1676.500000,3033.506104
1677.000000,3037.594238
1677.500000,3039.481445
1678.000000,3036.404053
1678.500000,3027.721924
1679.000000,3017.067383
1679.500000,3008.611084
1680.000000,3004.368164
1680.500000,3002.201660
1681.000000,2998.547852
1681.500000,2991.340088
1682.000000,2980.542480
1682.500000,2969.516602
1683.000000,2960.915771
1683.500000,2954.359375
1684.000000,2947.906006
1684.500000,2939.765869
1685.000000,2930.050537
1685.500000,2920.676514
1686.000000,2913.169922
1686.500000,2907.627930
1687.000000,2902.338135
1687.500000,2895.771484
1688.000000,2887.950195
1688.500000,2879.897949
1689.000000,2872.626953
1689.500000,2866.316406
1690.000000,2860.357666
1690.500000,2853.955566
1691.000000,2846.751221
1691.500000,2839.164062
1692.000000,2831.574707
1692.500000,2823.885742
1693.000000,2814.922363
1693.500000,2803.201904
1694.000000,2787.827637
1694.500000,2769.914062
1695.000000,2752.183594
1695.500000,2737.601318
1696.000000,2726.911377
1696.500000,2718.452881
1697.000000,2708.807861
1697.500000,2695.507324
1698.000000,2679.319580
1698.500000,2662.097900
1699.000000,2645.637695
1699.500000,2629.764893
1700.000000,2613.181152
1700.500000,2595.426758
1701.000000,2578.087891
1701.500000,2564.032471
1702.000000,2556.012451
1702.500000,2551.963623
1703.000000,2548.328125
1703.500000,2540.809814
1704.000000,2526.525635
1704.500000,2506.980713
1705.000000,2485.936035
1705.500000,2467.182373
1706.000000,2452.679199
1706.500000,2444.251709
1707.000000,2439.705078
1707.500000,2437.232422
1708.000000,2434.110596
1708.500000,2428.192627
1709.000000,2419.194824
1709.500000,2409.115234
1710.000000,2400.738281
1710.500000,2395.056641
1711.000000,2390.983643
1711.500000,2385.375732
1712.000000,2375.425293
1712.500000,2362.742188
1713.000000,2350.450684
1713.500000,2341.600098
1714.000000,2337.303223
1714.500000,2336.382568
1715.000000,2336.440918
1715.500000,2336.778564
1716.000000,2337.658691
1716.500000,2339.702393
1717.000000,2342.425293
1717.500000,2345.044434
1718.000000,2346.993652
1718.500000,2347.570801
1719.000000,2345.399414
1719.500000,2338.369629
1720.000000,2325.558838
1720.500000,2309.984375
1721.000000,2296.738281
1721.500000,2289.604736
1722.000000,2290.681396
1722.500000,2294.888428
1723.000000,2297.511963
1723.500000,2296.371582
1724.000000,2292.293701
1724.500000,2287.216309
1725.000000,2282.197021
1725.500000,2276.927979
1726.000000,2271.433594
1726.500000,2266.707520
1727.000000,2263.428223
1727.500000,2260.947266
1728.000000,2257.598145
1728.500000,2252.578369
1729.000000,2246.832031
1729.500000,2242.122803
1730.000000,2238.828613
1730.500000,2235.294678
1731.000000,2229.340088
1731.500000,2221.151611
1732.000000,2212.506348
1732.500000,2206.038330
1733.000000,2203.067627
1733.500000,2202.555908
1734.000000,2201.980713
1734.500000,2198.464844
1735.000000,2191.386963
1735.500000,2181.652100
1736.000000,2172.320801
1736.500000,2166.391113
1737.000000,2164.105469
1737.500000,2163.658447
1738.000000,2162.403809
1738.500000,2159.221436
1739.000000,2155.013428
1739.500000,2151.584961
1740.000000,2149.444092
1740.500000,2147.189697
1741.000000,2143.104004
1741.500000,2137.586426
1742.000000,2132.887939
1742.500000,2131.116455
1743.000000,2132.328125
1743.500000,2133.845459
1744.000000,2132.158447
1744.500000,2125.241943
1745.000000,2115.793701
1745.500000,2107.208740
1746.000000,2101.347900
1746.500000,2097.958984
1747.000000,2094.602051
1747.500000,2090.314941
1748.000000,2086.231934
1748.500000,2083.838623
1749.000000,2083.041748
1749.500000,2081.726318
1750.000000,2078.183838
1750.500000,2073.318604
1751.000000,2068.861328
1751.500000,2065.454346
1752.000000,2061.742188
1752.500000,2056.457764
1753.000000,2050.365479
1753.500000,2046.054321
1754.000000,2045.255737
1754.500000,2046.827881
1755.000000,2047.593994
1755.500000,2045.094971
1756.000000,2040.364868
1756.500000,2035.344849
1757.000000,2031.345825
1757.500000,2028.129517
1758.000000,2024.960815
1758.500000,2021.810791
1759.000000,2019.247803
1759.500000,2017.130981
1760.000000,2014.390259
1760.500000,2010.195190
1761.000000,2004.605469
1761.500000,1999.517334
1762.000000,1996.512451
1762.500000,1995.259888
1763.000000,1993.765625
1763.500000,1989.737549
1764.000000,1983.595337
1764.500000,1977.745361
1765.000000,1974.757324
1765.500000,1976.161255
1766.000000,1979.232666
1766.500000,1980.927856
1767.000000,1980.077271
1767.500000,1977.351562
1768.000000,1974.169312
1768.500000,1971.045654
1769.000000,1967.672852
1769.500000,1964.341553
1770.000000,1962.619873
1770.500000,1963.330078
1771.000000,1965.864258
1771.500000,1967.849487
1772.000000,1967.044189
1772.500000,1962.601929
1773.000000,1955.162231
1773.500000,1945.920898
1774.000000,1936.487183
1774.500000,1928.639648
1775.000000,1923.158447
1775.500000,1919.859619
1776.000000,1917.295898
1776.500000,1915.449463
1777.000000,1915.716431
1777.500000,1919.148071
1778.000000,1923.456055
1778.500000,1924.002686
1779.000000,1916.377563
1779.500000,1902.714966
1780.000000,1889.311401
1780.500000,1881.846680
1781.000000,1882.639404
1781.500000,1887.400513
1782.000000,1889.972656
1782.500000,1886.509033
1783.000000,1877.515869
1783.500000,1866.354248
1784.000000,1858.054688
1784.500000,1855.942261
1785.000000,1857.351318
1785.500000,1858.178589
1786.000000,1855.045898
1786.500000,1847.900879
1787.000000,1840.429565
1787.500000,1835.435059
1788.000000,1833.325806
1788.500000,1832.625977
1789.000000,1832.489990
1789.500000,1832.414551
1790.000000,1830.814941
1790.500000,1825.856079
1791.000000,1817.001221
1791.500000,1808.192383
1792.000000,1803.908325
1792.500000,1805.309570
1793.000000,1808.622559
1793.500000,1809.138550
1794.000000,1806.488525
1794.500000,1803.090332
1795.000000,1801.587646
1795.500000,1801.866211
1796.000000,1801.716064
1796.500000,1800.119995
1797.000000,1797.921265
1797.500000,1796.902832
1798.000000,1798.536011
1798.500000,1802.787354
1799.000000,1808.260742
1799.500000,1810.694336
1800.000000,1804.576172
1800.500000,1791.455200
1801.000000,1777.149536
1801.500000,1769.574951
1802.000000,1771.672607
1802.500000,1778.057983
1803.000000,1781.651123
1803.500000,1779.096924
1804.000000,1773.050293
1804.500000,1765.884521
1805.000000,1758.343506
1805.500000,1750.835571
1806.000000,1745.431763
1806.500000,1743.972412
1807.000000,1744.812622
1807.500000,1745.054199
1808.000000,1744.375000
1808.500000,1745.352295
1809.000000,1748.682739
1809.500000,1750.315308
1810.000000,1746.271606
