440.000000,5472.221191
440.500000,5455.160645
441.000000,5433.890137
441.500000,5407.326660
442.000000,5375.375488
442.500000,5342.501465
443.000000,5312.267090
443.500000,5286.598633
444.000000,5266.312500
444.500000,5249.459961
445.000000,5232.662109
445.500000,5213.591309
446.000000,5191.324707
446.500000,5165.333496
447.000000,5137.673828
447.500000,5111.180176
448.000000,5088.027344
448.500000,5070.333008
449.000000,5058.020996
449.500000,5049.532227
450.000000,5041.641602
450.500000,5032.267578
451.000000,5020.726074
451.500000,5008.349609
452.000000,4997.730957
452.500000,4989.904785
453.000000,4984.829590
453.500000,4980.951660
454.000000,4977.052734
454.500000,4973.241699
455.000000,4971.610840
455.500000,4974.954590
456.000000,4983.993164
456.500000,4999.603027
457.000000,5018.956543
457.500000,5039.573730
458.000000,5059.675781
458.500000,5078.893066
459.000000,5097.486328
459.500000,5115.355469
460.000000,5131.170410
460.500000,5143.771484
461.000000,5151.944336
461.500000,5157.080078
462.000000,5161.070312
462.500000,5167.020996
463.000000,5176.465332
463.500000,5188.121094
464.000000,5199.384277
464.500000,5207.076172
465.000000,5208.999023
465.500000,5205.735352
466.000000,5200.589355
466.500000,5196.553223
467.000000,5195.354492
467.500000,5197.674805
468.000000,5200.882324
468.500000,5202.342285
469.000000,5200.590820
469.500000,5195.658691
470.000000,5188.750977
470.500000,5182.145996
471.000000,5177.224121
471.500000,5173.673828
472.000000,5170.930176
472.500000,5168.083008
473.000000,5164.958496
473.500000,5162.215820
474.000000,5160.456543
474.500000,5159.662109
475.000000,5158.885254
475.500000,5156.172852
476.000000,5150.689941
476.500000,5141.991211
477.000000,5131.597656
477.500000,5120.743652
478.000000,5110.451660
478.500000,5100.366699
479.000000,5089.146484
479.500000,5075.724121
480.000000,5059.646973
480.500000,5042.270996
481.000000,5026.471680
481.500000,5014.308594
482.000000,5007.791016
482.500000,5006.125977
483.000000,5008.363281
483.500000,5012.426758
484.000000,5016.623047
484.500000,5020.770508
485.000000,5025.762695
485.500000,5033.626953
486.000000,5045.921875
486.500000,5065.023438
487.000000,5089.352051
487.500000,5117.826172
488.000000,5147.596680
488.500000,5175.385742
489.000000,5197.541992
489.500000,5213.325684
490.000000,5222.651855
490.500000,5228.517090
491.000000,5233.974121
491.500000,5242.922363
492.000000,5258.571289
492.500000,5280.262207
493.000000,5306.759277
493.500000,5335.483887
494.000000,5363.715332
494.500000,5389.356934
495.000000,5412.667969
495.500000,5433.870605
496.000000,5453.879883
496.500000,5472.425781
497.000000,5488.730957
497.500000,5501.080078
498.000000,5508.538086
498.500000,5510.195801
499.000000,5505.133789
499.500000,5493.295410
500.000000,5473.027344
500.500000,5446.738770
501.000000,5415.131836
501.500000,5381.782715
502.000000,5350.193359
502.500000,5323.620117
503.000000,5303.152344
503.500000,5287.106934
504.000000,5272.387695
504.500000,5255.823242
505.000000,5235.541016
505.500000,5210.405762
506.000000,5183.087402
506.500000,5155.147949
507.000000,5127.857422
507.500000,5101.547852
508.000000,5075.537109
508.500000,5048.801270
509.000000,5020.825684
509.500000,4991.957520
510.000000,4963.024902
510.500000,4935.372559
511.000000,4911.667969
511.500000,4892.835449
512.000000,4880.727051
512.500000,4875.324219
513.000000,4876.029785
513.500000,4881.045410
514.000000,4886.610840
514.500000,4889.043457
515.000000,4886.559570
515.500000,4876.848633
516.000000,4861.755859
516.500000,4843.188965
517.000000,4825.455566
517.500000,4811.779785
518.000000,4803.755859
518.500000,4800.855469
519.000000,4801.220703
519.500000,4801.075195
520.000000,4797.346680
520.500000,4789.967285
521.000000,4779.181641
521.500000,4767.026855
522.000000,4754.940918
522.500000,4743.023438
523.000000,4730.198730
523.500000,4715.326660
524.000000,4698.411133
524.500000,4680.365723
525.000000,4663.494141
525.500000,4649.943359
526.000000,4639.378906
526.500000,4631.114746
527.000000,4623.524902
527.500000,4615.531250
528.000000,4607.333984
528.500000,4600.082031
529.000000,4594.914551
529.500000,4591.749512
530.000000,4590.451172
530.500000,4590.032715
531.000000,4590.841309
531.500000,4593.971680
532.000000,4601.390137
532.500000,4614.287598
533.000000,4632.665039
533.500000,4655.779297
534.000000,4680.748047
534.500000,4705.958984
535.000000,4730.422852
535.500000,4753.337891
536.000000,4774.224609
536.500000,4791.210449
537.000000,4803.231934
537.500000,4809.528320
538.000000,4810.250977
538.500000,4807.207031
539.000000,4801.743164
539.500000,4795.235840
540.000000,4786.913086
540.500000,4775.900391
541.000000,4760.883789
541.500000,4742.597168
542.000000,4723.120117
542.500000,4705.872070
543.000000,4692.869629
543.500000,4684.880371
544.000000,4680.022949
544.500000,4676.424316
545.000000,4671.693848
545.500000,4664.403320
546.000000,4654.636230
546.500000,4641.866699
547.000000,4625.519043
547.500000,4604.696777
548.000000,4578.326660
548.500000,4548.186035
549.000000,4516.541016
549.500000,4486.286133
550.000000,4460.166992
550.500000,4438.368164
551.000000,4420.758789
551.500000,4404.980469
552.000000,4389.742188
552.500000,4374.721680
553.000000,4360.327148
553.500000,4347.472656
554.000000,4336.410645
554.500000,4327.087402
555.000000,4318.650879
555.500000,4310.976562
556.000000,4304.195801
556.500000,4299.089844
557.000000,4296.552246
557.500000,4296.429688
558.000000,4297.998047
558.500000,4299.592285
559.000000,4299.068359
559.500000,4295.194336
560.000000,4286.138184
560.500000,4273.616211
561.000000,4259.253418
561.500000,4245.286133
562.000000,4233.464844
562.500000,4224.514648
563.000000,4217.140625
563.500000,4208.863770
564.000000,4197.891113
564.500000,4182.545410
565.000000,4163.925293
565.500000,4143.423828
566.000000,4123.681152
566.500000,4106.833008
567.000000,4093.867676
567.500000,4084.724121
568.000000,4079.492432
568.500000,4077.112061
569.000000,4077.751953
569.500000,4080.045898
570.000000,4083.657959
570.500000,4088.026123
571.000000,4093.101318
571.500000,4099.156738
572.000000,4106.903809
572.500000,4116.885254
573.000000,4128.776855
573.500000,4142.278809
574.000000,4156.296387
574.500000,4169.976562
575.000000,4182.833984
575.500000,4194.902344
576.000000,4206.671875
576.500000,4218.553223
577.000000,4230.702148
577.500000,4242.880859
578.000000,4254.355957
578.500000,4264.446777
579.000000,4272.258301
579.500000,4278.122070
580.000000,4282.338867
580.500000,4286.168945
581.000000,4291.335449
581.500000,4299.574219
582.000000,4311.419434
582.500000,4326.949707
583.000000,4344.552246
583.500000,4362.472656
584.000000,4378.617676
584.500000,4390.776367
585.000000,4399.495117
585.500000,4405.790527
586.000000,4411.797363
586.500000,4419.732910
587.000000,4431.355469
587.500000,4446.577637
588.000000,4463.984375
588.500000,4481.156250
589.000000,4496.162598
589.500000,4508.866699
590.000000,4520.062012
590.500000,4532.018066
591.000000,4546.757812
591.500000,4564.461914
592.000000,4583.331543
592.500000,4600.350098
593.000000,4612.942383
593.500000,4617.385254
594.000000,4614.932129
594.500000,4606.906250
595.000000,4596.111816
595.500000,4584.136719
596.000000,4571.509277
596.500000,4557.482422
597.000000,4540.020508
597.500000,4518.569336
598.000000,4492.201172
598.500000,4462.393066
599.000000,4429.646973
599.500000,4395.327148
600.000000,4359.898438
600.500000,4323.913574
601.000000,4288.176270
601.500000,4254.178711
602.000000,4223.704102
602.500000,4199.686035
603.000000,4182.844238
603.500000,4175.245117
604.000000,4173.419922
604.500000,4175.361816
605.000000,4177.911133
605.500000,4178.636230
606.000000,4176.265137
606.500000,4171.076660
607.000000,4164.652832
607.500000,4158.902344
608.000000,4155.564453
608.500000,4154.790039
609.000000,4156.833984
609.500000,4160.721191
610.000000,4165.750488
610.500000,4171.428223
611.000000,4177.702148
611.500000,4184.703125
612.000000,4192.384277
612.500000,4200.852539
613.000000,4210.156738
613.500000,4221.124023
614.000000,4234.245117
614.500000,4250.279785
615.000000,4268.690918
615.500000,4288.079102
616.000000,4306.184082
616.500000,4321.152344
617.000000,4332.596680
617.500000,4342.595703
618.000000,4353.926758
618.500000,4368.726074
619.000000,4388.884766
619.500000,4413.464844
620.000000,4440.332520
620.500000,4467.203125
621.000000,4492.638184
621.500000,4515.749512
622.000000,4536.555176
622.500000,4554.270508
623.000000,4569.196777
623.500000,4581.439941
624.000000,4592.363281
624.500000,4603.015137
625.000000,4613.761230
625.500000,4623.463867
626.000000,4629.053711
626.500000,4627.853027
627.000000,4618.246094
627.500000,4603.549805
628.000000,4587.519531
628.500000,4574.574707
629.000000,4567.533203
629.500000,4564.432129
630.000000,4559.548340
630.500000,4547.050781
631.000000,4524.380859
631.500000,4491.177734
632.000000,4452.784668
632.500000,4414.987793
633.000000,4383.109375
633.500000,4360.208008
634.000000,4344.285645
634.500000,4333.118652
635.000000,4323.712891
635.500000,4313.810059
636.000000,4302.189941
636.500000,4288.990723
637.000000,4274.866699
637.500000,4260.986328
638.000000,4248.844238
638.500000,4239.486328
639.000000,4234.488281
639.500000,4234.453125
640.000000,4239.105469
640.500000,4246.805664
641.000000,4254.961426
641.500000,4260.542480
642.000000,4261.582520
642.500000,4255.325195
643.000000,4242.916992
643.500000,4226.165527
644.000000,4209.005859
644.500000,4194.688477
645.000000,4185.059082
645.500000,4179.878906
646.000000,4177.858887
646.500000,4176.401367
647.000000,4173.823242
647.500000,4170.296875
648.000000,4166.536621
648.500000,4163.204102
649.000000,4160.161621
649.500000,4156.472656
650.000000,4151.123535
650.500000,4144.552246
651.000000,4138.894531
651.500000,4137.282715
652.000000,4140.753418
652.500000,4150.074707
653.000000,4162.003418
653.500000,4172.297363
654.000000,4177.334473
654.500000,4175.606934
655.000000,4167.628418
655.500000,4155.658203
656.000000,4141.428223
656.500000,4126.772949
657.000000,4113.003418
657.500000,4101.284668
658.000000,4094.003418
658.500000,4092.623779
659.000000,4098.707031
659.500000,4111.604004
660.000000,4128.553223
660.500000,4145.554199
661.000000,4158.824707
661.500000,4166.145020
662.000000,4169.658203
662.500000,4172.098633
663.000000,4177.066406
663.500000,4187.524902
664.000000,4203.729492
664.500000,4223.152832
665.000000,4241.533203
665.500000,4255.077637
666.000000,4259.765625
666.500000,4255.785645
667.000000,4241.825684
667.500000,4221.302734
668.000000,4196.436035
668.500000,4170.458008
669.000000,4144.931641
669.500000,4120.030762
670.000000,4094.648193
670.500000,4066.798096
671.000000,4035.378906
671.500000,3999.109863
672.000000,3960.907959
672.500000,3923.818359
673.000000,3890.707764
673.500000,3863.953369
674.000000,3843.609619
674.500000,3828.098389
675.000000,3815.324219
675.500000,3802.940918
676.000000,3790.257080
676.500000,3777.697266
677.000000,3766.332764
677.500000,3756.779785
678.000000,3749.621338
678.500000,3744.576172
679.000000,3741.052246
679.500000,3738.291016
680.000000,3735.618896
680.500000,3732.565186
681.000000,3729.032715
681.500000,3725.128418
682.000000,3721.323486
682.500000,3718.109619
683.000000,3715.403809
683.500000,3712.807861
684.000000,3709.920898
684.500000,3706.847900
685.000000,3704.492920
685.500000,3704.088135
686.000000,3707.753662
686.500000,3715.145264
687.000000,3725.663330
687.500000,3737.311035
688.000000,3748.621826
688.500000,3758.853271
689.000000,3768.002930
689.500000,3776.194824
690.000000,3783.015137
690.500000,3786.506836
691.000000,3785.352295
691.500000,3776.709473
692.000000,3761.221680
692.500000,3738.816895
693.000000,3711.874268
693.500000,3682.952637
694.000000,3655.013428
694.500000,3630.204834
695.000000,3610.299561
695.500000,3594.711914
696.000000,3583.130615
696.500000,3572.881592
697.000000,3561.850098
697.500000,3548.849609
698.000000,3534.620361
698.500000,3521.513916
699.000000,3512.111572
699.500000,3508.573975
700.000000,3510.426025
700.500000,3517.146973
701.000000,3525.812744
701.500000,3534.385498
702.000000,3541.833984
702.500000,3548.233643
703.000000,3554.668701
703.500000,3562.745605
704.000000,3574.234619
704.500000,3589.940674
705.000000,3610.404297
705.500000,3632.906982
706.000000,3653.498779
706.500000,3669.051514
707.000000,3676.633545
707.500000,3677.454834
708.000000,3674.451660
708.500000,3672.034180
709.000000,3673.945801
709.500000,3681.169922
710.000000,3690.587646
710.500000,3698.306885
711.000000,3701.619385
711.500000,3698.358887
712.000000,3690.114746
712.500000,3678.925781
713.000000,3667.659668
713.500000,3658.470215
714.000000,3652.480469
714.500000,3649.518555
715.000000,3649.627930
715.500000,3651.480713
716.000000,3654.168701
716.500000,3656.574707
717.000000,3658.173584
717.500000,3659.587402
718.000000,3662.007324
718.500000,3666.511719
719.000000,3673.222656
719.500000,3681.657227
720.000000,3690.322510
720.500000,3697.777100
721.000000,3703.653564
721.500000,3708.383545
722.000000,3713.241455
722.500000,3719.480713
723.000000,3727.961914
723.500000,3739.037109
724.000000,3753.016602
724.500000,3769.367432
725.000000,3788.249512
725.500000,3808.737305
726.000000,3830.874268
726.500000,3854.652588
727.000000,3881.034424
727.500000,3910.905518
728.000000,3945.061279
728.500000,3983.721680
729.000000,4025.434082
729.500000,4067.956787
730.000000,4108.685059
730.500000,4144.644531
731.000000,4174.969727
731.500000,4197.502441
732.000000,4211.878418
732.500000,4216.876465
733.000000,4211.474121
733.500000,4196.323242
734.000000,4172.109863
734.500000,4142.053223
735.000000,4107.114258
735.500000,4069.259033
736.000000,4027.502686
736.500000,3980.844482
737.000000,3927.203613
737.500000,3866.489990
738.000000,3802.000244
738.500000,3738.375244
739.000000,3679.959473
739.500000,3630.896973
740.000000,3589.718506
740.500000,3555.478271
741.000000,3524.343018
741.500000,3494.952393
742.000000,3467.750000
742.500000,3444.575439
743.000000,3426.685547
743.500000,3412.912598
744.000000,3401.063721
744.500000,3388.095703
745.000000,3371.732422
745.500000,3352.692871
746.000000,3332.518311
746.500000,3312.914551
747.000000,3294.133057
747.500000,3275.331543
748.000000,3255.642090
748.500000,3235.021973
749.000000,3214.635010
749.500000,3196.342285
750.000000,3180.788818
750.500000,3168.018799
751.000000,3156.777588
751.500000,3146.838867
752.000000,3138.702881
752.500000,3133.337402
753.000000,3131.273926
753.500000,3131.138916
754.000000,3130.341797
754.500000,3126.165039
755.000000,3116.828369
755.500000,3104.525146
756.000000,3092.328613
756.500000,3083.553955
757.000000,3080.287598
757.500000,3082.232178
758.000000,3086.547607
758.500000,3089.502930
759.000000,3088.308105
759.500000,3081.222168
760.000000,3070.641357
760.500000,3059.075439
761.000000,3049.661133
761.500000,3044.837158
762.000000,3045.027588
762.500000,3048.740723
763.000000,3053.512207
763.500000,3056.688965
764.000000,3056.711914
764.500000,3054.612305
765.000000,3051.950195
765.500000,3050.800781
766.000000,3052.925049
766.500000,3058.575684
767.000000,3067.047363
767.500000,3076.976562
768.000000,3086.695068
768.500000,3095.062012
769.000000,3101.922119
769.500000,3107.028320
770.000000,3110.950684
770.500000,3113.814209
771.000000,3115.833252
771.500000,3116.863281
772.000000,3116.531250
772.500000,3114.515381
773.000000,3110.427490
773.500000,3104.696045
774.000000,3097.776367
774.500000,3091.019531
775.000000,3086.036133
775.500000,3083.765869
776.000000,3084.855225
776.500000,3088.609375
777.000000,3093.429688
777.500000,3097.909180
778.000000,3101.722412
778.500000,3105.788574
779.000000,3111.657959
779.500000,3121.464355
780.000000,3135.064941
780.500000,3151.636719
781.000000,3168.498535
781.500000,3182.669189
782.000000,3192.420654
782.500000,3198.164062
783.000000,3201.090332
783.500000,3203.781494
784.000000,3208.661133
784.500000,3216.411621
785.000000,3226.869629
785.500000,3237.547363
786.000000,3244.437500
786.500000,3244.226074
787.000000,3235.833252
787.500000,3219.829590
788.000000,3200.306396
788.500000,3180.957031
789.000000,3164.106934
789.500000,3149.909668
790.000000,3135.556885
790.500000,3117.468994
791.000000,3094.415283
791.500000,3068.369873
792.000000,3043.077637
792.500000,3021.868408
793.000000,3006.949463
793.500000,2996.210938
794.000000,2987.177734
794.500000,2976.805420
795.000000,2963.577393
795.500000,2948.565918
796.000000,2934.231689
796.500000,2922.910645
797.000000,2915.771484
797.500000,2913.584961
798.000000,2915.034180
798.500000,2919.534668
799.000000,2925.125000
799.500000,2930.513184
800.000000,2934.767578
800.500000,2937.596924
801.000000,2939.636719
801.500000,2941.775635
802.000000,2944.743164
802.500000,2948.675049
803.000000,2953.528564
803.500000,2958.781982
804.000000,2964.141113
804.500000,2969.410889
805.000000,2974.570557
805.500000,2979.868164
806.000000,2985.927734
806.500000,2993.709961
807.000000,3003.852051
807.500000,3016.791748
808.000000,3031.166748
808.500000,3044.957764
809.000000,3056.161133
809.500000,3062.987793
810.000000,3066.052734
810.500000,3067.141846
811.000000,3068.315186
811.500000,3070.453857
812.000000,3073.070068
812.500000,3074.764160
813.000000,3073.728516
813.500000,3069.931641
814.000000,3063.563477
814.500000,3056.373779
815.000000,3050.317871
815.500000,3047.102783
816.000000,3047.624268
816.500000,3052.130371
817.000000,3059.225830
817.500000,3067.177246
818.000000,3073.766602
818.500000,3076.874512
819.000000,3076.664307
819.500000,3073.811035
820.000000,3070.216064
820.500000,3067.292236
821.000000,3065.077393
821.500000,3062.393799
822.000000,3057.458740
822.500000,3049.541260
823.000000,3037.754150
823.500000,3023.572266
824.000000,3008.258057
824.500000,2993.678467
825.000000,2981.595215
825.500000,2973.068359
826.000000,2967.766602
826.500000,2964.667236
827.000000,2962.043457
827.500000,2958.890869
828.000000,2955.497559
828.500000,2953.394043
829.000000,2953.959717
829.500000,2958.051270
830.000000,2964.281982
830.500000,2969.793945
831.000000,2971.373535
831.500000,2968.166748
832.000000,2960.249512
832.500000,2950.122314
833.000000,2939.360840
833.500000,2929.000977
834.000000,2919.239502
834.500000,2909.985352
835.000000,2901.606934
835.500000,2894.777588
836.000000,2889.751465
836.500000,2885.770996
837.000000,2881.010010
837.500000,2873.272949
838.000000,2862.463135
838.500000,2849.079346
839.000000,2835.478516
839.500000,2824.184082
840.000000,2816.825195
840.500000,2813.708252
841.000000,2814.203369
841.500000,2816.342773
842.000000,2818.319336
842.500000,2818.899414
843.000000,2817.010742
843.500000,2812.830078
844.000000,2806.259766
844.500000,2797.792480
845.000000,2787.910400
845.500000,2777.322754
846.000000,2767.120605
846.500000,2758.792236
847.000000,2753.200439
847.500000,2751.130371
848.000000,2750.924561
848.500000,2750.833984
849.000000,2749.118164
849.500000,2744.927246
850.000000,2738.882812
850.500000,2732.523438
851.000000,2727.295410
851.500000,2723.584717
852.000000,2721.294922
852.500000,2719.624512
853.000000,2718.708252
853.500000,2719.011230
854.000000,2721.084717
854.500000,2724.351807
855.000000,2727.283203
855.500000,2728.100098
856.000000,2726.286865
856.500000,2722.430176
857.000000,2718.862549
857.500000,2718.195068
858.000000,2721.045166
858.500000,2727.318359
859.000000,2734.964111
859.500000,2742.384277
860.000000,2748.754395
860.500000,2754.049316
861.000000,2758.348145
861.500000,2761.937500
862.000000,2764.790039
862.500000,2767.342285
863.000000,2770.180664
863.500000,2773.803955
864.000000,2778.294189
864.500000,2782.948242
865.000000,2786.865479
865.500000,2789.743652
866.000000,2792.396729
866.500000,2796.333496
867.000000,2802.323975
867.500000,2810.576172
868.000000,2819.356445
868.500000,2826.378906
869.000000,2829.966309
869.500000,2829.611572
870.000000,2826.196533
870.500000,2821.871338
871.000000,2818.407715
871.500000,2816.321045
872.000000,2815.420654
872.500000,2814.537354
873.000000,2812.713379
873.500000,2809.902344
874.000000,2807.042480
874.500000,2805.832764
875.000000,2807.712646
875.500000,2813.382568
876.000000,2821.051025
876.500000,2827.712646
877.000000,2830.961670
877.500000,2829.371338
878.000000,2824.961670
878.500000,2820.474854
879.000000,2818.151123
879.500000,2818.102783
880.000000,2818.365723
880.500000,2816.452637
881.000000,2810.990967
881.500000,2804.334473
882.000000,2800.922607
882.500000,2804.104004
883.000000,2815.169434
883.500000,2830.220947
884.000000,2843.951416
884.500000,2851.859131
885.000000,2852.909180
885.500000,2847.966309
886.000000,2840.818604
886.500000,2833.991943
887.000000,2828.456543
887.500000,2824.016357
888.000000,2819.856445
888.500000,2815.750244
889.000000,2811.995361
889.500000,2808.674072
890.000000,2805.092529
890.500000,2800.101562
891.000000,2792.098145
891.500000,2781.218506
892.000000,2767.480713
892.500000,2752.276367
893.000000,2736.645020
893.500000,2721.517334
894.000000,2707.658936
894.500000,2695.879639
895.000000,2686.601318
895.500000,2680.635986
896.000000,2677.177979
896.500000,2676.128418
897.000000,2676.730957
897.500000,2679.329590
898.000000,2684.118164
898.500000,2691.269287
899.000000,2700.150879
899.500000,2709.337891
900.000000,2717.360596
900.500000,2723.827148
901.000000,2729.320312
901.500000,2735.778320
902.000000,2745.754150
902.500000,2760.252197
903.000000,2779.760986
903.500000,2803.642334
904.000000,2831.044434
904.500000,2861.511719
905.000000,2894.065430
905.500000,2928.275879
906.000000,2963.223633
906.500000,2998.760742
907.000000,3035.084717
907.500000,3072.964600
908.000000,3112.542236
908.500000,3152.886963
909.000000,3191.640381
909.500000,3226.290771
910.000000,3254.571777
910.500000,3277.767334
911.000000,3297.151855
911.500000,3315.883057
912.000000,3335.667969
912.500000,3356.370361
913.000000,3376.141846
913.500000,3392.225830
914.000000,3402.264160
914.500000,3404.008057
915.000000,3398.293213
915.500000,3384.363770
916.000000,3364.607666
916.500000,3338.708496
917.000000,3307.344238
917.500000,3269.116943
918.000000,3223.580566
918.500000,3171.251709
919.000000,3113.987549
919.500000,3055.657715
920.000000,3000.163818
920.500000,2949.235107
921.000000,2903.972900
921.500000,2862.095215
922.000000,2822.310547
922.500000,2784.094482
923.000000,2748.853271
923.500000,2718.813721
924.000000,2694.397461
924.500000,2675.158936
925.000000,2658.300293
925.500000,2642.338379
926.000000,2626.885254
926.500000,2613.491211
927.000000,2603.427734
927.500000,2597.225342
928.000000,2593.420654
928.500000,2589.679932
929.000000,2584.412354
929.500000,2578.111572
930.000000,2572.978516
930.500000,2571.010498
931.000000,2573.715820
931.500000,2578.939697
932.000000,2584.254395
932.500000,2587.922607
933.000000,2590.142090
933.500000,2592.777100
934.000000,2597.768311
934.500000,2606.180664
935.000000,2616.382324
935.500000,2626.239746
936.000000,2634.275635
936.500000,2640.393799
937.000000,2646.276367
937.500000,2653.603516
938.000000,2662.666016
938.500000,2671.937988
939.000000,2679.206543
939.500000,2683.968994
940.000000,2687.083252
940.500000,2691.093262
941.000000,2698.254639
941.500000,2708.445312
942.000000,2720.278564
942.500000,2731.495850
943.000000,2740.557617
943.500000,2747.170898
944.000000,2752.543213
944.500000,2758.026855
945.000000,2764.713623
945.500000,2773.781006
946.000000,2785.444824
946.500000,2800.364990
947.000000,2817.955566
947.500000,2836.913086
948.000000,2855.573975
948.500000,2872.799072
949.000000,2888.362305
949.500000,2903.385742
950.000000,2918.969482
950.500000,2935.237549
951.000000,2951.272217
951.500000,2965.702637
952.000000,2977.467041
952.500000,2986.770264
953.000000,2994.829834
953.500000,3002.918701
954.000000,3011.774414
954.500000,3021.594727
955.000000,3031.836670
955.500000,3041.923096
956.000000,3051.140625
956.500000,3058.246338
957.000000,3062.131592
957.500000,3062.058350
958.000000,3058.110107
958.500000,3051.899170
959.000000,3044.841553
959.500000,3037.969238
960.000000,3030.909424
960.500000,3022.474854
961.000000,3010.999512
961.500000,2996.040039
962.000000,2977.607422
962.500000,2956.048340
963.000000,2931.583252
963.500000,2903.280762
964.000000,2871.210693
964.500000,2835.026367
965.000000,2796.909180
965.500000,2758.927002
966.000000,2723.129150
966.500000,2691.139648
967.000000,2663.392578
967.500000,2639.653564
968.000000,2619.843750
968.500000,2603.118896
969.000000,2589.561523
969.500000,2578.076172
970.000000,2568.301025
970.500000,2559.398193
971.000000,2551.196289
971.500000,2543.831543
972.000000,2537.729004
972.500000,2533.118408
973.000000,2529.405518
973.500000,2525.370117
974.000000,2519.863525
974.500000,2511.943359
975.000000,2502.638916
975.500000,2493.584229
976.000000,2486.562500
976.500000,2482.687500
977.000000,2481.551514
977.500000,2481.518311
978.000000,2480.780518
978.500000,2478.246094
979.000000,2473.017822
979.500000,2465.601562
980.000000,2455.641113
980.500000,2443.529541
981.000000,2429.698975
981.500000,2415.712646
982.000000,2403.884033
982.500000,2396.620850
983.000000,2394.124756
983.500000,2395.685791
984.000000,2398.350098
984.500000,2399.874512
985.000000,2399.521973
985.500000,2397.481201
986.000000,2394.690674
986.500000,2391.508545
987.000000,2387.635498
987.500000,2382.878906
988.000000,2377.924316
988.500000,2374.548340
989.000000,2375.817383
989.500000,2382.137207
990.000000,2393.549316
990.500000,2407.169189
991.000000,2420.238281
991.500000,2431.301758
992.000000,2441.099609
992.500000,2451.930908
993.000000,2465.839600
993.500000,2484.129883
994.000000,2504.904541
994.500000,2526.036133
995.000000,2545.266846
995.500000,2560.839600
996.000000,2572.345459
996.500000,2579.721436
997.000000,2582.914062
997.500000,2582.604736
998.000000,2578.987793
998.500000,2573.595947
999.000000,2567.416016
999.500000,2561.379395
1000.000000,2555.555908
1000.500000,2549.322998
1001.000000,2541.819092
1001.500000,2532.624756
1002.000000,2522.157227
1002.500000,2511.226318
1003.000000,2500.723145
1003.500000,2491.114258
1004.000000,2481.855713
1004.500000,2472.077881
1005.000000,2461.209961
1005.500000,2449.227539
1006.000000,2437.050293
1006.500000,2426.151855
1007.000000,2418.166260
1007.500000,2413.622803
1008.000000,2413.130615
1008.500000,2415.292480
1009.000000,2419.471436
1009.500000,2424.568848
1010.000000,2430.346924
1010.500000,2436.799072
1011.000000,2443.980957
1011.500000,2451.646729
1012.000000,2459.207031
1012.500000,2466.045898
1013.000000,2472.144531
1013.500000,2477.902344
1014.000000,2484.179932
1014.500000,2491.833984
1015.000000,2500.944092
1015.500000,2511.286377
1016.000000,2522.444580
1016.500000,2534.387207
1017.000000,2547.738037
1017.500000,2562.823242
1018.000000,2579.754639
1018.500000,2596.853027
1019.000000,2611.296387
1019.500000,2620.835693
1020.000000,2623.400391
1020.500000,2619.717529
1021.000000,2612.249023
1021.500000,2604.206299
1022.000000,2598.318115
1022.500000,2596.280029
1023.000000,2597.103516
1023.500000,2599.839111
1024.000000,2602.862061
1024.500000,2605.346436
1025.000000,2607.056885
1025.500000,2607.873291
1026.000000,2607.560059
1026.500000,2605.835693
1027.000000,2602.132080
1027.500000,2596.505859
1028.000000,2588.236328
1028.500000,2577.583984
1029.000000,2564.112793
1029.500000,2548.642578
1030.000000,2532.395996
1030.500000,2517.121826
1031.000000,2504.162842
1031.500000,2493.901855
1032.000000,2484.895508
1032.500000,2475.038818
1033.000000,2462.760254
1033.500000,2446.935547
1034.000000,2428.873535
1034.500000,2410.366211
1035.000000,2393.536865
1035.500000,2380.110352
1036.000000,2371.242676
1036.500000,2366.916016
1037.000000,2367.791748
1037.500000,2372.770264
1038.000000,2382.159668
1038.500000,2394.542236
1039.000000,2409.685303
1039.500000,2427.035156
1040.000000,2446.905273
1040.500000,2469.903564
1041.000000,2496.370117
1041.500000,2526.479980
1042.000000,2558.605957
1042.500000,2590.686523
1043.000000,2620.495117
1043.500000,2646.046631
1044.000000,2667.840332
1044.500000,2686.792236
1045.000000,2704.262939
1045.500000,2720.439209
1046.000000,2733.611572
1046.500000,2741.494385
1047.000000,2740.112061
1047.500000,2729.676270
1048.000000,2708.821289
1048.500000,2680.921387
1049.000000,2647.679443
1049.500000,2611.579346
1050.000000,2574.195068
1050.500000,2536.692139
1051.000000,2500.079102
1051.500000,2465.563721
1052.000000,2433.656250
1052.500000,2405.723877
1053.000000,2381.309814
1053.500000,2360.706299
1054.000000,2342.633545
1054.500000,2325.656006
1055.000000,2308.143799
1055.500000,2289.251709
1056.000000,2269.498779
1056.500000,2250.844482
1057.000000,2236.238281
1057.500000,2226.197998
1058.000000,2220.643555
1058.500000,2216.541748
1059.000000,2211.142090
1059.500000,2203.288086
1060.000000,2194.080566
1060.500000,2186.052002
1061.000000,2181.204102
1061.500000,2180.677979
1062.000000,2182.791992
1062.500000,2185.971924
1063.000000,2188.513672
1063.500000,2189.517578
1064.000000,2189.035645
1064.500000,2187.309082
1065.000000,2184.763428
1065.500000,2182.010010
1066.000000,2179.723633
1066.500000,2178.261963
1067.000000,2177.718018
1067.500000,2177.365723
1068.000000,2176.498535
1068.500000,2174.958252
1069.000000,2173.200684
1069.500000,2172.071777
1070.000000,2172.194580
1070.500000,2173.804199
1071.000000,2176.605957
1071.500000,2180.908203
1072.000000,2186.845947
1072.500000,2195.174316
1073.000000,2205.286865
1073.500000,2216.162109
1074.000000,2226.357178
1074.500000,2235.090088
1075.000000,2242.721436
1075.500000,2250.427490
1076.000000,2259.084717
1076.500000,2268.276611
1077.000000,2276.597900
1077.500000,2282.958496
1078.000000,2286.750244
1078.500000,2289.005371
1079.000000,2290.911133
1079.500000,2293.143799
1080.000000,2295.465332
1080.500000,2297.114502
1081.000000,2297.685303
1081.500000,2296.751709
1082.000000,2294.350342
1082.500000,2289.272705
1083.000000,2280.688721
1083.500000,2267.448242
1084.000000,2250.183350
1084.500000,2230.875977
1085.000000,2212.238281
1085.500000,2196.578369
1086.000000,2186.067627
1086.500000,2180.268799
1087.000000,2179.662109
1087.500000,2182.301758
1088.000000,2186.485107
1088.500000,2189.630615
1089.000000,2189.362549
1089.500000,2184.672363
1090.000000,2177.008301
1090.500000,2169.254639
1091.000000,2164.516357
1091.500000,2165.732178
1092.000000,2171.502441
1092.500000,2180.144531
1093.000000,2188.689697
1093.500000,2195.210938
1094.000000,2199.363770
1094.500000,2201.908203
1095.000000,2203.599609
1095.500000,2204.864746
1096.000000,2205.379150
1096.500000,2205.090332
1097.000000,2204.333496
1097.500000,2204.268311
1098.000000,2206.422119
1098.500000,2211.418945
1099.000000,2218.743408
1099.500000,2226.773682
1100.000000,2233.565430
1100.500000,2237.721680
1101.000000,2239.910645
1101.500000,2241.217041
1102.000000,2242.930908
1102.500000,2245.149658
1103.000000,2246.819336
1103.500000,2246.764648
1104.000000,2245.061523
1104.500000,2243.497070
1105.000000,2244.817871
1105.500000,2250.298828
1106.000000,2260.703125
1106.500000,2273.450195
1107.000000,2286.521973
1107.500000,2298.454102
1108.000000,2308.825684
1108.500000,2317.928711
1109.000000,2325.875732
1109.500000,2332.385742
1110.000000,2337.677002
1110.500000,2342.519043
1111.000000,2348.316895
1111.500000,2356.349365
1112.000000,2365.964111
1112.500000,2375.503418
1113.000000,2382.954102
1113.500000,2387.186523
1114.000000,2388.729492
1114.500000,2389.660889
1115.000000,2392.335938
1115.500000,2397.900146
1116.000000,2407.285400
1116.500000,2418.967529
1117.000000,2431.533447
1117.500000,2443.135010
1118.000000,2452.321045
1118.500000,2458.766357
1119.000000,2463.388184
1119.500000,2467.592285
1120.000000,2472.547607
1120.500000,2478.399170
1121.000000,2483.932861
1121.500000,2487.593018
1122.000000,2489.277588
1122.500000,2490.157227
1123.000000,2492.509521
1123.500000,2498.251465
1124.000000,2507.943604
1124.500000,2519.932373
1125.000000,2532.000977
1125.500000,2542.024170
1126.000000,2547.784668
1126.500000,2549.203125
1127.000000,2545.678955
1127.500000,2538.529785
1128.000000,2529.854004
1128.500000,2522.617920
1129.000000,2519.231201
1129.500000,2520.893555
1130.000000,2525.336426
1130.500000,2529.421387
1131.000000,2530.612793
1131.500000,2528.075684
1132.000000,2524.357178
1132.500000,2522.944092
1133.000000,2526.203857
1133.500000,2534.017334
1134.000000,2544.362793
1134.500000,2554.046387
1135.000000,2560.276611
1135.500000,2562.677002
1136.000000,2560.615967
1136.500000,2555.360840
1137.000000,2547.574219
1137.500000,2538.713379
1138.000000,2530.541260
1138.500000,2524.847900
1139.000000,2522.304443
1139.500000,2522.745361
1140.000000,2523.993652
1140.500000,2523.643555
1141.000000,2520.665771
1141.500000,2515.195801
1142.000000,2509.519531
1142.500000,2506.378662
1143.000000,2507.311523
1143.500000,2511.290771
1144.000000,2515.198730
1144.500000,2515.334229
1145.000000,2508.085693
1145.500000,2495.365234
1146.000000,2480.239990
1146.500000,2467.399170
1147.000000,2459.885498
1147.500000,2456.919189
1148.000000,2455.171143
1148.500000,2451.116943
1149.000000,2443.730713
1149.500000,2434.199707
1150.000000,2425.547607
1150.500000,2420.066650
1151.000000,2417.017822
1151.500000,2414.614014
1152.000000,2410.972656
1152.500000,2405.667969
1153.000000,2399.868652
1153.500000,2395.314697
1154.000000,2393.520020
1154.500000,2394.471680
1155.000000,2398.783447
1155.500000,2405.786865
1156.000000,2415.800293
1156.500000,2427.954834
1157.000000,2441.166016
1157.500000,2454.090576
1158.000000,2465.917725
1158.500000,2476.568359
1159.000000,2486.684326
1159.500000,2496.633545
1160.000000,2506.397705
1160.500000,2515.512695
1161.000000,2523.846436
1161.500000,2531.529297
1162.000000,2538.989014
1162.500000,2546.362061
1163.000000,2553.176270
1163.500000,2558.588623
1164.000000,2561.268066
1164.500000,2561.071777
1165.000000,2557.436523
1165.500000,2551.615479
1166.000000,2544.582275
1166.500000,2537.660156
1167.000000,2531.706299
1167.500000,2526.854980
1168.000000,2522.629883
1168.500000,2518.657471
1169.000000,2514.998291
1169.500000,2512.502197
1170.000000,2511.447998
1170.500000,2511.501709
1171.000000,2510.858398
1171.500000,2507.130371
1172.000000,2499.038574
1172.500000,2487.091553
1173.000000,2473.085205
1173.500000,2459.445557
1174.000000,2447.750244
1174.500000,2437.668457
1175.000000,2428.481201
1175.500000,2419.124268
1176.000000,2408.932861
1176.500000,2397.520752
1177.000000,2384.208008
1177.500000,2368.107910
1178.000000,2349.041260
1178.500000,2327.273926
1179.000000,2304.746582
1179.500000,2283.677979
1180.000000,2265.274414
1180.500000,2250.379639
1181.000000,2238.154541
1181.500000,2227.963623
1182.000000,2219.500244
1182.500000,2212.977783
1183.000000,2209.009277
1183.500000,2207.060547
1184.000000,2206.103516
1184.500000,2204.203857
1185.000000,2199.598633
1185.500000,2192.588623
1186.000000,2184.769775
1186.500000,2178.748047
1187.000000,2176.513428
1187.500000,2178.331299
1188.000000,2181.968018
1188.500000,2184.517822
1189.000000,2183.996582
1189.500000,2178.947510
1190.000000,2170.770020
1190.500000,2160.624512
1191.000000,2150.134277
1191.500000,2140.617676
1192.000000,2133.188965
1192.500000,2128.409424
1193.000000,2126.523926
1193.500000,2126.136475
1194.000000,2125.630127
1194.500000,2123.748047
1195.000000,2120.139404
1195.500000,2115.972656
1196.000000,2112.562012
1196.500000,2110.456299
1197.000000,2109.184326
1197.500000,2107.995605
1198.000000,2106.616211
1198.500000,2105.453857
1199.000000,2104.720215
1199.500000,2103.553711
1200.000000,2100.235107
1200.500000,2092.670654
1201.000000,2080.911621
1201.500000,2066.989258
1202.000000,2054.216797
1202.500000,2045.173096
1203.000000,2041.231812
1203.500000,2040.381470
1204.000000,2040.532715
1204.500000,2039.440918
1205.000000,2035.642212
1205.500000,2029.073486
1206.000000,2019.877930
1206.500000,2008.697632
1207.000000,1996.759521
1207.500000,1985.790894
1208.000000,1977.383545
1208.500000,1973.571777
1209.000000,1973.571533
1209.500000,1976.559326
1210.000000,1980.104370
1210.500000,1982.328979
1211.000000,1982.728149
1211.500000,1982.361206
1212.000000,1983.180786
1212.500000,1986.482910
1213.000000,1992.535278
1213.500000,1999.163330
1214.000000,2003.582642
1214.500000,2004.542969
1215.000000,2002.098633
1215.500000,1998.598389
1216.000000,1996.481323
1216.500000,1996.742554
1217.000000,1998.072388
1217.500000,1997.988892
1218.000000,1995.071289
1218.500000,1989.136963
1219.000000,1983.051025
1219.500000,1980.399780
1220.000000,1983.189575
1220.500000,1991.913696
1221.000000,2004.281250
1221.500000,2016.487671
1222.000000,2024.767944
1222.500000,2027.862549
1223.000000,2025.520630
1223.500000,2021.094971
1224.000000,2017.269043
1224.500000,2015.209595
1225.000000,2013.989014
1225.500000,2011.260376
1226.000000,2005.346924
1226.500000,1996.713501
1227.000000,1988.216309
1227.500000,1983.270020
1228.000000,1982.493286
1228.500000,1984.918823
1229.000000,1986.870117
1229.500000,1985.217041
1230.000000,1979.532471
1230.500000,1971.388428
1231.000000,1963.504150
1231.500000,1957.843140
1232.000000,1954.928467
1232.500000,1953.207886
1233.000000,1950.937744
1233.500000,1947.279907
1234.000000,1942.545898
1234.500000,1938.407593
1235.000000,1936.641357
1235.500000,1937.587158
1236.000000,1939.674194
1236.500000,1940.123657
1237.000000,1937.032104
1237.500000,1930.007935
1238.000000,1922.168091
1238.500000,1917.017456
1239.000000,1915.648193
1239.500000,1916.859985
1240.000000,1917.177368
1240.500000,1913.859985
1241.000000,1906.902100
1241.500000,1899.342407
1242.000000,1894.970947
1242.500000,1895.009766
1243.000000,1899.337036
1243.500000,1904.792236
1244.000000,1909.123169
1244.500000,1911.591553
1245.000000,1912.475952
1245.500000,1912.337524
1246.000000,1911.300659
1246.500000,1909.046753
1247.000000,1905.879883
1247.500000,1902.650513
1248.000000,1900.560059
1248.500000,1900.807495
1249.000000,1903.183350
1249.500000,1907.114868
1250.000000,1911.439575
1250.500000,1915.044556
1251.000000,1917.060425
1251.500000,1917.377197
1252.000000,1916.165649
1252.500000,1914.585205
1253.000000,1913.813843
1253.500000,1914.327148
1254.000000,1915.992065
1254.500000,1917.928101
1255.000000,1919.461060
1255.500000,1920.561279
1256.000000,1921.772461
1256.500000,1923.733521
1257.000000,1926.582397
1257.500000,1930.671143
1258.000000,1936.143921
1258.500000,1944.051636
1259.000000,1954.526611
1259.500000,1966.798584
1260.000000,1978.476562
1260.500000,1986.813843
1261.000000,1990.114258
1261.500000,1990.198120
1262.000000,1990.611206
1262.500000,1994.941284
1263.000000,2005.735962
1263.500000,2020.689697
1264.000000,2036.359497
1264.500000,2049.378174
1265.000000,2058.653076
1265.500000,2065.609375
1266.000000,2073.018799
1266.500000,2082.880859
1267.000000,2094.597168
1267.500000,2106.196533
1268.000000,2115.397217
1268.500000,2120.370117
1269.000000,2121.429443
1269.500000,2119.354492
1270.000000,2115.289062
1270.500000,2110.278076
1271.000000,2104.962402
1271.500000,2099.946777
1272.000000,2095.979492
1272.500000,2093.293457
1273.000000,2092.223389
1273.500000,2092.265137
1274.000000,2092.893066
1274.500000,2093.625732
1275.000000,2094.464355
1275.500000,2095.964355
1276.000000,2098.674561
1276.500000,2102.982422
1277.000000,2107.953125
1277.500000,2112.090088
1278.000000,2114.242432
1278.500000,2113.913574
1279.000000,2112.377441
1279.500000,2111.614258
1280.000000,2113.210938
1280.500000,2116.932373
1281.000000,2121.107422
1281.500000,2123.499756
1282.000000,2122.071777
1282.500000,2117.862793
1283.000000,2112.705811
1283.500000,2109.156494
1284.000000,2108.814209
1284.500000,2111.126465
1285.000000,2113.729004
1285.500000,2113.714844
1286.000000,2109.796387
1286.500000,2101.426025
1287.000000,2090.910400
1287.500000,2079.679932
1288.000000,2068.394775
1288.500000,2056.387451
1289.000000,2043.020752
1289.500000,2028.908936
1290.000000,2016.234497
1290.500000,2007.199829
1291.000000,2003.363647
1291.500000,2002.500244
1292.000000,2001.599487
1292.500000,1998.175781
1293.000000,1991.312378
1293.500000,1982.404419
1294.000000,1972.881714
1294.500000,1963.229370
1295.000000,1953.007568
1295.500000,1941.812988
1296.000000,1930.503906
1296.500000,1921.155273
1297.000000,1914.862671
1297.500000,1912.184204
1298.000000,1911.245483
1298.500000,1909.902344
1299.000000,1906.630615
1299.500000,1901.214355
1300.000000,1894.306274
1300.500000,1887.181763
1301.000000,1881.015869
1301.500000,1876.390747
1302.000000,1874.029907
1302.500000,1873.342651
1303.000000,1873.513550
1303.500000,1873.460693
1304.000000,1872.726440
1304.500000,1871.813477
1305.000000,1871.741333
1305.500000,1873.308228
1306.000000,1875.878418
1306.500000,1878.289795
1307.000000,1879.729004
1307.500000,1880.573120
1308.000000,1882.588867
1308.500000,1888.027588
1309.000000,1898.132446
1309.500000,1912.376099
1310.000000,1929.467285
1310.500000,1947.045410
1311.000000,1962.974609
1311.500000,1976.225220
1312.000000,1985.627808
1312.500000,1992.211304
1313.000000,1997.454224
1313.500000,2003.407715
1314.000000,2011.392212
1314.500000,2021.262939
1315.000000,2031.188843
1315.500000,2038.750000
1316.000000,2043.043457
1316.500000,2043.311646
1317.000000,2040.731445
1317.500000,2035.190186
1318.000000,2026.434692
1318.500000,2013.709595
1319.000000,1996.989990
1319.500000,1977.708740
1320.000000,1957.457886
1320.500000,1937.673096
1321.000000,1918.958740
1321.500000,1900.994629
1322.000000,1883.926636
1322.500000,1868.059692
1323.000000,1853.790039
1323.500000,1840.668701
1324.000000,1827.444458
1324.500000,1812.733521
1325.000000,1796.248291
1325.500000,1778.420776
1326.000000,1760.686646
1326.500000,1744.135132
1327.000000,1728.781128
1327.500000,1714.305176
1328.000000,1700.345947
1328.500000,1687.201782
1329.000000,1675.799316
1329.500000,1666.814941
1330.000000,1660.929199
1330.500000,1657.051392
1331.000000,1654.230957
1331.500000,1651.298462
1332.000000,1648.016602
1332.500000,1645.162476
1333.000000,1644.128296
1333.500000,1645.863892
1334.000000,1649.800659
1334.500000,1654.027954
1335.000000,1655.998413
1335.500000,1653.008057
1336.000000,1646.042114
1336.500000,1636.922241
1337.000000,1629.055298
1337.500000,1625.163940
1338.000000,1625.631348
1338.500000,1628.696411
1339.000000,1631.597290
1339.500000,1632.227661
1340.000000,1629.347412
1340.500000,1624.149536
1341.000000,1617.727661
1341.500000,1611.510376
1342.000000,1606.290771
1342.500000,1602.167236
1343.000000,1599.003296
1343.500000,1596.626709
1344.000000,1594.827393
1344.500000,1593.512451
1345.000000,1592.380615
1345.500000,1591.056152
1346.000000,1589.175049
1346.500000,1586.212158
1347.000000,1582.109009
1347.500000,1576.987061
1348.000000,1571.373535
1348.500000,1565.929932
1349.000000,1561.071655
1349.500000,1556.595459
1350.000000,1552.015747
1350.500000,1547.126831
1351.000000,1542.536499
1351.500000,1539.337280
1352.000000,1538.475586
1352.500000,1539.204834
1353.000000,1539.273682
1353.500000,1536.048096
1354.000000,1528.893188
1354.500000,1519.082397
1355.000000,1509.987183
1355.500000,1504.325928
1356.000000,1501.677856
1356.500000,1500.643799
1357.000000,1499.531738
1357.500000,1498.320923
1358.000000,1498.471313
1358.500000,1501.250122
1359.000000,1506.834229
1359.500000,1513.272827
1360.000000,1518.361450
1360.500000,1521.233765
1361.000000,1521.514160
1361.500000,1519.873169
1362.000000,1516.431885
1362.500000,1511.450195
1363.000000,1505.773682
1363.500000,1500.845825
1364.000000,1497.698486
1364.500000,1496.573120
1365.000000,1495.902222
1365.500000,1494.212769
1366.000000,1491.431641
1366.500000,1488.808594
1367.000000,1487.961182
1367.500000,1489.509399
1368.000000,1492.618774
1368.500000,1495.654785
1369.000000,1497.635010
1369.500000,1498.917236
1370.000000,1499.873169
1370.500000,1500.344482
1371.000000,1499.203735
1371.500000,1495.892456
1372.000000,1490.874878
1372.500000,1485.875732
1373.000000,1482.583984
1373.500000,1481.590210
1374.000000,1481.509644
1374.500000,1480.573730
1375.000000,1478.218262
1375.500000,1475.292114
1376.000000,1473.706665
1376.500000,1474.750000
1377.000000,1477.803589
1377.500000,1481.031372
1378.000000,1482.694946
1378.500000,1482.583374
1379.000000,1481.517334
1379.500000,1480.845703
1380.000000,1480.916992
1380.500000,1480.691772
1381.000000,1478.751221
1381.500000,1474.915527
1382.000000,1470.404663
1382.500000,1467.172363
1383.000000,1466.053345
1383.500000,1466.617920
1384.000000,1467.341309
1384.500000,1467.486572
1385.000000,1467.677002
1385.500000,1468.976562
1386.000000,1471.259277
1386.500000,1472.949829
1387.000000,1472.062134
1387.500000,1468.080078
1388.000000,1462.340454
1388.500000,1457.357788
1389.000000,1454.545654
1389.500000,1452.233887
1390.000000,1447.865234
1390.500000,1440.752563
1391.000000,1432.449463
1391.500000,1426.114258
1392.000000,1423.754395
1392.500000,1424.645264
1393.000000,1425.557861
1393.500000,1423.429443
1394.000000,1418.310303
1394.500000,1411.930664
1395.000000,1407.063965
1395.500000,1405.207520
1396.000000,1405.552979
1396.500000,1407.052734
1397.000000,1409.255127
1397.500000,1412.308716
1398.000000,1416.266968
1398.500000,1420.125000
1399.000000,1421.989136
1399.500000,1421.126831
1400.000000,1417.217529
1400.500000,1411.768677
1401.000000,1406.097778
1401.500000,1400.888916
1402.000000,1395.963501
1402.500000,1390.966431
1403.000000,1385.932739
1403.500000,1381.530518
1404.000000,1378.451538
1404.500000,1377.742554
1405.000000,1379.225342
1405.500000,1382.488403
1406.000000,1386.117676
1406.500000,1388.469604
1407.000000,1388.322754
1407.500000,1385.902100
1408.000000,1382.304565
1408.500000,1379.047974
1409.000000,1376.791382
1409.500000,1374.736938
1410.000000,1371.651611
1410.500000,1367.136230
1411.000000,1361.958618
1411.500000,1357.727173
1412.000000,1355.553833
1412.500000,1355.460815
1413.000000,1356.007446
1413.500000,1356.035400
1414.000000,1355.818604
1414.500000,1357.022461
1415.000000,1361.062256
1415.500000,1368.593384
1416.000000,1378.088623
1416.500000,1386.899414
1417.000000,1392.483887
1417.500000,1394.233276
1418.000000,1392.498047
1418.500000,1389.739868
1419.000000,1388.154419
1419.500000,1388.675049
1420.000000,1391.591187
1420.500000,1396.055420
1421.000000,1401.110962
1421.500000,1405.800171
1422.000000,1409.392578
1422.500000,1411.291992
1423.000000,1411.819702
1423.500000,1411.356323
1424.000000,1410.809570
1424.500000,1410.554199
1425.000000,1410.238037
1425.500000,1409.128662
1426.000000,1406.860352
1426.500000,1403.765503
1427.000000,1400.424072
1427.500000,1396.991455
1428.000000,1392.396240
1428.500000,1385.444214
1429.000000,1374.702881
1429.500000,1361.353516
1430.000000,1347.654175
1430.500000,1336.346924
1431.000000,1328.957031
1431.500000,1325.445923
1432.000000,1324.201538
1432.500000,1323.990967
1433.000000,1323.782104
1433.500000,1323.089111
1434.000000,1321.722778
1434.500000,1319.401245
1435.000000,1316.463867
1435.500000,1313.951050
1436.000000,1313.205078
1436.500000,1314.774048
1437.000000,1318.180664
1437.500000,1321.575073
1438.000000,1323.007080
1438.500000,1322.346069
1439.000000,1320.421753
1439.500000,1319.184082
1440.000000,1320.156860
1440.500000,1323.390991
1441.000000,1327.665283
1441.500000,1331.522827
1442.000000,1334.252686
1442.500000,1335.758545
1443.000000,1336.782227
1443.500000,1337.831787
1444.000000,1339.109863
1444.500000,1340.480713
1445.000000,1341.577515
1445.500000,1341.947266
1446.000000,1341.213745
1446.500000,1339.514160
1447.000000,1337.218140
1447.500000,1335.050049
1448.000000,1333.627930
1448.500000,1332.824219
1449.000000,1332.127075
1449.500000,1330.811401
1450.000000,1328.426880
1450.500000,1325.219849
1451.000000,1322.037476
1451.500000,1319.865967
1452.000000,1319.028198
1452.500000,1319.508667
1453.000000,1320.275024
1453.500000,1320.236328
1454.000000,1318.893188
1454.500000,1316.377075
1455.000000,1313.732422
1455.500000,1312.169800
1456.000000,1312.417969
1456.500000,1313.902588
1457.000000,1315.733276
1457.500000,1317.133179
1458.000000,1317.973633
1458.500000,1318.833984
1459.000000,1320.281128
1459.500000,1322.356567
1460.000000,1324.707520
1460.500000,1326.887939
1461.000000,1328.727051
1461.500000,1330.315674
1462.000000,1331.837891
1462.500000,1333.348999
1463.000000,1334.876221
1463.500000,1336.484253
1464.000000,1338.138306
1464.500000,1339.493896
1465.000000,1339.950439
1465.500000,1339.092163
1466.000000,1337.356934
1466.500000,1336.358521
1467.000000,1338.292236
1467.500000,1343.311646
1468.000000,1350.333008
1468.500000,1356.113403
1469.000000,1357.518433
1469.500000,1354.303467
1470.000000,1349.019287
1470.500000,1345.794312
1471.000000,1346.755859
1471.500000,1351.216553
1472.000000,1355.546265
1472.500000,1356.678467
1473.000000,1355.307617
1473.500000,1354.163208
1474.000000,1356.106201
1474.500000,1361.778809
1475.000000,1368.750977
1475.500000,1373.702271
1476.000000,1375.004761
1476.500000,1374.081543
1477.000000,1372.715088
1477.500000,1372.068237
1478.000000,1371.995972
1478.500000,1371.809204
1479.000000,1371.514282
1479.500000,1371.859131
1480.000000,1373.450195
1480.500000,1376.016724
1481.000000,1378.591675
1481.500000,1380.386597
1482.000000,1381.460083
1482.500000,1382.125000
1483.000000,1382.847412
1483.500000,1383.879272
1484.000000,1385.282593
1484.500000,1386.882080
1485.000000,1387.951294
1485.500000,1387.396606
1486.000000,1383.994629
1486.500000,1378.314453
1487.000000,1371.682373
1487.500000,1366.235474
1488.000000,1363.306396
1488.500000,1361.950439
1489.000000,1360.088379
1489.500000,1356.081909
1490.000000,1350.032227
1490.500000,1343.395508
1491.000000,1338.016479
1491.500000,1335.269165
1492.000000,1334.449829
1492.500000,1334.730713
1493.000000,1334.976807
1493.500000,1334.749512
1494.000000,1334.099609
1494.500000,1332.924805
1495.000000,1330.740723
1495.500000,1327.283447
1496.000000,1322.903931
1496.500000,1319.280518
1497.000000,1319.149170
1497.500000,1323.326782
1498.000000,1331.215942
1498.500000,1339.598633
1499.000000,1345.362183
1499.500000,1347.217163
1500.000000,1346.592896
1500.500000,1346.227417
1501.000000,1348.434204
1501.500000,1354.694580
1502.000000,1363.210815
1502.500000,1371.861816
1503.000000,1378.740356
1503.500000,1382.789429
1504.000000,1384.517456
1504.500000,1385.490967
1505.000000,1387.564697
1505.500000,1391.693848
1506.000000,1397.935547
1506.500000,1404.538818
1507.000000,1409.974976
1507.500000,1414.016235
1508.000000,1417.190552
1508.500000,1420.439209
1509.000000,1424.181885
1509.500000,1428.285645
1510.000000,1432.548096
1510.500000,1437.200317
1511.000000,1442.391602
1511.500000,1447.935059
1512.000000,1453.134033
1512.500000,1457.532104
1513.000000,1461.634399
1513.500000,1466.413696
1514.000000,1472.245361
1514.500000,1478.072998
1515.000000,1482.071777
1515.500000,1483.946167
1516.000000,1485.258423
1516.500000,1489.057739
1517.000000,1498.319824
1517.500000,1511.937378
1518.000000,1526.836182
1518.500000,1539.003296
1519.000000,1546.913086
1519.500000,1552.303467
1520.000000,1558.647095
1520.500000,1568.507324
1521.000000,1580.773438
1521.500000,1592.491577
1522.000000,1600.592163
1522.500000,1602.683105
1523.000000,1599.804565
1523.500000,1593.630371
1524.000000,1585.803345
1524.500000,1577.851318
1525.000000,1571.388306
1525.500000,1567.574829
1526.000000,1567.813599
1526.500000,1570.409424
1527.000000,1572.650879
1527.500000,1571.912598
1528.000000,1567.077515
1528.500000,1559.635742
1529.000000,1552.324829
1529.500000,1547.388794
1530.000000,1545.025757
1530.500000,1544.761475
1531.000000,1545.350342
1531.500000,1547.182007
1532.000000,1550.902222
1532.500000,1557.118042
1533.000000,1564.782227
1533.500000,1571.792847
1534.000000,1576.031006
1534.500000,1577.091187
1535.000000,1576.225464
1535.500000,1575.906128
1536.000000,1578.023682
1536.500000,1582.053101
1537.000000,1586.375854
1537.500000,1588.729736
1538.000000,1587.168701
1538.500000,1580.908203
1539.000000,1571.086548
1539.500000,1559.434814
1540.000000,1548.985107
1540.500000,1543.851562
1541.000000,1545.096313
1541.500000,1553.020508
1542.000000,1563.084351
1542.500000,1569.932251
1543.000000,1570.785522
1543.500000,1566.806641
1544.000000,1561.757690
1544.500000,1559.350342
1545.000000,1561.178833
1545.500000,1564.883545
1546.000000,1567.764526
1546.500000,1568.990234
1547.000000,1569.782227
1547.500000,1572.205322
1548.000000,1577.447021
1548.500000,1585.012939
1549.000000,1593.014893
1549.500000,1599.256714
1550.000000,1602.613892
1550.500000,1602.150757
1551.000000,1599.254395
1551.500000,1595.274658
1552.000000,1592.124146
1552.500000,1591.140137
1553.000000,1592.320923
1553.500000,1594.404541
1554.000000,1595.763550
1554.500000,1595.545532
1555.000000,1593.355469
1555.500000,1590.165283
1556.000000,1587.041626
1556.500000,1585.181519
1557.000000,1585.796265
1557.500000,1588.775757
1558.000000,1592.897217
1558.500000,1596.356445
1559.000000,1597.867920
1559.500000,1597.010986
1560.000000,1595.177734
1560.500000,1593.726685
1561.000000,1593.101685
1561.500000,1592.588623
1562.000000,1591.136719
1562.500000,1588.269897
1563.000000,1584.541260
1563.500000,1581.098755
1564.000000,1578.936523
1564.500000,1577.993774
1565.000000,1577.740845
1565.500000,1577.326538
1566.000000,1576.335083
1566.500000,1574.949707
1567.000000,1573.514038
1567.500000,1572.181274
1568.000000,1570.657349
1568.500000,1568.508911
1569.000000,1565.907837
1569.500000,1563.827271
1570.000000,1563.382202
1570.500000,1565.663086
1571.000000,1569.749634
1571.500000,1574.056274
1572.000000,1577.052368
1572.500000,1578.459229
1573.000000,1579.116333
1573.500000,1580.105835
1574.000000,1581.775879
1574.500000,1583.451050
1575.000000,1584.004028
1575.500000,1583.327271
1576.000000,1581.859619
1576.500000,1580.736450
1577.000000,1581.157593
1577.500000,1583.809204
1578.000000,1588.383789
1578.500000,1593.660156
1579.000000,1597.804932
1579.500000,1599.611450
1580.000000,1600.451416
1580.500000,1603.157593
1581.000000,1610.024780
1581.500000,1621.935913
1582.000000,1636.453613
1582.500000,1649.872803
1583.000000,1659.899658
1583.500000,1666.912354
1584.000000,1671.875977
1584.500000,1676.036987
1585.000000,1679.108398
1585.500000,1680.980957
1586.000000,1682.261841
1586.500000,1684.193481
1587.000000,1687.340820
1587.500000,1690.807007
1588.000000,1692.901001
1588.500000,1692.265869
1589.000000,1689.689941
1589.500000,1686.216064
1590.000000,1682.486938
1590.500000,1677.869629
1591.000000,1671.944946
1591.500000,1665.262207
1592.000000,1659.533569
1592.500000,1655.941406
1593.000000,1653.969482
1593.500000,1651.646118
1594.000000,1647.276123
1594.500000,1641.531616
1595.000000,1636.402222
1595.500000,1633.668823
1596.000000,1633.365967
1596.500000,1633.609009
1597.000000,1632.796509
1597.500000,1631.117676
1598.000000,1630.614258
1598.500000,1634.016602
1599.000000,1641.041992
1599.500000,1649.321289
1600.000000,1655.246216
1600.500000,1656.061646
1601.000000,1652.496338
1601.500000,1646.867554
1602.000000,1641.722534
1602.500000,1637.479126
1603.000000,1632.118164
1603.500000,1623.324219
1604.000000,1608.691406
1604.500000,1589.976685
1605.000000,1569.169189
1605.500000,1549.105957
1606.000000,1530.936157
1606.500000,1513.880371
1607.000000,1496.349609
1607.500000,1477.168091
1608.000000,1456.744141
1608.500000,1436.823730
1609.000000,1419.281128
1609.500000,1405.629150
1610.000000,1394.643677
1610.500000,1384.646118
1611.000000,1373.922852
1611.500000,1362.357666
1612.000000,1351.806885
1612.500000,1344.256470
1613.000000,1340.635376
1613.500000,1338.783081
1614.000000,1335.879028
1614.500000,1330.522217
1615.000000,1323.452637
1615.500000,1317.426880
1616.000000,1313.798950
1616.500000,1310.966187
1617.000000,1305.513672
1617.500000,1294.714478
1618.000000,1280.245483
1618.500000,1266.892822
1619.000000,1258.649536
1619.500000,1257.676880
1620.000000,1260.854248
1620.500000,1264.745850
1621.000000,1266.908081
1621.500000,1267.170532
1622.000000,1266.221680
1622.500000,1264.065552
1623.000000,1259.384277
1623.500000,1252.127319
1624.000000,1243.456055
1624.500000,1236.778931
1625.000000,1235.536133
1625.500000,1240.137939
1626.000000,1249.094116
1626.500000,1259.352661
1627.000000,1267.860107
1627.500000,1272.146362
1628.000000,1272.563965
1628.500000,1269.210571
1629.000000,1264.409546
1629.500000,1260.365723
1630.000000,1259.015503
1630.500000,1261.583618
1631.000000,1266.476440
1631.500000,1270.608154
1632.000000,1270.698975
1632.500000,1265.879761
1633.000000,1256.526367
1633.500000,1246.041138
1634.000000,1236.805298
1634.500000,1228.810303
1635.000000,1220.483887
1635.500000,1210.256226
1636.000000,1198.047852
1636.500000,1185.520996
1637.000000,1174.611694
1637.500000,1165.965820
1638.000000,1158.119019
1638.500000,1149.273193
1639.000000,1138.740601
1639.500000,1126.735718
1640.000000,1114.515625
1640.500000,1102.769043
1641.000000,1091.361572
1641.500000,1079.707642
1642.000000,1067.291260
1642.500000,1054.193604
1643.000000,1040.909668
1643.500000,1028.171387
1644.000000,1016.783569
1644.500000,1006.899475
1645.000000,998.598083
1645.500000,991.613831
1646.000000,985.723999
1646.500000,980.891479
1647.000000,976.722168
1647.500000,972.472107
1648.000000,967.314026
1648.500000,960.870789
1649.000000,954.568665
1649.500000,950.513245
1650.000000,949.713196
1650.500000,951.577759
1651.000000,953.891113
1651.500000,954.188843
1652.000000,951.229980
1652.500000,945.960571
1653.000000,938.867065
1653.500000,930.795776
1654.000000,922.029419
1654.500000,913.722534
1655.000000,907.782104
1655.500000,905.425720
1656.000000,905.972107
1656.500000,906.955933
1657.000000,905.164368
1657.500000,897.851807
1658.000000,886.929382
1658.500000,874.982117
1659.000000,865.323975
1659.500000,860.298950
1660.000000,859.516541
1660.500000,860.300964
1661.000000,859.282043
1661.500000,854.656433
1662.000000,846.338928
1662.500000,837.296936
1663.000000,831.118530
1663.500000,828.406250
1664.000000,827.727478
1664.500000,825.869324
1665.000000,820.451904
1665.500000,811.570862
1666.000000,801.827026
1666.500000,794.067017
1667.000000,789.010925
1667.500000,786.251282
1668.000000,783.719666
1668.500000,779.987549
1669.000000,775.055420
1669.500000,769.809998
1670.000000,765.345276
1670.500000,762.310425
1671.000000,760.779053
1671.500000,760.022156
1672.000000,759.264893
1672.500000,758.030334
1673.000000,756.066101
1673.500000,753.481323
1674.000000,750.077087
1674.500000,745.686279
1675.000000,740.384033
1675.500000,734.687378
1676.000000,729.451355
1676.500000,725.435486
1677.000000,722.420410
1677.500000,719.650452
1678.000000,716.364685
1678.500000,712.481689
1679.000000,708.723022
1679.500000,705.916138
1680.000000,704.183716
1680.500000,702.709839
1681.000000,700.671265
1681.500000,697.990234
1682.000000,695.327087
1682.500000,693.635010
1683.000000,693.479309
1683.500000,694.183533
1684.000000,694.770996
1684.500000,694.271790
1685.000000,692.059448
1685.500000,687.989380
1686.000000,682.890564
1686.500000,677.657166
1687.000000,673.129150
1687.500000,669.773682
1688.000000,667.050903
1688.500000,664.501038
1689.000000,662.266663
1689.500000,661.150635
1690.000000,661.672180
1690.500000,663.004028
1691.000000,663.084473
1691.500000,660.692383
1692.000000,655.618347
1692.500000,650.141541
1693.000000,646.434143
1693.500000,645.067871
1694.000000,645.142151
1694.500000,645.591553
1695.000000,646.365967
1695.500000,648.290344
1696.000000,651.555481
1696.500000,654.889709
1697.000000,656.377808
1697.500000,654.443359
1698.000000,650.277405
1698.500000,646.070557
1699.000000,643.868530
1699.500000,643.735107
1700.000000,644.177856
1700.500000,643.510254
1701.000000,641.133118
1701.500000,638.454102
1702.000000,637.363892
1702.500000,638.149597
1703.000000,640.092957
1703.500000,641.563599
1704.000000,641.386841
1704.500000,639.830139
1705.000000,637.877625
1705.500000,636.312134
1706.000000,635.292114
1706.500000,634.646057
1707.000000,633.935791
1707.500000,632.888428
1708.000000,631.536133
1708.500000,630.212646
1709.000000,629.583557
1709.500000,630.138794
1710.000000,631.606812
1710.500000,632.928467
1711.000000,633.003540
1711.500000,631.992676
1712.000000,630.941956
1712.500000,630.799927
1713.000000,631.341492
1713.500000,631.276062
1714.000000,629.643250
1714.500000,627.036072
1715.000000,625.283508
1715.500000,625.461609
1716.000000,626.446106
1716.500000,625.933838
1717.000000,622.830688
1717.500000,617.920166
1718.000000,613.516968
1718.500000,611.118713
1719.000000,610.333679
1719.500000,609.587952
1720.000000,608.030945
1720.500000,606.339355
1721.000000,605.592102
1721.500000,605.538025
1722.000000,604.506348
1722.500000,601.365906
1723.000000,596.681885
1723.500000,592.877563
1724.000000,592.168945
1724.500000,594.674377
1725.000000,597.344177
1725.500000,596.700745
1726.000000,592.080994
1726.500000,584.206055
1727.000000,576.329468
1727.500000,570.924500
1728.000000,568.371460
1728.500000,568.064758
1729.000000,568.921387
1729.500000,570.026245
1730.000000,571.010498
1730.500000,571.867554
1731.000000,572.534424
1731.500000,572.783447
1732.000000,571.895935
1732.500000,569.782471
1733.000000,566.949829
1733.500000,564.567200
1734.000000,563.570618
1734.500000,563.895142
1735.000000,564.051025
1735.500000,562.504333
1736.000000,559.297119
1736.500000,555.176880
1737.000000,551.524170
1737.500000,548.902832
1738.000000,546.826172
1738.500000,544.571472
1739.000000,541.713379
1739.500000,538.422791
1740.000000,535.290344
1740.500000,532.933350
1741.000000,532.171936
1741.500000,532.872070
1742.000000,534.639587
1742.500000,536.285034
1743.000000,536.896851
1743.500000,536.246399
1744.000000,534.815857
1744.500000,533.298462
1745.000000,532.150085
1745.500000,531.476318
1746.000000,530.969116
1746.500000,530.278809
1747.000000,529.149902
1747.500000,527.487061
1748.000000,525.442139
1748.500000,523.281006
1749.000000,521.321716
1749.500000,519.836243
1750.000000,519.141052
1750.500000,519.112244
1751.000000,519.448425
1751.500000,519.451599
1752.000000,518.692078
1752.500000,517.496704
1753.000000,516.439575
1753.500000,515.701782
1754.000000,514.705933
1754.500000,512.742615
1755.000000,510.121796
1755.500000,507.844940
1756.000000,506.663208
1756.500000,506.504456
1757.000000,506.392761
1757.500000,506.052185
1758.000000,506.110870
1758.500000,507.214020
1759.000000,508.746338
1759.500000,509.095367
1760.000000,506.882874
1760.500000,503.188232
1761.000000,500.191254
1761.500000,499.379608
1762.000000,500.503235
1762.500000,501.550995
1763.000000,500.443054
1763.500000,496.316864
1764.000000,490.952698
1764.500000,486.824982
1765.000000,485.558929
1765.500000,488.023865
1766.000000,491.819031
1766.500000,494.392487
1767.000000,494.699066
1767.500000,493.417297
1768.000000,492.277893
1768.500000,492.010498
1769.000000,491.619843
1769.500000,489.773224
1770.000000,485.863678
1770.500000,481.684509
1771.000000,479.393341
1771.500000,479.481354
1772.000000,481.156067
1772.500000,482.551483
1773.000000,482.334595
1773.500000,480.518585
1774.000000,478.265228
1774.500000,476.756348
1775.000000,476.217041
1775.500000,475.969513
1776.000000,475.124390
1776.500000,473.467560
1777.000000,471.709167
1777.500000,470.569611
1778.000000,469.937408
1778.500000,469.223236
1779.000000,468.283325
1779.500000,467.729797
1780.000000,468.082245
1780.500000,468.457764
1781.000000,467.268951
1781.500000,463.872986
1782.000000,459.138367
1782.500000,455.052704
1783.000000,452.844055
1783.500000,452.707642
1784.000000,453.619446
1784.500000,454.442291
1785.000000,454.261627
1785.500000,452.351624
1786.000000,449.402588
1786.500000,447.033936
1787.000000,446.403778
1787.500000,446.886536
1788.000000,446.515259
1788.500000,444.109253
1789.000000,441.068237
1789.500000,439.936615
1790.000000,442.075409
1790.500000,445.215729
1791.000000,446.391144
1791.500000,445.058807
1792.000000,442.733582
1792.500000,441.188934
1793.000000,440.729065
1793.500000,440.456573
1794.000000,439.773132
1794.500000,438.580963
1795.000000,436.915222
1795.500000,434.555969
1796.000000,432.178009
1796.500000,431.145630
1797.000000,432.176880
1797.500000,434.249542
1798.000000,435.410431
1798.500000,435.109070
1799.000000,434.104950
1799.500000,433.495117
1800.000000,433.020111
1800.500000,431.983246
1801.000000,430.673401
1801.500000,430.163910
1802.000000,430.691803
1802.500000,431.081940
1803.000000,430.602386
1803.500000,429.936768
1804.000000,430.137604
1804.500000,430.456909
1805.000000,429.213593
1805.500000,426.149445
1806.000000,423.734528
1806.500000,424.080780
1807.000000,425.869354
1807.500000,426.359253
1808.000000,424.880341
1808.500000,424.077942
1809.000000,425.970520
1809.500000,428.285034
1810.000000,427.888947
