440.000000,3346.789307
440.500000,3337.937744
441.000000,3331.508789
441.500000,3327.471924
442.000000,3324.541992
442.500000,3321.309326
443.000000,3317.137207
443.500000,3312.640625
444.000000,3308.578857
444.500000,3305.219238
445.000000,3302.282227
445.500000,3298.821289
446.000000,3294.380615
446.500000,3289.432373
447.000000,3284.812256
447.500000,3281.336182
448.000000,3279.056641
448.500000,3277.222900
449.000000,3275.144287
449.500000,3272.697021
450.000000,3270.592773
450.500000,3270.534668
451.000000,3272.872314
451.500000,3277.471680
452.000000,3283.055664
452.500000,3288.013428
453.000000,3290.830322
453.500000,3291.741699
454.000000,3291.585205
454.500000,3291.817871
455.000000,3294.096924
455.500000,3299.130371
456.000000,3307.141602
456.500000,3317.031738
457.000000,3327.610840
457.500000,3337.419434
458.000000,3344.882080
458.500000,3349.004395
459.000000,3350.645752
459.500000,3350.668701
460.000000,3350.956299
460.500000,3353.520996
461.000000,3358.924561
461.500000,3366.486572
462.000000,3374.637695
462.500000,3381.664062
463.000000,3386.075928
463.500000,3387.806396
464.000000,3387.517822
464.500000,3386.487793
465.000000,3385.350830
465.500000,3384.380127
466.000000,3383.508301
466.500000,3382.782959
467.000000,3382.656250
467.500000,3383.713623
468.000000,3386.155518
468.500000,3389.562256
469.000000,3392.226318
469.500000,3391.984619
470.000000,3388.408936
470.500000,3381.128662
471.000000,3372.069580
471.500000,3364.123779
472.000000,3359.516846
472.500000,3359.134521
473.000000,3362.993896
473.500000,3369.303467
474.000000,3376.006836
474.500000,3381.335938
475.000000,3384.177734
475.500000,3384.946777
476.000000,3384.377441
476.500000,3384.246338
477.000000,3386.454346
477.500000,3392.279541
478.000000,3401.713867
478.500000,3414.477783
479.000000,3428.479736
479.500000,3441.366455
480.000000,3452.027100
480.500000,3459.819336
481.000000,3465.570801
481.500000,3470.322021
482.000000,3475.061035
482.500000,3479.811768
483.000000,3483.729736
483.500000,3485.892090
484.000000,3484.705811
484.500000,3480.098633
485.000000,3472.116943
485.500000,3462.200195
486.000000,3451.537842
486.500000,3441.556641
487.000000,3433.849609
487.500000,3429.702881
488.000000,3429.054443
488.500000,3432.302979
489.000000,3438.261719
489.500000,3446.655029
490.000000,3456.516113
490.500000,3467.824463
491.000000,3480.876221
491.500000,3496.435059
492.000000,3515.218994
492.500000,3537.630859
493.000000,3563.344727
493.500000,3590.762939
494.000000,3618.411865
494.500000,3644.467529
495.000000,3666.234375
495.500000,3681.997070
496.000000,3690.443848
496.500000,3691.263184
497.000000,3684.857910
497.500000,3671.515137
498.000000,3653.113770
498.500000,3630.991455
499.000000,3607.056152
499.500000,3581.637939
500.000000,3554.974854
500.500000,3526.207275
501.000000,3494.649170
501.500000,3460.332764
502.000000,3423.995117
502.500000,3387.346436
503.000000,3352.705322
503.500000,3322.092285
504.000000,3297.831055
504.500000,3279.149658
505.000000,3266.823242
505.500000,3259.767090
506.000000,3257.591309
506.500000,3258.906006
507.000000,3261.505371
507.500000,3263.516357
508.000000,3263.619873
508.500000,3260.859375
509.000000,3256.625244
509.500000,3253.287842
510.000000,3252.616455
510.500000,3255.682129
511.000000,3261.718506
511.500000,3268.923584
512.000000,3275.182129
512.500000,3279.894043
513.000000,3283.465332
513.500000,3287.066650
514.000000,3291.483398
514.500000,3296.175049
515.000000,3299.427490
515.500000,3300.114990
516.000000,3298.063965
516.500000,3294.532227
517.000000,3291.772949
517.500000,3292.297607
518.000000,3295.576416
518.500000,3300.173096
519.000000,3303.410645
519.500000,3302.517578
520.000000,3296.721680
520.500000,3286.942627
521.000000,3275.967285
521.500000,3266.253906
522.000000,3259.575439
522.500000,3255.978760
523.000000,3254.925781
523.500000,3253.902588
524.000000,3250.751221
524.500000,3244.557861
525.000000,3234.642090
525.500000,3222.072266
526.000000,3209.171143
526.500000,3198.782227
527.000000,3192.644287
527.500000,3192.064453
528.000000,3195.442139
528.500000,3200.976562
529.000000,3205.232910
529.500000,3205.918701
530.000000,3203.041260
530.500000,3197.508057
531.000000,3191.297119
531.500000,3186.668945
532.000000,3184.899170
532.500000,3185.519287
533.000000,3188.147461
533.500000,3191.531250
534.000000,3194.859131
534.500000,3197.406982
535.000000,3198.514648
535.500000,3197.813232
536.000000,3195.061768
536.500000,3190.357422
537.000000,3184.584717
537.500000,3179.125244
538.000000,3175.111816
538.500000,3173.582520
539.000000,3174.130615
539.500000,3176.501709
540.000000,3179.858154
540.500000,3183.686035
541.000000,3187.922607
541.500000,3192.806641
542.000000,3198.794189
542.500000,3206.017090
543.000000,3215.079834
543.500000,3225.658203
544.000000,3237.713867
544.500000,3250.515625
545.000000,3263.050537
545.500000,3273.975342
546.000000,3281.538818
546.500000,3284.836914
547.000000,3284.601807
547.500000,3281.416504
548.000000,3277.112793
548.500000,3272.824707
549.000000,3268.979736
549.500000,3264.808105
550.000000,3259.125977
550.500000,3250.798828
551.000000,3239.289551
551.500000,3225.160889
552.000000,3209.330322
552.500000,3193.606689
553.000000,3179.309326
553.500000,3166.786377
554.000000,3156.514404
554.500000,3148.110596
555.000000,3141.337402
555.500000,3135.635498
556.000000,3130.582520
556.500000,3125.873291
557.000000,3121.185059
557.500000,3116.270264
558.000000,3111.071777
558.500000,3105.656006
559.000000,3100.244629
559.500000,3095.126953
560.000000,3090.603271
560.500000,3087.074951
561.000000,3085.079346
561.500000,3084.586426
562.000000,3085.628662
562.500000,3087.416260
563.000000,3088.983887
563.500000,3089.249512
564.000000,3087.026611
564.500000,3082.741455
565.000000,3077.240723
565.500000,3071.767090
566.000000,3067.318115
566.500000,3064.274902
567.000000,3061.660400
567.500000,3057.802979
568.000000,3051.911621
568.500000,3043.504150
569.000000,3033.825928
569.500000,3024.752930
570.000000,3018.501953
570.500000,3015.910645
571.000000,3016.683838
571.500000,3019.038330
572.000000,3021.028076
572.500000,3021.114502
573.000000,3018.018066
573.500000,3013.360107
574.000000,3008.886719
574.500000,3006.336426
575.000000,3006.827148
575.500000,3010.246338
576.000000,3014.959961
576.500000,3018.817627
577.000000,3020.777344
577.500000,3020.330566
578.000000,3018.746338
578.500000,3017.117188
579.000000,3016.075928
579.500000,3014.834229
580.000000,3011.838379
580.500000,3005.880615
581.000000,2996.587646
581.500000,2985.551270
582.000000,2975.406982
582.500000,2968.531006
583.000000,2966.531006
583.500000,2968.133301
584.000000,2971.951172
584.500000,2975.971436
585.000000,2978.802246
585.500000,2980.238525
586.000000,2981.292725
586.500000,2983.061523
587.000000,2986.155029
587.500000,2991.137939
588.000000,2997.386475
588.500000,3004.117188
589.000000,3010.144531
589.500000,3014.439697
590.000000,3016.446533
590.500000,3016.292480
591.000000,3014.447021
591.500000,3012.108398
592.000000,3010.109131
592.500000,3008.376709
593.000000,3006.127441
593.500000,3002.464844
594.000000,2996.544189
594.500000,2988.601318
595.000000,2980.060547
595.500000,2972.709961
596.000000,2967.617188
596.500000,2965.560303
597.000000,2965.618164
597.500000,2967.087646
598.000000,2968.708740
598.500000,2969.920410
599.000000,2970.754883
599.500000,2971.474609
600.000000,2972.405762
600.500000,2973.778076
601.000000,2975.812500
601.500000,2978.394043
602.000000,2981.532471
602.500000,2985.006104
603.000000,2988.801758
603.500000,2992.971436
604.000000,2997.996094
604.500000,3004.546143
605.000000,3013.031006
605.500000,3023.590088
606.000000,3035.407471
606.500000,3047.402832
607.000000,3058.289062
607.500000,3066.507080
608.000000,3072.534668
608.500000,3077.048096
609.000000,3081.498535
609.500000,3087.430664
610.000000,3096.179199
610.500000,3108.378906
611.000000,3124.231689
611.500000,3142.027100
612.000000,3160.093750
612.500000,3176.281982
613.000000,3187.963379
613.500000,3194.087646
614.000000,3194.009033
614.500000,3189.881348
615.000000,3184.520264
615.500000,3180.477295
616.000000,3179.065918
616.500000,3180.877930
617.000000,3184.119141
617.500000,3186.738281
618.000000,3187.629639
618.500000,3186.756592
619.000000,3185.336914
619.500000,3184.926758
620.000000,3186.729736
620.500000,3190.623779
621.000000,3195.378662
621.500000,3199.355225
622.000000,3201.067383
622.500000,3200.489014
623.000000,3197.656250
623.500000,3193.482910
624.000000,3188.790527
624.500000,3184.244141
625.000000,3180.389404
625.500000,3178.093750
626.000000,3178.005371
626.500000,3181.793701
627.000000,3189.719482
627.500000,3202.558838
628.000000,3219.079590
628.500000,3238.696289
629.000000,3260.527344
629.500000,3284.057129
630.000000,3309.371826
630.500000,3336.654541
631.000000,3366.430176
631.500000,3398.099121
632.000000,3431.228760
632.500000,3464.455078
633.000000,3496.297363
633.500000,3525.695801
634.000000,3552.366699
634.500000,3577.624268
635.000000,3603.546387
635.500000,3632.370850
636.000000,3664.677246
636.500000,3700.708008
637.000000,3737.802490
637.500000,3772.550049
638.000000,3802.720703
638.500000,3826.755127
639.000000,3844.639404
639.500000,3856.981201
640.000000,3863.354492
640.500000,3863.307617
641.000000,3853.531250
641.500000,3834.551758
642.000000,3804.284180
642.500000,3765.542725
643.000000,3720.317871
643.500000,3672.258057
644.000000,3624.624268
644.500000,3579.375977
645.000000,3536.500488
645.500000,3495.516357
646.000000,3455.214355
646.500000,3415.260742
647.000000,3376.145020
647.500000,3340.353271
648.000000,3310.010010
648.500000,3287.007812
649.000000,3271.339111
649.500000,3260.697021
650.000000,3251.985596
650.500000,3241.578125
651.000000,3226.131348
651.500000,3206.897461
652.000000,3185.714355
652.500000,3165.429199
653.000000,3148.204346
653.500000,3134.538086
654.000000,3123.685303
654.500000,3114.502197
655.000000,3105.908691
655.500000,3098.071045
656.000000,3091.361328
656.500000,3086.587891
657.000000,3083.574951
657.500000,3082.224854
658.000000,3081.898193
658.500000,3081.986084
659.000000,3081.974609
659.500000,3081.372559
660.000000,3079.560303
660.500000,3076.402832
661.000000,3071.614502
661.500000,3065.918945
662.000000,3059.979248
662.500000,3054.309570
663.000000,3049.101074
663.500000,3044.402832
664.000000,3040.457031
664.500000,3037.981934
665.000000,3037.664062
665.500000,3040.135986
666.000000,3044.082764
666.500000,3048.029053
667.000000,3050.519287
667.500000,3050.778076
668.000000,3049.638428
668.500000,3048.917236
669.000000,3050.397217
669.500000,3053.984863
670.000000,3058.601318
670.500000,3062.574951
671.000000,3064.866211
671.500000,3066.416260
672.000000,3069.382080
672.500000,3075.854492
673.000000,3085.975586
673.500000,3097.536621
674.000000,3107.009766
674.500000,3110.619873
675.000000,3107.407959
675.500000,3096.353760
676.000000,3080.890137
676.500000,3063.628174
677.000000,3046.808594
677.500000,3031.407715
678.000000,3017.444824
678.500000,3004.613525
679.000000,2992.693359
679.500000,2981.527832
680.000000,2971.281494
680.500000,2961.839355
681.000000,2953.391113
681.500000,2945.649658
682.000000,2938.236816
682.500000,2930.349854
683.000000,2920.901855
683.500000,2909.000732
684.000000,2895.314941
684.500000,2881.390869
685.000000,2869.314209
685.500000,2861.659424
686.000000,2858.138916
686.500000,2858.160400
687.000000,2858.862793
687.500000,2857.690918
688.000000,2853.976074
688.500000,2848.856934
689.000000,2844.453369
689.500000,2842.570068
690.000000,2844.574463
690.500000,2849.177246
691.000000,2854.653076
691.500000,2858.989746
692.000000,2861.166016
692.500000,2861.563232
693.000000,2861.243896
693.500000,2861.522705
694.000000,2863.316162
694.500000,2867.228271
695.000000,2872.511230
695.500000,2878.568115
696.000000,2884.713135
696.500000,2890.744385
697.000000,2896.725586
697.500000,2902.616455
698.000000,2907.837891
698.500000,2910.948242
699.000000,2910.075928
699.500000,2904.969482
700.000000,2895.522705
700.500000,2884.437744
701.000000,2874.431396
701.500000,2867.473633
702.000000,2864.453857
702.500000,2863.665527
703.000000,2862.437012
703.500000,2858.879883
704.000000,2852.772461
704.500000,2844.625000
705.000000,2835.970215
705.500000,2827.707764
706.000000,2819.904053
706.500000,2812.239014
707.000000,2804.692139
707.500000,2797.883057
708.000000,2792.656982
708.500000,2789.405273
709.000000,2788.134521
709.500000,2787.896484
710.000000,2788.233154
710.500000,2789.176514
711.000000,2791.812256
711.500000,2796.721680
712.000000,2804.054932
712.500000,2812.628662
713.000000,2820.531494
713.500000,2825.821289
714.000000,2827.983887
714.500000,2827.813232
715.000000,2827.682617
715.500000,2829.942871
716.000000,2835.401123
716.500000,2844.260498
717.000000,2854.973389
717.500000,2865.637939
718.000000,2874.706299
718.500000,2882.303467
719.000000,2889.598145
719.500000,2898.101807
720.000000,2909.218994
720.500000,2922.324463
721.000000,2936.402588
721.500000,2949.938721
722.000000,2962.363281
722.500000,2974.922607
723.000000,2989.621338
723.500000,3008.307617
724.000000,3030.703613
724.500000,3056.109375
725.000000,3082.260010
725.500000,3108.037109
726.000000,3133.899414
726.500000,3161.758789
727.000000,3193.082275
727.500000,3228.363281
728.000000,3267.124023
728.500000,3308.077393
729.000000,3350.993896
729.500000,3395.725830
730.000000,3442.927490
730.500000,3490.791260
731.000000,3535.733398
731.500000,3574.008789
732.000000,3602.166260
732.500000,3619.495117
733.000000,3628.406738
733.500000,3631.204834
734.000000,3630.430908
734.500000,3623.883301
735.000000,3609.504883
735.500000,3582.312500
736.000000,3542.955811
736.500000,3492.744385
737.000000,3436.322510
737.500000,3378.204834
738.000000,3320.909668
738.500000,3264.325928
739.000000,3207.133789
739.500000,3149.268066
740.000000,3092.879883
740.500000,3041.051270
741.000000,2997.967773
741.500000,2964.523926
742.000000,2939.715332
742.500000,2920.245605
743.000000,2901.756104
743.500000,2882.262939
744.000000,2862.169434
744.500000,2843.629395
745.000000,2828.537109
745.500000,2819.120605
746.000000,2814.977783
746.500000,2815.432373
747.000000,2818.623535
747.500000,2822.665527
748.000000,2826.311768
748.500000,2828.814941
749.000000,2829.501221
749.500000,2828.703857
750.000000,2826.592529
750.500000,2823.927490
751.000000,2821.090332
751.500000,2817.946289
752.000000,2813.787842
752.500000,2807.789307
753.000000,2799.851807
753.500000,2790.373535
754.000000,2780.859863
754.500000,2773.145996
755.000000,2768.044434
755.500000,2766.026611
756.000000,2765.802734
756.500000,2766.224609
757.000000,2766.414795
757.500000,2766.017822
758.000000,2764.919922
758.500000,2763.127441
759.000000,2760.035400
759.500000,2755.265137
760.000000,2748.187012
760.500000,2739.541748
761.000000,2730.376465
761.500000,2722.129395
762.000000,2716.036133
762.500000,2712.859131
763.000000,2712.136230
763.500000,2713.254639
764.000000,2714.619873
764.500000,2714.718750
765.000000,2713.015625
765.500000,2709.350342
766.000000,2704.711670
766.500000,2700.477295
767.000000,2697.984375
767.500000,2697.786865
768.000000,2699.877686
768.500000,2702.981445
769.000000,2705.933350
769.500000,2708.218262
770.000000,2709.852539
770.500000,2711.295166
771.000000,2712.777344
771.500000,2714.157959
772.000000,2715.106201
772.500000,2715.510254
773.000000,2715.971924
773.500000,2717.699707
774.000000,2721.182373
774.500000,2726.659180
775.000000,2732.989258
775.500000,2738.996338
776.000000,2743.935059
776.500000,2747.913574
777.000000,2751.811279
777.500000,2756.649414
778.000000,2762.695801
778.500000,2768.846924
779.000000,2773.193359
779.500000,2774.588623
780.000000,2771.859375
780.500000,2765.895508
781.000000,2758.177246
781.500000,2750.781250
782.000000,2745.512939
782.500000,2743.301758
783.000000,2743.061035
783.500000,2743.473633
784.000000,2743.004639
784.500000,2740.739746
785.000000,2737.338379
785.500000,2734.167480
786.000000,2732.725342
786.500000,2733.758057
787.000000,2736.797852
787.500000,2740.068115
788.000000,2742.200439
788.500000,2743.126709
789.000000,2743.611084
789.500000,2744.990967
790.000000,2748.244873
790.500000,2752.868164
791.000000,2757.265137
791.500000,2759.191650
792.000000,2757.366211
792.500000,2751.514160
793.000000,2743.537109
793.500000,2735.640869
794.000000,2730.088379
794.500000,2729.210205
795.000000,2733.058350
795.500000,2741.134521
796.000000,2751.361084
796.500000,2761.149902
797.000000,2768.621094
797.500000,2773.707520
798.000000,2777.011230
798.500000,2780.069092
799.000000,2783.616455
799.500000,2787.213867
800.000000,2789.494873
800.500000,2789.363037
801.000000,2786.667969
801.500000,2782.893066
802.000000,2780.108154
802.500000,2779.596436
803.000000,2780.526611
803.500000,2780.941650
804.000000,2778.824219
804.500000,2772.483887
805.000000,2762.791016
805.500000,2751.617920
806.000000,2741.590820
806.500000,2734.566895
807.000000,2731.311768
807.500000,2730.846680
808.000000,2732.482910
808.500000,2734.780762
809.000000,2737.014404
809.500000,2738.957031
810.000000,2740.985596
810.500000,2743.890381
811.000000,2748.547363
811.500000,2755.076904
812.000000,2762.372070
812.500000,2768.780518
813.000000,2773.153809
813.500000,2774.771484
814.000000,2775.158203
814.500000,2776.395020
815.000000,2780.344238
815.500000,2787.987061
816.000000,2798.702148
816.500000,2810.551025
817.000000,2821.903076
817.500000,2832.093018
818.000000,2840.950928
818.500000,2849.222412
819.000000,2857.536377
819.500000,2866.567383
820.000000,2877.186523
820.500000,2890.066895
821.000000,2905.502441
821.500000,2922.929932
822.000000,2940.576416
822.500000,2956.669922
823.000000,2970.774414
823.500000,2983.264404
824.000000,2995.896729
824.500000,3010.108398
825.000000,3025.732178
825.500000,3040.821777
826.000000,3052.171875
826.500000,3057.223145
827.000000,3054.661377
827.500000,3047.084717
828.000000,3036.533203
828.500000,3026.091797
829.000000,3017.469238
829.500000,3010.718262
830.000000,3005.044922
830.500000,2999.061279
831.000000,2991.538818
831.500000,2981.674561
832.000000,2970.131104
832.500000,2958.267822
833.000000,2947.873779
833.500000,2940.958984
834.000000,2937.617432
834.500000,2937.534180
835.000000,2939.098633
835.500000,2940.837646
836.000000,2942.077393
836.500000,2943.211670
837.000000,2945.356934
837.500000,2948.994629
838.000000,2954.186768
838.500000,2959.950684
839.000000,2965.693359
839.500000,2971.387939
840.000000,2977.598145
840.500000,2984.854248
841.000000,2992.922363
841.500000,3000.663330
842.000000,3006.661133
842.500000,3009.344238
843.000000,3009.979004
843.500000,3010.440430
844.000000,3012.837402
844.500000,3018.297607
845.000000,3025.655273
845.500000,3032.106689
846.000000,3034.346924
846.500000,3031.043701
847.000000,3021.880127
847.500000,3010.229980
848.000000,2999.338379
848.500000,2990.947266
849.000000,2984.805420
849.500000,2978.809814
850.000000,2970.977051
850.500000,2960.695801
851.000000,2949.153320
851.500000,2938.148193
852.000000,2928.723633
852.500000,2920.894531
853.000000,2913.038330
853.500000,2903.712891
854.000000,2893.108643
854.500000,2882.695557
855.000000,2874.093018
855.500000,2867.845947
856.000000,2863.285645
856.500000,2858.782959
857.000000,2853.174561
857.500000,2846.788086
858.000000,2840.887939
858.500000,2836.729736
859.000000,2835.100830
859.500000,2835.414795
860.000000,2836.756836
860.500000,2838.850830
861.000000,2841.991455
861.500000,2846.886475
862.000000,2853.216553
862.500000,2860.263916
863.000000,2866.709961
863.500000,2871.606201
864.000000,2875.271484
864.500000,2878.798096
865.000000,2883.574951
865.500000,2890.306152
866.000000,2898.787842
866.500000,2907.774658
867.000000,2915.767578
867.500000,2921.751953
868.000000,2924.486328
868.500000,2924.322998
869.000000,2921.876709
869.500000,2918.753662
870.000000,2916.611572
870.500000,2916.417969
871.000000,2917.514404
871.500000,2918.008789
872.000000,2916.244629
872.500000,2911.178223
873.000000,2904.458008
873.500000,2898.267822
874.000000,2894.423340
874.500000,2893.436768
875.000000,2894.225342
875.500000,2895.057373
876.000000,2894.997070
876.500000,2894.639404
877.000000,2895.718262
877.500000,2899.162109
878.000000,2904.994141
878.500000,2911.566650
879.000000,2917.336182
879.500000,2921.636719
880.000000,2924.814941
880.500000,2927.455078
881.000000,2929.700195
881.500000,2930.471436
882.000000,2928.774658
882.500000,2923.187988
883.000000,2914.617676
883.500000,2904.343018
884.000000,2894.316895
884.500000,2885.643311
885.000000,2878.478027
885.500000,2872.260498
886.000000,2866.604736
886.500000,2861.228516
887.000000,2856.158447
887.500000,2851.204834
888.000000,2845.999268
888.500000,2840.248779
889.000000,2834.029785
889.500000,2828.068604
890.000000,2823.473389
890.500000,2821.160156
891.000000,2820.765381
891.500000,2821.611328
892.000000,2822.282959
892.500000,2821.727295
893.000000,2819.952637
893.500000,2817.530029
894.000000,2815.457275
894.500000,2814.422607
895.000000,2814.418457
895.500000,2814.639160
896.000000,2814.106689
896.500000,2812.597412
897.000000,2810.781494
897.500000,2809.990234
898.000000,2811.433838
898.500000,2814.743896
899.000000,2818.313965
899.500000,2819.841064
900.000000,2817.890869
900.500000,2812.381348
901.000000,2805.818604
901.500000,2801.480469
902.000000,2800.989990
902.500000,2804.888184
903.000000,2810.502686
903.500000,2814.819580
904.000000,2816.305908
904.500000,2815.600830
905.000000,2814.681396
905.500000,2815.424316
906.000000,2818.736328
906.500000,2823.310303
907.000000,2827.595215
907.500000,2830.623779
908.000000,2832.409424
908.500000,2833.943848
909.000000,2835.981934
909.500000,2838.331787
910.000000,2839.900635
910.500000,2839.527588
911.000000,2837.563965
911.500000,2835.151855
912.000000,2834.092041
912.500000,2836.183105
913.000000,2841.679688
913.500000,2850.536377
914.000000,2862.081055
914.500000,2875.565430
915.000000,2890.486328
915.500000,2905.890869
916.000000,2920.563721
916.500000,2933.471680
917.000000,2943.302734
917.500000,2950.609863
918.000000,2956.218750
918.500000,2961.564209
919.000000,2967.869629
919.500000,2975.923340
920.000000,2985.785889
920.500000,2997.541992
921.000000,3010.444580
921.500000,3023.797363
922.000000,3036.461182
922.500000,3047.068848
923.000000,3055.027588
923.500000,3060.204346
924.000000,3063.300049
924.500000,3065.370605
925.000000,3066.822754
925.500000,3067.501709
926.000000,3066.584229
926.500000,3064.300781
927.000000,3061.535156
927.500000,3060.052734
928.000000,3061.533203
928.500000,3065.901855
929.000000,3071.094238
929.500000,3073.616455
930.000000,3070.755127
930.500000,3060.394287
931.000000,3045.327393
931.500000,3029.038330
932.000000,3015.903564
932.500000,3008.866699
933.000000,3007.281982
933.500000,3008.865723
934.000000,3010.481689
934.500000,3009.609131
935.000000,3004.635254
935.500000,2996.306152
936.000000,2985.111328
936.500000,2972.921387
937.000000,2960.934814
937.500000,2950.004395
938.000000,2940.689453
938.500000,2933.137695
939.000000,2927.436035
939.500000,2924.164307
940.000000,2923.542969
940.500000,2926.380371
941.000000,2931.623291
941.500000,2938.018066
942.000000,2943.370850
942.500000,2945.728516
943.000000,2944.841553
943.500000,2941.939697
944.000000,2939.251465
944.500000,2938.743408
945.000000,2941.637207
945.500000,2946.941162
946.000000,2953.861328
946.500000,2961.326660
947.000000,2969.431396
947.500000,2978.504883
948.000000,2988.420654
948.500000,2997.984375
949.000000,3005.561768
949.500000,3009.776123
950.000000,3011.296875
950.500000,3011.368896
951.000000,3012.036377
951.500000,3014.505859
952.000000,3018.249756
952.500000,3022.098145
953.000000,3025.048828
953.500000,3027.187500
954.000000,3029.659912
954.500000,3033.684082
955.000000,3039.913818
955.500000,3047.103027
956.000000,3053.427734
956.500000,3057.838867
957.000000,3060.339355
957.500000,3062.381348
958.000000,3065.454346
958.500000,3070.158447
959.000000,3075.809082
959.500000,3081.196777
960.000000,3085.459961
960.500000,3088.090332
961.000000,3089.627686
961.500000,3089.940186
962.000000,3088.775146
962.500000,3085.537109
963.000000,3080.587646
963.500000,3075.581543
964.000000,3073.012451
964.500000,3074.224609
965.000000,3079.147949
965.500000,3084.158936
966.000000,3084.613770
966.500000,3078.236084
967.000000,3063.802246
967.500000,3043.893066
968.000000,3022.085938
968.500000,3001.864014
969.000000,2985.393066
969.500000,2974.357910
970.000000,2968.020508
970.500000,2966.739746
971.000000,2968.400635
971.500000,2971.366211
972.000000,2973.421387
972.500000,2972.879150
973.000000,2969.379639
973.500000,2963.891602
974.000000,2957.709473
974.500000,2951.872803
975.000000,2946.555176
975.500000,2941.262939
976.000000,2935.538330
976.500000,2929.296387
977.000000,2922.471436
977.500000,2914.937500
978.000000,2906.399170
978.500000,2896.683838
979.000000,2886.261963
979.500000,2875.913330
980.000000,2866.304199
980.500000,2857.710693
981.000000,2849.501709
981.500000,2841.129150
982.000000,2832.592529
982.500000,2824.565186
983.000000,2817.776611
983.500000,2812.097900
984.000000,2806.393311
984.500000,2799.359131
985.000000,2790.175049
985.500000,2780.210693
986.000000,2771.726562
986.500000,2766.651367
987.000000,2766.450439
987.500000,2770.879639
988.000000,2778.886719
988.500000,2789.501221
989.000000,2801.350098
989.500000,2813.251709
990.000000,2823.827637
990.500000,2831.257812
991.000000,2835.387939
991.500000,2836.458252
992.000000,2836.170898
992.500000,2836.121826
993.000000,2837.014648
993.500000,2838.335449
994.000000,2839.115479
994.500000,2839.208496
995.000000,2839.761475
995.500000,2842.545654
996.000000,2849.796875
996.500000,2861.556396
997.000000,2876.909912
997.500000,2893.587158
998.000000,2909.223633
998.500000,2922.229004
999.000000,2932.939941
999.500000,2942.547852
1000.000000,2953.184326
1000.500000,2966.683594
1001.000000,2982.480469
1001.500000,2998.122314
1002.000000,3009.513916
1002.500000,3012.466797
1003.000000,3004.438477
1003.500000,2987.509521
1004.000000,2964.664551
1004.500000,2941.176025
1005.000000,2920.046143
1005.500000,2900.669922
1006.000000,2880.893311
1006.500000,2858.928955
1007.000000,2835.064697
1007.500000,2811.899902
1008.000000,2792.348633
1008.500000,2777.976562
1009.000000,2766.484375
1009.500000,2754.415283
1010.000000,2739.238525
1010.500000,2720.634033
1011.000000,2701.906006
1011.500000,2687.101318
1012.000000,2678.084961
1012.500000,2673.553955
1013.000000,2670.301270
1013.500000,2665.438965
1014.000000,2658.471680
1014.500000,2651.846924
1015.000000,2648.553955
1015.500000,2648.520508
1016.000000,2649.429688
1016.500000,2647.646729
1017.000000,2641.447266
1017.500000,2632.684814
1018.000000,2625.472900
1018.500000,2623.427734
1019.000000,2625.775635
1019.500000,2629.610596
1020.000000,2630.714111
1020.500000,2626.391602
1021.000000,2618.164551
1021.500000,2608.981934
1022.000000,2601.646484
1022.500000,2596.963623
1023.000000,2594.121094
1023.500000,2591.557617
1024.000000,2588.716064
1024.500000,2586.054199
1025.000000,2584.350586
1025.500000,2583.618896
1026.000000,2583.677734
1026.500000,2584.566406
1027.000000,2587.241699
1027.500000,2593.098877
1028.000000,2602.243408
1028.500000,2613.566162
1029.000000,2624.114990
1029.500000,2630.595459
1030.000000,2632.866211
1030.500000,2631.697266
1031.000000,2629.588135
1031.500000,2628.358643
1032.000000,2628.646240
1032.500000,2630.194092
1033.000000,2632.954102
1033.500000,2637.003418
1034.000000,2643.066406
1034.500000,2650.655518
1035.000000,2659.092041
1035.500000,2667.289307
1036.000000,2674.912109
1036.500000,2682.713135
1037.000000,2691.959717
1037.500000,2703.499023
1038.000000,2716.596436
1038.500000,2729.571289
1039.000000,2740.519287
1039.500000,2747.322510
1040.000000,2750.047363
1040.500000,2748.231445
1041.000000,2742.551025
1041.500000,2733.432129
1042.000000,2721.645996
1042.500000,2708.519531
1043.000000,2695.209717
1043.500000,2682.485352
1044.000000,2670.659180
1044.500000,2659.476318
1045.000000,2649.456543
1045.500000,2641.350342
1046.000000,2636.115234
1046.500000,2633.355225
1047.000000,2631.090576
1047.500000,2626.489014
1048.000000,2617.992188
1048.500000,2605.195557
1049.000000,2591.045166
1049.500000,2578.714355
1050.000000,2569.828613
1050.500000,2564.582031
1051.000000,2561.098877
1051.500000,2557.531494
1052.000000,2553.056885
1052.500000,2548.089111
1053.000000,2543.478516
1053.500000,2539.738281
1054.000000,2537.414551
1054.500000,2536.635010
1055.000000,2538.336670
1055.500000,2542.588135
1056.000000,2548.566406
1056.500000,2553.936768
1057.000000,2556.056641
1057.500000,2553.209961
1058.000000,2547.101074
1058.500000,2540.734863
1059.000000,2537.151367
1059.500000,2537.846436
1060.000000,2540.517578
1060.500000,2541.809082
1061.000000,2539.340820
1061.500000,2533.281494
1062.000000,2525.881348
1062.500000,2520.020020
1063.000000,2517.760986
1063.500000,2518.390137
1064.000000,2520.886230
1064.500000,2523.410889
1065.000000,2524.852539
1065.500000,2524.971680
1066.000000,2524.072266
1066.500000,2523.122314
1067.000000,2523.653809
1067.500000,2527.791504
1068.000000,2536.178955
1068.500000,2549.521484
1069.000000,2565.090332
1069.500000,2580.035645
1070.000000,2591.874756
1070.500000,2599.301514
1071.000000,2603.317871
1071.500000,2606.198975
1072.000000,2610.288330
1072.500000,2616.852295
1073.000000,2626.578613
1073.500000,2638.188232
1074.000000,2650.451660
1074.500000,2661.712402
1075.000000,2670.315674
1075.500000,2675.585205
1076.000000,2677.551514
1076.500000,2677.180908
1077.000000,2676.255371
1077.500000,2676.519531
1078.000000,2678.890137
1078.500000,2684.395020
1079.000000,2692.359131
1079.500000,2702.506104
1080.000000,2713.603027
1080.500000,2724.252686
1081.000000,2733.064697
1081.500000,2739.286133
1082.000000,2742.887695
1082.500000,2745.140137
1083.000000,2747.083984
1083.500000,2749.344727
1084.000000,2751.777588
1084.500000,2753.948486
1085.000000,2755.849609
1085.500000,2758.144531
1086.000000,2761.664307
1086.500000,2766.669434
1087.000000,2772.285645
1087.500000,2777.178467
1088.000000,2780.637695
1088.500000,2782.575439
1089.000000,2784.145508
1089.500000,2786.206299
1090.000000,2788.762695
1090.500000,2791.051270
1091.000000,2792.248291
1091.500000,2792.336182
1092.000000,2792.090088
1092.500000,2792.626465
1093.000000,2794.862793
1093.500000,2798.268555
1094.000000,2802.062500
1094.500000,2805.315674
1095.000000,2807.581055
1095.500000,2809.140381
1096.000000,2810.652344
1096.500000,2812.735107
1097.000000,2815.476562
1097.500000,2818.404541
1098.000000,2820.514648
1098.500000,2820.389404
1099.000000,2817.884521
1099.500000,2813.352539
1100.000000,2808.344482
1100.500000,2804.304932
1101.000000,2801.652832
1101.500000,2799.342773
1102.000000,2795.632568
1102.500000,2789.819580
1103.000000,2782.268066
1103.500000,2775.266602
1104.000000,2771.246582
1104.500000,2770.722168
1105.000000,2772.806885
1105.500000,2775.290771
1106.000000,2776.243652
1106.500000,2774.879883
1107.000000,2772.194336
1107.500000,2769.667969
1108.000000,2768.580078
1108.500000,2769.884521
1109.000000,2772.968262
1109.500000,2776.841797
1110.000000,2780.050537
1110.500000,2781.499756
1111.000000,2781.085938
1111.500000,2780.169189
1112.000000,2780.861572
1112.500000,2784.260742
1113.000000,2790.643066
1113.500000,2797.664795
1114.000000,2802.716309
1114.500000,2804.581787
1115.000000,2803.841553
1115.500000,2802.808350
1116.000000,2803.763672
1116.500000,2807.633057
1117.000000,2812.797607
1117.500000,2816.760986
1118.000000,2818.073975
1118.500000,2816.450439
1119.000000,2814.048340
1119.500000,2813.336914
1120.000000,2815.722656
1120.500000,2820.990967
1121.000000,2827.936035
1121.500000,2835.185547
1122.000000,2842.677734
1122.500000,2851.327148
1123.000000,2862.868164
1123.500000,2877.308594
1124.000000,2894.087891
1124.500000,2911.494629
1125.000000,2928.300293
1125.500000,2944.306152
1126.000000,2960.094727
1126.500000,2975.997559
1127.000000,2991.578857
1127.500000,3005.738770
1128.000000,3018.631348
1128.500000,3031.777832
1129.000000,3047.732178
1129.500000,3068.789062
1130.000000,3094.498047
1130.500000,3121.666504
1131.000000,3146.042969
1131.500000,3165.386719
1132.000000,3179.346191
1132.500000,3191.850342
1133.000000,3206.842529
1133.500000,3225.880615
1134.000000,3248.242188
1134.500000,3270.534912
1135.000000,3289.199951
1135.500000,3302.237061
1136.000000,3310.738525
1136.500000,3316.875732
1137.000000,3323.740723
1137.500000,3333.361328
1138.000000,3344.875977
1138.500000,3356.061768
1139.000000,3364.178467
1139.500000,3367.250244
1140.000000,3365.602539
1140.500000,3361.590820
1141.000000,3357.746582
1141.500000,3355.383545
1142.000000,3354.113037
1142.500000,3352.053467
1143.000000,3347.522949
1143.500000,3340.964844
1144.000000,3333.940430
1144.500000,3328.303711
1145.000000,3324.789307
1145.500000,3322.855225
1146.000000,3321.336182
1146.500000,3320.052246
1147.000000,3319.748291
1147.500000,3321.784424
1148.000000,3325.668701
1148.500000,3329.770264
1149.000000,3331.928467
1149.500000,3331.216553
1150.000000,3329.061279
1150.500000,3328.412842
1151.000000,3331.940918
1151.500000,3339.054199
1152.000000,3347.662842
1152.500000,3354.506348
1153.000000,3357.579102
1153.500000,3358.089844
1154.000000,3358.475342
1154.500000,3361.028564
1155.000000,3366.304932
1155.500000,3373.123535
1156.000000,3379.086182
1156.500000,3381.431152
1157.000000,3379.319824
1157.500000,3371.384033
1158.000000,3359.298828
1158.500000,3345.094971
1159.000000,3332.172119
1159.500000,3323.681396
1160.000000,3320.976318
1160.500000,3321.998779
1161.000000,3322.908203
1161.500000,3319.814453
1162.000000,3309.407959
1162.500000,3293.856934
1163.000000,3275.990723
1163.500000,3259.709473
1164.000000,3247.612305
1164.500000,3240.093994
1165.000000,3235.901367
1165.500000,3233.750000
1166.000000,3232.290283
1166.500000,3230.991211
1167.000000,3229.499268
1167.500000,3227.298828
1168.000000,3223.924072
1168.500000,3218.735107
1169.000000,3211.763428
1169.500000,3203.626709
1170.000000,3195.315186
1170.500000,3187.614258
1171.000000,3180.555908
1171.500000,3173.195312
1172.000000,3164.250244
1172.500000,3153.767822
1173.000000,3142.765869
1173.500000,3132.985352
1174.000000,3125.422119
1174.500000,3119.230957
1175.000000,3112.182861
1175.500000,3102.232178
1176.000000,3089.917236
1176.500000,3077.493896
1177.000000,3067.697266
1177.500000,3062.108887
1178.000000,3058.636719
1178.500000,3053.782227
1179.000000,3044.590088
1179.500000,3030.408691
1180.000000,3012.581299
1180.500000,2993.901855
1181.000000,2976.255127
1181.500000,2960.047119
1182.000000,2945.524170
1182.500000,2932.596924
1183.000000,2922.024414
1183.500000,2913.797363
1184.000000,2906.820557
1184.500000,2898.671875
1185.000000,2886.889404
1185.500000,2869.634277
1186.000000,2848.709717
1186.500000,2827.021973
1187.000000,2808.282959
1187.500000,2795.464844
1188.000000,2787.817139
1188.500000,2783.200439
1189.000000,2778.665771
1189.500000,2772.448730
1190.000000,2764.503418
1190.500000,2756.198242
1191.000000,2748.619629
1191.500000,2741.668213
1192.000000,2734.823242
1192.500000,2728.094238
1193.000000,2722.969482
1193.500000,2721.328613
1194.000000,2724.005615
1194.500000,2729.443604
1195.000000,2733.743164
1195.500000,2732.555176
1196.000000,2725.453369
1196.500000,2713.657959
1197.000000,2702.010498
1197.500000,2694.633301
1198.000000,2692.491211
1198.500000,2694.214355
1199.000000,2696.787598
1199.500000,2697.631348
1200.000000,2695.606934
1200.500000,2691.804688
1201.000000,2687.781982
1201.500000,2685.111572
1202.000000,2684.928467
1202.500000,2686.662354
1203.000000,2688.953125
1203.500000,2689.730713
1204.000000,2687.284424
1204.500000,2681.091064
1205.000000,2673.045654
1205.500000,2666.144775
1206.000000,2662.807617
1206.500000,2664.843750
1207.000000,2670.159424
1207.500000,2676.031738
1208.000000,2679.697998
1208.500000,2679.907715
1209.000000,2677.331055
1209.500000,2673.908203
1210.000000,2671.291504
1210.500000,2670.064697
1211.000000,2670.450684
1211.500000,2671.793701
1212.000000,2673.887695
1212.500000,2676.330566
1213.000000,2678.744141
1213.500000,2680.899170
1214.000000,2683.067139
1214.500000,2686.010254
1215.000000,2690.093750
1215.500000,2694.730957
1216.000000,2697.997070
1216.500000,2697.314453
1217.000000,2692.847412
1217.500000,2686.742920
1218.000000,2682.973145
1218.500000,2684.372559
1219.000000,2690.583252
1219.500000,2697.636963
1220.000000,2700.893799
1220.500000,2699.136230
1221.000000,2693.539795
1221.500000,2688.723145
1222.000000,2688.499756
1222.500000,2693.132080
1223.000000,2700.765137
1223.500000,2708.677734
1224.000000,2715.396729
1224.500000,2721.018066
1225.000000,2726.409668
1225.500000,2731.552734
1226.000000,2735.653564
1226.500000,2737.511230
1227.000000,2737.546875
1227.500000,2737.174072
1228.000000,2738.273682
1228.500000,2741.798828
1229.000000,2747.186523
1229.500000,2752.435791
1230.000000,2755.324707
1230.500000,2755.406494
1231.000000,2752.979004
1231.500000,2750.241699
1232.000000,2749.255371
1232.500000,2750.828369
1233.000000,2754.451172
1233.500000,2758.484863
1234.000000,2761.250488
1234.500000,2761.781250
1235.000000,2760.743408
1235.500000,2758.861816
1236.000000,2756.884521
1236.500000,2754.607178
1237.000000,2751.507568
1237.500000,2747.144287
1238.000000,2741.695801
1238.500000,2735.534424
1239.000000,2728.594727
1239.500000,2720.602539
1240.000000,2711.125977
1240.500000,2700.953613
1241.000000,2691.486816
1241.500000,2683.865479
1242.000000,2678.528076
1242.500000,2674.364258
1243.000000,2669.968018
1243.500000,2664.740967
1244.000000,2659.481689
1244.500000,2655.832764
1245.000000,2654.452148
1245.500000,2655.282471
1246.000000,2656.385742
1246.500000,2655.843750
1247.000000,2652.740234
1247.500000,2646.772217
1248.000000,2638.325439
1248.500000,2628.106689
1249.000000,2616.960449
1249.500000,2606.424561
1250.000000,2598.669434
1250.500000,2594.123291
1251.000000,2592.209473
1251.500000,2589.742188
1252.000000,2583.107910
1252.500000,2571.023438
1253.000000,2555.391357
1253.500000,2540.552979
1254.000000,2530.584473
1254.500000,2527.700928
1255.000000,2528.750488
1255.500000,2529.969238
1256.000000,2528.187256
1256.500000,2522.106201
1257.000000,2513.236572
1257.500000,2503.353027
1258.000000,2493.606445
1258.500000,2484.379395
1259.000000,2476.187012
1259.500000,2469.793701
1260.000000,2467.007080
1260.500000,2467.459473
1261.000000,2470.234375
1261.500000,2472.663330
1262.000000,2472.377686
1262.500000,2468.812012
1263.000000,2463.346436
1263.500000,2458.280273
1264.000000,2455.339355
1264.500000,2455.251221
1265.000000,2456.483154
1265.500000,2457.482178
1266.000000,2457.446777
1266.500000,2456.977783
1267.000000,2457.872070
1267.500000,2461.864502
1268.000000,2469.125977
1268.500000,2477.287598
1269.000000,2482.757324
1269.500000,2483.717773
1270.000000,2479.742432
1270.500000,2474.710693
1271.000000,2472.576660
1271.500000,2474.823730
1272.000000,2480.145996
1272.500000,2485.083008
1273.000000,2487.133789
1273.500000,2486.540771
1274.000000,2486.437256
1274.500000,2490.397461
1275.000000,2498.291748
1275.500000,2508.103027
1276.000000,2516.191162
1276.500000,2520.311523
1277.000000,2521.394531
1277.500000,2522.121826
1278.000000,2525.021973
1278.500000,2530.631348
1279.000000,2538.147705
1279.500000,2545.504883
1280.000000,2550.846191
1280.500000,2553.766113
1281.000000,2554.311035
1281.500000,2554.084473
1282.000000,2555.274414
1282.500000,2559.783691
1283.000000,2567.681152
1283.500000,2577.123779
1284.000000,2584.770752
1284.500000,2587.451904
1285.000000,2586.490234
1285.500000,2585.004395
1286.000000,2586.871582
1286.500000,2593.906982
1287.000000,2603.793701
1287.500000,2612.076416
1288.000000,2615.042480
1288.500000,2613.031982
1289.000000,2608.445068
1289.500000,2604.951660
1290.000000,2604.071045
1290.500000,2603.714600
1291.000000,2600.331543
1291.500000,2591.770996
1292.000000,2578.231201
1292.500000,2562.535645
1293.000000,2548.338867
1293.500000,2538.371338
1294.000000,2532.335938
1294.500000,2529.457275
1295.000000,2527.045898
1295.500000,2522.926758
1296.000000,2515.965820
1296.500000,2505.624512
1297.000000,2492.441650
1297.500000,2477.429932
1298.000000,2461.307373
1298.500000,2444.660645
1299.000000,2427.724854
1299.500000,2411.158691
1300.000000,2396.644287
1300.500000,2385.678955
1301.000000,2379.974609
1301.500000,2378.917969
1302.000000,2380.275391
1302.500000,2381.003418
1303.000000,2379.100830
1303.500000,2374.427734
1304.000000,2369.304199
1304.500000,2366.307373
1305.000000,2366.053955
1305.500000,2367.896484
1306.000000,2369.618408
1306.500000,2369.321777
1307.000000,2366.451172
1307.500000,2361.958984
1308.000000,2357.343262
1308.500000,2353.973877
1309.000000,2353.088623
1309.500000,2354.430176
1310.000000,2358.104736
1310.500000,2363.324463
1311.000000,2369.641602
1311.500000,2376.586426
1312.000000,2383.824463
1312.500000,2390.946045
1313.000000,2397.280029
1313.500000,2401.572754
1314.000000,2403.284180
1314.500000,2401.395264
1315.000000,2396.778076
1315.500000,2390.203369
1316.000000,2383.220947
1316.500000,2377.322510
1317.000000,2373.613525
1317.500000,2372.141602
1318.000000,2372.047363
1318.500000,2371.213623
1319.000000,2366.842773
1319.500000,2358.516846
1320.000000,2346.581543
1320.500000,2333.854980
1321.000000,2323.057861
1321.500000,2315.363281
1322.000000,2309.859619
1322.500000,2304.562256
1323.000000,2297.875244
1323.500000,2288.922119
1324.000000,2278.228271
1324.500000,2265.493896
1325.000000,2250.788330
1325.500000,2234.078613
1326.000000,2216.844482
1326.500000,2201.822754
1327.000000,2192.029785
1327.500000,2188.336426
1328.000000,2190.260498
1328.500000,2193.934326
1329.000000,2195.756104
1329.500000,2194.362305
1330.000000,2190.391846
1330.500000,2186.965332
1331.000000,2187.172607
1331.500000,2191.867432
1332.000000,2199.311279
1332.500000,2206.888916
1333.000000,2212.754883
1333.500000,2216.639648
1334.000000,2220.330322
1334.500000,2225.368164
1335.000000,2231.676758
1335.500000,2237.998535
1336.000000,2242.892578
1336.500000,2245.984863
1337.000000,2248.072998
1337.500000,2250.382568
1338.000000,2253.374756
1338.500000,2256.388916
1339.000000,2258.401367
1339.500000,2259.344482
1340.000000,2259.826416
1340.500000,2260.796875
1341.000000,2262.670654
1341.500000,2264.898682
1342.000000,2266.145020
1342.500000,2264.534424
1343.000000,2259.324707
1343.500000,2249.395264
1344.000000,2236.567383
1344.500000,2222.508545
1345.000000,2209.392090
1345.500000,2198.580078
1346.000000,2190.061523
1346.500000,2183.094971
1347.000000,2177.134766
1347.500000,2171.707031
1348.000000,2166.215576
1348.500000,2159.570801
1349.000000,2150.273438
1349.500000,2138.892822
1350.000000,2127.626953
1350.500000,2119.621582
1351.000000,2116.799072
1351.500000,2118.113281
1352.000000,2119.710205
1352.500000,2117.661133
1353.000000,2111.369873
1353.500000,2101.988281
1354.000000,2092.899170
1354.500000,2086.236816
1355.000000,2081.869141
1355.500000,2078.794678
1356.000000,2076.198242
1356.500000,2073.807861
1357.000000,2071.408447
1357.500000,2068.462402
1358.000000,2064.197266
1358.500000,2058.948730
1359.000000,2053.660889
1359.500000,2049.492188
1360.000000,2047.103516
1360.500000,2046.107178
1361.000000,2045.892090
1361.500000,2046.218750
1362.000000,2047.062134
1362.500000,2048.194580
1363.000000,2048.758057
1363.500000,2047.510864
1364.000000,2044.496948
1364.500000,2040.473633
1365.000000,2037.155396
1365.500000,2036.200684
1366.000000,2038.393555
1366.500000,2043.142090
1367.000000,2049.041748
1367.500000,2053.771484
1368.000000,2054.291260
1368.500000,2050.038330
1369.000000,2040.712158
1369.500000,2029.115601
1370.000000,2018.158203
1370.500000,2009.597168
1371.000000,2003.514282
1371.500000,1999.290039
1372.000000,1996.374023
1372.500000,1995.729492
1373.000000,1997.829834
1373.500000,2003.192261
1374.000000,2009.982300
1374.500000,2016.141113
1375.000000,2020.326416
1375.500000,2022.613525
1376.000000,2024.279663
1376.500000,2026.752930
1377.000000,2030.690063
1377.500000,2035.483032
1378.000000,2040.346313
1378.500000,2044.661987
1379.000000,2048.306885
1379.500000,2051.844727
1380.000000,2056.041504
1380.500000,2061.351074
1381.000000,2067.560791
1381.500000,2074.044678
1382.000000,2080.271973
1382.500000,2086.519043
1383.000000,2093.731689
1383.500000,2102.879395
1384.000000,2113.182129
1384.500000,2122.840820
1385.000000,2130.003174
1385.500000,2133.926514
1386.000000,2135.246582
1386.500000,2135.506104
1387.000000,2135.430664
1387.500000,2135.091064
1388.000000,2134.335449
1388.500000,2133.745361
1389.000000,2134.297119
1389.500000,2135.938477
1390.000000,2137.001465
1390.500000,2135.147949
1391.000000,2129.457275
1391.500000,2120.882812
1392.000000,2112.443604
1392.500000,2106.868408
1393.000000,2103.952148
1393.500000,2102.324707
1394.000000,2099.854492
1394.500000,2095.509521
1395.000000,2089.817871
1395.500000,2083.876465
1396.000000,2078.465820
1396.500000,2073.689209
1397.000000,2069.525146
1397.500000,2065.633545
1398.000000,2061.412842
1398.500000,2056.105957
1399.000000,2049.007812
1399.500000,2040.703735
1400.000000,2032.781128
1400.500000,2027.055176
1401.000000,2024.103882
1401.500000,2023.380371
1402.000000,2022.946289
1402.500000,2021.264404
1403.000000,2018.232422
1403.500000,2014.042236
1404.000000,2009.303223
1404.500000,2004.410278
1405.000000,1999.840332
1405.500000,1996.140747
1406.000000,1993.664429
1406.500000,1991.888794
1407.000000,1989.924683
1407.500000,1987.254272
1408.000000,1984.277466
1408.500000,1982.104370
1409.000000,1981.269287
1409.500000,1980.745972
1410.000000,1978.663696
1410.500000,1973.727905
1411.000000,1966.728027
1411.500000,1959.682861
1412.000000,1954.561768
1412.500000,1952.469727
1413.000000,1951.899780
1413.500000,1951.142456
1414.000000,1948.901489
1414.500000,1944.904541
1415.000000,1939.690186
1415.500000,1934.098267
1416.000000,1928.942139
1416.500000,1924.780762
1417.000000,1922.120239
1417.500000,1920.365723
1418.000000,1918.778687
1418.500000,1916.683350
1419.000000,1914.136108
1419.500000,1912.026855
1420.000000,1911.329224
1420.500000,1912.399658
1421.000000,1914.618530
1421.500000,1917.324829
1422.000000,1919.799316
1422.500000,1921.217896
1423.000000,1920.909424
1423.500000,1917.784668
1424.000000,1912.130493
1424.500000,1905.544556
1425.000000,1900.786011
1425.500000,1899.813721
1426.000000,1902.744385
1426.500000,1906.866943
1427.000000,1909.280273
1427.500000,1909.141724
1428.000000,1907.176880
1428.500000,1905.695068
1429.000000,1906.422119
1429.500000,1909.391113
1430.000000,1913.395996
1430.500000,1917.156250
1431.000000,1920.121216
1431.500000,1922.342407
1432.000000,1924.340942
1432.500000,1926.638916
1433.000000,1929.814941
1433.500000,1934.667480
1434.000000,1941.180176
1434.500000,1948.222656
1435.000000,1953.582275
1435.500000,1955.457275
1436.000000,1953.130981
1436.500000,1949.447998
1437.000000,1948.260498
1437.500000,1951.428955
1438.000000,1959.117798
1438.500000,1968.057495
1439.000000,1974.623779
1439.500000,1976.890991
1440.000000,1975.769165
1440.500000,1973.759399
1441.000000,1973.558472
1441.500000,1977.093994
1442.000000,1983.209961
1442.500000,1991.088379
1443.000000,1999.558228
1443.500000,2008.135376
1444.000000,2016.378174
1444.500000,2023.459229
1445.000000,2028.135498
1445.500000,2029.880371
1446.000000,2028.665527
1446.500000,2026.656860
1447.000000,2026.575928
1447.500000,2029.629028
1448.000000,2035.784424
1448.500000,2042.753784
1449.000000,2048.131104
1449.500000,2050.948975
1450.000000,2052.437744
1450.500000,2054.755859
1451.000000,2059.041504
1451.500000,2064.995605
1452.000000,2070.607910
1452.500000,2075.013184
1453.000000,2079.475830
1453.500000,2086.207520
1454.000000,2095.999023
1454.500000,2107.073486
1455.000000,2116.039551
1455.500000,2120.850830
1456.000000,2121.460693
1456.500000,2121.574463
1457.000000,2124.771973
1457.500000,2131.284180
1458.000000,2139.332520
1458.500000,2146.063232
1459.000000,2149.958008
1459.500000,2151.598145
1460.000000,2152.927490
1460.500000,2155.358643
1461.000000,2158.591553
1461.500000,2160.959473
1462.000000,2161.121338
1462.500000,2158.640137
1463.000000,2155.280273
1463.500000,2153.493652
1464.000000,2154.960938
1464.500000,2159.331299
1465.000000,2164.711670
1465.500000,2168.819824
1466.000000,2170.606445
1466.500000,2171.762451
1467.000000,2174.440918
1467.500000,2178.974121
1468.000000,2183.947754
1468.500000,2187.292969
1469.000000,2188.399414
1469.500000,2188.801025
1470.000000,2190.912109
1470.500000,2196.273682
1471.000000,2203.427490
1471.500000,2210.027100
1472.000000,2214.650879
1472.500000,2216.978027
1473.000000,2217.863037
1473.500000,2217.726562
1474.000000,2216.680664
1474.500000,2215.101318
1475.000000,2213.725098
1475.500000,2212.937500
1476.000000,2211.819824
1476.500000,2208.810303
1477.000000,2202.772705
1477.500000,2195.373047
1478.000000,2189.501953
1478.500000,2187.132568
1479.000000,2187.530518
1479.500000,2187.742432
1480.000000,2185.058105
1480.500000,2178.730957
1481.000000,2171.991943
1481.500000,2168.228760
1482.000000,2168.119873
1482.500000,2170.745850
1483.000000,2173.778320
1483.500000,2175.909912
1484.000000,2177.430176
1484.500000,2179.546387
1485.000000,2183.407471
1485.500000,2188.800781
1486.000000,2195.469971
1486.500000,2202.584473
1487.000000,2209.475586
1487.500000,2215.356934
1488.000000,2219.322266
1488.500000,2221.183105
1489.000000,2221.931641
1489.500000,2223.656494
1490.000000,2228.169922
1490.500000,2236.819580
1491.000000,2248.069824
1491.500000,2260.446533
1492.000000,2272.549072
1492.500000,2284.605225
1493.000000,2298.092285
1493.500000,2314.597412
1494.000000,2334.619629
1494.500000,2356.506592
1495.000000,2378.684814
1495.500000,2400.235107
1496.000000,2421.197266
1496.500000,2442.134033
1497.000000,2463.075195
1497.500000,2483.573486
1498.000000,2503.169678
1498.500000,2521.874756
1499.000000,2539.799561
1499.500000,2556.199219
1500.000000,2570.227783
1500.500000,2580.595703
1501.000000,2588.554443
1501.500000,2595.525635
1502.000000,2602.967529
1502.500000,2610.807129
1503.000000,2617.862549
1503.500000,2623.587402
1504.000000,2628.761719
1504.500000,2634.593018
1505.000000,2640.918945
1505.500000,2645.652100
1506.000000,2645.557861
1506.500000,2640.903564
1507.000000,2634.290527
1507.500000,2629.912598
1508.000000,2629.682617
1508.500000,2631.862549
1509.000000,2632.468506
1509.500000,2627.995605
1510.000000,2618.979004
1510.500000,2607.287598
1511.000000,2596.389404
1511.500000,2588.067627
1512.000000,2581.858887
1512.500000,2577.124512
1513.000000,2573.687988
1513.500000,2572.278320
1514.000000,2574.193604
1514.500000,2579.395752
1515.000000,2587.245117
1515.500000,2594.934082
1516.000000,2599.624512
1516.500000,2600.591797
1517.000000,2598.182861
1517.500000,2594.444824
1518.000000,2591.096191
1518.500000,2588.648438
1519.000000,2586.425293
1519.500000,2583.565430
1520.000000,2579.943115
1520.500000,2575.361572
1521.000000,2569.640869
1521.500000,2562.069336
1522.000000,2553.218506
1522.500000,2545.195312
1523.000000,2541.035156
1523.500000,2542.124512
1524.000000,2546.905518
1524.500000,2551.080078
1525.000000,2550.319092
1525.500000,2544.605713
1526.000000,2535.523438
1526.500000,2526.875732
1527.000000,2521.460449
1527.500000,2519.858887
1528.000000,2521.151123
1528.500000,2524.466553
1529.000000,2528.708496
1529.500000,2532.764160
1530.000000,2535.422607
1530.500000,2535.476562
1531.000000,2533.906982
1531.500000,2533.090820
1532.000000,2535.619141
1532.500000,2542.807861
1533.000000,2553.380127
1533.500000,2563.828125
1534.000000,2570.232666
1534.500000,2571.508545
1535.000000,2568.043945
1535.500000,2564.404785
1536.000000,2564.674316
1536.500000,2569.979492
1537.000000,2579.459229
1537.500000,2590.189453
1538.000000,2599.437012
1538.500000,2605.838135
1539.000000,2610.161377
1539.500000,2613.923828
1540.000000,2618.705078
1540.500000,2625.658691
1541.000000,2634.314453
1541.500000,2643.375977
1542.000000,2650.580811
1542.500000,2653.542236
1543.000000,2650.960693
1543.500000,2644.718750
1544.000000,2637.487305
1544.500000,2632.098389
1545.000000,2630.251709
1545.500000,2630.244629
1546.000000,2629.516357
1546.500000,2625.893799
1547.000000,2619.237061
1547.500000,2611.707275
1548.000000,2605.500732
1548.500000,2600.998779
1549.000000,2596.080078
1549.500000,2587.717041
1550.000000,2576.133301
1550.500000,2564.407227
1551.000000,2556.610352
1551.500000,2553.896729
1552.000000,2552.091309
1552.500000,2544.936035
1553.000000,2528.713867
1553.500000,2506.748779
1554.000000,2486.247070
1554.500000,2472.740479
1555.000000,2467.512451
1555.500000,2464.837158
1556.000000,2459.803467
1556.500000,2450.830566
1557.000000,2439.266113
1557.500000,2427.299561
1558.000000,2415.854980
1558.500000,2404.956543
1559.000000,2395.027100
1559.500000,2387.569824
1560.000000,2382.212891
1560.500000,2377.102295
1561.000000,2369.537598
1561.500000,2358.511475
1562.000000,2346.892578
1562.500000,2338.500244
1563.000000,2335.338379
1563.500000,2335.346436
1564.000000,2335.303223
1564.500000,2333.029785
1565.000000,2328.352051
1565.500000,2323.313232
1566.000000,2318.836670
1566.500000,2314.450439
1567.000000,2309.274170
1567.500000,2303.179932
1568.000000,2297.054199
1568.500000,2292.072998
1569.000000,2288.468506
1569.500000,2286.228760
1570.000000,2284.732666
1570.500000,2283.751221
1571.000000,2282.786133
1571.500000,2280.992920
1572.000000,2277.338623
1572.500000,2271.314697
1573.000000,2263.142578
1573.500000,2254.147949
1574.000000,2245.758789
1574.500000,2238.803955
1575.000000,2233.696289
1575.500000,2229.663086
1576.000000,2226.104492
1576.500000,2222.833984
1577.000000,2220.035400
1577.500000,2217.491943
1578.000000,2214.146240
1578.500000,2208.376465
1579.000000,2200.290527
1579.500000,2191.909180
1580.000000,2186.364746
1580.500000,2186.085693
1581.000000,2189.761475
1581.500000,2194.266113
1582.000000,2196.396484
1582.500000,2195.024414
1583.000000,2190.993408
1583.500000,2186.003906
1584.000000,2180.332275
1584.500000,2174.093018
1585.000000,2167.947754
1585.500000,2163.323730
1586.000000,2161.611084
1586.500000,2161.988281
1587.000000,2162.732178
1587.500000,2163.064209
1588.000000,2163.958252
1588.500000,2167.216797
1589.000000,2172.270752
1589.500000,2175.935791
1590.000000,2175.299316
1590.500000,2169.759033
1591.000000,2162.963867
1591.500000,2159.155029
1592.000000,2159.788086
1592.500000,2162.076660
1593.000000,2161.807861
1593.500000,2158.187500
1594.000000,2153.272949
1594.500000,2150.379639
1595.000000,2150.714355
1595.500000,2151.932129
1596.000000,2151.063965
1596.500000,2147.625244
1597.000000,2143.756348
1597.500000,2141.629883
1598.000000,2141.147949
1598.500000,2140.550293
1599.000000,2138.307373
1599.500000,2134.570068
1600.000000,2131.454346
1600.500000,2130.191162
1601.000000,2129.768555
1601.500000,2127.719971
1602.000000,2121.692139
1602.500000,2111.250732
1603.000000,2097.030762
1603.500000,2081.668457
1604.000000,2067.514404
1604.500000,2056.230225
1605.000000,2049.290527
1605.500000,2045.737305
1606.000000,2043.465332
1606.500000,2040.039307
1607.000000,2034.829712
1607.500000,2029.056030
1608.000000,2024.650757
1608.500000,2022.841675
1609.000000,2022.169800
1609.500000,2020.487427
1610.000000,2016.730835
1610.500000,2010.962646
1611.000000,2004.124878
1611.500000,1996.804199
1612.000000,1989.124634
1612.500000,1981.526123
1613.000000,1975.186035
1613.500000,1970.673218
1614.000000,1967.824585
1614.500000,1964.703369
1615.000000,1959.247559
1615.500000,1950.976562
1616.000000,1940.956299
1616.500000,1930.573242
1617.000000,1920.224976
1617.500000,1909.446899
1618.000000,1898.279663
1618.500000,1888.308105
1619.000000,1881.285522
1619.500000,1877.969238
1620.000000,1875.861206
1620.500000,1871.286133
1621.000000,1861.777466
1621.500000,1847.873413
1622.000000,1832.606567
1622.500000,1819.492432
1623.000000,1810.094360
1623.500000,1802.388794
1624.000000,1793.563721
1624.500000,1781.673462
1625.000000,1765.988647
1625.500000,1748.732788
1626.000000,1732.932739
1626.500000,1721.469116
1627.000000,1715.306030
1627.500000,1714.164673
1628.000000,1714.430298
1628.500000,1711.916016
1629.000000,1705.041870
1629.500000,1693.887329
1630.000000,1681.571899
1630.500000,1671.237305
1631.000000,1664.413940
1631.500000,1660.024780
1632.000000,1655.968018
1632.500000,1650.744873
1633.000000,1643.801392
1633.500000,1635.891235
1634.000000,1627.174927
1634.500000,1617.582153
1635.000000,1606.955078
1635.500000,1596.017334
1636.000000,1586.267822
1636.500000,1579.197632
1637.000000,1574.721191
1637.500000,1571.349487
1638.000000,1566.653687
1638.500000,1558.939819
1639.000000,1549.251343
1639.500000,1539.447632
1640.000000,1531.343750
1640.500000,1525.228149
1641.000000,1519.759399
1641.500000,1513.640259
1642.000000,1506.673706
1642.500000,1499.824829
1643.000000,1494.113037
1643.500000,1489.072876
1644.000000,1483.441895
1644.500000,1476.507690
1645.000000,1468.614258
1645.500000,1461.042236
1646.000000,1454.812134
1646.500000,1449.873779
1647.000000,1445.152588
1647.500000,1439.870728
1648.000000,1434.023804
1648.500000,1427.767212
1649.000000,1421.191406
1649.500000,1414.057617
1650.000000,1406.530884
1650.500000,1399.312012
1651.000000,1393.257446
1651.500000,1388.498291
1652.000000,1384.374756
1652.500000,1379.626343
1653.000000,1373.363647
1653.500000,1366.107056
1654.000000,1358.678955
1654.500000,1351.981323
1655.000000,1346.602173
1655.500000,1342.349365
1656.000000,1338.606934
1656.500000,1334.641724
1657.000000,1329.933472
1657.500000,1324.252686
1658.000000,1318.244995
1658.500000,1312.578003
1659.000000,1307.332886
1659.500000,1302.043945
1660.000000,1296.240356
1660.500000,1290.226807
1661.000000,1285.300537
1661.500000,1282.385010
1662.000000,1281.520752
1662.500000,1280.884155
1663.000000,1278.199463
1663.500000,1272.738770
1664.000000,1265.182251
1664.500000,1257.824707
1665.000000,1252.635010
1665.500000,1250.366455
1666.000000,1250.179199
1666.500000,1250.328125
1667.000000,1248.776855
1667.500000,1243.678833
1668.000000,1235.779785
1668.500000,1226.470215
1669.000000,1218.411743
1669.500000,1213.744995
1670.000000,1211.938599
1670.500000,1210.647949
1671.000000,1207.157593
1671.500000,1200.555786
1672.000000,1191.628784
1672.500000,1183.347046
1673.000000,1178.138916
1673.500000,1175.739380
1674.000000,1174.922485
1674.500000,1173.697388
1675.000000,1170.815430
1675.500000,1166.427490
1676.000000,1161.396362
1676.500000,1156.292603
1677.000000,1151.220215
1677.500000,1145.820557
1678.000000,1139.903809
1678.500000,1133.558838
1679.000000,1127.236084
1679.500000,1121.391113
1680.000000,1116.238892
1680.500000,1111.731934
1681.000000,1107.707764
1681.500000,1103.966553
1682.000000,1100.449463
1682.500000,1097.001465
1683.000000,1093.513550
1683.500000,1090.063354
1684.000000,1087.031982
1684.500000,1084.764282
1685.000000,1083.254150
1685.500000,1081.946655
1686.000000,1080.036011
1686.500000,1077.190063
1687.000000,1074.066895
1687.500000,1071.546875
1688.000000,1069.811646
1688.500000,1068.350098
1689.000000,1066.373779
1689.500000,1063.953979
1690.000000,1062.048950
1690.500000,1061.473633
1691.000000,1061.966675
1691.500000,1061.745117
1692.000000,1058.691650
1692.500000,1053.080078
1693.000000,1045.937744
1693.500000,1039.181152
1694.000000,1033.896851
1694.500000,1029.669556
1695.000000,1025.770020
1695.500000,1022.027954
1696.000000,1018.732361
1696.500000,1016.147339
1697.000000,1013.643799
1697.500000,1010.210571
1698.000000,1005.698059
1698.500000,1000.832092
1699.000000,997.141968
1699.500000,995.981628
1700.000000,997.149353
1700.500000,999.089478
1701.000000,999.993103
1701.500000,999.065308
1702.000000,996.241760
1702.500000,993.077515
1703.000000,990.265808
1703.500000,987.405884
1704.000000,983.402710
1704.500000,977.723633
1705.000000,971.406982
1705.500000,966.405518
1706.000000,963.771240
1706.500000,963.604553
1707.000000,964.056396
1707.500000,963.551514
1708.000000,961.907288
1708.500000,959.615356
1709.000000,957.301025
1709.500000,955.080872
1710.000000,952.808716
1710.500000,950.618713
1711.000000,948.972534
1711.500000,947.970337
1712.000000,947.275818
1712.500000,946.038025
1713.000000,943.592651
1713.500000,940.144043
1714.000000,936.265869
1714.500000,932.725342
1715.000000,930.149292
1715.500000,928.674438
1716.000000,927.634827
1716.500000,926.023926
1717.000000,923.272766
1717.500000,919.520996
1718.000000,916.226929
1718.500000,914.642883
1719.000000,914.533630
1719.500000,914.367310
1720.000000,912.410706
1720.500000,908.679321
1721.000000,904.501465
1721.500000,901.234619
1722.000000,899.173279
1722.500000,897.217285
1723.000000,894.669250
1723.500000,892.005310
1724.000000,889.983765
1724.500000,888.503418
1725.000000,886.434265
1725.500000,882.827393
1726.000000,878.547302
1726.500000,875.235291
1727.000000,873.516724
1727.500000,872.870728
1728.000000,871.865112
1728.500000,870.288574
1729.000000,869.196716
1729.500000,869.411438
1730.000000,870.197510
1730.500000,869.461731
1731.000000,865.494263
1731.500000,859.471924
1732.000000,853.431702
1732.500000,849.493713
1733.000000,848.841797
1733.500000,850.892029
1734.000000,854.712952
1734.500000,858.803589
1735.000000,861.054626
1735.500000,859.447815
1736.000000,855.061646
1736.500000,850.508362
1737.000000,849.012085
1737.500000,852.631592
1738.000000,858.766846
1738.500000,863.367310
1739.000000,863.683044
1739.500000,859.887207
1740.000000,854.082703
1740.500000,849.044922
1741.000000,845.897888
1741.500000,843.684937
1742.000000,841.466370
1742.500000,839.066345
1743.000000,837.469055
1743.500000,837.554077
1744.000000,839.090088
1744.500000,840.441162
1745.000000,839.479553
1745.500000,835.133789
1746.000000,829.141357
1746.500000,823.774719
1747.000000,820.609253
1747.500000,820.228577
1748.000000,821.411804
1748.500000,823.316101
1749.000000,825.310913
1749.500000,826.523071
1750.000000,825.459961
1750.500000,821.958557
1751.000000,816.564880
1751.500000,811.486694
1752.000000,808.598450
1752.500000,807.809631
1753.000000,808.271912
1753.500000,809.432922
1754.000000,811.403931
1754.500000,814.025513
1755.000000,815.754089
1755.500000,814.161560
1756.000000,809.107605
1756.500000,801.672852
1757.000000,795.046753
1757.500000,791.351379
1758.000000,790.143799
1758.500000,789.965088
1759.000000,789.708984
1759.500000,789.610657
1760.000000,790.864990
1760.500000,793.760254
1761.000000,797.636963
1761.500000,800.301147
1762.000000,799.398926
1762.500000,795.133423
1763.000000,789.188904
1763.500000,784.227112
1764.000000,781.871216
1764.500000,781.151855
1765.000000,779.719360
1765.500000,776.157288
1766.000000,771.914307
1766.500000,769.850525
1767.000000,770.597961
1767.500000,772.437195
1768.000000,772.171875
1768.500000,767.865845
1769.000000,760.883545
1769.500000,754.824646
1770.000000,752.326233
1770.500000,752.506348
1771.000000,752.789856
1771.500000,750.759155
1772.000000,746.135498
1772.500000,741.130127
1773.000000,738.237183
1773.500000,738.451477
1774.000000,740.230469
1774.500000,741.839111
1775.000000,742.484558
1775.500000,742.504272
1776.000000,742.773865
1776.500000,743.141663
1777.000000,742.671143
1777.500000,740.429077
1778.000000,736.623169
1778.500000,732.493713
1779.000000,729.105164
1779.500000,726.674805
1780.000000,724.818359
1780.500000,722.647400
1781.000000,719.545776
1781.500000,715.854553
1782.000000,712.585327
1782.500000,711.063110
1783.000000,711.791138
1783.500000,713.878723
1784.000000,715.607361
1784.500000,715.621155
1785.000000,714.399475
1785.500000,713.302734
1786.000000,713.209961
1786.500000,714.092590
1787.000000,714.932434
1787.500000,714.867737
1788.000000,713.680969
1788.500000,711.519836
1789.000000,708.570374
1789.500000,705.333862
1790.000000,702.354065
1790.500000,699.900085
1791.000000,698.177368
1791.500000,697.195007
1792.000000,697.225525
1792.500000,698.100159
1793.000000,698.928650
1793.500000,698.220642
1794.000000,695.386780
1794.500000,691.110168
1795.000000,686.959412
1795.500000,683.799988
1796.000000,681.105774
1796.500000,678.388611
1797.000000,676.070496
1797.500000,675.230286
1798.000000,676.443787
1798.500000,679.072510
1799.000000,682.345459
1799.500000,685.744934
1800.000000,688.714905
1800.500000,690.328308
1801.000000,689.502686
1801.500000,687.002014
1802.000000,684.422974
1802.500000,683.102173
1803.000000,682.523438
1803.500000,681.306396
1804.000000,679.079102
1804.500000,676.765686
1805.000000,675.402466
1805.500000,674.942017
1806.000000,674.583984
1806.500000,674.222961
1807.000000,674.090759
1807.500000,673.519531
1808.000000,671.165833
1808.500000,666.854370
1809.000000,662.413757
1809.500000,660.147644
1810.000000,660.652039
