440.000000,1350.149414
440.500000,1347.213745
441.000000,1342.978149
441.500000,1338.043457
442.000000,1333.286987
442.500000,1329.817627
443.000000,1328.695679
443.500000,1329.872559
444.000000,1333.040283
444.500000,1336.802490
445.000000,1339.369873
445.500000,1339.470459
446.000000,1336.602295
446.500000,1331.702515
447.000000,1325.934326
447.500000,1320.805176
448.000000,1317.575684
448.500000,1316.695801
449.000000,1317.591675
449.500000,1319.768433
450.000000,1322.037598
450.500000,1323.028198
451.000000,1322.332397
451.500000,1319.864624
452.000000,1316.412354
452.500000,1313.181152
453.000000,1311.637573
453.500000,1312.019165
454.000000,1313.916504
454.500000,1315.945679
455.000000,1316.473755
455.500000,1314.618042
456.000000,1310.400269
456.500000,1305.236084
457.000000,1300.638672
457.500000,1297.945312
458.000000,1297.914429
458.500000,1300.197876
459.000000,1303.272949
459.500000,1305.690063
460.000000,1306.382080
460.500000,1304.033569
461.000000,1299.050903
461.500000,1292.389771
462.000000,1285.379883
462.500000,1279.328003
463.000000,1275.386719
463.500000,1273.699097
464.000000,1273.880737
464.500000,1274.823730
465.000000,1275.738159
465.500000,1275.996216
466.000000,1275.082886
466.500000,1273.188599
467.000000,1270.524048
467.500000,1267.419067
468.000000,1264.334351
468.500000,1261.899170
469.000000,1260.380737
469.500000,1259.945190
470.000000,1260.010254
470.500000,1259.886108
471.000000,1258.723755
471.500000,1255.980957
472.000000,1252.012939
472.500000,1247.616211
473.000000,1243.798340
473.500000,1241.410522
474.000000,1241.396240
474.500000,1243.048462
475.000000,1246.058960
475.500000,1249.515015
476.000000,1252.613525
476.500000,1254.577637
477.000000,1254.992310
477.500000,1253.714966
478.000000,1251.042725
478.500000,1247.220459
479.000000,1243.015625
479.500000,1239.313110
480.000000,1236.689209
480.500000,1235.875488
481.000000,1236.981079
481.500000,1240.070923
482.000000,1244.564331
482.500000,1249.311768
483.000000,1253.344238
483.500000,1256.144165
484.000000,1257.287964
484.500000,1257.502319
485.000000,1257.597412
485.500000,1258.061157
486.000000,1258.834839
486.500000,1259.348389
487.000000,1258.764282
487.500000,1256.788330
488.000000,1254.253174
488.500000,1252.406372
489.000000,1252.226440
489.500000,1254.712524
490.000000,1258.881958
490.500000,1263.004639
491.000000,1265.563843
491.500000,1265.621216
492.000000,1263.243774
492.500000,1259.616089
493.000000,1256.307251
493.500000,1254.076660
494.000000,1253.244263
494.500000,1253.076660
495.000000,1252.841431
495.500000,1251.927124
496.000000,1250.227173
496.500000,1247.912231
497.000000,1245.150879
497.500000,1241.926880
498.000000,1238.183472
498.500000,1233.983398
499.000000,1229.853882
499.500000,1226.689331
500.000000,1225.161255
500.500000,1226.199951
501.000000,1229.619873
501.500000,1234.473755
502.000000,1239.757935
502.500000,1244.575928
503.000000,1248.339233
503.500000,1251.192627
504.000000,1253.328247
504.500000,1254.914795
505.000000,1255.440796
505.500000,1254.413330
506.000000,1251.169678
506.500000,1246.026245
507.000000,1240.494263
507.500000,1236.332397
508.000000,1234.703979
508.500000,1236.756348
509.000000,1241.163818
509.500000,1245.931152
510.000000,1249.170410
510.500000,1249.695557
511.000000,1247.769409
511.500000,1244.641235
512.000000,1242.202271
512.500000,1241.499390
513.000000,1242.948242
513.500000,1245.693115
514.000000,1249.071289
514.500000,1252.392090
515.000000,1255.735596
515.500000,1259.560547
516.000000,1264.250366
516.500000,1269.715820
517.000000,1275.212402
517.500000,1279.232178
518.000000,1281.056763
518.500000,1279.919189
519.000000,1276.928833
519.500000,1273.197876
520.000000,1270.506470
520.500000,1270.257690
521.000000,1272.329346
521.500000,1275.705444
522.000000,1278.918701
522.500000,1280.624146
523.000000,1279.594238
523.500000,1276.939575
524.000000,1273.932007
524.500000,1271.997314
525.000000,1272.289551
525.500000,1274.867554
526.000000,1278.957153
526.500000,1283.210327
527.000000,1286.680176
527.500000,1288.827881
528.000000,1290.003906
528.500000,1290.758911
529.000000,1292.031128
529.500000,1294.509521
530.000000,1298.237671
530.500000,1303.052124
531.000000,1308.394897
531.500000,1313.446533
532.000000,1317.464478
532.500000,1320.299805
533.000000,1321.759155
533.500000,1322.328613
534.000000,1322.194580
534.500000,1321.672729
535.000000,1320.814331
535.500000,1319.630615
536.000000,1318.155884
536.500000,1316.477417
537.000000,1314.697144
537.500000,1312.689453
538.000000,1310.238403
538.500000,1306.954224
539.000000,1302.969849
539.500000,1298.613037
540.000000,1294.682495
540.500000,1291.941772
541.000000,1290.333740
541.500000,1289.004395
542.000000,1286.591309
542.500000,1282.063843
543.000000,1274.109863
543.500000,1264.061035
544.000000,1253.411499
544.500000,1243.848755
545.000000,1236.700806
545.500000,1232.219116
546.000000,1229.850220
546.500000,1228.322510
547.000000,1226.625977
547.500000,1224.272461
548.000000,1221.414795
548.500000,1218.360840
549.000000,1215.557373
549.500000,1213.252563
550.000000,1211.416382
550.500000,1210.013794
551.000000,1209.043457
551.500000,1208.526123
552.000000,1208.622681
552.500000,1209.111572
553.000000,1209.697998
553.500000,1209.874634
554.000000,1208.895874
554.500000,1206.299438
555.000000,1201.613281
555.500000,1195.307251
556.000000,1188.280273
556.500000,1181.708130
557.000000,1176.698120
557.500000,1174.714844
558.000000,1175.630859
558.500000,1178.971558
559.000000,1183.099609
559.500000,1186.502930
560.000000,1188.028687
560.500000,1187.115845
561.000000,1184.081543
561.500000,1180.429688
562.000000,1177.343872
562.500000,1175.439331
563.000000,1175.128540
563.500000,1175.781250
564.000000,1176.818237
564.500000,1177.757690
565.000000,1178.578613
565.500000,1179.519775
566.000000,1180.860474
566.500000,1182.811157
567.000000,1185.195557
567.500000,1187.673462
568.000000,1189.845215
568.500000,1191.185913
569.000000,1191.395752
569.500000,1189.946899
570.000000,1186.588257
570.500000,1181.705444
571.000000,1175.943970
571.500000,1170.334473
572.000000,1166.019897
572.500000,1163.443481
573.000000,1163.165283
573.500000,1164.042603
574.000000,1165.288208
574.500000,1166.154419
575.000000,1166.223511
575.500000,1165.423950
576.000000,1163.891846
576.500000,1161.596436
577.000000,1158.522461
577.500000,1154.322388
578.000000,1149.306030
578.500000,1143.921753
579.000000,1139.223267
579.500000,1136.390015
580.000000,1135.874756
580.500000,1137.414429
581.000000,1140.274658
581.500000,1143.181030
582.000000,1144.850464
582.500000,1145.048218
583.000000,1143.968750
583.500000,1142.476318
584.000000,1141.236328
584.500000,1140.574463
585.000000,1140.414185
585.500000,1140.358887
586.000000,1140.079834
586.500000,1139.436157
587.000000,1138.477539
587.500000,1137.036011
588.000000,1134.950317
588.500000,1131.713379
589.000000,1127.499268
589.500000,1122.811523
590.000000,1118.530273
590.500000,1115.489380
591.000000,1114.274902
591.500000,1114.434692
592.000000,1115.122925
592.500000,1115.522949
593.000000,1115.418213
593.500000,1115.274780
594.000000,1115.859619
594.500000,1117.731567
595.000000,1120.699219
595.500000,1123.982300
596.000000,1126.819702
596.500000,1128.748657
597.000000,1130.082031
597.500000,1131.392090
598.000000,1133.300537
598.500000,1135.969116
599.000000,1139.006714
599.500000,1141.894653
600.000000,1144.192627
600.500000,1145.749023
601.000000,1146.536621
601.500000,1146.937500
602.000000,1147.213135
602.500000,1147.670898
603.000000,1148.643433
603.500000,1150.212646
604.000000,1152.231934
604.500000,1153.949585
605.000000,1154.360840
605.500000,1152.498291
606.000000,1148.337891
606.500000,1142.033691
607.000000,1135.067993
607.500000,1129.249023
608.000000,1125.506226
608.500000,1124.319580
609.000000,1124.993408
609.500000,1126.510864
610.000000,1127.818237
610.500000,1128.251465
611.000000,1127.840576
611.500000,1127.391113
612.000000,1127.823730
612.500000,1129.458374
613.000000,1132.359131
613.500000,1135.649048
614.000000,1137.929565
614.500000,1138.224243
615.000000,1136.537109
615.500000,1133.644653
616.000000,1131.147827
616.500000,1130.942017
617.000000,1133.611938
617.500000,1139.068604
618.000000,1145.279297
618.500000,1150.415771
619.000000,1153.310791
619.500000,1153.754150
620.000000,1152.459351
620.500000,1150.971680
621.000000,1150.574707
621.500000,1151.440063
622.000000,1153.553589
622.500000,1156.244385
623.000000,1159.183105
623.500000,1162.237305
624.000000,1165.520996
624.500000,1169.083130
625.000000,1172.811523
625.500000,1176.560425
626.000000,1180.268433
626.500000,1184.063110
627.000000,1188.142334
627.500000,1192.523682
628.000000,1196.728271
628.500000,1199.910645
629.000000,1201.278931
629.500000,1200.336304
630.000000,1196.930542
630.500000,1191.855103
631.000000,1186.011475
631.500000,1180.317017
632.000000,1175.364136
632.500000,1171.234131
633.000000,1167.998169
633.500000,1165.468018
634.000000,1163.500488
634.500000,1161.987427
635.000000,1160.938843
635.500000,1160.617432
636.000000,1161.111694
636.500000,1162.661499
637.000000,1164.728027
637.500000,1166.273682
638.000000,1166.264648
638.500000,1163.989380
639.000000,1159.814819
639.500000,1155.099121
640.000000,1151.697144
640.500000,1150.959106
641.000000,1153.316650
641.500000,1156.775757
642.000000,1159.446045
642.500000,1160.196411
643.000000,1158.868408
643.500000,1156.833984
644.000000,1156.076294
644.500000,1157.716919
645.000000,1161.085815
645.500000,1164.992188
646.000000,1168.218506
646.500000,1170.297363
647.000000,1172.152588
647.500000,1175.330566
648.000000,1180.382446
648.500000,1186.709595
649.000000,1192.886230
649.500000,1197.638306
650.000000,1200.438477
650.500000,1202.307983
651.000000,1205.025635
651.500000,1209.560181
652.000000,1215.939453
652.500000,1222.722412
653.000000,1228.303223
653.500000,1231.718994
654.000000,1233.022461
654.500000,1233.080688
655.000000,1233.138794
655.500000,1233.532959
656.000000,1233.792603
656.500000,1233.006592
657.000000,1230.847534
657.500000,1227.314697
658.000000,1223.291992
658.500000,1219.709595
659.000000,1216.894653
659.500000,1214.547485
660.000000,1212.201904
660.500000,1209.597534
661.000000,1206.931763
661.500000,1204.796265
662.000000,1203.606689
662.500000,1202.805908
663.000000,1201.266602
663.500000,1197.846924
664.000000,1192.114502
664.500000,1184.604736
665.000000,1177.317749
665.500000,1172.865601
666.000000,1171.793091
666.500000,1174.268799
667.000000,1178.262085
667.500000,1181.858276
668.000000,1183.758301
668.500000,1183.889526
669.000000,1183.544312
669.500000,1184.177979
670.000000,1186.443970
670.500000,1189.506714
671.000000,1191.969604
671.500000,1192.790527
672.000000,1191.557861
672.500000,1189.737183
673.000000,1189.551147
673.500000,1192.555908
674.000000,1198.956421
674.500000,1208.128174
675.000000,1218.244385
675.500000,1227.952637
676.000000,1236.947876
676.500000,1246.203735
677.000000,1257.071533
677.500000,1270.909424
678.000000,1288.017944
678.500000,1307.986206
679.000000,1330.018799
679.500000,1352.890747
680.000000,1375.687500
680.500000,1397.852661
681.000000,1418.781128
681.500000,1438.365601
682.000000,1456.178345
682.500000,1472.220581
683.000000,1486.266846
683.500000,1497.758423
684.000000,1506.189087
684.500000,1509.952393
685.000000,1508.694702
685.500000,1500.468994
686.000000,1486.707031
686.500000,1467.557495
687.000000,1445.238770
687.500000,1421.603394
688.000000,1397.996826
688.500000,1374.962769
689.000000,1352.560791
689.500000,1330.530396
690.000000,1308.784180
690.500000,1287.332397
691.000000,1266.567261
691.500000,1246.660400
692.000000,1227.977661
692.500000,1210.626831
693.000000,1194.758545
693.500000,1180.496094
694.000000,1167.713989
694.500000,1156.579956
695.000000,1146.660889
695.500000,1137.944336
696.000000,1129.978394
696.500000,1122.534424
697.000000,1115.186035
697.500000,1107.563965
698.000000,1099.505859
698.500000,1091.303345
699.000000,1083.745972
699.500000,1077.526978
700.000000,1073.501465
700.500000,1071.211792
701.000000,1070.210205
701.500000,1069.356567
702.000000,1067.730469
702.500000,1065.044312
703.000000,1061.662109
703.500000,1058.014648
704.000000,1054.357666
704.500000,1050.617065
705.000000,1046.667114
705.500000,1042.597900
706.000000,1039.023560
706.500000,1036.959106
707.000000,1036.719482
707.500000,1038.070435
708.000000,1040.075684
708.500000,1041.599121
709.000000,1041.829468
709.500000,1040.973633
710.000000,1039.614990
710.500000,1038.554565
711.000000,1037.830200
711.500000,1036.786499
712.000000,1034.516357
712.500000,1030.619995
713.000000,1025.484863
713.500000,1020.159668
714.000000,1015.947083
714.500000,1013.727539
715.000000,1012.930908
715.500000,1012.991272
716.000000,1013.071106
716.500000,1012.842957
717.000000,1012.481201
717.500000,1012.366455
718.000000,1012.680969
718.500000,1013.060730
719.000000,1012.903503
719.500000,1011.926941
720.000000,1010.018677
720.500000,1007.818420
721.000000,1006.056274
721.500000,1005.289612
722.000000,1005.937988
722.500000,1007.916199
723.000000,1011.121643
723.500000,1015.726562
724.000000,1021.630127
724.500000,1028.972168
725.000000,1037.099365
725.500000,1045.373413
726.000000,1053.128052
726.500000,1060.327148
727.000000,1067.785400
727.500000,1076.784180
728.000000,1088.600830
728.500000,1103.492920
729.000000,1121.481812
729.500000,1141.016602
730.000000,1160.768677
730.500000,1179.591675
731.000000,1196.778809
731.500000,1212.173340
732.000000,1225.260498
732.500000,1235.320190
733.000000,1241.687622
733.500000,1243.292114
734.000000,1240.584595
734.500000,1233.501953
735.000000,1223.905518
735.500000,1212.225708
736.000000,1199.183594
736.500000,1184.870605
737.000000,1169.500122
737.500000,1153.467041
738.000000,1137.367676
738.500000,1121.786011
739.000000,1106.958252
739.500000,1092.497070
740.000000,1078.057007
740.500000,1063.602539
741.000000,1049.822388
741.500000,1037.839355
742.000000,1029.038696
742.500000,1024.304565
743.000000,1022.616577
743.500000,1022.443604
744.000000,1021.728638
744.500000,1018.689697
745.000000,1013.376038
745.500000,1006.170349
746.000000,998.515808
746.500000,991.654175
747.000000,986.100098
747.500000,981.514282
748.000000,977.467773
748.500000,973.659180
749.000000,970.339478
749.500000,967.804810
750.000000,966.507935
750.500000,966.106384
751.000000,965.895203
751.500000,964.891052
752.000000,962.395813
752.500000,958.123047
753.000000,952.426941
753.500000,945.652466
754.000000,938.553345
754.500000,931.807007
755.000000,925.951355
755.500000,921.609863
756.000000,918.606689
756.500000,916.533630
757.000000,914.680542
757.500000,912.438293
758.000000,909.605591
758.500000,906.632446
759.000000,904.394714
759.500000,903.490051
760.000000,904.308899
760.500000,906.143433
761.000000,908.306152
761.500000,910.161987
762.000000,911.368286
762.500000,911.753601
763.000000,911.298340
763.500000,909.639404
764.000000,906.776001
764.500000,902.763123
765.000000,898.492981
765.500000,894.996277
766.000000,893.031311
766.500000,892.964905
767.000000,894.537415
767.500000,896.976562
768.000000,899.588684
768.500000,901.793945
769.000000,903.057007
769.500000,903.255981
770.000000,901.923706
770.500000,899.254700
771.000000,895.729370
771.500000,892.394470
772.000000,890.393555
772.500000,890.555725
773.000000,892.455505
773.500000,894.968079
774.000000,896.725769
774.500000,896.785156
775.000000,895.500305
775.500000,893.507507
776.000000,891.627014
776.500000,890.228027
777.000000,889.153137
777.500000,887.996338
778.000000,886.639709
778.500000,885.393860
779.000000,884.708313
779.500000,884.528870
780.000000,884.466064
780.500000,883.893188
781.000000,882.388611
781.500000,880.163269
782.000000,878.017944
782.500000,876.891235
783.000000,876.942383
783.500000,878.052979
784.000000,879.453796
784.500000,880.613281
785.000000,881.306030
785.500000,881.412048
786.000000,880.859192
786.500000,879.423889
787.000000,876.907104
787.500000,873.844666
788.000000,871.208191
788.500000,869.893066
789.000000,870.668396
789.500000,872.662231
790.000000,874.457092
790.500000,874.495300
791.000000,871.907532
791.500000,867.354675
792.000000,863.001892
792.500000,861.113098
793.000000,862.278442
793.500000,866.517029
794.000000,871.566711
794.500000,875.155090
795.000000,875.825073
795.500000,872.896362
796.000000,867.363831
796.500000,861.299072
797.000000,856.939270
797.500000,855.435486
798.000000,857.613037
798.500000,862.097046
799.000000,867.574890
799.500000,872.234192
800.000000,874.589172
800.500000,874.262207
801.000000,871.437378
801.500000,866.890686
802.000000,861.685364
802.500000,856.602966
803.000000,852.286316
803.500000,849.636658
804.000000,848.754089
804.500000,849.919983
805.000000,852.412598
805.500000,855.295166
806.000000,857.497375
806.500000,858.455139
807.000000,858.175110
807.500000,857.274048
808.000000,856.243958
808.500000,855.444763
809.000000,855.078735
809.500000,855.145691
810.000000,855.737854
810.500000,856.784546
811.000000,857.965698
811.500000,858.682861
812.000000,858.543213
812.500000,857.479309
813.000000,856.208374
813.500000,855.663208
814.000000,856.219116
814.500000,857.757080
815.000000,859.334167
815.500000,859.989441
816.000000,859.454651
816.500000,858.575806
817.000000,858.556335
817.500000,859.803223
818.000000,861.931152
818.500000,863.467224
819.000000,862.780457
819.500000,859.635986
820.000000,854.681030
820.500000,849.676697
821.000000,846.442200
821.500000,846.042542
822.000000,847.804749
822.500000,850.967285
823.000000,854.308960
823.500000,857.117737
824.000000,859.229980
824.500000,860.574402
825.000000,861.292725
825.500000,861.465210
826.000000,861.180908
826.500000,860.586609
827.000000,859.740417
827.500000,858.691467
828.000000,857.423218
828.500000,856.151611
829.000000,855.335327
829.500000,855.408203
830.000000,856.688477
830.500000,858.874329
831.000000,861.079346
831.500000,862.109558
832.000000,861.430908
832.500000,859.068787
833.000000,856.241943
833.500000,854.102356
834.000000,853.126587
834.500000,853.112122
835.000000,853.059021
835.500000,851.923523
836.000000,849.209473
836.500000,845.471313
837.000000,841.806519
837.500000,839.238403
838.000000,838.426208
838.500000,838.746033
839.000000,839.526978
839.500000,839.989014
840.000000,839.675415
840.500000,838.532593
841.000000,836.775208
841.500000,834.561096
842.000000,832.082214
842.500000,829.362976
843.000000,826.536316
843.500000,823.724182
844.000000,821.082153
844.500000,818.830444
845.000000,817.159119
845.500000,816.216553
846.000000,816.042236
846.500000,816.321716
847.000000,816.615601
847.500000,816.499939
848.000000,815.788330
848.500000,815.055847
849.000000,815.178284
849.500000,816.676941
850.000000,819.479980
850.500000,822.703430
851.000000,825.054077
851.500000,825.293274
852.000000,823.468262
852.500000,819.832886
853.000000,815.791504
853.500000,812.410889
854.000000,810.090637
854.500000,808.702209
855.000000,807.759644
855.500000,806.791199
856.000000,805.502319
856.500000,803.863525
857.000000,801.944824
857.500000,800.029480
858.000000,798.466675
858.500000,797.438660
859.000000,797.041687
859.500000,797.047241
860.000000,797.175659
860.500000,797.374878
861.000000,797.859985
861.500000,799.060059
862.000000,801.032410
862.500000,803.722778
863.000000,806.574524
863.500000,809.189026
864.000000,811.523193
864.500000,813.828552
865.000000,816.331177
865.500000,818.777954
866.000000,820.377808
866.500000,820.571472
867.000000,818.895874
867.500000,816.214905
868.000000,813.407288
868.500000,811.217102
869.000000,809.777100
869.500000,808.509399
870.000000,806.678040
870.500000,803.879883
871.000000,800.418030
871.500000,796.855408
872.000000,793.613098
872.500000,790.748230
873.000000,787.953613
873.500000,785.021118
874.000000,782.017334
874.500000,779.261597
875.000000,777.137939
875.500000,775.846497
876.000000,775.520874
876.500000,775.895508
877.000000,776.853516
877.500000,777.993042
878.000000,779.000183
878.500000,779.686707
879.000000,779.993408
879.500000,780.032043
880.000000,779.897766
880.500000,779.488708
881.000000,778.598572
881.500000,776.900757
882.000000,774.628723
882.500000,772.300415
883.000000,770.663391
883.500000,770.381226
884.000000,771.181519
884.500000,772.296631
885.000000,772.890564
885.500000,772.619324
886.000000,771.622803
886.500000,770.575745
887.000000,770.104980
887.500000,770.293274
888.000000,771.034241
888.500000,771.950256
889.000000,772.802856
889.500000,773.503479
890.000000,773.996826
890.500000,774.116089
891.000000,773.758911
891.500000,772.831726
892.000000,771.686035
892.500000,770.817627
893.000000,770.653503
893.500000,771.536133
894.000000,773.354736
894.500000,775.733521
895.000000,778.119812
895.500000,779.922302
896.000000,780.459534
896.500000,779.651794
897.000000,777.441223
897.500000,774.603821
898.000000,771.849976
898.500000,769.745728
899.000000,768.484131
899.500000,767.804138
900.000000,767.223877
900.500000,766.406616
901.000000,765.361267
901.500000,764.282471
902.000000,763.344177
902.500000,762.458679
903.000000,761.243225
903.500000,759.200500
904.000000,756.160706
904.500000,752.314087
905.000000,748.130920
905.500000,744.302307
906.000000,741.700562
906.500000,740.660583
907.000000,741.763489
907.500000,744.425354
908.000000,747.915833
908.500000,750.991943
909.000000,752.513489
909.500000,751.946167
910.000000,749.849426
910.500000,747.344788
911.000000,745.573425
911.500000,745.270264
912.000000,745.860718
912.500000,746.518921
913.000000,746.398132
913.500000,745.122864
914.000000,743.088013
914.500000,741.160583
915.000000,740.260559
915.500000,740.720642
916.000000,742.729736
916.500000,745.549683
917.000000,748.540527
917.500000,751.025513
918.000000,752.493713
918.500000,752.822021
919.000000,752.065063
919.500000,750.389160
920.000000,748.135376
920.500000,745.523682
921.000000,742.904114
921.500000,740.772217
922.000000,739.573608
922.500000,740.028748
923.000000,742.216980
923.500000,745.793701
924.000000,749.657227
924.500000,752.341492
925.000000,752.606018
925.500000,750.648804
926.000000,746.930115
926.500000,742.940369
927.000000,739.685181
927.500000,737.377747
928.000000,735.819824
928.500000,734.678223
929.000000,734.090271
929.500000,734.781128
930.000000,737.293945
930.500000,742.041687
931.000000,747.899231
931.500000,753.439697
932.000000,757.443787
932.500000,759.390930
933.000000,759.968750
933.500000,760.004395
934.000000,759.955444
934.500000,759.706848
935.000000,758.848206
935.500000,757.476929
936.000000,756.309875
936.500000,756.303345
937.000000,758.322083
937.500000,761.773804
938.000000,765.270020
938.500000,767.141113
939.000000,766.517822
939.500000,763.628967
940.000000,760.172485
940.500000,757.775513
941.000000,756.938354
941.500000,757.650696
942.000000,758.964905
942.500000,760.312866
943.000000,761.596497
943.500000,763.091553
944.000000,765.024475
944.500000,767.212280
945.000000,769.180786
945.500000,770.574280
946.000000,771.211914
946.500000,771.492798
947.000000,771.678467
947.500000,771.760132
948.000000,771.397156
948.500000,770.405029
949.000000,769.173340
949.500000,768.658997
950.000000,769.657593
950.500000,772.791992
951.000000,776.959717
951.500000,780.574280
952.000000,782.136108
952.500000,780.659485
953.000000,776.758606
953.500000,771.995300
954.000000,768.145569
954.500000,766.225525
955.000000,766.655945
955.500000,768.364441
956.000000,770.463318
956.500000,772.216492
957.000000,773.468811
957.500000,774.476990
958.000000,775.444092
958.500000,776.328369
959.000000,776.902222
959.500000,776.923706
960.000000,776.548828
960.500000,776.135681
961.000000,776.085144
961.500000,776.528259
962.000000,776.983948
962.500000,776.618835
963.000000,774.807251
963.500000,771.608948
964.000000,767.804016
964.500000,764.652588
965.000000,763.256836
965.500000,763.132141
966.000000,763.191284
966.500000,762.038452
967.000000,758.747620
967.500000,753.871521
968.000000,748.875000
968.500000,745.473267
969.000000,744.505127
969.500000,746.079529
970.000000,748.699158
970.500000,750.785156
971.000000,751.264648
971.500000,749.435486
972.000000,745.868347
972.500000,741.407898
973.000000,737.112671
973.500000,733.826172
974.000000,732.120544
974.500000,731.674438
975.000000,732.163574
975.500000,732.833252
976.000000,733.206116
976.500000,733.114990
977.000000,732.453674
977.500000,731.148193
978.000000,729.000732
978.500000,725.871094
979.000000,722.184448
979.500000,718.934387
980.000000,717.255676
980.500000,718.575806
981.000000,722.406738
981.500000,727.794739
982.000000,732.792603
982.500000,735.694214
983.000000,735.820374
983.500000,733.863403
984.000000,731.109314
984.500000,728.985657
985.000000,728.661499
985.500000,730.037720
986.000000,733.014587
986.500000,736.616272
987.000000,739.712402
987.500000,741.193359
988.000000,740.352173
988.500000,737.001465
989.000000,732.086609
989.500000,726.571899
990.000000,721.484070
990.500000,717.466003
991.000000,714.451111
991.500000,712.578918
992.000000,711.964600
992.500000,712.922668
993.000000,715.510559
993.500000,719.066040
994.000000,722.586731
994.500000,725.227783
995.000000,726.559204
995.500000,727.322815
996.000000,728.418518
996.500000,730.532349
997.000000,733.974060
997.500000,738.540833
998.000000,743.837769
998.500000,749.591003
999.000000,755.468994
999.500000,761.072266
1000.000000,766.011658
1000.500000,769.677856
1001.000000,772.023682
1001.500000,772.956543
1002.000000,772.738464
1002.500000,771.598938
1003.000000,769.726685
1003.500000,767.457886
1004.000000,765.085876
1004.500000,762.796265
1005.000000,760.290283
1005.500000,756.933167
1006.000000,751.790283
1006.500000,744.807007
1007.000000,736.669373
1007.500000,728.864014
1008.000000,722.879456
1008.500000,719.773560
1009.000000,718.914001
1009.500000,719.491089
1010.000000,719.977417
1010.500000,719.354431
1011.000000,717.496521
1011.500000,714.658508
1012.000000,711.517090
1012.500000,708.774780
1013.000000,707.020813
1013.500000,706.390381
1014.000000,706.917358
1014.500000,707.941528
1015.000000,708.783203
1015.500000,708.912659
1016.000000,708.021667
1016.500000,706.369263
1017.000000,704.375793
1017.500000,702.394287
1018.000000,700.577515
1018.500000,698.995483
1019.000000,697.703552
1019.500000,697.039612
1020.000000,697.107300
1020.500000,698.037415
1021.000000,699.436646
1021.500000,700.790222
1022.000000,701.684937
1022.500000,702.121277
1023.000000,702.519165
1023.500000,703.447998
1024.000000,705.382080
1024.500000,707.942200
1025.000000,710.417969
1025.500000,712.028198
1026.000000,712.277954
1026.500000,711.549866
1027.000000,710.712524
1027.500000,710.665894
1028.000000,711.697815
1028.500000,713.554932
1029.000000,715.321533
1029.500000,715.958313
1030.000000,715.188721
1030.500000,712.786621
1031.000000,709.197388
1031.500000,704.908203
1032.000000,700.592346
1032.500000,696.951172
1033.000000,694.567444
1033.500000,693.208191
1034.000000,692.185242
1034.500000,690.402100
1035.000000,687.042297
1035.500000,682.752258
1036.000000,679.128113
1036.500000,677.901184
1037.000000,679.736023
1037.500000,683.656006
1038.000000,687.147217
1038.500000,687.612732
1039.000000,684.923950
1039.500000,680.210083
1040.000000,676.415833
1040.500000,676.045593
1041.000000,679.222961
1041.500000,684.320129
1042.000000,688.738403
1042.500000,690.642639
1043.000000,689.505920
1043.500000,686.997314
1044.000000,685.086487
1044.500000,684.972839
1045.000000,687.102417
1045.500000,690.385132
1046.000000,693.491638
1046.500000,695.288391
1047.000000,695.348938
1047.500000,693.890930
1048.000000,691.913391
1048.500000,690.356628
1049.000000,689.599365
1049.500000,689.555786
1050.000000,689.533630
1050.500000,689.039062
1051.000000,688.211731
1051.500000,687.717407
1052.000000,688.191711
1052.500000,689.446167
1053.000000,690.445679
1053.500000,689.980652
1054.000000,687.007690
1054.500000,682.613892
1055.000000,678.533020
1055.500000,676.485229
1056.000000,677.233398
1056.500000,679.879700
1057.000000,682.590515
1057.500000,683.809265
1058.000000,683.409973
1058.500000,682.043152
1059.000000,681.043823
1059.500000,681.257996
1060.000000,682.388000
1060.500000,683.664001
1061.000000,684.207764
1061.500000,683.537048
1062.000000,681.581238
1062.500000,678.772461
1063.000000,675.485840
1063.500000,672.216370
1064.000000,669.284668
1064.500000,666.649719
1065.000000,664.052551
1065.500000,661.129700
1066.000000,657.718018
1066.500000,654.103394
1067.000000,650.940430
1067.500000,649.014771
1068.000000,648.435303
1068.500000,649.189819
1069.000000,650.379395
1069.500000,651.239258
1070.000000,651.273804
1070.500000,650.264771
1071.000000,648.492249
1071.500000,646.576172
1072.000000,645.348389
1072.500000,645.426880
1073.000000,647.357727
1073.500000,650.399353
1074.000000,653.367371
1074.500000,654.775574
1075.000000,653.221191
1075.500000,648.797974
1076.000000,642.693237
1076.500000,636.964600
1077.000000,633.541504
1077.500000,633.849976
1078.000000,636.945496
1078.500000,641.501648
1079.000000,645.321899
1079.500000,646.916260
1080.000000,646.593811
1080.500000,645.670288
1081.000000,645.810486
1081.500000,647.745850
1082.000000,650.896545
1082.500000,653.623047
1083.000000,654.335083
1083.500000,653.224243
1084.000000,651.097778
1084.500000,649.332092
1085.000000,648.518677
1085.500000,648.132874
1086.000000,647.273865
1086.500000,645.580750
1087.000000,643.748230
1087.500000,643.038208
1088.000000,643.921021
1088.500000,646.222046
1089.000000,648.514343
1089.500000,649.546204
1090.000000,649.124207
1090.500000,647.883667
1091.000000,646.837769
1091.500000,646.572815
1092.000000,647.072937
1092.500000,647.786804
1093.000000,648.356934
1093.500000,648.827820
1094.000000,649.462646
1094.500000,650.370178
1095.000000,651.349121
1095.500000,651.936584
1096.000000,651.688232
1096.500000,650.348938
1097.000000,648.182007
1097.500000,645.541260
1098.000000,643.034424
1098.500000,641.232849
1099.000000,640.244690
1099.500000,640.006042
1100.000000,640.034851
1100.500000,639.812561
1101.000000,638.994507
1101.500000,637.585632
1102.000000,635.711792
1102.500000,633.677856
1103.000000,631.739136
1103.500000,630.163757
1104.000000,629.450134
1104.500000,629.869690
1105.000000,631.551514
1105.500000,634.025452
1106.000000,636.401062
1106.500000,637.762939
1107.000000,637.874023
1107.500000,636.835693
1108.000000,635.494263
1108.500000,634.403381
1109.000000,633.606934
1109.500000,632.750549
1110.000000,631.473267
1110.500000,629.859924
1111.000000,628.590271
1111.500000,628.533264
1112.000000,630.532593
1112.500000,634.051392
1113.000000,638.110413
1113.500000,641.185364
1114.000000,641.985107
1114.500000,640.673645
1115.000000,638.285706
1115.500000,636.375122
1116.000000,635.937256
1116.500000,636.962219
1117.000000,638.167053
1117.500000,638.003296
1118.000000,636.123596
1118.500000,632.872803
1119.000000,629.698364
1119.500000,627.882935
1120.000000,627.801453
1120.500000,629.003113
1121.000000,630.750916
1121.500000,632.408569
1122.000000,633.697083
1122.500000,634.615601
1123.000000,634.979248
1123.500000,634.818481
1124.000000,634.308289
1124.500000,634.016418
1125.000000,634.537964
1125.500000,635.992554
1126.000000,637.755981
1126.500000,638.896729
1127.000000,639.043152
1127.500000,638.481323
1128.000000,638.381775
1128.500000,639.826660
1129.000000,642.639526
1129.500000,645.735046
1130.000000,647.599792
1130.500000,647.384644
1131.000000,645.251709
1131.500000,642.575806
1132.000000,640.711426
1132.500000,640.078186
1133.000000,640.536011
1133.500000,641.198547
1134.000000,641.504333
1134.500000,641.467957
1135.000000,641.509216
1135.500000,642.049988
1136.000000,643.114319
1136.500000,644.455505
1137.000000,645.684021
1137.500000,646.611633
1138.000000,647.439148
1138.500000,648.478638
1139.000000,649.862427
1139.500000,651.395996
1140.000000,652.558411
1140.500000,652.822876
1141.000000,651.882507
1141.500000,650.236755
1142.000000,648.766113
1142.500000,648.361755
1143.000000,649.742798
1143.500000,652.342651
1144.000000,655.088318
1144.500000,656.733154
1145.000000,656.669128
1145.500000,655.283203
1146.000000,653.937988
1146.500000,654.118530
1147.000000,656.082153
1147.500000,659.471069
1148.000000,662.818665
1148.500000,665.004272
1149.000000,666.047974
1149.500000,666.929626
1150.000000,669.001221
1150.500000,672.923767
1151.000000,678.523865
1151.500000,684.461609
1152.000000,689.344116
1152.500000,692.744629
1153.000000,694.539612
1153.500000,695.335876
1154.000000,695.293945
1154.500000,694.260742
1155.000000,691.999939
1155.500000,688.576355
1156.000000,684.860779
1156.500000,682.143372
1157.000000,681.216675
1157.500000,682.846741
1158.000000,686.308655
1158.500000,690.816833
1159.000000,695.179810
1159.500000,698.295044
1160.000000,699.352722
1160.500000,698.368835
1161.000000,695.780640
1161.500000,693.042053
1162.000000,691.745056
1162.500000,692.367371
1163.000000,694.806824
1163.500000,697.752991
1164.000000,700.061218
1164.500000,701.472900
1165.000000,702.759094
1165.500000,705.033630
1166.000000,708.577209
1166.500000,712.876831
1167.000000,716.640015
1167.500000,718.903381
1168.000000,720.126648
1168.500000,721.463135
1169.000000,724.066833
1169.500000,728.264648
1170.000000,733.470886
1170.500000,738.606018
1171.000000,742.893555
1171.500000,746.327026
1172.000000,748.769531
1172.500000,750.161133
1173.000000,749.737854
1173.500000,747.258667
1174.000000,743.019592
1174.500000,738.158447
1175.000000,733.968689
1175.500000,731.086365
1176.000000,728.799072
1176.500000,725.811768
1177.000000,721.483398
1177.500000,716.098694
1178.000000,711.253235
1178.500000,708.653564
1179.000000,708.687439
1179.500000,710.128235
1180.000000,710.833923
1180.500000,709.197021
1181.000000,704.477661
1181.500000,698.289185
1182.000000,692.324585
1182.500000,687.697449
1183.000000,684.559021
1183.500000,682.004456
1184.000000,679.201599
1184.500000,675.962585
1185.000000,672.769287
1185.500000,670.276184
1186.000000,668.565491
1186.500000,667.421509
1187.000000,666.234558
1187.500000,664.656433
1188.000000,662.748657
1188.500000,660.686584
1189.000000,658.533508
1189.500000,656.117310
1190.000000,653.147461
1190.500000,649.683777
1191.000000,646.200439
1191.500000,643.556030
1192.000000,642.924500
1192.500000,644.328979
1193.000000,647.153564
1193.500000,649.700806
1194.000000,650.239746
1194.500000,648.011353
1195.000000,644.249817
1195.500000,641.298218
1196.000000,641.099243
1196.500000,644.910278
1197.000000,650.730042
1197.500000,656.110168
1198.000000,659.170532
1198.500000,659.668091
1199.000000,659.106750
1199.500000,659.367249
1200.000000,661.382812
1200.500000,664.309814
1201.000000,666.675293
1201.500000,667.583923
1202.000000,666.822693
1202.500000,665.394897
1203.000000,664.231689
1203.500000,663.821594
1204.000000,664.173889
1204.500000,665.149475
1205.000000,666.507385
1205.500000,668.048035
1206.000000,669.369507
1206.500000,669.870361
1207.000000,669.378906
1207.500000,667.876221
1208.000000,665.839966
1208.500000,663.711670
1209.000000,661.715515
1209.500000,659.872253
1210.000000,658.286072
1210.500000,657.185059
1211.000000,657.165466
1211.500000,658.213867
1212.000000,660.137512
1212.500000,662.043091
1213.000000,662.915527
1213.500000,662.160828
1214.000000,659.928162
1214.500000,656.920166
1215.000000,654.230652
1215.500000,652.827942
1216.000000,652.672791
1216.500000,653.526123
1217.000000,654.625977
1217.500000,655.569824
1218.000000,656.381470
1218.500000,657.277710
1219.000000,658.275879
1219.500000,659.032227
1220.000000,659.006348
1220.500000,658.216248
1221.000000,657.056763
1221.500000,656.296448
1222.000000,656.374695
1222.500000,656.839478
1223.000000,656.757690
1223.500000,655.430298
1224.000000,653.115417
1224.500000,650.937500
1225.000000,650.184998
1225.500000,652.007568
1226.000000,655.564148
1226.500000,659.565796
1227.000000,662.228821
1227.500000,662.011353
1228.000000,658.665527
1228.500000,653.079285
1229.000000,646.995911
1229.500000,642.466675
1230.000000,641.410583
1230.500000,643.450867
1231.000000,647.735779
1231.500000,651.887207
1232.000000,653.939270
1232.500000,653.423157
1233.000000,651.023560
1233.500000,648.149353
1234.000000,645.956299
1234.500000,644.848267
1235.000000,644.304688
1235.500000,643.786743
1236.000000,642.971863
1236.500000,641.762878
1237.000000,640.238647
1237.500000,638.412903
1238.000000,636.465881
1238.500000,634.854187
1239.000000,634.217346
1239.500000,634.731750
1240.000000,636.251709
1240.500000,637.869568
1241.000000,638.808838
1241.500000,639.019958
1242.000000,638.913635
1242.500000,639.047668
1243.000000,639.484436
1243.500000,639.695129
1244.000000,639.121948
1244.500000,637.695068
1245.000000,636.334778
1245.500000,636.456543
1246.000000,638.461060
1246.500000,642.160034
1247.000000,646.124756
1247.500000,648.917786
1248.000000,649.867065
1248.500000,649.388245
1249.000000,648.412537
1249.500000,647.946228
1250.000000,648.639587
1250.500000,650.159851
1251.000000,652.031799
1251.500000,653.608704
1252.000000,654.539062
1252.500000,655.081177
1253.000000,655.992371
1253.500000,658.154907
1254.000000,661.693604
1254.500000,665.823181
1255.000000,668.873169
1255.500000,668.941956
1256.000000,666.372131
1256.500000,662.625122
1257.000000,660.363586
1257.500000,661.729309
1258.000000,666.956726
1258.500000,674.127075
1259.000000,680.782593
1259.500000,685.365784
1260.000000,687.287781
1260.500000,688.114380
1261.000000,689.165405
1261.500000,691.166138
1262.000000,694.056091
1262.500000,697.142273
1263.000000,699.659668
1263.500000,700.992188
1264.000000,701.052368
1264.500000,699.796692
1265.000000,697.974060
1265.500000,696.368530
1266.000000,695.525513
1266.500000,695.451599
1267.000000,695.341736
1267.500000,694.215820
1268.000000,691.682251
1268.500000,688.539795
1269.000000,686.224548
1269.500000,685.586243
1270.000000,686.830078
1270.500000,688.422119
1271.000000,688.702576
1271.500000,686.977478
1272.000000,683.645874
1272.500000,680.217102
1273.000000,678.268127
1273.500000,678.769043
1274.000000,681.124878
1274.500000,684.398560
1275.000000,687.193726
1275.500000,688.413086
1276.000000,687.953308
1276.500000,685.883911
1277.000000,682.851074
1277.500000,679.684082
1278.000000,677.360962
1278.500000,676.656799
1279.000000,678.335693
1279.500000,681.748413
1280.000000,685.903809
1280.500000,689.081055
1281.000000,689.684326
1281.500000,687.685486
1282.000000,684.033264
1282.500000,680.442749
1283.000000,678.365051
1283.500000,678.547363
1284.000000,680.321838
1284.500000,683.175293
1285.000000,686.486755
1285.500000,690.521790
1286.000000,695.606689
1286.500000,702.037842
1287.000000,709.503540
1287.500000,717.399414
1288.000000,725.219910
1288.500000,732.738281
1289.000000,739.745422
1289.500000,745.999817
1290.000000,750.545471
1290.500000,752.943909
1291.000000,752.658264
1291.500000,750.289551
1292.000000,746.654907
1292.500000,742.382629
1293.000000,737.556763
1293.500000,731.696289
1294.000000,724.836060
1294.500000,717.493774
1295.000000,710.891846
1295.500000,706.248108
1296.000000,703.492493
1296.500000,701.858948
1297.000000,700.213257
1297.500000,698.036865
1298.000000,695.693909
1298.500000,693.894714
1299.000000,692.939453
1299.500000,691.993835
1300.000000,689.799377
1300.500000,686.093933
1301.000000,681.727600
1301.500000,678.560547
1302.000000,678.109924
1302.500000,680.460388
1303.000000,683.741333
1303.500000,685.658386
1304.000000,685.284973
1304.500000,682.695984
1305.000000,679.804932
1305.500000,678.291138
1306.000000,678.663391
1306.500000,680.464905
1307.000000,682.619263
1307.500000,684.312744
1308.000000,685.429932
1308.500000,686.532349
1309.000000,688.309387
1309.500000,690.813721
1310.000000,693.724731
1310.500000,696.325134
1311.000000,698.047607
1311.500000,698.895508
1312.000000,699.294373
1312.500000,699.718262
1313.000000,700.325562
1313.500000,700.873291
1314.000000,701.046448
1314.500000,700.638855
1315.000000,699.919922
1315.500000,699.154785
1316.000000,698.430908
1316.500000,697.507751
1317.000000,695.976990
1317.500000,693.605957
1318.000000,690.336609
1318.500000,686.656738
1319.000000,683.242676
1319.500000,680.748901
1320.000000,679.912231
1320.500000,680.551392
1321.000000,681.969910
1321.500000,682.892273
1322.000000,682.211426
1322.500000,679.600464
1323.000000,675.984009
1323.500000,672.381348
1324.000000,669.358643
1324.500000,666.783936
1325.000000,664.075378
1325.500000,661.077087
1326.000000,658.344238
1326.500000,656.739746
1327.000000,656.768433
1327.500000,658.044861
1328.000000,660.000000
1328.500000,661.991028
1329.000000,663.696655
1329.500000,664.865784
1330.000000,664.706116
1330.500000,662.619141
1331.000000,658.482971
1331.500000,653.497070
1332.000000,649.607117
1332.500000,648.661743
1333.000000,650.665833
1333.500000,655.004517
1334.000000,659.474609
1334.500000,662.049377
1335.000000,661.822876
1335.500000,658.410217
1336.000000,652.929688
1336.500000,647.370544
1337.000000,644.028381
1337.500000,644.022644
1338.000000,647.474976
1338.500000,651.979370
1339.000000,655.002625
1339.500000,655.649719
1340.000000,654.532959
1340.500000,653.528259
1341.000000,653.802673
1341.500000,654.914062
1342.000000,655.262268
1342.500000,653.285767
1343.000000,649.189148
1343.500000,643.747131
1344.000000,638.459290
1344.500000,634.124634
1345.000000,630.763367
1345.500000,628.491211
1346.000000,627.553284
1346.500000,628.106140
1347.000000,629.746155
1347.500000,631.117310
1348.000000,630.682007
1348.500000,628.382812
1349.000000,624.885071
1349.500000,621.796814
1350.000000,620.213379
1350.500000,619.926086
1351.000000,619.970703
1351.500000,619.434448
1352.000000,618.221741
1352.500000,616.897400
1353.000000,616.102356
1353.500000,616.032104
1354.000000,616.006714
1354.500000,615.159363
1355.000000,613.109924
1355.500000,609.973938
1356.000000,606.280884
1356.500000,602.646484
1357.000000,599.653503
1357.500000,597.650208
1358.000000,597.125610
1358.500000,597.656921
1359.000000,598.644958
1359.500000,599.113953
1360.000000,598.385437
1360.500000,596.686890
1361.000000,594.861633
1361.500000,593.767456
1362.000000,593.566284
1362.500000,593.898865
1363.000000,594.176392
1363.500000,594.310486
1364.000000,594.560181
1364.500000,594.981628
1365.000000,595.136475
1365.500000,594.470032
1366.000000,593.109741
1366.500000,592.167480
1367.000000,593.194763
1367.500000,596.390686
1368.000000,600.867310
1368.500000,604.304016
1369.000000,604.625671
1369.500000,602.125061
1370.000000,598.384338
1370.500000,595.251099
1371.000000,593.328369
1371.500000,591.827148
1372.000000,589.463928
1372.500000,585.518250
1373.000000,580.924927
1373.500000,577.147766
1374.000000,575.014709
1374.500000,574.555786
1375.000000,574.677551
1375.500000,574.408203
1376.000000,573.646851
1376.500000,573.257324
1377.000000,574.257385
1377.500000,576.338196
1378.000000,577.977234
1378.500000,577.317627
1379.000000,572.852478
1379.500000,565.878235
1380.000000,559.148499
1380.500000,555.644653
1381.000000,556.496704
1381.500000,560.704346
1382.000000,565.157837
1382.500000,567.091370
1383.000000,566.321960
1383.500000,563.861084
1384.000000,561.525330
1384.500000,560.011047
1385.000000,558.911682
1385.500000,557.698669
1386.000000,556.511963
1386.500000,556.003235
1387.000000,556.669434
1387.500000,557.795776
1388.000000,558.103699
1388.500000,557.054199
1389.000000,555.172119
1389.500000,554.119446
1390.000000,555.098511
1390.500000,557.582397
1391.000000,559.633362
1391.500000,559.257385
1392.000000,556.485229
1392.500000,552.654724
1393.000000,550.134399
1393.500000,550.577637
1394.000000,553.143066
1394.500000,556.042419
1395.000000,557.563110
1395.500000,557.403992
1396.000000,556.680359
1396.500000,556.863159
1397.000000,558.570740
1397.500000,560.811829
1398.000000,562.236145
1398.500000,562.268494
1399.000000,561.091797
1399.500000,559.714417
1400.000000,558.932556
1400.500000,558.916260
1401.000000,559.310486
1401.500000,559.855225
1402.000000,560.539551
1402.500000,561.568176
1403.000000,562.804565
1403.500000,563.856140
1404.000000,564.332214
1404.500000,564.072754
1405.000000,563.367004
1405.500000,562.721985
1406.000000,562.595520
1406.500000,563.085022
1407.000000,564.077026
1407.500000,564.959595
1408.000000,564.740662
1408.500000,562.913635
1409.000000,559.332520
1409.500000,555.013672
1410.000000,551.552795
1410.500000,550.436646
1411.000000,551.935608
1411.500000,555.690125
1412.000000,560.125366
1412.500000,563.961670
1413.000000,566.538696
1413.500000,567.205933
1414.000000,565.834229
1414.500000,562.331421
1415.000000,557.183411
1415.500000,551.590820
1416.000000,547.088989
1416.500000,544.621277
1417.000000,544.922241
1417.500000,546.877747
1418.000000,549.485107
1418.500000,551.580750
1419.000000,552.495361
1419.500000,552.337769
1420.000000,551.751648
1420.500000,551.433777
1421.000000,551.612000
1421.500000,551.903503
1422.000000,551.502136
1422.500000,549.479919
1423.000000,546.086121
1423.500000,541.995544
1424.000000,538.335754
1424.500000,535.954102
1425.000000,535.159363
1425.500000,535.709717
1426.000000,537.380798
1426.500000,539.529236
1427.000000,541.249512
1427.500000,541.659912
1428.000000,539.956848
1428.500000,536.817627
1429.000000,533.590576
1429.500000,531.700745
1430.000000,531.659912
1430.500000,533.083191
1431.000000,535.008118
1431.500000,537.254150
1432.000000,540.095764
1432.500000,543.858521
1433.000000,547.869446
1433.500000,550.966187
1434.000000,552.440918
1434.500000,552.472168
1435.000000,551.857483
1435.500000,551.135376
1436.000000,549.757263
1436.500000,546.992310
1437.000000,542.523193
1437.500000,537.895569
1438.000000,535.256897
1438.500000,535.642090
1439.000000,538.655884
1439.500000,542.254272
1440.000000,544.214844
1440.500000,543.289856
1441.000000,540.429138
1441.500000,537.327393
1442.000000,535.612488
1442.500000,536.018860
1443.000000,537.531799
1443.500000,538.747009
1444.000000,538.557617
1444.500000,536.835571
1445.000000,534.427124
1445.500000,532.618958
1446.000000,532.364319
1446.500000,533.239441
1447.000000,534.244324
1447.500000,534.353271
1448.000000,533.041199
1448.500000,530.776062
1449.000000,528.365540
1449.500000,526.636902
1450.000000,526.064697
1450.500000,526.897339
1451.000000,528.628784
1451.500000,530.534485
1452.000000,531.584351
1452.500000,530.811768
1453.000000,528.386353
1453.500000,525.086731
1454.000000,522.312805
1454.500000,521.279419
1455.000000,522.564087
1455.500000,525.395264
1456.000000,528.640625
1456.500000,530.959839
1457.000000,531.395203
1457.500000,530.430359
1458.000000,528.817810
1458.500000,527.527161
1459.000000,527.052124
1459.500000,527.200562
1460.000000,527.291992
1460.500000,526.711792
1461.000000,525.534302
1461.500000,524.331360
1462.000000,523.835144
1462.500000,524.437195
1463.000000,525.611023
1463.500000,526.424866
1464.000000,526.039490
1464.500000,524.307007
1465.000000,521.781372
1465.500000,519.602234
1466.000000,518.898254
1466.500000,519.589233
1467.000000,521.074707
1467.500000,522.270142
1468.000000,522.486633
1468.500000,521.814819
1469.000000,520.771545
1469.500000,519.823547
1470.000000,519.058655
1470.500000,518.284668
1471.000000,517.372864
1471.500000,516.515625
1472.000000,516.016968
1472.500000,516.053528
1473.000000,516.355225
1473.500000,516.475098
1474.000000,516.052979
1474.500000,515.045105
1475.000000,513.610779
1475.500000,512.170715
1476.000000,511.348999
1476.500000,511.519135
1477.000000,513.158752
1477.500000,515.850891
1478.000000,518.736023
1478.500000,520.642883
1479.000000,520.797424
1479.500000,519.194275
1480.000000,516.866821
1480.500000,514.838684
1481.000000,513.375854
1481.500000,512.063843
1482.000000,510.389008
1482.500000,508.583771
1483.000000,507.744019
1483.500000,509.125824
1484.000000,512.949646
1484.500000,517.669617
1485.000000,520.749573
1485.500000,520.912964
1486.000000,518.021423
1486.500000,514.562805
1487.000000,512.870850
1487.500000,513.754883
1488.000000,516.673401
1488.500000,520.085999
1489.000000,522.841736
1489.500000,524.709778
1490.000000,526.229004
1490.500000,527.588745
1491.000000,528.672424
1491.500000,529.285400
1492.000000,529.753296
1492.500000,530.594116
1493.000000,531.924255
1493.500000,533.156860
1494.000000,533.309143
1494.500000,532.161438
1495.000000,530.203064
1495.500000,528.535522
1496.000000,527.965637
1496.500000,528.213440
1497.000000,528.811646
1497.500000,529.390930
1498.000000,530.078369
1498.500000,531.104309
1499.000000,532.233154
1499.500000,532.785522
1500.000000,532.335571
1500.500000,530.799500
1501.000000,529.059692
1501.500000,527.997192
1502.000000,527.899719
1502.500000,528.607239
1503.000000,529.569214
1503.500000,530.520386
1504.000000,531.573364
1504.500000,532.920410
1505.000000,534.594421
1505.500000,536.242188
1506.000000,537.386780
1506.500000,537.965820
1507.000000,538.360901
1507.500000,539.363525
1508.000000,541.686096
1508.500000,545.491882
1509.000000,550.135315
1509.500000,554.611938
1510.000000,558.052795
1510.500000,559.722229
1511.000000,560.174072
1511.500000,560.059326
1512.000000,560.170898
1512.500000,560.936462
1513.000000,562.312683
1513.500000,563.955566
1514.000000,565.483643
1514.500000,566.670959
1515.000000,567.326477
1515.500000,567.444153
1516.000000,566.631897
1516.500000,564.726562
1517.000000,561.617310
1517.500000,558.006592
1518.000000,555.168335
1518.500000,554.445374
1519.000000,556.162476
1519.500000,559.659790
1520.000000,562.954956
1520.500000,564.224365
1521.000000,563.344421
1521.500000,560.827515
1522.000000,558.202026
1522.500000,556.797852
1523.000000,557.309875
1523.500000,559.615112
1524.000000,563.182800
1524.500000,566.963440
1525.000000,569.751282
1525.500000,570.927490
1526.000000,570.137329
1526.500000,568.498108
1527.000000,567.524048
1527.500000,568.307373
1528.000000,570.546265
1528.500000,572.943481
1529.000000,574.190369
1529.500000,573.861816
1530.000000,573.283142
1530.500000,574.440186
1531.000000,578.121521
1531.500000,583.869446
1532.000000,589.504944
1532.500000,593.096191
1533.000000,594.076355
1533.500000,593.636719
1534.000000,593.550659
1534.500000,594.936646
1535.000000,597.995605
1535.500000,601.323120
1536.000000,604.005188
1536.500000,606.288574
1537.000000,609.286316
1537.500000,613.991943
1538.000000,620.400818
1538.500000,627.594116
1539.000000,634.368103
1539.500000,640.510132
1540.000000,647.056580
1540.500000,655.499878
1541.000000,665.992554
1541.500000,677.851257
1542.000000,689.394287
1542.500000,699.084534
1543.000000,706.069458
1543.500000,710.763184
1544.000000,713.232727
1544.500000,714.039978
1545.000000,712.887939
1545.500000,710.234314
1546.000000,706.147034
1546.500000,701.195190
1547.000000,695.892578
1547.500000,690.624756
1548.000000,685.385315
1548.500000,679.651367
1549.000000,672.770813
1549.500000,663.949951
1550.000000,653.809204
1550.500000,643.437805
1551.000000,634.055237
1551.500000,626.013550
1552.000000,618.505981
1552.500000,610.608521
1553.000000,602.351074
1553.500000,594.991455
1554.000000,590.514893
1554.500000,588.719482
1555.000000,588.116150
1555.500000,586.129211
1556.000000,580.972961
1556.500000,573.374512
1557.000000,565.398865
1557.500000,559.322937
1558.000000,556.025757
1558.500000,555.109680
1559.000000,555.135559
1559.500000,555.164551
1560.000000,554.596130
1560.500000,552.871338
1561.000000,549.906189
1561.500000,545.885437
1562.000000,541.794922
1562.500000,538.649109
1563.000000,536.855042
1563.500000,535.667847
1564.000000,533.999573
1564.500000,531.472839
1565.000000,528.774841
1565.500000,527.195496
1566.000000,527.374756
1566.500000,528.385010
1567.000000,528.682129
1567.500000,527.292419
1568.000000,524.748474
1568.500000,522.478516
1569.000000,521.539856
1569.500000,522.151855
1570.000000,523.309509
1570.500000,524.477112
1571.000000,525.667480
1571.500000,527.150085
1572.000000,528.702087
1572.500000,529.434937
1573.000000,528.430359
1573.500000,525.923523
1574.000000,522.758789
1574.500000,520.295593
1575.000000,519.653015
1575.500000,520.804871
1576.000000,523.495728
1576.500000,527.000671
1577.000000,530.543945
1577.500000,533.193726
1578.000000,534.292603
1578.500000,533.486450
1579.000000,531.808411
1579.500000,530.646667
1580.000000,530.676392
1580.500000,531.587891
1581.000000,532.046082
1581.500000,530.879578
1582.000000,528.132385
1582.500000,525.239563
1583.000000,523.939819
1583.500000,524.447266
1584.000000,525.965942
1584.500000,526.865173
1585.000000,526.302490
1585.500000,525.117493
1586.000000,524.814453
1586.500000,525.930054
1587.000000,527.452087
1587.500000,527.689941
1588.000000,526.010376
1588.500000,523.124084
1589.000000,521.013733
1589.500000,521.357849
1590.000000,523.224243
1590.500000,525.118469
1591.000000,525.929565
1591.500000,525.788696
1592.000000,525.643860
1592.500000,526.056152
1593.000000,526.495850
1593.500000,526.049927
1594.000000,524.246033
1594.500000,522.043396
1595.000000,520.506470
1595.500000,519.921936
1596.000000,519.674988
1596.500000,518.822632
1597.000000,517.202454
1597.500000,515.445740
1598.000000,514.345398
1598.500000,514.336731
1599.000000,514.937195
1599.500000,515.877380
1600.000000,517.203186
1600.500000,519.348816
1601.000000,522.231262
1601.500000,525.041199
1602.000000,526.595703
1602.500000,526.361328
1603.000000,524.704468
1603.500000,523.016052
1604.000000,522.186829
1604.500000,521.911133
1605.000000,521.309753
1605.500000,519.661316
1606.000000,516.814270
1606.500000,513.292725
1607.000000,509.510223
1607.500000,505.550903
1608.000000,501.611450
1608.500000,498.460785
1609.000000,496.889557
1609.500000,497.656067
1610.000000,499.847351
1610.500000,502.246246
1611.000000,503.699219
1611.500000,503.691071
1612.000000,502.175140
1612.500000,499.539246
1613.000000,496.099335
1613.500000,492.624847
1614.000000,490.120789
1614.500000,488.987122
1615.000000,489.057495
1615.500000,489.125336
1616.000000,488.063599
1616.500000,485.742676
1617.000000,482.990723
1617.500000,480.750763
1618.000000,479.325470
1618.500000,478.655243
1619.000000,478.252563
1619.500000,478.038971
1620.000000,478.041809
1620.500000,478.236023
1621.000000,478.449646
1621.500000,478.516541
1622.000000,478.321442
1622.500000,477.821228
1623.000000,476.825378
1623.500000,475.406036
1624.000000,473.687225
1624.500000,471.899200
1625.000000,469.912048
1625.500000,467.458496
1626.000000,464.664825
1626.500000,462.408966
1627.000000,461.732178
1627.500000,463.190704
1628.000000,465.426147
1628.500000,466.314392
1629.000000,465.094177
1629.500000,462.155823
1630.000000,459.197296
1630.500000,457.451996
1631.000000,457.028564
1631.500000,457.328674
1632.000000,458.190399
1632.500000,459.719055
1633.000000,461.802856
1633.500000,463.367828
1634.000000,462.878418
1634.500000,460.409241
1635.000000,457.352356
1635.500000,455.392761
1636.000000,455.014160
1636.500000,455.168579
1637.000000,454.252197
1637.500000,451.563263
1638.000000,448.481110
1638.500000,446.754395
1639.000000,446.946106
1639.500000,448.823029
1640.000000,451.126648
1640.500000,452.798004
1641.000000,453.385376
1641.500000,452.857758
1642.000000,451.060944
1642.500000,448.217346
1643.000000,444.368866
1643.500000,440.178040
1644.000000,436.257202
1644.500000,433.059875
1645.000000,431.011780
1645.500000,430.244659
1646.000000,430.643768
1646.500000,431.828278
1647.000000,433.106842
1647.500000,433.949036
1648.000000,434.221161
1648.500000,433.868042
1649.000000,433.150635
1649.500000,432.259094
1650.000000,431.384125
1650.500000,430.591858
1651.000000,429.735443
1651.500000,428.488861
1652.000000,426.484741
1652.500000,424.041870
1653.000000,421.975677
1653.500000,420.918701
1654.000000,420.970917
1654.500000,421.025726
1655.000000,419.485992
1655.500000,415.863556
1656.000000,411.278229
1656.500000,407.726501
1657.000000,406.541382
1657.500000,408.159821
1658.000000,410.539459
1658.500000,411.429504
1659.000000,409.995087
1659.500000,406.549744
1660.000000,402.768066
1660.500000,400.406311
1661.000000,400.376221
1661.500000,401.702911
1662.000000,402.855316
1662.500000,402.595551
1663.000000,400.532806
1663.500000,398.282227
1664.000000,397.933746
1664.500000,400.081909
1665.000000,403.680634
1665.500000,406.410400
1666.000000,406.381104
1666.500000,402.902435
1667.000000,397.940308
1667.500000,393.372498
1668.000000,390.137482
1668.500000,388.411743
1669.000000,387.462585
1669.500000,386.863770
1670.000000,386.501190
1670.500000,386.495819
1671.000000,387.054504
1671.500000,388.286041
1672.000000,390.413269
1672.500000,393.002594
1673.000000,395.198059
1673.500000,396.104004
1674.000000,394.880951
1674.500000,391.776764
1675.000000,387.627869
1675.500000,383.584442
1676.000000,380.352570
1676.500000,378.241669
1677.000000,376.916016
1677.500000,376.254883
1678.000000,376.036255
1678.500000,376.447540
1679.000000,377.508270
1679.500000,378.960632
1680.000000,380.024261
1680.500000,379.707123
1681.000000,377.573273
1681.500000,374.419067
1682.000000,371.414246
1682.500000,369.481110
1683.000000,369.033264
1683.500000,369.283447
1684.000000,369.456909
1684.500000,369.142212
1685.000000,368.266998
1685.500000,366.944061
1686.000000,365.528137
1686.500000,364.652527
1687.000000,364.788940
1687.500000,366.372162
1688.000000,368.713074
1688.500000,370.848755
1689.000000,371.883575
1689.500000,371.355164
1690.000000,369.201385
1690.500000,365.669830
1691.000000,361.212219
1691.500000,357.067810
1692.000000,354.863983
1692.500000,354.728241
1693.000000,356.003235
1693.500000,356.865173
1694.000000,356.118652
1694.500000,354.609955
1695.000000,354.048798
1695.500000,355.315735
1696.000000,357.283569
1696.500000,357.693848
1697.000000,355.632568
1697.500000,351.920715
1698.000000,348.863129
1698.500000,348.114166
1699.000000,349.374481
1699.500000,351.238068
1700.000000,352.420380
1700.500000,352.735443
1701.000000,352.577820
1701.500000,352.461670
1702.000000,352.503510
1702.500000,352.444550
1703.000000,351.876740
1703.500000,350.517365
1704.000000,348.154999
1704.500000,345.142853
1705.000000,342.458527
1705.500000,341.155304
1706.000000,341.363251
1706.500000,342.678070
1707.000000,343.976685
1707.500000,344.705841
1708.000000,345.231720
1708.500000,345.971710
1709.000000,346.772614
1709.500000,346.875732
1710.000000,345.553955
1710.500000,343.261627
1711.000000,340.922485
1711.500000,339.353485
1712.000000,338.980591
1712.500000,339.355072
1713.000000,340.203705
1713.500000,341.167328
1714.000000,341.565704
1714.500000,340.416107
1715.000000,337.233643
1715.500000,333.198486
1716.000000,330.718536
1716.500000,332.325653
1717.000000,337.025604
1717.500000,342.052368
1718.000000,343.973602
1718.500000,341.540863
1719.000000,336.828339
1719.500000,333.033295
1720.000000,332.303467
1720.500000,333.734192
1721.000000,335.171722
1721.500000,335.056824
1722.000000,332.920319
1722.500000,330.087616
1723.000000,327.965912
1723.500000,327.311401
1724.000000,328.260315
1724.500000,330.228882
1725.000000,332.030762
1725.500000,332.370819
1726.000000,331.100098
1726.500000,328.491364
1727.000000,325.725952
1727.500000,323.539856
1728.000000,321.959747
1728.500000,320.821106
1729.000000,320.150604
1729.500000,320.099915
1730.000000,320.586609
1730.500000,321.029358
1731.000000,320.949738
1731.500000,320.586548
1732.000000,320.476135
1732.500000,320.778564
1733.000000,320.906219
1733.500000,320.097137
1734.000000,318.126038
1734.500000,315.485229
1735.000000,313.005646
1735.500000,311.313690
1736.000000,310.542389
1736.500000,311.282318
1737.000000,313.465057
1737.500000,316.800659
1738.000000,319.793732
1738.500000,320.957642
1739.000000,319.893921
1739.500000,317.472229
1740.000000,314.943115
1740.500000,313.067352
1741.000000,311.960724
1741.500000,311.394043
1742.000000,311.713837
1742.500000,313.018921
1743.000000,314.861450
1743.500000,316.187164
1744.000000,316.163361
1744.500000,314.712524
1745.000000,312.705200
1745.500000,311.069855
1746.000000,310.137573
1746.500000,310.003723
1747.000000,310.275391
1747.500000,310.487549
1748.000000,310.067719
1748.500000,308.614929
1749.000000,306.352966
1749.500000,304.218079
1750.000000,303.406433
1750.500000,304.005829
1751.000000,305.639221
1751.500000,307.201385
1752.000000,307.907135
1752.500000,307.755249
1753.000000,307.085571
1753.500000,306.346985
1754.000000,305.906219
1754.500000,305.974945
1755.000000,306.294586
1755.500000,306.262726
1756.000000,305.451202
1756.500000,303.756439
1757.000000,302.014435
1757.500000,301.086487
1758.000000,300.960571
1758.500000,300.858490
1759.000000,299.886902
1759.500000,298.110840
1760.000000,296.630066
1760.500000,296.391632
1761.000000,297.737610
1761.500000,299.378723
1762.000000,299.920532
1762.500000,299.108917
1763.000000,297.551971
1763.500000,296.224640
1764.000000,295.606659
1764.500000,295.375336
1765.000000,295.005585
1765.500000,294.405731
1766.000000,294.006165
1766.500000,294.370178
1767.000000,295.245514
1767.500000,295.924835
1768.000000,295.665436
1768.500000,294.296356
1769.000000,292.658997
1769.500000,292.000854
1770.000000,293.156769
1770.500000,295.340637
1771.000000,296.896576
1771.500000,296.666199
1772.000000,294.582825
1772.500000,292.075500
1773.000000,290.517731
1773.500000,290.120148
1774.000000,289.714447
1774.500000,288.291382
1775.000000,286.108459
1775.500000,284.482239
1776.000000,284.465088
1776.500000,286.314392
1777.000000,288.938660
1777.500000,291.255035
1778.000000,292.594086
1778.500000,292.982422
1779.000000,292.694519
1779.500000,292.216949
1780.000000,291.984009
1780.500000,292.050049
1781.000000,291.914917
1781.500000,290.942383
1782.000000,288.712524
1782.500000,285.845520
1783.000000,283.527374
1783.500000,282.595123
1784.000000,282.987823
1784.500000,284.199432
1785.000000,285.336365
1785.500000,285.667908
1786.000000,285.025543
1786.500000,283.268829
1787.000000,281.054260
1787.500000,279.449432
1788.000000,279.261871
1788.500000,280.491547
1789.000000,282.351257
1789.500000,283.574188
1790.000000,283.262115
1790.500000,281.829559
1791.000000,280.047913
1791.500000,279.041656
1792.000000,279.426331
1792.500000,280.735809
1793.000000,281.975494
1793.500000,282.265503
1794.000000,281.756348
1794.500000,281.271118
1795.000000,281.295959
1795.500000,281.448242
1796.000000,280.833099
1796.500000,279.247223
1797.000000,277.641449
1797.500000,276.970062
1798.000000,277.135101
1798.500000,276.992523
1799.000000,275.762238
1799.500000,273.985992
1800.000000,272.749512
1800.500000,272.447327
1801.000000,272.735168
1801.500000,273.176392
1802.000000,273.996002
1802.500000,275.402679
1803.000000,276.671509
1803.500000,276.507538
1804.000000,274.570892
1804.500000,271.746765
1805.000000,269.936462
1805.500000,270.226471
1806.000000,271.654846
1806.500000,272.985016
1807.000000,273.480927
1807.500000,273.471405
1808.000000,273.577545
1808.500000,274.012512
1809.000000,274.344635
1809.500000,273.907410
1810.000000,272.207031
