440.000000,4397.963379
440.500000,4391.707031
441.000000,4386.816895
441.500000,4384.501465
442.000000,4384.220703
442.500000,4384.433105
443.000000,4383.196777
443.500000,4379.902832
444.000000,4374.586914
444.500000,4368.404297
445.000000,4362.672852
445.500000,4358.571777
446.000000,4356.851562
446.500000,4357.211914
447.000000,4359.183105
447.500000,4361.767090
448.000000,4363.749512
448.500000,4364.363281
449.000000,4363.698242
449.500000,4361.936035
450.000000,4359.871094
450.500000,4358.266113
451.000000,4357.422363
451.500000,4357.477539
452.000000,4358.190918
452.500000,4359.075684
453.000000,4359.173340
453.500000,4357.590820
454.000000,4353.355469
454.500000,4346.772461
455.000000,4337.998535
455.500000,4328.629395
456.000000,4320.156738
456.500000,4313.202148
457.000000,4307.884277
457.500000,4303.849609
458.000000,4300.707520
458.500000,4298.500488
459.000000,4297.259277
459.500000,4297.179688
460.000000,4297.665527
460.500000,4297.938965
461.000000,4297.433105
461.500000,4296.521973
462.000000,4296.247559
462.500000,4297.717285
463.000000,4301.582520
463.500000,4306.702637
464.000000,4310.946289
464.500000,4312.967285
465.000000,4311.747559
465.500000,4308.491699
466.000000,4304.859863
466.500000,4302.112793
467.000000,4299.971191
467.500000,4297.094727
468.000000,4291.956543
468.500000,4283.140137
469.000000,4272.157227
469.500000,4260.863281
470.000000,4251.038574
470.500000,4244.058105
471.000000,4239.801758
471.500000,4237.722168
472.000000,4237.347656
472.500000,4238.896484
473.000000,4243.020996
473.500000,4249.528320
474.000000,4257.435059
474.500000,4264.279785
475.000000,4267.716309
475.500000,4267.397461
476.000000,4263.702637
476.500000,4259.189941
477.000000,4256.681152
477.500000,4257.423828
478.000000,4260.658691
478.500000,4264.682617
479.000000,4266.892090
479.500000,4265.343750
480.000000,4261.380371
480.500000,4256.875977
481.000000,4254.373047
481.500000,4256.289551
482.000000,4263.238770
482.500000,4272.921387
483.000000,4282.765625
483.500000,4290.284668
484.000000,4292.916992
484.500000,4291.177734
485.000000,4286.574707
485.500000,4281.808105
486.000000,4278.887695
486.500000,4278.581055
487.000000,4280.193848
487.500000,4281.414551
488.000000,4280.288086
488.500000,4275.507324
489.000000,4268.250488
489.500000,4260.455566
490.000000,4255.171387
490.500000,4254.437988
491.000000,4257.685059
491.500000,4263.211426
492.000000,4268.423828
492.500000,4270.716309
493.000000,4269.251953
493.500000,4265.719238
494.000000,4261.924805
494.500000,4259.655762
495.000000,4260.256348
495.500000,4263.038574
496.000000,4266.572266
496.500000,4269.709961
497.000000,4271.955566
497.500000,4273.527344
498.000000,4275.405762
498.500000,4278.679199
499.000000,4283.405273
499.500000,4289.550781
500.000000,4296.202637
500.500000,4302.284180
501.000000,4306.821777
501.500000,4309.502441
502.000000,4310.528809
502.500000,4310.751953
503.000000,4311.197266
503.500000,4312.798340
504.000000,4315.926270
504.500000,4319.622559
505.000000,4322.670410
505.500000,4323.980469
506.000000,4322.795410
506.500000,4319.878418
507.000000,4317.180176
507.500000,4316.603516
508.000000,4318.913086
508.500000,4324.588867
509.000000,4331.676270
509.500000,4337.842773
510.000000,4341.663086
510.500000,4342.305664
511.000000,4340.264648
511.500000,4336.507324
512.000000,4332.063965
512.500000,4327.677734
513.000000,4323.848145
513.500000,4321.089844
514.000000,4320.879395
514.500000,4324.307129
515.000000,4332.346680
515.500000,4343.501953
516.000000,4355.375977
516.500000,4364.800293
517.000000,4369.103027
517.500000,4366.022461
518.000000,4358.522461
518.500000,4348.895996
519.000000,4340.221680
519.500000,4334.618164
520.000000,4332.114746
520.500000,4331.529297
521.000000,4331.240234
521.500000,4330.483398
522.000000,4329.214844
522.500000,4327.872070
523.000000,4326.735840
523.500000,4325.436035
524.000000,4323.276855
524.500000,4320.166504
525.000000,4316.553711
525.500000,4313.794922
526.000000,4313.789551
526.500000,4317.354980
527.000000,4323.695801
527.500000,4331.318359
528.000000,4337.892578
528.500000,4340.447266
529.000000,4338.673828
529.500000,4333.122559
530.000000,4326.057129
530.500000,4319.707520
531.000000,4315.744141
531.500000,4314.589355
532.000000,4314.765137
532.500000,4314.129395
533.000000,4310.790039
533.500000,4304.913086
534.000000,4297.479492
534.500000,4291.394531
535.000000,4289.465820
535.500000,4292.339844
536.000000,4299.083008
536.500000,4307.390137
537.000000,4314.055664
537.500000,4315.608398
538.000000,4312.354492
538.500000,4304.275391
539.000000,4293.920410
539.500000,4283.284668
540.000000,4274.415527
540.500000,4268.666504
541.000000,4266.078613
541.500000,4265.919434
542.000000,4267.357422
542.500000,4269.063965
543.000000,4269.829590
543.500000,4269.410645
544.000000,4268.120117
544.500000,4266.917969
545.000000,4266.842285
545.500000,4268.524902
546.000000,4272.108398
546.500000,4276.942871
547.000000,4282.224609
547.500000,4287.642578
548.000000,4293.191895
548.500000,4299.156738
549.000000,4305.419922
549.500000,4311.009277
550.000000,4314.531250
550.500000,4314.437500
551.000000,4309.838867
551.500000,4301.455566
552.000000,4291.031738
552.500000,4281.866211
553.000000,4277.022949
553.500000,4276.833984
554.000000,4281.690918
554.500000,4289.468262
555.000000,4297.673340
555.500000,4304.188965
556.000000,4308.139648
556.500000,4309.244629
557.000000,4308.262207
557.500000,4305.404297
558.000000,4301.382812
558.500000,4296.367188
559.000000,4290.770996
559.500000,4284.916504
560.000000,4279.202148
560.500000,4273.957520
561.000000,4269.397949
561.500000,4265.440430
562.000000,4262.209473
562.500000,4259.636719
563.000000,4257.838379
563.500000,4256.452148
564.000000,4254.871582
564.500000,4252.518066
565.000000,4249.159668
565.500000,4245.166504
566.000000,4241.380859
566.500000,4238.826660
567.000000,4237.728027
567.500000,4237.390625
568.000000,4236.330566
568.500000,4232.860840
569.000000,4226.515137
569.500000,4217.297852
570.000000,4206.648926
570.500000,4196.525391
571.000000,4188.288574
571.500000,4182.349121
572.000000,4179.167969
572.500000,4178.144043
573.000000,4179.935547
573.500000,4184.070312
574.000000,4190.792969
574.500000,4199.314453
575.000000,4208.339844
575.500000,4216.013672
576.000000,4220.391602
576.500000,4220.313477
577.000000,4216.875977
577.500000,4210.756836
578.000000,4203.830566
578.500000,4196.983398
579.000000,4190.278320
579.500000,4182.988770
580.000000,4174.705566
580.500000,4165.957520
581.000000,4158.287598
581.500000,4153.421387
582.000000,4153.718262
582.500000,4157.881348
583.000000,4163.657715
583.500000,4167.793457
584.000000,4167.385254
584.500000,4161.756348
585.000000,4151.915039
585.500000,4140.580566
586.000000,4130.270020
586.500000,4121.942871
587.000000,4114.752441
587.500000,4107.499023
588.000000,4099.339355
588.500000,4090.760254
589.000000,4083.597412
589.500000,4079.814209
590.000000,4080.380371
590.500000,4084.865723
591.000000,4092.263184
591.500000,4100.473633
592.000000,4107.840332
592.500000,4113.702148
593.000000,4117.250488
593.500000,4118.525391
594.000000,4117.287598
594.500000,4114.033691
595.000000,4110.030273
595.500000,4106.761719
596.000000,4105.027344
596.500000,4104.999023
597.000000,4105.466797
597.500000,4104.801270
598.000000,4102.181152
598.500000,4098.150391
599.000000,4094.427002
599.500000,4092.737793
600.000000,4093.877686
600.500000,4097.058594
601.000000,4100.455078
601.500000,4102.272949
602.000000,4101.677734
602.500000,4099.842773
603.000000,4098.026855
603.500000,4097.289062
604.000000,4097.975098
604.500000,4099.390625
605.000000,4100.834961
605.500000,4102.255371
606.000000,4103.966309
606.500000,4106.213379
607.000000,4108.429199
607.500000,4108.747070
608.000000,4106.174316
608.500000,4100.385742
609.000000,4093.164551
609.500000,4087.335205
610.000000,4085.840576
610.500000,4090.136719
611.000000,4099.902832
611.500000,4111.641113
612.000000,4122.478516
612.500000,4130.592285
613.000000,4134.758789
613.500000,4135.808594
614.000000,4134.881348
614.500000,4133.569336
615.000000,4133.027344
615.500000,4134.245605
616.000000,4137.523438
616.500000,4143.334961
617.000000,4150.658203
617.500000,4158.022949
618.000000,4163.835938
618.500000,4166.900391
619.000000,4167.350586
619.500000,4166.231445
620.000000,4165.172852
620.500000,4165.769531
621.000000,4168.763672
621.500000,4173.205078
622.000000,4178.075195
622.500000,4182.204102
623.000000,4184.767090
623.500000,4185.867676
624.000000,4186.112305
624.500000,4186.312988
625.000000,4186.890137
625.500000,4187.836914
626.000000,4188.721191
626.500000,4188.858887
627.000000,4187.910645
627.500000,4185.770020
628.000000,4183.106445
628.500000,4180.638184
629.000000,4179.021484
629.500000,4178.661133
630.000000,4179.776855
630.500000,4182.173828
631.000000,4185.758789
631.500000,4189.990723
632.000000,4194.243652
632.500000,4197.499512
633.000000,4198.204102
633.500000,4195.343262
634.000000,4188.657227
634.500000,4179.830566
635.000000,4171.479004
635.500000,4166.254883
636.000000,4164.816406
636.500000,4167.232910
637.000000,4170.581543
637.500000,4171.910645
638.000000,4170.367188
638.500000,4166.864746
639.000000,4163.737305
639.500000,4163.124512
640.000000,4165.941895
640.500000,4170.478027
641.000000,4173.769531
641.500000,4174.326172
642.000000,4171.969238
642.500000,4168.909180
643.000000,4167.518066
643.500000,4168.979980
644.000000,4172.698242
644.500000,4176.470703
645.000000,4178.824707
645.500000,4179.701172
646.000000,4180.576660
646.500000,4183.064453
647.000000,4187.101562
647.500000,4190.962891
648.000000,4192.225098
648.500000,4189.957031
649.000000,4185.728027
649.500000,4182.867188
650.000000,4185.027344
650.500000,4192.859375
651.000000,4205.535156
651.500000,4217.754395
652.000000,4225.144043
652.500000,4226.557129
653.000000,4222.286133
653.500000,4215.006836
654.000000,4207.664551
654.500000,4202.447754
655.000000,4199.534180
655.500000,4198.594238
656.000000,4198.437988
656.500000,4198.023438
657.000000,4196.232910
657.500000,4191.411133
658.000000,4182.467773
658.500000,4169.329102
659.000000,4153.389648
659.500000,4137.120117
660.000000,4123.232422
660.500000,4113.131348
661.000000,4108.489746
661.500000,4107.914551
662.000000,4110.430664
662.500000,4114.307617
663.000000,4118.558105
663.500000,4122.447266
664.000000,4125.526367
664.500000,4127.555664
665.000000,4128.838867
665.500000,4130.023926
666.000000,4131.800293
666.500000,4134.587402
667.000000,4137.882324
667.500000,4140.634766
668.000000,4141.591797
668.500000,4139.633301
669.000000,4134.595703
669.500000,4127.955078
670.000000,4121.391602
670.500000,4116.494629
671.000000,4114.905762
671.500000,4116.199707
672.000000,4119.792480
672.500000,4123.656250
673.000000,4125.717285
673.500000,4124.710938
674.000000,4120.495117
674.500000,4113.563477
675.000000,4105.694824
675.500000,4098.832031
676.000000,4094.456787
676.500000,4093.690674
677.000000,4095.646484
677.500000,4099.277832
678.000000,4102.947754
678.500000,4105.251465
679.000000,4105.420898
679.500000,4103.974609
680.000000,4102.270020
680.500000,4101.750488
681.000000,4103.477051
681.500000,4106.786621
682.000000,4110.515137
682.500000,4113.072754
683.000000,4113.245605
683.500000,4110.910645
684.000000,4107.510254
684.500000,4104.382812
685.000000,4102.269043
685.500000,4101.270996
686.000000,4100.350098
686.500000,4098.230957
687.000000,4094.185547
687.500000,4088.312988
688.000000,4081.750977
688.500000,4075.869629
689.000000,4071.857178
689.500000,4069.856689
690.000000,4069.586670
690.500000,4069.510498
691.000000,4067.793213
691.500000,4063.839844
692.000000,4057.577148
692.500000,4050.065918
693.000000,4042.454834
693.500000,4035.459961
694.000000,4028.959961
694.500000,4022.237793
695.000000,4014.833740
695.500000,4007.200195
696.000000,4000.612793
696.500000,3996.828857
697.000000,3996.398438
697.500000,3999.243652
698.000000,4004.179932
698.500000,4009.696533
699.000000,4014.922852
699.500000,4019.719238
700.000000,4023.904297
700.500000,4027.220947
701.000000,4028.720459
701.500000,4028.137939
702.000000,4025.520996
702.500000,4022.145996
703.000000,4019.272949
703.500000,4017.087891
704.000000,4014.605713
704.500000,4010.279785
705.000000,4003.923340
705.500000,3996.685791
706.000000,3991.815918
706.500000,3992.864990
707.000000,3999.592529
707.500000,4009.313477
708.000000,4017.440674
708.500000,4020.206543
709.000000,4015.918457
709.500000,4007.922852
710.000000,4001.707520
710.500000,4001.294189
711.000000,4008.157471
711.500000,4018.482422
712.000000,4027.304688
712.500000,4030.429932
713.000000,4026.509521
713.500000,4017.048828
714.000000,4006.641113
714.500000,3999.359375
715.000000,3995.872803
715.500000,3995.785400
716.000000,3996.638916
716.500000,3996.761475
717.000000,3995.775879
717.500000,3994.645996
718.000000,3995.196045
718.500000,3998.480957
719.000000,4004.980957
719.500000,4013.503662
720.000000,4023.037842
720.500000,4032.172119
721.000000,4039.854004
721.500000,4045.896729
722.000000,4050.599365
722.500000,4055.100342
723.000000,4060.647461
723.500000,4068.456787
724.000000,4078.851074
724.500000,4092.537354
725.000000,4108.833984
725.500000,4128.156738
726.000000,4150.177246
726.500000,4174.950684
727.000000,4201.831055
727.500000,4230.027344
728.000000,4258.923340
728.500000,4288.493652
729.000000,4320.097656
729.500000,4355.166992
730.000000,4396.780762
730.500000,4443.747070
731.000000,4494.151855
731.500000,4543.856445
732.000000,4588.490234
732.500000,4624.968750
733.000000,4652.679199
733.500000,4671.479492
734.000000,4683.766602
734.500000,4688.983398
735.000000,4687.787598
735.500000,4676.831543
736.000000,4655.601074
736.500000,4622.843750
737.000000,4580.615234
737.500000,4532.714355
738.000000,4483.593262
738.500000,4437.182129
739.000000,4395.083008
739.500000,4355.138672
740.000000,4314.486816
740.500000,4270.969727
741.000000,4224.201660
741.500000,4177.113770
742.000000,4134.636719
742.500000,4102.023926
743.000000,4080.046875
743.500000,4067.650146
744.000000,4059.610352
744.500000,4052.277588
745.000000,4043.346436
745.500000,4032.708252
746.000000,4022.130859
746.500000,4013.583252
747.000000,4007.832275
747.500000,4004.170654
748.000000,4001.734863
748.500000,3999.597900
749.000000,3997.275879
749.500000,3994.532227
750.000000,3991.079834
750.500000,3987.056641
751.000000,3983.058594
751.500000,3980.137451
752.000000,3979.071777
752.500000,3979.765869
753.000000,3980.967041
753.500000,3981.115479
754.000000,3979.602051
754.500000,3976.763916
755.000000,3974.530518
755.500000,3974.971436
756.000000,3977.998779
756.500000,3982.218018
757.000000,3985.541504
757.500000,3986.587891
758.000000,3985.009277
758.500000,3981.991943
759.000000,3978.331299
759.500000,3974.285156
760.000000,3968.977295
760.500000,3962.102051
761.000000,3954.026123
761.500000,3945.982422
762.000000,3938.991211
762.500000,3933.039551
763.000000,3926.832520
763.500000,3918.567383
764.000000,3908.054688
764.500000,3896.995361
765.000000,3888.401855
765.500000,3885.289551
766.000000,3887.887451
766.500000,3894.684570
767.000000,3902.609863
767.500000,3908.521484
768.000000,3910.114014
768.500000,3907.727539
769.000000,3902.281006
769.500000,3896.283203
770.000000,3891.704590
770.500000,3889.774170
771.000000,3891.270996
771.500000,3895.595459
772.000000,3901.067627
772.500000,3905.470947
773.000000,3907.062256
773.500000,3905.178955
774.000000,3901.850098
774.500000,3899.461670
775.000000,3899.855469
775.500000,3904.196045
776.000000,3911.679688
776.500000,3920.858154
777.000000,3930.267578
777.500000,3938.896973
778.000000,3946.068359
778.500000,3951.474365
779.000000,3953.629150
779.500000,3952.258057
780.000000,3946.610107
780.500000,3937.985352
781.000000,3928.203369
781.500000,3919.367920
782.000000,3912.771729
782.500000,3908.368652
783.000000,3904.590332
783.500000,3900.057861
784.000000,3894.362305
784.500000,3887.761230
785.000000,3881.298340
785.500000,3875.896484
786.000000,3871.796875
786.500000,3868.683838
787.000000,3866.086182
787.500000,3863.703857
788.000000,3861.643066
788.500000,3859.805664
789.000000,3857.579834
789.500000,3854.015625
790.000000,3847.727539
790.500000,3838.475586
791.000000,3826.922119
791.500000,3815.011963
792.000000,3805.025146
792.500000,3798.540527
793.000000,3794.962158
793.500000,3793.490479
794.000000,3792.283447
794.500000,3790.417236
795.000000,3788.053955
795.500000,3786.103027
796.000000,3785.539307
796.500000,3786.602295
797.000000,3788.561035
797.500000,3790.232666
798.000000,3790.675049
798.500000,3790.026367
799.000000,3788.764648
799.500000,3787.748291
800.000000,3787.461670
800.500000,3787.648926
801.000000,3787.518799
801.500000,3786.215820
802.000000,3783.619141
802.500000,3780.083496
803.000000,3776.604492
803.500000,3774.241211
804.000000,3773.204102
804.500000,3773.340088
805.000000,3773.599365
805.500000,3772.757324
806.000000,3770.003418
806.500000,3765.671143
807.000000,3760.941650
807.500000,3757.264404
808.000000,3755.969727
808.500000,3756.632812
809.000000,3758.505615
809.500000,3760.148682
810.000000,3760.714844
810.500000,3760.549805
811.000000,3761.001709
811.500000,3763.429688
812.000000,3767.784424
812.500000,3773.021484
813.000000,3777.267090
813.500000,3778.638672
814.000000,3777.333984
814.500000,3774.111328
815.000000,3770.822754
815.500000,3769.083740
816.000000,3769.813232
816.500000,3772.990479
817.000000,3778.728760
817.500000,3786.597900
818.000000,3796.692871
818.500000,3807.689209
819.000000,3817.840820
819.500000,3825.372314
820.000000,3828.763916
820.500000,3828.316650
821.000000,3825.772217
821.500000,3823.560303
822.000000,3823.285400
822.500000,3825.620361
823.000000,3829.401855
823.500000,3833.506592
824.000000,3836.816650
824.500000,3838.494629
825.000000,3838.340820
825.500000,3836.306152
826.000000,3832.695312
826.500000,3828.448486
827.000000,3824.773193
827.500000,3822.351318
828.000000,3821.380859
828.500000,3820.690674
829.000000,3818.931396
829.500000,3815.491455
830.000000,3810.691895
830.500000,3805.904053
831.000000,3802.550049
831.500000,3801.305664
832.000000,3801.135010
832.500000,3800.605469
833.000000,3799.037109
833.500000,3796.771240
834.000000,3795.245605
834.500000,3796.131592
835.000000,3800.026611
835.500000,3806.525391
836.000000,3814.447510
836.500000,3822.310791
837.000000,3829.038574
837.500000,3834.618164
838.000000,3839.217529
838.500000,3843.510986
839.000000,3847.944092
839.500000,3852.690674
840.000000,3857.539062
840.500000,3861.887695
841.000000,3865.031250
841.500000,3866.317139
842.000000,3866.070312
842.500000,3864.815674
843.000000,3863.685791
843.500000,3863.194092
844.000000,3862.964111
844.500000,3862.007080
845.000000,3859.274414
845.500000,3854.121094
846.000000,3846.489014
846.500000,3837.415771
847.000000,3828.165039
847.500000,3820.162354
848.000000,3815.182129
848.500000,3813.137207
849.000000,3813.659912
849.500000,3815.095215
850.000000,3815.742188
850.500000,3814.589355
851.000000,3812.021240
851.500000,3809.361816
852.000000,3808.086182
852.500000,3809.334961
853.000000,3812.089111
853.500000,3815.028320
854.000000,3817.046875
854.500000,3818.236084
855.000000,3819.452148
855.500000,3821.072998
856.000000,3822.105713
856.500000,3820.682129
857.000000,3814.267334
857.500000,3803.663818
858.000000,3790.959717
858.500000,3780.517578
859.000000,3776.743164
859.500000,3780.706787
860.000000,3789.853516
860.500000,3799.829590
861.000000,3806.606445
861.500000,3807.649170
862.000000,3804.506836
862.500000,3799.349121
863.000000,3795.435303
863.500000,3795.128418
864.000000,3798.505859
864.500000,3804.704102
865.000000,3812.067627
865.500000,3819.082764
866.000000,3824.868164
866.500000,3829.261230
867.000000,3831.658936
867.500000,3832.125732
868.000000,3830.146973
868.500000,3826.461914
869.000000,3822.269043
869.500000,3819.368408
870.000000,3819.289795
870.500000,3822.543457
871.000000,3827.597656
871.500000,3831.844727
872.000000,3833.221924
872.500000,3830.181641
873.000000,3824.293457
873.500000,3817.501709
874.000000,3812.060303
874.500000,3809.210205
875.000000,3808.545166
875.500000,3808.184326
876.000000,3805.716064
876.500000,3799.906006
877.000000,3789.827393
877.500000,3777.819092
878.000000,3766.698486
878.500000,3758.837646
879.000000,3755.676514
879.500000,3756.371338
880.000000,3758.614014
880.500000,3759.878174
881.000000,3758.792969
881.500000,3755.081543
882.000000,3750.491943
882.500000,3746.673340
883.000000,3744.329102
883.500000,3743.318359
884.000000,3742.685303
884.500000,3741.972168
885.000000,3741.414551
885.500000,3741.447266
886.000000,3742.162109
886.500000,3742.848145
887.000000,3742.472168
887.500000,3740.959473
888.000000,3739.137695
888.500000,3738.683105
889.000000,3741.057373
889.500000,3745.982910
890.000000,3750.989990
890.500000,3752.499268
891.000000,3748.832031
891.500000,3739.306396
892.000000,3727.593506
892.500000,3717.748291
893.000000,3712.570068
893.500000,3713.088623
894.000000,3716.789795
894.500000,3719.645752
895.000000,3717.945801
895.500000,3710.849609
896.000000,3699.277100
896.500000,3687.144043
897.000000,3677.868896
897.500000,3672.082520
898.000000,3669.443604
898.500000,3668.313232
899.000000,3668.038818
899.500000,3669.234863
900.000000,3673.068848
900.500000,3680.542480
901.000000,3690.308594
901.500000,3699.955566
902.000000,3706.747070
902.500000,3708.178711
903.000000,3704.829590
903.500000,3698.194092
904.000000,3690.482422
904.500000,3683.153320
905.000000,3676.951172
905.500000,3672.178711
906.000000,3669.902832
906.500000,3670.568604
907.000000,3675.350342
907.500000,3683.036133
908.000000,3691.828613
908.500000,3699.053467
909.000000,3702.622314
909.500000,3702.199951
910.000000,3699.864014
910.500000,3698.644531
911.000000,3700.425049
911.500000,3706.141602
912.000000,3713.536621
912.500000,3720.187012
913.000000,3724.319092
913.500000,3725.406250
914.000000,3724.504639
914.500000,3723.068848
915.000000,3721.680664
915.500000,3719.751221
916.000000,3715.612549
916.500000,3708.796387
917.000000,3699.446045
917.500000,3689.951416
918.000000,3682.803223
918.500000,3679.233398
919.000000,3679.027832
919.500000,3680.840332
920.000000,3682.832520
920.500000,3683.856445
921.000000,3683.954590
921.500000,3683.621826
922.000000,3683.562988
922.500000,3683.981445
923.000000,3684.341309
923.500000,3683.586914
924.000000,3680.604492
924.500000,3674.916016
925.000000,3666.746094
925.500000,3657.747559
926.000000,3650.123047
926.500000,3645.492188
927.000000,3645.590332
927.500000,3649.612061
928.000000,3656.252686
928.500000,3663.273438
929.000000,3668.807617
929.500000,3671.980957
930.000000,3673.575195
930.500000,3675.056885
931.000000,3677.991455
931.500000,3683.567871
932.000000,3690.774414
932.500000,3697.653564
933.000000,3702.168213
933.500000,3703.297852
934.000000,3702.041504
934.500000,3701.287354
935.000000,3704.561279
935.500000,3712.894531
936.000000,3726.127197
936.500000,3739.839600
937.000000,3748.961914
937.500000,3750.621582
938.000000,3743.855713
938.500000,3731.349854
939.000000,3717.327393
939.500000,3705.325928
940.000000,3696.341553
940.500000,3689.888428
941.000000,3684.025146
941.500000,3677.859131
942.000000,3671.716064
942.500000,3666.927979
943.000000,3664.684326
943.500000,3665.530762
944.000000,3669.047363
944.500000,3673.770752
945.000000,3678.269775
945.500000,3681.541016
946.000000,3682.783447
946.500000,3682.477051
947.000000,3681.037109
947.500000,3679.410156
948.000000,3678.570801
948.500000,3679.252930
949.000000,3681.636963
949.500000,3685.430176
950.000000,3689.467773
950.500000,3692.331299
951.000000,3693.415039
951.500000,3692.515869
952.000000,3690.861328
952.500000,3689.797852
953.000000,3690.074951
953.500000,3691.345215
954.000000,3692.429443
954.500000,3692.280762
955.000000,3690.620850
955.500000,3688.719727
956.000000,3688.358398
956.500000,3690.072266
957.000000,3693.593506
957.500000,3697.713135
958.000000,3701.810059
958.500000,3706.308105
959.000000,3712.112793
959.500000,3719.678711
960.000000,3727.656250
960.500000,3733.292725
961.000000,3734.965820
961.500000,3731.660889
962.000000,3725.719727
962.500000,3720.072021
963.000000,3716.865234
963.500000,3716.015381
964.000000,3715.582031
964.500000,3713.211426
965.000000,3707.431885
965.500000,3699.783447
966.000000,3691.997803
966.500000,3685.280029
967.000000,3679.471191
967.500000,3673.297363
968.000000,3665.703857
968.500000,3656.826416
969.000000,3648.124756
969.500000,3641.504395
970.000000,3637.426025
970.500000,3635.532227
971.000000,3633.526367
971.500000,3629.020508
972.000000,3621.084717
972.500000,3610.055908
973.000000,3597.937744
973.500000,3587.364746
974.000000,3580.863770
974.500000,3578.647461
975.000000,3580.771973
975.500000,3584.826416
976.000000,3588.850342
976.500000,3591.105469
977.000000,3590.308105
977.500000,3586.404053
978.000000,3580.027344
978.500000,3572.290039
979.000000,3564.775391
979.500000,3559.219238
980.000000,3556.426758
980.500000,3557.527344
981.000000,3561.401611
981.500000,3566.676025
982.000000,3570.888428
982.500000,3571.373291
983.000000,3566.259033
983.500000,3555.544678
984.000000,3540.562744
984.500000,3524.902588
985.000000,3512.553955
985.500000,3505.458252
986.000000,3505.414551
986.500000,3510.409912
987.000000,3517.864258
987.500000,3524.496582
988.000000,3527.914307
988.500000,3527.124268
989.000000,3523.537109
989.500000,3519.083984
990.000000,3515.955811
990.500000,3515.600586
991.000000,3517.126709
991.500000,3518.831787
992.000000,3518.799072
992.500000,3516.187500
993.000000,3511.931396
993.500000,3508.370117
994.000000,3508.009033
994.500000,3510.896484
995.000000,3516.174561
995.500000,3521.234619
996.000000,3524.117432
996.500000,3524.649170
997.000000,3523.674072
997.500000,3522.608887
998.000000,3522.481934
998.500000,3523.863525
999.000000,3526.782959
999.500000,3531.883545
1000.000000,3538.882324
1000.500000,3547.346191
1001.000000,3555.387207
1001.500000,3560.487793
1002.000000,3561.048584
1002.500000,3556.780762
1003.000000,3548.612305
1003.500000,3538.380615
1004.000000,3526.758789
1004.500000,3514.060059
1005.000000,3500.060303
1005.500000,3485.722900
1006.000000,3472.624268
1006.500000,3461.905273
1007.000000,3453.777832
1007.500000,3447.212646
1008.000000,3440.920654
1008.500000,3434.595215
1009.000000,3428.932373
1009.500000,3425.229492
1010.000000,3423.232910
1010.500000,3421.965820
1011.000000,3419.875732
1011.500000,3416.354736
1012.000000,3412.524170
1012.500000,3410.418701
1013.000000,3411.624023
1013.500000,3415.447510
1014.000000,3419.959473
1014.500000,3422.735596
1015.000000,3422.174072
1015.500000,3419.660889
1016.000000,3417.694336
1016.500000,3418.951172
1017.000000,3424.940918
1017.500000,3435.208252
1018.000000,3447.485107
1018.500000,3459.335205
1019.000000,3469.138916
1019.500000,3476.053223
1020.000000,3481.636963
1020.500000,3487.732666
1021.000000,3495.952393
1021.500000,3507.229248
1022.000000,3521.178955
1022.500000,3536.599609
1023.000000,3552.079102
1023.500000,3566.110352
1024.000000,3576.343994
1024.500000,3581.617920
1025.000000,3579.185547
1025.500000,3569.728027
1026.000000,3553.989258
1026.500000,3535.126953
1027.000000,3516.481445
1027.500000,3500.656494
1028.000000,3488.510254
1028.500000,3480.511963
1029.000000,3475.440186
1029.500000,3473.149902
1030.000000,3472.334961
1030.500000,3472.142822
1031.000000,3471.676514
1031.500000,3470.693848
1032.000000,3469.763428
1032.500000,3469.689453
1033.000000,3470.719238
1033.500000,3471.806152
1034.000000,3471.043701
1034.500000,3467.685059
1035.000000,3461.718018
1035.500000,3455.168457
1036.000000,3450.132080
1036.500000,3447.562012
1037.000000,3446.948486
1037.500000,3447.046631
1038.000000,3446.840332
1038.500000,3446.369629
1039.000000,3446.467773
1039.500000,3448.187012
1040.000000,3451.430664
1040.500000,3455.842529
1041.000000,3460.700195
1041.500000,3465.724609
1042.000000,3471.060059
1042.500000,3476.885742
1043.000000,3483.087646
1043.500000,3489.005615
1044.000000,3493.338379
1044.500000,3495.456055
1045.000000,3494.374756
1045.500000,3490.517090
1046.000000,3484.473145
1046.500000,3477.461426
1047.000000,3470.770508
1047.500000,3465.521729
1048.000000,3462.215820
1048.500000,3461.627686
1049.000000,3463.248047
1049.500000,3466.680176
1050.000000,3470.114014
1050.500000,3471.082275
1051.000000,3467.652588
1051.500000,3459.025879
1052.000000,3446.274902
1052.500000,3432.336426
1053.000000,3420.072266
1053.500000,3410.641357
1054.000000,3404.415771
1054.500000,3399.757568
1055.000000,3395.898926
1055.500000,3392.527832
1056.000000,3389.859619
1056.500000,3387.888184
1057.000000,3386.254639
1057.500000,3384.800049
1058.000000,3383.882812
1058.500000,3384.491699
1059.000000,3386.496582
1059.500000,3388.745605
1060.000000,3389.159668
1060.500000,3386.023926
1061.000000,3380.057129
1061.500000,3373.726074
1062.000000,3369.403809
1062.500000,3367.215576
1063.000000,3365.238037
1063.500000,3361.009766
1064.000000,3353.216553
1064.500000,3344.267090
1065.000000,3337.760986
1065.500000,3335.988281
1066.000000,3338.860107
1066.500000,3343.681396
1067.000000,3347.087891
1067.500000,3346.856445
1068.000000,3343.563232
1068.500000,3338.080566
1069.000000,3332.150146
1069.500000,3326.713623
1070.000000,3322.525635
1070.500000,3320.887939
1071.000000,3322.910645
1071.500000,3328.771973
1072.000000,3337.266113
1072.500000,3345.467529
1073.000000,3350.189209
1073.500000,3350.858887
1074.000000,3347.926025
1074.500000,3344.385254
1075.000000,3342.736816
1075.500000,3343.708496
1076.000000,3346.290527
1076.500000,3348.532227
1077.000000,3349.030273
1077.500000,3347.457275
1078.000000,3345.078125
1078.500000,3343.054688
1079.000000,3341.697021
1079.500000,3340.500000
1080.000000,3338.738525
1080.500000,3336.394287
1081.000000,3334.451416
1081.500000,3334.122559
1082.000000,3335.925049
1082.500000,3338.710449
1083.000000,3340.822510
1083.500000,3341.393066
1084.000000,3340.559570
1084.500000,3339.756836
1085.000000,3340.040039
1085.500000,3341.120117
1086.000000,3341.667480
1086.500000,3340.402588
1087.000000,3337.410889
1087.500000,3333.562744
1088.000000,3329.965820
1088.500000,3326.669189
1089.000000,3322.865967
1089.500000,3318.094238
1090.000000,3313.460938
1090.500000,3311.218994
1091.000000,3312.994629
1091.500000,3317.947266
1092.000000,3323.354492
1092.500000,3326.233643
1093.000000,3324.906250
1093.500000,3321.879883
1094.000000,3320.456055
1094.500000,3322.527100
1095.000000,3327.713135
1095.500000,3333.290039
1096.000000,3336.734375
1096.500000,3337.362061
1097.000000,3336.874756
1097.500000,3337.328857
1098.000000,3339.465820
1098.500000,3342.989014
1099.000000,3346.627686
1099.500000,3349.729980
1100.000000,3352.350830
1100.500000,3354.533936
1101.000000,3355.787109
1101.500000,3355.458008
1102.000000,3353.166016
1102.500000,3350.029297
1103.000000,3347.620361
1103.500000,3346.758301
1104.000000,3347.340088
1104.500000,3348.083252
1105.000000,3348.146973
1105.500000,3348.002197
1106.000000,3349.159668
1106.500000,3353.081055
1107.000000,3359.210449
1107.500000,3365.552490
1108.000000,3369.340332
1108.500000,3367.798584
1109.000000,3361.552979
1109.500000,3352.293701
1110.000000,3343.293213
1110.500000,3337.450439
1111.000000,3336.254395
1111.500000,3338.641113
1112.000000,3342.672852
1112.500000,3345.754883
1113.000000,3346.176758
1113.500000,3344.727051
1114.000000,3342.856934
1114.500000,3342.053711
1115.000000,3342.622803
1115.500000,3343.549805
1116.000000,3343.615479
1116.500000,3342.611816
1117.000000,3341.955322
1117.500000,3344.140381
1118.000000,3349.869629
1118.500000,3359.068848
1119.000000,3369.120850
1119.500000,3377.214355
1120.000000,3381.642822
1120.500000,3382.342041
1121.000000,3380.383057
1121.500000,3377.609375
1122.000000,3375.054688
1122.500000,3372.761475
1123.000000,3369.956543
1123.500000,3366.001953
1124.000000,3360.817627
1124.500000,3355.649414
1125.000000,3352.499756
1125.500000,3353.091553
1126.000000,3357.404053
1126.500000,3364.136475
1127.000000,3370.389893
1127.500000,3373.120361
1128.000000,3371.920654
1128.500000,3366.878662
1129.000000,3360.142822
1129.500000,3353.634277
1130.000000,3348.720459
1130.500000,3345.917236
1131.000000,3345.238281
1131.500000,3345.797363
1132.000000,3346.708984
1132.500000,3347.060303
1133.000000,3346.429199
1133.500000,3345.444580
1134.000000,3345.101318
1134.500000,3345.933594
1135.000000,3347.441406
1135.500000,3348.149414
1136.000000,3346.649902
1136.500000,3341.978027
1137.000000,3335.192871
1137.500000,3327.389160
1138.000000,3319.990723
1138.500000,3313.995850
1139.000000,3309.845703
1139.500000,3308.144775
1140.000000,3309.149170
1140.500000,3312.358887
1141.000000,3316.816162
1141.500000,3321.159180
1142.000000,3324.682617
1142.500000,3327.868652
1143.000000,3331.540527
1143.500000,3335.925781
1144.000000,3340.403076
1144.500000,3343.967041
1145.000000,3346.218750
1145.500000,3347.700439
1146.000000,3349.390625
1146.500000,3351.583496
1147.000000,3353.500732
1147.500000,3354.010010
1148.000000,3353.385498
1148.500000,3353.046143
1149.000000,3354.669922
1149.500000,3358.737305
1150.000000,3363.708008
1150.500000,3367.080078
1151.000000,3367.047852
1151.500000,3364.722656
1152.000000,3362.530029
1152.500000,3362.848633
1153.000000,3366.994141
1153.500000,3373.423096
1154.000000,3379.838379
1154.500000,3383.986328
1155.000000,3384.527100
1155.500000,3380.810547
1156.000000,3373.914551
1156.500000,3365.174805
1157.000000,3357.296875
1157.500000,3353.406250
1158.000000,3354.300781
1158.500000,3359.638672
1159.000000,3366.465820
1159.500000,3371.604980
1160.000000,3373.288086
1160.500000,3372.386475
1161.000000,3370.968994
1161.500000,3371.002930
1162.000000,3373.148193
1162.500000,3375.670898
1163.000000,3376.390381
1163.500000,3374.365234
1164.000000,3370.185059
1164.500000,3366.057129
1165.000000,3364.356934
1165.500000,3366.585449
1166.000000,3371.635742
1166.500000,3377.565674
1167.000000,3381.948975
1167.500000,3383.239258
1168.000000,3382.495605
1168.500000,3381.713867
1169.000000,3382.872070
1169.500000,3386.575928
1170.000000,3391.887207
1170.500000,3397.069092
1171.000000,3401.214111
1171.500000,3405.110596
1172.000000,3410.536377
1172.500000,3418.233887
1173.000000,3427.825439
1173.500000,3437.244873
1174.000000,3444.447510
1174.500000,3448.721924
1175.000000,3451.061035
1175.500000,3452.727295
1176.000000,3454.427490
1176.500000,3455.423340
1177.000000,3454.785645
1177.500000,3451.842773
1178.000000,3447.811279
1178.500000,3444.547852
1179.000000,3443.407715
1179.500000,3444.152832
1180.000000,3444.949463
1180.500000,3443.325928
1181.000000,3436.532227
1181.500000,3424.749756
1182.000000,3407.781006
1182.500000,3387.983887
1183.000000,3367.220215
1183.500000,3347.571777
1184.000000,3330.875732
1184.500000,3318.443359
1185.000000,3310.240479
1185.500000,3305.931885
1186.000000,3303.363525
1186.500000,3300.738037
1187.000000,3296.844971
1187.500000,3291.459229
1188.000000,3285.727051
1188.500000,3281.026855
1189.000000,3278.051270
1189.500000,3276.287842
1190.000000,3274.470215
1190.500000,3271.504395
1191.000000,3267.111572
1191.500000,3262.659180
1192.000000,3260.051025
1192.500000,3260.011963
1193.000000,3262.202881
1193.500000,3264.715332
1194.000000,3265.586426
1194.500000,3263.950684
1195.000000,3260.854736
1195.500000,3258.167725
1196.000000,3257.378906
1196.500000,3259.422363
1197.000000,3263.185791
1197.500000,3267.747559
1198.000000,3272.354980
1198.500000,3276.913330
1199.000000,3281.474365
1199.500000,3285.640869
1200.000000,3288.272949
1200.500000,3288.532471
1201.000000,3285.355957
1201.500000,3279.938232
1202.000000,3273.622559
1202.500000,3268.436279
1203.000000,3266.420410
1203.500000,3268.846436
1204.000000,3276.382324
1204.500000,3289.234375
1205.000000,3305.662598
1205.500000,3323.482666
1206.000000,3339.401855
1206.500000,3349.585449
1207.000000,3353.361328
1207.500000,3350.668457
1208.000000,3344.599121
1208.500000,3338.750977
1209.000000,3336.017090
1209.500000,3337.027344
1210.000000,3340.826904
1210.500000,3344.796387
1211.000000,3346.927246
1211.500000,3347.603516
1212.000000,3348.810059
1212.500000,3352.976318
1213.000000,3361.457275
1213.500000,3372.665283
1214.000000,3382.808594
1214.500000,3387.718018
1215.000000,3386.418701
1215.500000,3379.630615
1216.000000,3371.918213
1216.500000,3367.108154
1217.000000,3366.108887
1217.500000,3367.856934
1218.000000,3369.731201
1218.500000,3370.110352
1219.000000,3369.096436
1219.500000,3367.889160
1220.000000,3367.080078
1220.500000,3365.922607
1221.000000,3362.615479
1221.500000,3356.830322
1222.000000,3349.405762
1222.500000,3342.795654
1223.000000,3339.134766
1223.500000,3338.618164
1224.000000,3339.323975
1224.500000,3338.753906
1225.000000,3335.790039
1225.500000,3330.662354
1226.000000,3325.512939
1226.500000,3322.077637
1227.000000,3320.468994
1227.500000,3320.039307
1228.000000,3319.989258
1228.500000,3320.382568
1229.000000,3321.925049
1229.500000,3324.676270
1230.000000,3327.626221
1230.500000,3329.067871
1231.000000,3327.582275
1231.500000,3324.521973
1232.000000,3322.433105
1232.500000,3323.414062
1233.000000,3327.445312
1233.500000,3331.929199
1234.000000,3333.712646
1234.500000,3331.269287
1235.000000,3327.061279
1235.500000,3325.273682
1236.000000,3328.175293
1236.500000,3335.966797
1237.000000,3344.755127
1237.500000,3350.273682
1238.000000,3350.533691
1238.500000,3346.720947
1239.000000,3341.483887
1239.500000,3337.379150
1240.000000,3335.559082
1240.500000,3335.021240
1241.000000,3334.615234
1241.500000,3333.375977
1242.000000,3330.747559
1242.500000,3326.766113
1243.000000,3321.620850
1243.500000,3315.685059
1244.000000,3309.587402
1244.500000,3304.067139
1245.000000,3299.744385
1245.500000,3297.962646
1246.000000,3299.237305
1246.500000,3304.753418
1247.000000,3313.727539
1247.500000,3324.388916
1248.000000,3333.984619
1248.500000,3340.443115
1249.000000,3343.255371
1249.500000,3344.526855
1250.000000,3346.651367
1250.500000,3350.605225
1251.000000,3355.750488
1251.500000,3360.050049
1252.000000,3361.896729
1252.500000,3361.367188
1253.000000,3359.447754
1253.500000,3356.828369
1254.000000,3353.480469
1254.500000,3348.933105
1255.000000,3343.864014
1255.500000,3339.919922
1256.000000,3338.105225
1256.500000,3337.952393
1257.000000,3336.699951
1257.500000,3331.260498
1258.000000,3320.887207
1258.500000,3308.602539
1259.000000,3299.476562
1259.500000,3296.610352
1260.000000,3301.281494
1260.500000,3308.402344
1261.000000,3312.741211
1261.500000,3311.598877
1262.000000,3305.461426
1262.500000,3298.089355
1263.000000,3293.110352
1263.500000,3291.759766
1264.000000,3291.913574
1264.500000,3290.611572
1265.000000,3286.740723
1265.500000,3281.288330
1266.000000,3277.302246
1266.500000,3277.435547
1267.000000,3281.384521
1267.500000,3286.589355
1268.000000,3289.595947
1268.500000,3288.622559
1269.000000,3283.857910
1269.500000,3278.109863
1270.000000,3273.979736
1270.500000,3272.150146
1271.000000,3272.178955
1271.500000,3272.538086
1272.000000,3272.565918
1272.500000,3272.964600
1273.000000,3275.185791
1273.500000,3280.386963
1274.000000,3287.641846
1274.500000,3294.928467
1275.000000,3299.933838
1275.500000,3300.693848
1276.000000,3297.974365
1276.500000,3292.972656
1277.000000,3287.478516
1277.500000,3282.783447
1278.000000,3279.712891
1278.500000,3278.539307
1279.000000,3279.586426
1279.500000,3281.823975
1280.000000,3283.628906
1280.500000,3283.347168
1281.000000,3280.089600
1281.500000,3275.495117
1282.000000,3272.275391
1282.500000,3272.563965
1283.000000,3276.163818
1283.500000,3281.178467
1284.000000,3285.018555
1284.500000,3286.045654
1285.000000,3285.341309
1285.500000,3284.202148
1286.000000,3283.547607
1286.500000,3283.126221
1287.000000,3282.117188
1287.500000,3280.074219
1288.000000,3277.112793
1288.500000,3273.639404
1289.000000,3269.551025
1289.500000,3264.843018
1290.000000,3259.930908
1290.500000,3256.029785
1291.000000,3254.660645
1291.500000,3255.950928
1292.000000,3258.848145
1292.500000,3261.758789
1293.000000,3263.981934
1293.500000,3266.100098
1294.000000,3269.052002
1294.500000,3273.062744
1295.000000,3276.721924
1295.500000,3277.995361
1296.000000,3276.127686
1296.500000,3271.380859
1297.000000,3265.237793
1297.500000,3259.299072
1298.000000,3254.774414
1298.500000,3252.184570
1299.000000,3252.438965
1299.500000,3255.036133
1300.000000,3259.394287
1300.500000,3263.559570
1301.000000,3265.448242
1301.500000,3264.105957
1302.000000,3259.884277
1302.500000,3254.238281
1303.000000,3249.175537
1303.500000,3246.546631
1304.000000,3246.828125
1304.500000,3250.649414
1305.000000,3256.380371
1305.500000,3262.073486
1306.000000,3265.651123
1306.500000,3266.072266
1307.000000,3264.298584
1307.500000,3262.583496
1308.000000,3262.731201
1308.500000,3264.435791
1309.000000,3266.157715
1309.500000,3266.569092
1310.000000,3265.954834
1310.500000,3266.352051
1311.000000,3269.606445
1311.500000,3275.215332
1312.000000,3280.734375
1312.500000,3283.806885
1313.000000,3284.904053
1313.500000,3286.938721
1314.000000,3292.483154
1314.500000,3302.411133
1315.000000,3313.285156
1315.500000,3321.196533
1316.000000,3324.783447
1316.500000,3325.765625
1317.000000,3327.516846
1317.500000,3331.777100
1318.000000,3337.212891
1318.500000,3340.405273
1319.000000,3337.983887
1319.500000,3331.716309
1320.000000,3324.917969
1320.500000,3321.143799
1321.000000,3321.466797
1321.500000,3323.565430
1322.000000,3324.060303
1322.500000,3321.192627
1323.000000,3316.274902
1323.500000,3311.299805
1324.000000,3307.313232
1324.500000,3303.398926
1325.000000,3297.597412
1325.500000,3288.214844
1326.000000,3275.689697
1326.500000,3261.655762
1327.000000,3248.007080
1327.500000,3235.947510
1328.000000,3226.220703
1328.500000,3218.438965
1329.000000,3212.608887
1329.500000,3207.684326
1330.000000,3202.768799
1330.500000,3197.349121
1331.000000,3192.146973
1331.500000,3188.963135
1332.000000,3189.253174
1332.500000,3193.202393
1333.000000,3198.309082
1333.500000,3201.425049
1334.000000,3201.383789
1334.500000,3198.883545
1335.000000,3197.101318
1335.500000,3198.854248
1336.000000,3204.274658
1336.500000,3211.040039
1337.000000,3216.051270
1337.500000,3217.887695
1338.000000,3216.798584
1338.500000,3215.011475
1339.000000,3213.613525
1339.500000,3211.875488
1340.000000,3207.866943
1340.500000,3200.802246
1341.000000,3191.506348
1341.500000,3182.252930
1342.000000,3175.124756
1342.500000,3171.107422
1343.000000,3169.015381
1343.500000,3167.618896
1344.000000,3165.692383
1344.500000,3162.409912
1345.000000,3157.356934
1345.500000,3149.739990
1346.000000,3139.437744
1346.500000,3127.499268
1347.000000,3116.098633
1347.500000,3107.310059
1348.000000,3102.427734
1348.500000,3099.872314
1349.000000,3098.170898
1349.500000,3096.206055
1350.000000,3094.229492
1350.500000,3092.917725
1351.000000,3092.142090
1351.500000,3090.619141
1352.000000,3087.118408
1352.500000,3081.455811
1353.000000,3075.526611
1353.500000,3071.596436
1354.000000,3069.848389
1354.500000,3069.017334
1355.000000,3067.072266
1355.500000,3063.629639
1356.000000,3060.395264
1356.500000,3059.319824
1357.000000,3060.678223
1357.500000,3062.044922
1358.000000,3060.122314
1358.500000,3054.560059
1359.000000,3046.922852
1359.500000,3040.619873
1360.000000,3037.715820
1360.500000,3037.235352
1361.000000,3036.824463
1361.500000,3035.251709
1362.000000,3033.945801
1362.500000,3036.122559
1363.000000,3042.302246
1363.500000,3050.604004
1364.000000,3056.356201
1364.500000,3055.338623
1365.000000,3047.903564
1365.500000,3037.261963
1366.000000,3027.782959
1366.500000,3021.797119
1367.000000,3018.938721
1367.500000,3016.470703
1368.000000,3012.368408
1368.500000,3007.204102
1369.000000,3003.122070
1369.500000,3001.928223
1370.000000,3003.694336
1370.500000,3006.200684
1371.000000,3006.660400
1371.500000,3003.160889
1372.000000,2996.270508
1372.500000,2987.215332
1373.000000,2978.171875
1373.500000,2970.580811
1374.000000,2964.645996
1374.500000,2960.381104
1375.000000,2957.297119
1375.500000,2955.032715
1376.000000,2953.375977
1376.500000,2952.284180
1377.000000,2952.031250
1377.500000,2952.528320
1378.000000,2953.293701
1378.500000,2953.201904
1379.000000,2950.971924
1379.500000,2946.746094
1380.000000,2941.677490
1380.500000,2937.353760
1381.000000,2934.178955
1381.500000,2930.745850
1382.000000,2925.036865
1382.500000,2915.791992
1383.000000,2905.623047
1383.500000,2899.011475
1384.000000,2898.401123
1384.500000,2904.043457
1385.000000,2912.385986
1385.500000,2919.424805
1386.000000,2922.817139
1386.500000,2922.919678
1387.000000,2920.410156
1387.500000,2916.348389
1388.000000,2910.628662
1388.500000,2904.298340
1389.000000,2899.464600
1389.500000,2898.157959
1390.000000,2900.730957
1390.500000,2904.910889
1391.000000,2907.565674
1391.500000,2906.811523
1392.000000,2903.837402
1392.500000,2900.629395
1393.000000,2898.582031
1393.500000,2897.555176
1394.000000,2896.385498
1394.500000,2894.612061
1395.000000,2892.787354
1395.500000,2891.321777
1396.000000,2889.197998
1396.500000,2884.631592
1397.000000,2876.061279
1397.500000,2865.225586
1398.000000,2854.960693
1398.500000,2847.616211
1399.000000,2843.939453
1399.500000,2842.078613
1400.000000,2840.033203
1400.500000,2837.103027
1401.000000,2834.158203
1401.500000,2832.461914
1402.000000,2831.997803
1402.500000,2831.691895
1403.000000,2830.356201
1403.500000,2827.655762
1404.000000,2824.611816
1404.500000,2822.391602
1405.000000,2821.324951
1405.500000,2820.587402
1406.000000,2818.803711
1406.500000,2815.339600
1407.000000,2810.489014
1407.500000,2806.063477
1408.000000,2804.330811
1408.500000,2805.617432
1409.000000,2809.117188
1409.500000,2812.571533
1410.000000,2813.893555
1410.500000,2812.197021
1411.000000,2808.481934
1411.500000,2804.350830
1412.000000,2801.386475
1412.500000,2800.677246
1413.000000,2801.517334
1413.500000,2802.703125
1414.000000,2802.340576
1414.500000,2798.737305
1415.000000,2791.675293
1415.500000,2783.092529
1416.000000,2776.462158
1416.500000,2774.494141
1417.000000,2778.927002
1417.500000,2786.116943
1418.000000,2791.313232
1418.500000,2791.050293
1419.000000,2784.579346
1419.500000,2775.600342
1420.000000,2769.098633
1420.500000,2767.885986
1421.000000,2770.291260
1421.500000,2772.428467
1422.000000,2770.582031
1422.500000,2762.356689
1423.000000,2750.503174
1423.500000,2738.828125
1424.000000,2730.986572
1424.500000,2728.583984
1425.000000,2730.293457
1425.500000,2732.661133
1426.000000,2732.770752
1426.500000,2730.287354
1427.000000,2726.233887
1427.500000,2722.803955
1428.000000,2721.167969
1428.500000,2720.635254
1429.000000,2719.908203
1429.500000,2718.178467
1430.000000,2715.769043
1430.500000,2713.500488
1431.000000,2711.557129
1431.500000,2709.020264
1432.000000,2705.158203
1432.500000,2700.252930
1433.000000,2696.457275
1433.500000,2696.674561
1434.000000,2701.804932
1434.500000,2710.245117
1435.000000,2718.163330
1435.500000,2721.834961
1436.000000,2719.019531
1436.500000,2712.704590
1437.000000,2707.230225
1437.500000,2706.091797
1438.000000,2711.156494
1438.500000,2720.111328
1439.000000,2729.637695
1439.500000,2736.812012
1440.000000,2740.642578
1440.500000,2741.489746
1441.000000,2740.980225
1441.500000,2740.090332
1442.000000,2739.530029
1442.500000,2739.830566
1443.000000,2741.036621
1443.500000,2742.662842
1444.000000,2743.396240
1444.500000,2741.829590
1445.000000,2737.510498
1445.500000,2732.005615
1446.000000,2727.918945
1446.500000,2727.184082
1447.000000,2731.167725
1447.500000,2738.370850
1448.000000,2747.895752
1448.500000,2758.287354
1449.000000,2767.975830
1449.500000,2775.035889
1450.000000,2778.201660
1450.500000,2777.397705
1451.000000,2775.543945
1451.500000,2776.508545
1452.000000,2781.301514
1452.500000,2788.102051
1453.000000,2792.614502
1453.500000,2791.531250
1454.000000,2785.696777
1454.500000,2779.392578
1455.000000,2777.537598
1455.500000,2781.574463
1456.000000,2790.133301
1456.500000,2797.871582
1457.000000,2799.445557
1457.500000,2794.162109
1458.000000,2783.212402
1458.500000,2771.234619
1459.000000,2763.337646
1459.500000,2763.045410
1460.000000,2769.588623
1460.500000,2779.394287
1461.000000,2786.472412
1461.500000,2784.989258
1462.000000,2776.781738
1462.500000,2766.037842
1463.000000,2758.679443
1463.500000,2758.381836
1464.000000,2764.277832
1464.500000,2772.216309
1465.000000,2777.680176
1465.500000,2778.473389
1466.000000,2773.608154
1466.500000,2765.813965
1467.000000,2757.663330
1467.500000,2751.665039
1468.000000,2749.780029
1468.500000,2751.883789
1469.000000,2756.053467
1469.500000,2759.088867
1470.000000,2758.370117
1470.500000,2752.558350
1471.000000,2744.178467
1471.500000,2736.483887
1472.000000,2731.341064
1472.500000,2728.383301
1473.000000,2724.868652
1473.500000,2718.143311
1474.000000,2707.786133
1474.500000,2696.219238
1475.000000,2686.974121
1475.500000,2681.707520
1476.000000,2680.029541
1476.500000,2678.006104
1477.000000,2672.603027
1477.500000,2664.214355
1478.000000,2655.734131
1478.500000,2650.844727
1479.000000,2651.111084
1479.500000,2655.037109
1480.000000,2658.566406
1480.500000,2657.836914
1481.000000,2653.227539
1481.500000,2646.305664
1482.000000,2639.691406
1482.500000,2634.429443
1483.000000,2629.964844
1483.500000,2625.631348
1484.000000,2621.767334
1484.500000,2619.548828
1485.000000,2620.240479
1485.500000,2622.726318
1486.000000,2625.029297
1486.500000,2625.424316
1487.000000,2623.290039
1487.500000,2620.119873
1488.000000,2617.718506
1488.500000,2617.012207
1489.000000,2617.457520
1489.500000,2617.672363
1490.000000,2616.664307
1490.500000,2614.198730
1491.000000,2611.208252
1491.500000,2608.430908
1492.000000,2606.087158
1492.500000,2603.870117
1493.000000,2601.214355
1493.500000,2597.692871
1494.000000,2593.209717
1494.500000,2588.241699
1495.000000,2583.468994
1495.500000,2579.685303
1496.000000,2578.282227
1496.500000,2579.698242
1497.000000,2584.638916
1497.500000,2591.968750
1498.000000,2599.414551
1498.500000,2603.718994
1499.000000,2602.803223
1499.500000,2596.223389
1500.000000,2587.294678
1500.500000,2580.384766
1501.000000,2578.239258
1501.500000,2582.076660
1502.000000,2588.854736
1502.500000,2595.274902
1503.000000,2599.550781
1503.500000,2602.128174
1504.000000,2604.016113
1504.500000,2605.376709
1505.000000,2604.915771
1505.500000,2602.273438
1506.000000,2598.494141
1506.500000,2596.647217
1507.000000,2599.757324
1507.500000,2607.203125
1508.000000,2616.474609
1508.500000,2624.931396
1509.000000,2631.877686
1509.500000,2638.280762
1510.000000,2645.119629
1510.500000,2651.382812
1511.000000,2654.811035
1511.500000,2653.323975
1512.000000,2648.446045
1512.500000,2642.940674
1513.000000,2639.346680
1513.500000,2638.172852
1514.000000,2638.372559
1514.500000,2638.565186
1515.000000,2638.713379
1515.500000,2639.720215
1516.000000,2642.403564
1516.500000,2646.135986
1517.000000,2649.991455
1517.500000,2653.295654
1518.000000,2655.935059
1518.500000,2657.833984
1519.000000,2658.490967
1519.500000,2656.768799
1520.000000,2652.972412
1520.500000,2648.108643
1521.000000,2644.341309
1521.500000,2643.603760
1522.000000,2645.767090
1522.500000,2649.381592
1523.000000,2652.080811
1523.500000,2652.148926
1524.000000,2649.351562
1524.500000,2645.455566
1525.000000,2642.744141
1525.500000,2642.628906
1526.000000,2645.935059
1526.500000,2651.144043
1527.000000,2656.291992
1527.500000,2659.521484
1528.000000,2660.195801
1528.500000,2658.681396
1529.000000,2656.331299
1529.500000,2654.516846
1530.000000,2654.137451
1530.500000,2655.883789
1531.000000,2658.909180
1531.500000,2661.959229
1532.000000,2663.943115
1532.500000,2664.926514
1533.000000,2666.341797
1533.500000,2669.908691
1534.000000,2676.557861
1534.500000,2684.713135
1535.000000,2691.749268
1535.500000,2695.977783
1536.000000,2696.795654
1536.500000,2695.331299
1537.000000,2691.744385
1537.500000,2685.481201
1538.000000,2676.156494
1538.500000,2664.902100
1539.000000,2655.148438
1539.500000,2650.752441
1540.000000,2651.156494
1540.500000,2653.992676
1541.000000,2655.109863
1541.500000,2652.235840
1542.000000,2646.852539
1542.500000,2642.221680
1543.000000,2640.860107
1543.500000,2641.881104
1544.000000,2642.813965
1544.500000,2641.435791
1545.000000,2636.357910
1545.500000,2628.972900
1546.000000,2620.565918
1546.500000,2612.850098
1547.000000,2607.450928
1547.500000,2605.367432
1548.000000,2606.428223
1548.500000,2609.280029
1549.000000,2611.349609
1549.500000,2610.173340
1550.000000,2606.049072
1550.500000,2600.327393
1551.000000,2595.392334
1551.500000,2592.393066
1552.000000,2590.931641
1552.500000,2590.199707
1553.000000,2589.955566
1553.500000,2590.553467
1554.000000,2592.618896
1554.500000,2595.510498
1555.000000,2597.888184
1555.500000,2598.521973
1556.000000,2596.367432
1556.500000,2591.745361
1557.000000,2585.388184
1557.500000,2578.517334
1558.000000,2572.583740
1558.500000,2568.973877
1559.000000,2567.860352
1559.500000,2569.228760
1560.000000,2571.326904
1560.500000,2572.548828
1561.000000,2572.113770
1561.500000,2570.388184
1562.000000,2569.076660
1562.500000,2569.789307
1563.000000,2573.207764
1563.500000,2578.127441
1564.000000,2582.593262
1564.500000,2585.024170
1565.000000,2584.504395
1565.500000,2582.694580
1566.000000,2581.287109
1566.500000,2581.169922
1567.000000,2581.954834
1567.500000,2582.423584
1568.000000,2581.666748
1568.500000,2579.562012
1569.000000,2577.118408
1569.500000,2575.143311
1570.000000,2573.756592
1570.500000,2573.049805
1571.000000,2573.296631
1571.500000,2575.422852
1572.000000,2580.078125
1572.500000,2586.489502
1573.000000,2592.471680
1573.500000,2595.677734
1574.000000,2593.845703
1574.500000,2588.221924
1575.000000,2580.527832
1575.500000,2573.801025
1576.000000,2570.210449
1576.500000,2569.746094
1577.000000,2571.128906
1577.500000,2572.504150
1578.000000,2572.347900
1578.500000,2569.723145
1579.000000,2565.345215
1579.500000,2560.185547
1580.000000,2555.380615
1580.500000,2551.232422
1581.000000,2547.082520
1581.500000,2541.892090
1582.000000,2535.139648
1582.500000,2527.512451
1583.000000,2520.563232
1583.500000,2515.146240
1584.000000,2510.808350
1584.500000,2505.283203
1585.000000,2495.735352
1585.500000,2481.946533
1586.000000,2465.802490
1586.500000,2451.557617
1587.000000,2442.568604
1587.500000,2439.935547
1588.000000,2441.003662
1588.500000,2442.356445
1589.000000,2441.090820
1589.500000,2435.646973
1590.000000,2428.279053
1590.500000,2421.338379
1591.000000,2416.473633
1591.500000,2413.710693
1592.000000,2411.415039
1592.500000,2407.437256
1593.000000,2400.523682
1593.500000,2392.325195
1594.000000,2385.512451
1594.500000,2381.600830
1595.000000,2380.449951
1595.500000,2379.130859
1596.000000,2374.435059
1596.500000,2366.083984
1597.000000,2357.072510
1597.500000,2351.217285
1598.000000,2349.598145
1598.500000,2350.630859
1599.000000,2350.158936
1599.500000,2345.164307
1600.000000,2337.976807
1600.500000,2332.509277
1601.000000,2331.174561
1601.500000,2332.763428
1602.000000,2333.136230
1602.500000,2328.671143
1603.000000,2318.803223
1603.500000,2307.931885
1604.000000,2300.518799
1604.500000,2297.571777
1605.000000,2298.187988
1605.500000,2299.408447
1606.000000,2299.345947
1606.500000,2298.095703
1607.000000,2296.602783
1607.500000,2295.413086
1608.000000,2294.429932
1608.500000,2293.413086
1609.000000,2292.249512
1609.500000,2290.606201
1610.000000,2287.954346
1610.500000,2283.712646
1611.000000,2278.467041
1611.500000,2274.043945
1612.000000,2272.748047
1612.500000,2275.138916
1613.000000,2279.890869
1613.500000,2284.001465
1614.000000,2285.064941
1614.500000,2283.465576
1615.000000,2280.585938
1615.500000,2278.367432
1616.000000,2277.564209
1616.500000,2277.652100
1617.000000,2277.752930
1617.500000,2277.293701
1618.000000,2276.095947
1618.500000,2273.485840
1619.000000,2269.261963
1619.500000,2263.463867
1620.000000,2257.418945
1620.500000,2252.807373
1621.000000,2250.429932
1621.500000,2249.425293
1622.000000,2247.655762
1622.500000,2243.692627
1623.000000,2237.472656
1623.500000,2231.030518
1624.000000,2226.304443
1624.500000,2223.344238
1625.000000,2220.449951
1625.500000,2215.082520
1626.000000,2205.818848
1626.500000,2193.303955
1627.000000,2180.331299
1627.500000,2170.294678
1628.000000,2164.741943
1628.500000,2163.560059
1629.000000,2163.103760
1629.500000,2160.145752
1630.000000,2153.729004
1630.500000,2145.289795
1631.000000,2138.063965
1631.500000,2134.168457
1632.000000,2133.000244
1632.500000,2131.616455
1633.000000,2127.058594
1633.500000,2119.432861
1634.000000,2110.464111
1634.500000,2103.473145
1635.000000,2101.081299
1635.500000,2103.687012
1636.000000,2110.065186
1636.500000,2117.744629
1637.000000,2123.540039
1637.500000,2124.630859
1638.000000,2122.139893
1638.500000,2118.293701
1639.000000,2116.096191
1639.500000,2116.468262
1640.000000,2116.721680
1640.500000,2112.553467
1641.000000,2102.229736
1641.500000,2088.554688
1642.000000,2076.949219
1642.500000,2071.517578
1643.000000,2074.442627
1643.500000,2080.272949
1644.000000,2082.645508
1644.500000,2078.261719
1645.000000,2067.300781
1645.500000,2054.330078
1646.000000,2044.880615
1646.500000,2042.051147
1647.000000,2043.215942
1647.500000,2044.101318
1648.000000,2041.185669
1648.500000,2032.860229
1649.000000,2021.775391
1649.500000,2010.565308
1650.000000,2000.504639
1650.500000,1991.428955
1651.000000,1983.024658
1651.500000,1975.476562
1652.000000,1969.272461
1652.500000,1963.652710
1653.000000,1957.341797
1653.500000,1950.172607
1654.000000,1943.722290
1654.500000,1940.316406
1655.000000,1941.665649
1655.500000,1946.036621
1656.000000,1950.150024
1656.500000,1951.461060
1657.000000,1950.180786
1657.500000,1948.036499
1658.000000,1947.385864
1658.500000,1949.102051
1659.000000,1951.538696
1659.500000,1952.149536
1660.000000,1948.921387
1660.500000,1941.329468
1661.000000,1931.037964
1661.500000,1921.535645
1662.000000,1915.744385
1662.500000,1913.555664
1663.000000,1913.802490
1663.500000,1913.816406
1664.000000,1912.405518
1664.500000,1910.207397
1665.000000,1907.961182
1665.500000,1905.447144
1666.000000,1901.737183
1666.500000,1896.406738
1667.000000,1891.131470
1667.500000,1888.381226
1668.000000,1888.263550
1668.500000,1888.973389
1669.000000,1887.102539
1669.500000,1880.350464
1670.000000,1870.640625
1670.500000,1862.005005
1671.000000,1858.101807
1671.500000,1859.068604
1672.000000,1862.940674
1672.500000,1865.776245
1673.000000,1865.419067
1673.500000,1863.022217
1674.000000,1860.483887
1674.500000,1859.190918
1675.000000,1858.722656
1675.500000,1857.239868
1676.000000,1853.463135
1676.500000,1847.192261
1677.000000,1840.093750
1677.500000,1834.174561
1678.000000,1830.391479
1678.500000,1828.770874
1679.000000,1827.865356
1679.500000,1825.979370
1680.000000,1822.015015
1680.500000,1816.444946
1681.000000,1811.471680
1681.500000,1809.145142
1682.000000,1810.462769
1682.500000,1812.894653
1683.000000,1812.786377
1683.500000,1808.517578
1684.000000,1801.396606
1684.500000,1794.873535
1685.000000,1791.492798
1685.500000,1791.296509
1686.000000,1792.029541
1686.500000,1791.948242
1687.000000,1791.053833
1687.500000,1789.518433
1688.000000,1786.917236
1688.500000,1781.913452
1689.000000,1775.419189
1689.500000,1770.886475
1690.000000,1771.817505
1690.500000,1778.075073
1691.000000,1785.217529
1691.500000,1786.827515
1692.000000,1778.926758
1692.500000,1766.222046
1693.000000,1754.515381
1693.500000,1747.733154
1694.000000,1745.852173
1694.500000,1744.910034
1695.000000,1742.599487
1695.500000,1739.863159
1696.000000,1739.141602
1696.500000,1741.816162
1697.000000,1745.103027
1697.500000,1744.644043
1698.000000,1739.127441
1698.500000,1729.725464
1699.000000,1720.996094
1699.500000,1717.476440
1700.000000,1719.974121
1700.500000,1725.288940
1701.000000,1728.869141
1701.500000,1727.873047
1702.000000,1721.135986
1702.500000,1712.945435
1703.000000,1706.830444
1703.500000,1703.947754
1704.000000,1703.213501
1704.500000,1702.025269
1705.000000,1698.784180
1705.500000,1693.932983
1706.000000,1689.247314
1706.500000,1686.304321
1707.000000,1684.938232
1707.500000,1683.968872
1708.000000,1681.722290
1708.500000,1677.074829
1709.000000,1670.513428
1709.500000,1663.764160
1710.000000,1659.285522
1710.500000,1657.942749
1711.000000,1659.142578
1711.500000,1660.287109
1712.000000,1658.937622
1712.500000,1655.400757
1713.000000,1651.931885
1713.500000,1650.847290
1714.000000,1652.607300
1714.500000,1655.044800
1715.000000,1654.760864
1715.500000,1649.838867
1716.000000,1641.928711
1716.500000,1633.722534
1717.000000,1627.915161
1717.500000,1626.465210
1718.000000,1628.053711
1718.500000,1630.870483
1719.000000,1632.893311
1719.500000,1632.821289
1720.000000,1630.492920
1720.500000,1627.514526
1721.000000,1625.957275
1721.500000,1626.581055
1722.000000,1628.955566
1722.500000,1630.536987
1723.000000,1628.659058
1723.500000,1623.123901
1724.000000,1615.521240
1724.500000,1608.736694
1725.000000,1605.483276
1725.500000,1607.489380
1726.000000,1613.138062
1726.500000,1620.435547
1727.000000,1626.010376
1727.500000,1626.373535
1728.000000,1621.340820
1728.500000,1612.989990
1729.000000,1604.742920
1729.500000,1598.974731
1730.000000,1595.869995
1730.500000,1593.460815
1731.000000,1590.673340
1731.500000,1588.371460
1732.000000,1588.591309
1732.500000,1591.459229
1733.000000,1594.943604
1733.500000,1595.922119
1734.000000,1592.612793
1734.500000,1585.567627
1735.000000,1577.536255
1735.500000,1571.688354
1736.000000,1569.382690
1736.500000,1571.595947
1737.000000,1576.137817
1737.500000,1580.354126
1738.000000,1581.761475
1738.500000,1579.786377
1739.000000,1576.060059
1739.500000,1572.823975
1740.000000,1571.218994
1740.500000,1570.482178
1741.000000,1570.075806
1741.500000,1570.375610
1742.000000,1572.313354
1742.500000,1574.842407
1743.000000,1574.933350
1743.500000,1570.471191
1744.000000,1562.180664
1744.500000,1553.515259
1745.000000,1548.167236
1745.500000,1547.141724
1746.000000,1547.781006
1746.500000,1548.004395
1747.000000,1547.426758
1747.500000,1546.985718
1748.000000,1547.184326
1748.500000,1547.429565
1749.000000,1546.934814
1749.500000,1545.719727
1750.000000,1544.362549
1750.500000,1543.072021
1751.000000,1541.195679
1751.500000,1538.339722
1752.000000,1534.729370
1752.500000,1531.611206
1753.000000,1530.093994
1753.500000,1530.351196
1754.000000,1531.765625
1754.500000,1533.238525
1755.000000,1533.630493
1755.500000,1532.233032
1756.000000,1529.922607
1756.500000,1528.319336
1757.000000,1528.628296
1757.500000,1530.250488
1758.000000,1530.783813
1758.500000,1528.173096
1759.000000,1522.653931
1759.500000,1517.203003
1760.000000,1514.794067
1760.500000,1515.199463
1761.000000,1516.630005
1761.500000,1516.764648
1762.000000,1515.332642
1762.500000,1514.039062
1763.000000,1514.060913
1763.500000,1514.906372
1764.000000,1514.923706
1764.500000,1513.075317
1765.000000,1509.973633
1765.500000,1506.368652
1766.000000,1502.668091
1766.500000,1498.501343
1767.000000,1494.049194
1767.500000,1490.445679
1768.000000,1489.034058
1768.500000,1490.383301
1769.000000,1493.301514
1769.500000,1495.453369
1770.000000,1494.894043
1770.500000,1491.783691
1771.000000,1486.951416
1771.500000,1482.493164
1772.000000,1479.571167
1772.500000,1477.850220
1773.000000,1476.122803
1773.500000,1473.261841
1774.000000,1469.923096
1774.500000,1468.459229
1775.000000,1470.849854
1775.500000,1478.326294
1776.000000,1486.835693
1776.500000,1491.062622
1777.000000,1488.410767
1777.500000,1479.131958
1778.000000,1467.998169
1778.500000,1460.425903
1779.000000,1459.024902
1779.500000,1462.175781
1780.000000,1467.296875
1780.500000,1471.512085
1781.000000,1473.807739
1781.500000,1474.797729
1782.000000,1474.492065
1782.500000,1472.356812
1783.000000,1467.766846
1783.500000,1461.265137
1784.000000,1454.937378
1784.500000,1451.532349
1785.000000,1451.526001
1785.500000,1453.254395
1786.000000,1453.479370
1786.500000,1449.897461
1787.000000,1443.556519
1787.500000,1437.364014
1788.000000,1433.777588
1788.500000,1433.439331
1789.000000,1435.687866
1789.500000,1438.449707
1790.000000,1439.379150
1790.500000,1437.190063
1791.000000,1431.061890
1791.500000,1423.833862
1792.000000,1419.953003
1792.500000,1421.918457
1793.000000,1428.866943
1793.500000,1436.883911
1794.000000,1442.003174
1794.500000,1442.881836
1795.000000,1441.270874
1795.500000,1437.963379
1796.000000,1433.671997
1796.500000,1429.190308
1797.000000,1426.109863
1797.500000,1425.556274
1798.000000,1426.341919
1798.500000,1425.611938
1799.000000,1421.831787
1799.500000,1416.621460
1800.000000,1412.473633
1800.500000,1410.192261
1801.000000,1409.059692
1801.500000,1408.472046
1802.000000,1409.289795
1802.500000,1411.796265
1803.000000,1413.740356
1803.500000,1411.890015
1804.000000,1405.902344
1804.500000,1398.588623
1805.000000,1394.439941
1805.500000,1395.641968
1806.000000,1399.567871
1806.500000,1403.439575
1807.000000,1405.523926
1807.500000,1405.774536
1808.000000,1404.559204
1808.500000,1402.426636
1809.000000,1400.131226
1809.500000,1398.425781
1810.000000,1397.510132
