440.000000,16144.896484
440.500000,16207.797852
441.000000,16290.825195
441.500000,16394.128906
442.000000,16512.714844
442.500000,16643.630859
443.000000,16784.181641
443.500000,16930.156250
444.000000,17077.533203
444.500000,17220.814453
445.000000,17351.226562
445.500000,17465.777344
446.000000,17561.476562
446.500000,17639.328125
447.000000,17695.568359
447.500000,17724.621094
448.000000,17720.330078
448.500000,17680.625000
449.000000,17614.107422
449.500000,17525.021484
450.000000,17426.277344
450.500000,17323.685547
451.000000,17219.474609
451.500000,17111.849609
452.000000,17000.203125
452.500000,16886.460938
453.000000,16776.267578
453.500000,16674.136719
454.000000,16582.628906
454.500000,16498.466797
455.000000,16419.265625
455.500000,16341.174805
456.000000,16263.747070
456.500000,16188.063477
457.000000,16115.305664
457.500000,16045.531250
458.000000,15977.717773
458.500000,15911.212891
459.000000,15846.537109
459.500000,15786.154297
460.000000,15730.811523
460.500000,15682.058594
461.000000,15637.594727
461.500000,15595.549805
462.000000,15555.385742
462.500000,15518.315430
463.000000,15487.544922
463.500000,15465.555664
464.000000,15454.528320
464.500000,15452.304688
465.000000,15459.708008
465.500000,15474.397461
466.000000,15497.194336
466.500000,15526.303711
467.000000,15560.939453
467.500000,15600.103516
468.000000,15642.491211
468.500000,15687.835938
469.000000,15734.765625
469.500000,15781.330078
470.000000,15824.373047
470.500000,15857.973633
471.000000,15876.930664
471.500000,15876.935547
472.000000,15860.623047
472.500000,15833.540039
473.000000,15802.306641
473.500000,15774.309570
474.000000,15755.676758
474.500000,15744.135742
475.000000,15738.186523
475.500000,15734.550781
476.000000,15732.805664
476.500000,15735.611328
477.000000,15747.418945
477.500000,15771.548828
478.000000,15807.124023
478.500000,15852.333984
479.000000,15900.438477
479.500000,15945.671875
480.000000,15987.050781
480.500000,16026.125977
481.000000,16066.832031
481.500000,16113.536133
482.000000,16168.138672
482.500000,16227.710938
483.000000,16288.744141
483.500000,16347.460938
484.000000,16400.181641
484.500000,16446.828125
485.000000,16488.181641
485.500000,16527.238281
486.000000,16566.453125
486.500000,16607.953125
487.000000,16652.941406
487.500000,16700.095703
488.000000,16745.945312
488.500000,16786.144531
489.000000,16819.177734
489.500000,16843.585938
490.000000,16864.683594
490.500000,16889.656250
491.000000,16923.636719
491.500000,16970.076172
492.000000,17029.386719
492.500000,17099.896484
493.000000,17180.910156
493.500000,17271.898438
494.000000,17379.066406
494.500000,17502.720703
495.000000,17648.613281
495.500000,17813.365234
496.000000,17992.017578
496.500000,18179.646484
497.000000,18372.773438
497.500000,18570.667969
498.000000,18773.912109
498.500000,18984.306641
499.000000,19199.902344
499.500000,19418.417969
500.000000,19634.697266
500.500000,19840.693359
501.000000,20028.937500
501.500000,20193.984375
502.000000,20330.597656
502.500000,20437.783203
503.000000,20508.005859
503.500000,20542.396484
504.000000,20533.476562
504.500000,20490.570312
505.000000,20412.427734
505.500000,20309.433594
506.000000,20189.923828
506.500000,20064.326172
507.000000,19938.669922
507.500000,19812.804688
508.000000,19683.511719
508.500000,19544.568359
509.000000,19394.109375
509.500000,19232.445312
510.000000,19065.691406
510.500000,18898.640625
511.000000,18735.097656
511.500000,18577.162109
512.000000,18425.970703
512.500000,18281.382812
513.000000,18146.904297
513.500000,18023.546875
514.000000,17916.740234
514.500000,17825.851562
515.000000,17751.582031
515.500000,17690.699219
516.000000,17643.011719
516.500000,17608.814453
517.000000,17587.902344
517.500000,17581.871094
518.000000,17584.279297
518.500000,17591.097656
519.000000,17596.470703
519.500000,17595.947266
520.000000,17588.916016
520.500000,17578.244141
521.000000,17569.458984
521.500000,17567.500000
522.000000,17576.394531
522.500000,17596.070312
523.000000,17627.646484
523.500000,17665.960938
524.000000,17710.109375
524.500000,17758.666016
525.000000,17812.869141
525.500000,17873.480469
526.000000,17940.474609
526.500000,18010.267578
527.000000,18077.013672
527.500000,18132.306641
528.000000,18170.964844
528.500000,18180.222656
529.000000,18161.345703
529.500000,18111.767578
530.000000,18037.611328
530.500000,17942.927734
531.000000,17835.054688
531.500000,17723.638672
532.000000,17620.371094
532.500000,17534.035156
533.000000,17478.880859
533.500000,17456.597656
534.000000,17479.246094
534.500000,17542.279297
535.000000,17640.210938
535.500000,17761.326172
536.000000,17895.568359
536.500000,18034.833984
537.000000,18173.187500
537.500000,18307.683594
538.000000,18438.707031
538.500000,18564.708984
539.000000,18685.144531
539.500000,18797.109375
540.000000,18899.640625
540.500000,18993.132812
541.000000,19080.431641
541.500000,19164.042969
542.000000,19244.144531
542.500000,19319.570312
543.000000,19383.173828
543.500000,19431.548828
544.000000,19457.927734
544.500000,19463.394531
545.000000,19447.269531
545.500000,19413.740234
546.000000,19368.267578
546.500000,19318.615234
547.000000,19271.691406
547.500000,19234.015625
548.000000,19207.734375
548.500000,19198.224609
549.000000,19205.246094
549.500000,19231.513672
550.000000,19276.695312
550.500000,19342.031250
551.000000,19426.628906
551.500000,19524.476562
552.000000,19625.890625
552.500000,19716.875000
553.000000,19779.789062
553.500000,19810.082031
554.000000,19795.550781
554.500000,19738.794922
555.000000,19638.232422
555.500000,19502.244141
556.000000,19336.859375
556.500000,19143.603516
557.000000,18928.892578
557.500000,18692.021484
558.000000,18440.894531
558.500000,18181.244141
559.000000,17921.251953
559.500000,17668.248047
560.000000,17427.162109
560.500000,17201.050781
561.000000,16990.365234
561.500000,16789.441406
562.000000,16596.486328
562.500000,16409.216797
563.000000,16230.881836
563.500000,16063.838867
564.000000,15915.331055
564.500000,15784.493164
565.000000,15670.707031
565.500000,15570.703125
566.000000,15480.275391
566.500000,15398.123047
567.000000,15323.387695
567.500000,15259.079102
568.000000,15204.296875
568.500000,15159.915039
569.000000,15121.504883
569.500000,15083.620117
570.000000,15038.748047
570.500000,14981.651367
571.000000,14909.558594
571.500000,14825.428711
572.000000,14732.986328
572.500000,14640.761719
573.000000,14560.571289
573.500000,14497.032227
574.000000,14455.885742
574.500000,14435.235352
575.000000,14432.472656
575.500000,14443.041992
576.000000,14460.926758
576.500000,14480.781250
577.000000,14497.876953
577.500000,14505.889648
578.000000,14502.020508
578.500000,14480.088867
579.000000,14440.571289
579.500000,14387.485352
580.000000,14329.311523
580.500000,14274.181641
581.000000,14228.125000
581.500000,14191.324219
582.000000,14161.539062
582.500000,14131.537109
583.000000,14097.067383
583.500000,14059.009766
584.000000,14020.745117
584.500000,13986.734375
585.000000,13960.091797
585.500000,13939.846680
586.000000,13921.149414
586.500000,13900.586914
587.000000,13877.916992
587.500000,13856.299805
588.000000,13840.984375
588.500000,13840.139648
589.000000,13854.523438
589.500000,13884.799805
590.000000,13929.676758
590.500000,13987.804688
591.000000,14061.405273
591.500000,14151.464844
592.000000,14262.457031
592.500000,14389.883789
593.000000,14533.814453
593.500000,14687.905273
594.000000,14848.162109
594.500000,15010.818359
595.000000,15175.082031
595.500000,15343.707031
596.000000,15520.734375
596.500000,15713.244141
597.000000,15922.171875
597.500000,16151.575195
598.000000,16393.646484
598.500000,16638.685547
599.000000,16876.658203
599.500000,17099.328125
600.000000,17302.765625
600.500000,17488.625000
601.000000,17657.849609
601.500000,17816.484375
602.000000,17962.468750
602.500000,18096.240234
603.000000,18212.900391
603.500000,18313.771484
604.000000,18400.128906
604.500000,18478.835938
605.000000,18557.453125
605.500000,18641.072266
606.000000,18731.375000
606.500000,18829.568359
607.000000,18933.224609
607.500000,19042.384766
608.000000,19154.681641
608.500000,19267.892578
609.000000,19377.285156
609.500000,19475.101562
610.000000,19551.578125
610.500000,19598.279297
611.000000,19606.484375
611.500000,19585.236328
612.000000,19535.570312
612.500000,19470.687500
613.000000,19396.029297
613.500000,19317.214844
614.000000,19236.541016
614.500000,19157.050781
615.000000,19084.341797
615.500000,19027.832031
616.000000,18993.255859
616.500000,18990.041016
617.000000,19011.037109
617.500000,19047.013672
618.000000,19080.886719
618.500000,19099.863281
619.000000,19098.648438
619.500000,19077.474609
620.000000,19039.802734
620.500000,18991.298828
621.000000,18932.861328
621.500000,18865.511719
622.000000,18786.251953
622.500000,18697.855469
623.000000,18602.119141
623.500000,18503.158203
624.000000,18402.798828
624.500000,18299.697266
625.000000,18190.886719
625.500000,18072.707031
626.000000,17945.513672
626.500000,17808.769531
627.000000,17666.546875
627.500000,17521.039062
628.000000,17374.658203
628.500000,17229.500000
629.000000,17088.550781
629.500000,16955.970703
630.000000,16837.333984
630.500000,16735.695312
631.000000,16654.343750
631.500000,16588.410156
632.000000,16538.361328
632.500000,16498.976562
633.000000,16468.105469
633.500000,16441.150391
634.000000,16412.267578
634.500000,16375.734375
635.000000,16328.936523
635.500000,16270.998047
636.000000,16207.349609
636.500000,16144.512695
637.000000,16089.512695
637.500000,16049.452148
638.000000,16024.045898
638.500000,16014.426758
639.000000,16020.590820
639.500000,16042.839844
640.000000,16083.424805
640.500000,16140.211914
641.000000,16211.320312
641.500000,16288.094727
642.000000,16365.305664
642.500000,16439.457031
643.000000,16509.966797
643.500000,16579.570312
644.000000,16652.902344
644.500000,16734.082031
645.000000,16824.263672
645.500000,16925.183594
646.000000,17034.201172
646.500000,17150.175781
647.000000,17267.892578
647.500000,17380.261719
648.000000,17481.042969
648.500000,17565.074219
649.000000,17631.238281
649.500000,17682.996094
650.000000,17724.388672
650.500000,17762.072266
651.000000,17799.617188
651.500000,17837.544922
652.000000,17873.539062
652.500000,17905.113281
653.000000,17929.298828
653.500000,17944.873047
654.000000,17951.443359
654.500000,17948.787109
655.000000,17940.117188
655.500000,17928.013672
656.000000,17916.177734
656.500000,17907.369141
657.000000,17901.464844
657.500000,17896.333984
658.000000,17887.652344
658.500000,17872.121094
659.000000,17850.404297
659.500000,17827.275391
660.000000,17809.732422
660.500000,17802.394531
661.000000,17810.328125
661.500000,17828.335938
662.000000,17849.654297
662.500000,17866.675781
663.000000,17874.472656
663.500000,17872.431641
664.000000,17862.923828
664.500000,17848.605469
665.000000,17831.847656
665.500000,17811.646484
666.000000,17786.822266
666.500000,17754.445312
667.000000,17715.046875
667.500000,17668.777344
668.000000,17617.792969
668.500000,17564.011719
669.000000,17509.289062
669.500000,17455.777344
670.000000,17407.039062
670.500000,17366.277344
671.000000,17341.123047
671.500000,17333.130859
672.000000,17348.158203
672.500000,17384.609375
673.000000,17439.070312
673.500000,17507.601562
674.000000,17586.546875
674.500000,17675.378906
675.000000,17772.759766
675.500000,17881.617188
676.000000,18001.128906
676.500000,18132.810547
677.000000,18274.039062
677.500000,18424.156250
678.000000,18580.896484
678.500000,18741.816406
679.000000,18904.164062
679.500000,19064.462891
680.000000,19218.519531
680.500000,19365.058594
681.000000,19500.292969
681.500000,19624.416016
682.000000,19733.392578
682.500000,19825.132812
683.000000,19893.917969
683.500000,19931.941406
684.000000,19937.851562
684.500000,19904.667969
685.000000,19837.541016
685.500000,19730.755859
686.000000,19595.462891
686.500000,19432.181641
687.000000,19249.119141
687.500000,19050.714844
688.000000,18840.886719
688.500000,18621.425781
689.000000,18392.753906
689.500000,18157.794922
690.000000,17919.896484
690.500000,17685.279297
691.000000,17463.281250
691.500000,17256.777344
692.000000,17069.826172
692.500000,16900.708984
693.000000,16747.757812
693.500000,16609.652344
694.000000,16484.566406
694.500000,16375.408203
695.000000,16280.164062
695.500000,16201.312500
696.000000,16135.016602
696.500000,16081.982422
697.000000,16039.611328
697.500000,16006.973633
698.000000,15982.008789
698.500000,15961.469727
699.000000,15941.807617
699.500000,15920.280273
700.000000,15894.541992
700.500000,15864.146484
701.000000,15825.950195
701.500000,15777.600586
702.000000,15712.082031
702.500000,15624.455078
703.000000,15513.868164
703.500000,15381.733398
704.000000,15235.574219
704.500000,15081.043945
705.000000,14925.444336
705.500000,14773.459961
706.000000,14627.230469
706.500000,14489.237305
707.000000,14359.826172
707.500000,14240.072266
708.000000,14129.997070
708.500000,14028.587891
709.000000,13937.237305
709.500000,13856.896484
710.000000,13798.431641
710.500000,13764.905273
711.000000,13766.758789
711.500000,13801.024414
712.000000,13866.132812
712.500000,13953.623047
713.000000,14054.596680
713.500000,14163.202148
714.000000,14275.640625
714.500000,14392.076172
715.000000,14511.946289
715.500000,14634.697266
716.000000,14757.343750
716.500000,14875.888672
717.000000,14987.040039
717.500000,15087.955078
718.000000,15177.040039
718.500000,15256.819336
719.000000,15329.167969
719.500000,15398.687500
720.000000,15469.723633
720.500000,15545.953125
721.000000,15631.700195
721.500000,15727.402344
722.000000,15832.535156
722.500000,15942.150391
723.000000,16049.987305
723.500000,16148.856445
724.000000,16234.023438
724.500000,16296.796875
725.000000,16337.075195
725.500000,16345.880859
726.000000,16323.258789
726.500000,16265.813477
727.000000,16178.351562
727.500000,16068.032227
728.000000,15945.175781
728.500000,15822.818359
729.000000,15712.348633
729.500000,15616.882812
730.000000,15538.862305
730.500000,15469.019531
731.000000,15401.944336
731.500000,15334.665039
732.000000,15268.586914
732.500000,15207.886719
733.000000,15156.567383
733.500000,15117.865234
734.000000,15089.181641
734.500000,15067.239258
735.000000,15045.736328
735.500000,15020.126953
736.000000,14988.033203
736.500000,14946.911133
737.000000,14895.884766
737.500000,14834.427734
738.000000,14761.891602
738.500000,14681.078125
739.000000,14595.733398
739.500000,14512.244141
740.000000,14438.949219
740.500000,14380.455078
741.000000,14343.352539
741.500000,14327.269531
742.000000,14330.369141
742.500000,14348.000977
743.000000,14372.187500
743.500000,14397.550781
744.000000,14420.163086
744.500000,14436.327148
745.000000,14445.522461
745.500000,14444.819336
746.000000,14433.897461
746.500000,14410.653320
747.000000,14375.089844
747.500000,14329.243164
748.000000,14274.477539
748.500000,14214.103516
749.000000,14149.360352
749.500000,14082.401367
750.000000,14014.005859
750.500000,13945.806641
751.000000,13881.619141
751.500000,13826.694336
752.000000,13788.043945
752.500000,13772.571289
753.000000,13781.246094
753.500000,13815.690430
754.000000,13866.319336
754.500000,13927.410156
755.000000,13990.410156
755.500000,14052.600586
756.000000,14115.805664
756.500000,14183.912109
757.000000,14259.547852
757.500000,14342.353516
758.000000,14430.609375
758.500000,14521.012695
759.000000,14612.493164
759.500000,14705.435547
760.000000,14801.537109
760.500000,14900.160156
761.000000,14998.956055
761.500000,15094.111328
762.000000,15181.686523
762.500000,15258.044922
763.000000,15322.235352
763.500000,15370.194336
764.000000,15402.196289
764.500000,15414.192383
765.000000,15410.927734
765.500000,15394.761719
766.000000,15372.243164
766.500000,15348.333984
767.000000,15325.167969
767.500000,15301.153320
768.000000,15271.530273
768.500000,15232.753906
769.000000,15181.977539
769.500000,15124.513672
770.000000,15065.283203
770.500000,15009.919922
771.000000,14962.255859
771.500000,14922.125977
772.000000,14885.912109
772.500000,14847.744141
773.000000,14800.986328
773.500000,14738.159180
774.000000,14659.939453
774.500000,14564.447266
775.000000,14458.023438
775.500000,14345.813477
776.000000,14234.635742
776.500000,14130.541016
777.000000,14038.355469
777.500000,13960.547852
778.000000,13899.978516
778.500000,13853.270508
779.000000,13821.231445
779.500000,13797.981445
780.000000,13780.063477
780.500000,13762.293945
781.000000,13740.272461
781.500000,13711.041016
782.000000,13673.418945
782.500000,13627.544922
783.000000,13577.471680
783.500000,13528.044922
784.000000,13485.147461
784.500000,13457.320312
785.000000,13447.163086
785.500000,13457.103516
786.000000,13481.788086
786.500000,13511.380859
787.000000,13532.279297
787.500000,13534.614258
788.000000,13508.851562
788.500000,13459.327148
789.000000,13386.319336
789.500000,13300.455078
790.000000,13207.161133
790.500000,13111.516602
791.000000,13015.351562
791.500000,12918.801758
792.000000,12822.123047
792.500000,12727.003906
793.000000,12635.723633
793.500000,12552.730469
794.000000,12478.867188
794.500000,12417.545898
795.000000,12368.136719
795.500000,12332.091797
796.000000,12309.351562
796.500000,12298.941406
797.000000,12298.321289
797.500000,12302.219727
798.000000,12306.267578
798.500000,12307.483398
799.000000,12304.976562
799.500000,12301.334961
800.000000,12299.558594
800.500000,12300.903320
801.000000,12303.381836
801.500000,12301.457031
802.000000,12289.782227
802.500000,12262.808594
803.000000,12221.930664
803.500000,12165.742188
804.000000,12099.660156
804.500000,12025.255859
805.000000,11946.297852
805.500000,11866.151367
806.000000,11789.223633
806.500000,11719.471680
807.000000,11659.349609
807.500000,11606.545898
808.000000,11558.347656
808.500000,11510.239258
809.000000,11460.504883
809.500000,11411.169922
810.000000,11367.535156
810.500000,11334.714844
811.000000,11316.396484
811.500000,11311.598633
812.000000,11314.791016
812.500000,11321.987305
813.000000,11329.569336
813.500000,11336.791016
814.000000,11344.567383
814.500000,11354.560547
815.000000,11367.693359
815.500000,11384.804688
816.000000,11406.595703
816.500000,11433.327148
817.000000,11465.532227
817.500000,11501.723633
818.000000,11540.761719
818.500000,11580.098633
819.000000,11617.750977
819.500000,11652.690430
820.000000,11683.778320
820.500000,11710.293945
821.000000,11731.358398
821.500000,11746.616211
822.000000,11758.585938
822.500000,11770.586914
823.000000,11785.978516
823.500000,11807.357422
824.000000,11832.663086
824.500000,11858.462891
825.000000,11880.875977
825.500000,11897.962891
826.000000,11910.979492
826.500000,11923.802734
827.000000,11940.109375
827.500000,11960.807617
828.000000,11987.490234
828.500000,12020.154297
829.000000,12063.155273
829.500000,12119.133789
830.000000,12191.308594
830.500000,12277.806641
831.000000,12372.187500
831.500000,12466.178711
832.000000,12553.116211
832.500000,12629.234375
833.000000,12697.538086
833.500000,12758.719727
834.000000,12814.395508
834.500000,12862.629883
835.000000,12902.238281
835.500000,12933.134766
836.000000,12957.333008
836.500000,12978.790039
837.000000,12999.679688
837.500000,13019.597656
838.000000,13034.767578
838.500000,13042.994141
839.000000,13041.962891
839.500000,13033.937500
840.000000,13022.264648
840.500000,13010.989258
841.000000,13002.943359
841.500000,12999.127930
842.000000,12997.231445
842.500000,12992.306641
843.000000,12979.523438
843.500000,12952.412109
844.000000,12911.226562
844.500000,12857.588867
845.000000,12798.183594
845.500000,12740.646484
846.000000,12690.918945
846.500000,12649.689453
847.000000,12615.083984
847.500000,12581.055664
848.000000,12541.871094
848.500000,12495.999023
849.000000,12442.494141
849.500000,12382.310547
850.000000,12314.749023
850.500000,12238.068359
851.000000,12151.206055
851.500000,12052.404297
852.000000,11944.833008
852.500000,11830.450195
853.000000,11714.653320
853.500000,11601.729492
854.000000,11494.179688
854.500000,11393.222656
855.000000,11298.039062
855.500000,11206.930664
856.000000,11118.941406
856.500000,11033.997070
857.000000,10955.751953
857.500000,10887.191406
858.000000,10835.271484
858.500000,10799.581055
859.000000,10779.669922
859.500000,10768.658203
860.000000,10758.829102
860.500000,10745.558594
861.000000,10728.965820
861.500000,10712.517578
862.000000,10700.297852
862.500000,10695.736328
863.000000,10696.144531
863.500000,10697.598633
864.000000,10695.605469
864.500000,10687.984375
865.000000,10676.589844
865.500000,10666.174805
866.000000,10661.186523
866.500000,10661.959961
867.000000,10666.814453
867.500000,10670.784180
868.000000,10669.242188
868.500000,10661.571289
869.000000,10649.848633
869.500000,10639.636719
870.000000,10637.136719
870.500000,10646.831055
871.000000,10667.204102
871.500000,10693.370117
872.000000,10716.463867
872.500000,10728.085938
873.000000,10727.750000
873.500000,10717.325195
874.000000,10704.436523
874.500000,10696.494141
875.000000,10697.505859
875.500000,10705.712891
876.000000,10716.124023
876.500000,10722.803711
877.000000,10721.602539
877.500000,10716.112305
878.000000,10712.459961
878.500000,10715.737305
879.000000,10727.854492
879.500000,10744.834961
880.000000,10759.453125
880.500000,10764.476562
881.000000,10758.174805
881.500000,10741.336914
882.000000,10721.593750
882.500000,10705.758789
883.000000,10696.566406
883.500000,10692.877930
884.000000,10688.306641
884.500000,10676.248047
885.000000,10652.675781
885.500000,10618.768555
886.000000,10577.224609
886.500000,10533.877930
887.000000,10493.045898
887.500000,10456.160156
888.000000,10423.469727
888.500000,10392.884766
889.000000,10362.441406
889.500000,10330.856445
890.000000,10298.313477
890.500000,10266.609375
891.000000,10238.054688
891.500000,10215.968750
892.000000,10200.158203
892.500000,10190.722656
893.000000,10184.489258
893.500000,10179.260742
894.000000,10174.317383
894.500000,10171.589844
895.000000,10175.045898
895.500000,10187.422852
896.000000,10211.079102
896.500000,10241.904297
897.000000,10275.915039
897.500000,10309.284180
898.000000,10342.117188
898.500000,10377.863281
899.000000,10421.546875
899.500000,10476.096680
900.000000,10539.610352
900.500000,10607.196289
901.000000,10671.695312
901.500000,10726.245117
902.000000,10771.307617
902.500000,10808.027344
903.000000,10841.339844
903.500000,10873.445312
904.000000,10903.211914
904.500000,10927.137695
905.000000,10941.551758
905.500000,10947.044922
906.000000,10945.143555
906.500000,10940.860352
907.000000,10936.498047
907.500000,10931.539062
908.000000,10922.321289
908.500000,10905.547852
909.000000,10879.592773
909.500000,10845.953125
910.000000,10808.571289
910.500000,10769.955078
911.000000,10730.677734
911.500000,10689.572266
912.000000,10647.270508
912.500000,10607.206055
913.000000,10574.453125
913.500000,10554.666016
914.000000,10549.095703
914.500000,10553.845703
915.000000,10562.618164
915.500000,10568.613281
916.000000,10567.607422
916.500000,10561.677734
917.000000,10554.145508
917.500000,10548.871094
918.000000,10547.740234
918.500000,10550.341797
919.000000,10555.957031
919.500000,10564.366211
920.000000,10575.184570
920.500000,10587.859375
921.000000,10600.261719
921.500000,10609.300781
922.000000,10613.791992
922.500000,10613.409180
923.000000,10610.938477
923.500000,10609.691406
924.000000,10611.975586
924.500000,10617.573242
925.000000,10624.538086
925.500000,10630.509766
926.000000,10634.062500
926.500000,10636.135742
927.000000,10638.146484
927.500000,10641.417969
928.000000,10646.540039
928.500000,10653.186523
929.000000,10661.212891
929.500000,10671.645508
930.000000,10686.156250
930.500000,10707.994141
931.000000,10736.948242
931.500000,10772.925781
932.000000,10811.271484
932.500000,10847.532227
933.000000,10879.167969
933.500000,10905.953125
934.000000,10929.768555
934.500000,10953.150391
935.000000,10977.711914
935.500000,11004.031250
936.000000,11034.291016
936.500000,11070.887695
937.000000,11120.227539
937.500000,11184.659180
938.000000,11264.998047
938.500000,11355.697266
939.000000,11448.160156
939.500000,11535.085938
940.000000,11615.479492
940.500000,11692.548828
941.000000,11771.711914
941.500000,11855.663086
942.000000,11941.432617
942.500000,12023.640625
943.000000,12098.106445
943.500000,12163.285156
944.000000,12219.495117
944.500000,12267.246094
945.000000,12301.203125
945.500000,12317.591797
946.000000,12305.629883
946.500000,12268.679688
947.000000,12207.295898
947.500000,12130.779297
948.000000,12045.368164
948.500000,11954.121094
949.000000,11857.255859
949.500000,11753.980469
950.000000,11646.859375
950.500000,11539.842773
951.000000,11437.175781
951.500000,11342.694336
952.000000,11255.619141
952.500000,11175.080078
953.000000,11099.356445
953.500000,11028.345703
954.000000,10964.184570
954.500000,10909.146484
955.000000,10868.548828
955.500000,10842.354492
956.000000,10834.328125
956.500000,10838.627930
957.000000,10850.856445
957.500000,10864.143555
958.000000,10873.648438
958.500000,10878.136719
959.000000,10880.354492
959.500000,10884.629883
960.000000,10893.578125
960.500000,10907.884766
961.000000,10923.069336
961.500000,10933.434570
962.000000,10935.349609
962.500000,10926.867188
963.000000,10910.081055
963.500000,10888.640625
964.000000,10864.947266
964.500000,10839.245117
965.000000,10807.409180
965.500000,10766.250000
966.000000,10710.084961
966.500000,10640.788086
967.000000,10560.189453
967.500000,10473.789062
968.000000,10385.716797
968.500000,10297.413086
969.000000,10207.739258
969.500000,10114.208984
970.000000,10016.841797
970.500000,9917.532227
971.000000,9820.858398
971.500000,9731.965820
972.000000,9652.123047
972.500000,9580.750000
973.000000,9514.848633
973.500000,9451.556641
974.000000,9390.493164
974.500000,9332.691406
975.000000,9281.374023
975.500000,9236.669922
976.000000,9199.355469
976.500000,9166.545898
977.000000,9135.851562
977.500000,9105.037109
978.000000,9073.440430
978.500000,9042.333008
979.000000,9014.320312
979.500000,8993.395508
980.000000,8980.262695
980.500000,8975.956055
981.000000,8976.104492
981.500000,8976.753906
982.000000,8974.871094
982.500000,8970.702148
983.000000,8968.287109
983.500000,8973.416992
984.000000,8991.320312
984.500000,9019.925781
985.000000,9056.125000
985.500000,9092.425781
986.000000,9124.049805
986.500000,9151.283203
987.000000,9177.810547
987.500000,9208.714844
988.000000,9246.988281
988.500000,9292.435547
989.000000,9341.032227
989.500000,9389.468750
990.000000,9436.783203
990.500000,9485.245117
991.000000,9538.065430
991.500000,9598.268555
992.000000,9665.032227
992.500000,9735.817383
993.000000,9807.884766
993.500000,9880.127930
994.000000,9953.951172
994.500000,10030.950195
995.000000,10112.852539
995.500000,10197.873047
996.000000,10284.102539
996.500000,10369.208008
997.000000,10451.440430
997.500000,10529.681641
998.000000,10602.758789
998.500000,10668.448242
999.000000,10726.512695
999.500000,10776.063477
1000.000000,10821.345703
1000.500000,10866.835938
1001.000000,10916.917969
1001.500000,10974.319336
1002.000000,11037.320312
1002.500000,11101.476562
1003.000000,11161.318359
1003.500000,11213.435547
1004.000000,11255.578125
1004.500000,11290.907227
1005.000000,11321.554688
1005.500000,11350.847656
1006.000000,11379.436523
1006.500000,11406.600586
1007.000000,11430.633789
1007.500000,11450.238281
1008.000000,11465.362305
1008.500000,11476.117188
1009.000000,11483.741211
1009.500000,11487.488281
1010.000000,11487.192383
1010.500000,11480.593750
1011.000000,11467.792969
1011.500000,11449.342773
1012.000000,11428.221680
1012.500000,11408.077148
1013.000000,11391.473633
1013.500000,11377.517578
1014.000000,11361.851562
1014.500000,11338.836914
1015.000000,11300.952148
1015.500000,11249.522461
1016.000000,11188.377930
1016.500000,11127.656250
1017.000000,11077.412109
1017.500000,11042.901367
1018.000000,11021.489258
1018.500000,11007.991211
1019.000000,10995.297852
1019.500000,10981.419922
1020.000000,10969.796875
1020.500000,10967.893555
1021.000000,10979.519531
1021.500000,11005.689453
1022.000000,11041.580078
1022.500000,11080.704102
1023.000000,11119.250000
1023.500000,11157.494141
1024.000000,11199.218750
1024.500000,11246.761719
1025.000000,11301.147461
1025.500000,11358.010742
1026.000000,11412.136719
1026.500000,11459.982422
1027.000000,11501.106445
1027.500000,11538.032227
1028.000000,11574.829102
1028.500000,11614.421875
1029.000000,11656.702148
1029.500000,11699.833008
1030.000000,11740.621094
1030.500000,11775.775391
1031.000000,11804.618164
1031.500000,11827.649414
1032.000000,11847.265625
1032.500000,11866.594727
1033.000000,11888.213867
1033.500000,11912.950195
1034.000000,11941.561523
1034.500000,11973.272461
1035.000000,12009.607422
1035.500000,12051.751953
1036.000000,12102.424805
1036.500000,12162.338867
1037.000000,12230.705078
1037.500000,12306.070312
1038.000000,12386.160156
1038.500000,12471.678711
1039.000000,12562.957031
1039.500000,12662.873047
1040.000000,12769.917969
1040.500000,12882.279297
1041.000000,12995.705078
1041.500000,13106.813477
1042.000000,13214.441406
1042.500000,13319.887695
1043.000000,13424.718750
1043.500000,13529.256836
1044.000000,13630.321289
1044.500000,13724.284180
1045.000000,13804.749023
1045.500000,13869.888672
1046.000000,13916.524414
1046.500000,13943.556641
1047.000000,13949.533203
1047.500000,13930.160156
1048.000000,13886.641602
1048.500000,13814.874023
1049.000000,13722.765625
1049.500000,13612.237305
1050.000000,13491.375977
1050.500000,13363.076172
1051.000000,13228.915039
1051.500000,13087.591797
1052.000000,12936.826172
1052.500000,12776.563477
1053.000000,12607.230469
1053.500000,12433.912109
1054.000000,12261.683594
1054.500000,12094.522461
1055.000000,11935.137695
1055.500000,11781.759766
1056.000000,11631.811523
1056.500000,11483.031250
1057.000000,11335.447266
1057.500000,11191.769531
1058.000000,11054.083008
1058.500000,10924.259766
1059.000000,10798.552734
1059.500000,10673.279297
1060.000000,10546.178711
1060.500000,10419.566406
1061.000000,10299.993164
1061.500000,10195.115234
1062.000000,10110.561523
1062.500000,10044.149414
1063.000000,9993.937500
1063.500000,9952.152344
1064.000000,9916.407227
1064.500000,9884.650391
1065.000000,9858.604492
1065.500000,9839.625000
1066.000000,9829.741211
1066.500000,9830.133789
1067.000000,9840.081055
1067.500000,9858.850586
1068.000000,9882.287109
1068.500000,9907.483398
1069.000000,9932.127930
1069.500000,9956.633789
1070.000000,9983.064453
1070.500000,10013.384766
1071.000000,10046.855469
1071.500000,10080.195312
1072.000000,10109.458984
1072.500000,10133.600586
1073.000000,10154.101562
1073.500000,10175.719727
1074.000000,10203.018555
1074.500000,10236.067383
1075.000000,10272.951172
1075.500000,10309.691406
1076.000000,10343.568359
1076.500000,10374.521484
1077.000000,10405.251953
1077.500000,10440.064453
1078.000000,10482.052734
1078.500000,10536.596680
1079.000000,10603.145508
1079.500000,10683.267578
1080.000000,10772.820312
1080.500000,10867.094727
1081.000000,10960.519531
1081.500000,11049.442383
1082.000000,11133.173828
1082.500000,11214.595703
1083.000000,11296.221680
1083.500000,11378.194336
1084.000000,11456.362305
1084.500000,11525.416992
1085.000000,11578.761719
1085.500000,11615.334961
1086.000000,11637.691406
1086.500000,11650.282227
1087.000000,11658.116211
1087.500000,11661.730469
1088.000000,11660.283203
1088.500000,11649.750977
1089.000000,11630.694336
1089.500000,11603.535156
1090.000000,11571.800781
1090.500000,11537.952148
1091.000000,11503.254883
1091.500000,11468.317383
1092.000000,11434.406250
1092.500000,11403.586914
1093.000000,11379.784180
1093.500000,11363.161133
1094.000000,11354.067383
1094.500000,11349.004883
1095.000000,11345.077148
1095.500000,11340.163086
1096.000000,11333.467773
1096.500000,11324.766602
1097.000000,11314.285156
1097.500000,11301.920898
1098.000000,11288.728516
1098.500000,11276.386719
1099.000000,11266.640625
1099.500000,11261.572266
1100.000000,11261.889648
1100.500000,11268.333984
1101.000000,11281.265625
1101.500000,11299.501953
1102.000000,11321.065430
1102.500000,11341.820312
1103.000000,11357.079102
1103.500000,11366.330078
1104.000000,11370.818359
1104.500000,11375.299805
1105.000000,11384.083008
1105.500000,11398.787109
1106.000000,11418.510742
1106.500000,11442.577148
1107.000000,11470.848633
1107.500000,11506.022461
1108.000000,11547.212891
1108.500000,11591.766602
1109.000000,11633.184570
1109.500000,11665.414062
1110.000000,11688.824219
1110.500000,11710.454102
1111.000000,11741.623047
1111.500000,11790.355469
1112.000000,11861.382812
1112.500000,11945.374023
1113.000000,12032.616211
1113.500000,12113.221680
1114.000000,12181.874023
1114.500000,12241.680664
1115.000000,12298.303711
1115.500000,12357.284180
1116.000000,12420.858398
1116.500000,12488.591797
1117.000000,12558.206055
1117.500000,12629.616211
1118.000000,12703.627930
1118.500000,12781.577148
1119.000000,12860.684570
1119.500000,12933.854492
1120.000000,12992.559570
1120.500000,13030.531250
1121.000000,13046.119141
1121.500000,13046.954102
1122.000000,13039.603516
1122.500000,13031.003906
1123.000000,13021.658203
1123.500000,13008.558594
1124.000000,12986.435547
1124.500000,12953.214844
1125.000000,12908.436523
1125.500000,12853.711914
1126.000000,12792.461914
1126.500000,12727.533203
1127.000000,12662.796875
1127.500000,12601.706055
1128.000000,12544.699219
1128.500000,12491.310547
1129.000000,12439.129883
1129.500000,12386.973633
1130.000000,12335.355469
1130.500000,12285.380859
1131.000000,12236.668945
1131.500000,12186.283203
1132.000000,12129.549805
1132.500000,12066.095703
1133.000000,11997.738281
1133.500000,11930.211914
1134.000000,11867.490234
1134.500000,11808.375000
1135.000000,11747.775391
1135.500000,11680.551758
1136.000000,11606.697266
1136.500000,11530.862305
1137.000000,11460.369141
1137.500000,11402.800781
1138.000000,11356.927734
1138.500000,11321.238281
1139.000000,11290.308594
1139.500000,11260.050781
1140.000000,11227.369141
1140.500000,11190.594727
1141.000000,11149.675781
1141.500000,11108.375977
1142.000000,11074.315430
1142.500000,11052.969727
1143.000000,11050.766602
1143.500000,11063.372070
1144.000000,11085.385742
1144.500000,11110.329102
1145.000000,11136.690430
1145.500000,11168.718750
1146.000000,11211.570312
1146.500000,11270.287109
1147.000000,11339.959961
1147.500000,11415.277344
1148.000000,11489.197266
1148.500000,11559.488281
1149.000000,11629.731445
1149.500000,11706.930664
1150.000000,11797.602539
1150.500000,11903.197266
1151.000000,12021.747070
1151.500000,12143.926758
1152.000000,12259.473633
1152.500000,12363.523438
1153.000000,12455.051758
1153.500000,12543.464844
1154.000000,12641.528320
1154.500000,12758.914062
1155.000000,12897.047852
1155.500000,13049.748047
1156.000000,13203.696289
1156.500000,13346.717773
1157.000000,13475.388672
1157.500000,13586.608398
1158.000000,13684.325195
1158.500000,13766.601562
1159.000000,13832.150391
1159.500000,13878.743164
1160.000000,13906.632812
1160.500000,13920.820312
1161.000000,13923.682617
1161.500000,13918.360352
1162.000000,13900.564453
1162.500000,13869.332031
1163.000000,13820.554688
1163.500000,13757.237305
1164.000000,13682.701172
1164.500000,13601.698242
1165.000000,13518.251953
1165.500000,13434.940430
1166.000000,13353.846680
1166.500000,13278.259766
1167.000000,13209.584961
1167.500000,13151.155273
1168.000000,13101.879883
1168.500000,13060.971680
1169.000000,13025.173828
1169.500000,12991.228516
1170.000000,12956.907227
1170.500000,12921.844727
1171.000000,12887.726562
1171.500000,12856.824219
1172.000000,12832.099609
1172.500000,12812.559570
1173.000000,12796.442383
1173.500000,12780.221680
1174.000000,12761.426758
1174.500000,12740.007812
1175.000000,12718.327148
1175.500000,12699.591797
1176.000000,12685.050781
1176.500000,12674.970703
1177.000000,12666.604492
1177.500000,12658.885742
1178.000000,12653.104492
1178.500000,12654.351562
1179.000000,12668.254883
1179.500000,12698.251953
1180.000000,12744.256836
1180.500000,12799.104492
1181.000000,12856.087891
1181.500000,12910.148438
1182.000000,12960.931641
1182.500000,13013.009766
1183.000000,13072.374023
1183.500000,13141.946289
1184.000000,13222.161133
1184.500000,13311.161133
1185.000000,13405.396484
1185.500000,13501.846680
1186.000000,13596.207031
1186.500000,13681.677734
1187.000000,13755.034180
1187.500000,13812.130859
1188.000000,13857.208984
1188.500000,13896.361328
1189.000000,13936.768555
1189.500000,13982.387695
1190.000000,14032.725586
1190.500000,14082.860352
1191.000000,14126.371094
1191.500000,14161.075195
1192.000000,14185.813477
1192.500000,14205.870117
1193.000000,14226.899414
1193.500000,14252.949219
1194.000000,14283.469727
1194.500000,14312.552734
1195.000000,14332.239258
1195.500000,14334.787109
1196.000000,14323.590820
1196.500000,14304.028320
1197.000000,14285.480469
1197.500000,14270.835938
1198.000000,14254.366211
1198.500000,14225.118164
1199.000000,14175.115234
1199.500000,14106.097656
1200.000000,14025.537109
1200.500000,13944.767578
1201.000000,13868.813477
1201.500000,13793.531250
1202.000000,13710.736328
1202.500000,13617.174805
1203.000000,13515.494141
1203.500000,13414.701172
1204.000000,13322.721680
1204.500000,13241.445312
1205.000000,13164.363281
1205.500000,13083.183594
1206.000000,12994.582031
1206.500000,12900.396484
1207.000000,12808.555664
1207.500000,12726.272461
1208.000000,12654.043945
1208.500000,12587.480469
1209.000000,12520.265625
1209.500000,12449.306641
1210.000000,12376.861328
1210.500000,12308.968750
1211.000000,12253.833984
1211.500000,12211.422852
1212.000000,12181.713867
1212.500000,12159.368164
1213.000000,12141.452148
1213.500000,12127.038086
1214.000000,12117.294922
1214.500000,12114.891602
1215.000000,12120.835938
1215.500000,12138.487305
1216.000000,12166.562500
1216.500000,12206.313477
1217.000000,12253.230469
1217.500000,12302.678711
1218.000000,12349.581055
1218.500000,12391.812500
1219.000000,12431.459961
1219.500000,12473.750977
1220.000000,12524.506836
1220.500000,12583.934570
1221.000000,12650.513672
1221.500000,12717.583984
1222.000000,12779.336914
1222.500000,12833.603516
1223.000000,12881.018555
1223.500000,12925.169922
1224.000000,12970.393555
1224.500000,13020.234375
1225.000000,13075.598633
1225.500000,13138.191406
1226.000000,13206.924805
1226.500000,13283.468750
1227.000000,13366.777344
1227.500000,13455.408203
1228.000000,13544.824219
1228.500000,13629.206055
1229.000000,13703.429688
1229.500000,13767.162109
1230.000000,13820.894531
1230.500000,13868.955078
1231.000000,13910.614258
1231.500000,13944.178711
1232.000000,13963.713867
1232.500000,13967.662109
1233.000000,13957.005859
1233.500000,13936.253906
1234.000000,13910.908203
1234.500000,13882.924805
1235.000000,13851.926758
1235.500000,13813.635742
1236.000000,13766.236328
1236.500000,13705.088867
1237.000000,13630.096680
1237.500000,13540.542969
1238.000000,13440.312500
1238.500000,13336.607422
1239.000000,13237.407227
1239.500000,13146.980469
1240.000000,13065.984375
1240.500000,12987.517578
1241.000000,12904.954102
1241.500000,12816.500977
1242.000000,12725.057617
1242.500000,12637.069336
1243.000000,12557.661133
1243.500000,12487.886719
1244.000000,12424.427734
1244.500000,12365.232422
1245.000000,12309.567383
1245.500000,12261.497070
1246.000000,12222.460938
1246.500000,12194.333008
1247.000000,12173.848633
1247.500000,12158.375977
1248.000000,12147.038086
1248.500000,12141.883789
1249.000000,12147.623047
1249.500000,12165.234375
1250.000000,12196.056641
1250.500000,12233.934570
1251.000000,12274.891602
1251.500000,12315.521484
1252.000000,12355.430664
1252.500000,12395.763672
1253.000000,12437.056641
1253.500000,12478.167969
1254.000000,12517.288086
1254.500000,12553.738281
1255.000000,12590.082031
1255.500000,12630.668945
1256.000000,12677.046875
1256.500000,12728.130859
1257.000000,12778.307617
1257.500000,12821.095703
1258.000000,12852.639648
1258.500000,12873.876953
1259.000000,12886.880859
1259.500000,12895.691406
1260.000000,12900.872070
1260.500000,12903.346680
1261.000000,12903.730469
1261.500000,12904.848633
1262.000000,12910.229492
1262.500000,12921.229492
1263.000000,12935.532227
1263.500000,12947.803711
1264.000000,12953.051758
1264.500000,12947.717773
1265.000000,12936.365234
1265.500000,12926.024414
1266.000000,12924.188477
1266.500000,12936.848633
1267.000000,12962.442383
1267.500000,12995.829102
1268.000000,13030.667969
1268.500000,13063.151367
1269.000000,13093.570312
1269.500000,13124.737305
1270.000000,13158.302734
1270.500000,13191.787109
1271.000000,13219.929688
1271.500000,13239.388672
1272.000000,13249.484375
1272.500000,13254.018555
1273.000000,13258.199219
1273.500000,13265.659180
1274.000000,13276.915039
1274.500000,13291.929688
1275.000000,13308.824219
1275.500000,13325.219727
1276.000000,13336.773438
1276.500000,13336.341797
1277.000000,13319.925781
1277.500000,13288.378906
1278.000000,13248.138672
1278.500000,13208.480469
1279.000000,13174.388672
1279.500000,13142.635742
1280.000000,13105.815430
1280.500000,13060.500000
1281.000000,13008.628906
1281.500000,12958.224609
1282.000000,12915.216797
1282.500000,12878.775391
1283.000000,12842.456055
1283.500000,12799.978516
1284.000000,12751.355469
1284.500000,12700.251953
1285.000000,12651.903320
1285.500000,12608.791016
1286.000000,12569.138672
1286.500000,12531.654297
1287.000000,12496.481445
1287.500000,12464.471680
1288.000000,12434.651367
1288.500000,12403.105469
1289.000000,12364.978516
1289.500000,12320.811523
1290.000000,12274.305664
1290.500000,12231.674805
1291.000000,12197.203125
1291.500000,12169.657227
1292.000000,12146.074219
1292.500000,12124.594727
1293.000000,12105.729492
1293.500000,12091.666016
1294.000000,12082.122070
1294.500000,12076.961914
1295.000000,12074.680664
1295.500000,12076.901367
1296.000000,12084.865234
1296.500000,12099.236328
1297.000000,12117.582031
1297.500000,12135.964844
1298.000000,12151.172852
1298.500000,12162.375977
1299.000000,12168.329102
1299.500000,12169.216797
1300.000000,12163.268555
1300.500000,12152.777344
1301.000000,12142.309570
1301.500000,12137.816406
1302.000000,12142.841797
1302.500000,12156.229492
1303.000000,12172.504883
1303.500000,12187.943359
1304.000000,12202.799805
1304.500000,12220.036133
1305.000000,12240.236328
1305.500000,12260.456055
1306.000000,12275.757812
1306.500000,12283.295898
1307.000000,12285.744141
1307.500000,12289.340820
1308.000000,12299.143555
1308.500000,12314.125977
1309.000000,12330.077148
1309.500000,12342.492188
1310.000000,12350.118164
1310.500000,12356.701172
1311.000000,12366.415039
1311.500000,12380.440430
1312.000000,12396.358398
1312.500000,12410.206055
1313.000000,12419.857422
1313.500000,12424.990234
1314.000000,12427.763672
1314.500000,12428.496094
1315.000000,12426.916992
1315.500000,12421.616211
1316.000000,12412.870117
1316.500000,12402.085938
1317.000000,12391.122070
1317.500000,12380.748047
1318.000000,12369.947266
1318.500000,12356.947266
1319.000000,12339.220703
1319.500000,12316.988281
1320.000000,12289.722656
1320.500000,12258.793945
1321.000000,12225.773438
1321.500000,12193.818359
1322.000000,12167.028320
1322.500000,12148.409180
1323.000000,12135.371094
1323.500000,12121.336914
1324.000000,12098.721680
1324.500000,12061.121094
1325.000000,12013.629883
1325.500000,11965.085938
1326.000000,11924.710938
1326.500000,11895.525391
1327.000000,11872.365234
1327.500000,11845.291992
1328.000000,11805.433594
1328.500000,11753.556641
1329.000000,11692.812500
1329.500000,11631.642578
1330.000000,11576.018555
1330.500000,11527.983398
1331.000000,11487.639648
1331.500000,11452.678711
1332.000000,11419.527344
1332.500000,11384.524414
1333.000000,11345.919922
1333.500000,11304.490234
1334.000000,11264.962891
1334.500000,11233.474609
1335.000000,11211.220703
1335.500000,11196.014648
1336.000000,11181.191406
1336.500000,11160.958984
1337.000000,11134.483398
1337.500000,11108.179688
1338.000000,11093.479492
1338.500000,11096.570312
1339.000000,11122.992188
1339.500000,11161.855469
1340.000000,11201.722656
1340.500000,11233.453125
1341.000000,11255.907227
1341.500000,11276.433594
1342.000000,11304.656250
1342.500000,11346.273438
1343.000000,11395.807617
1343.500000,11444.166016
1344.000000,11484.577148
1344.500000,11516.079102
1345.000000,11546.122070
1345.500000,11582.159180
1346.000000,11625.842773
1346.500000,11672.116211
1347.000000,11713.038086
1347.500000,11744.376953
1348.000000,11764.401367
1348.500000,11777.042969
1349.000000,11781.794922
1349.500000,11778.642578
1350.000000,11764.671875
1350.500000,11740.485352
1351.000000,11708.556641
1351.500000,11672.640625
1352.000000,11636.041992
1352.500000,11599.500977
1353.000000,11561.798828
1353.500000,11520.000977
1354.000000,11473.295898
1354.500000,11421.318359
1355.000000,11367.143555
1355.500000,11314.830078
1356.000000,11267.714844
1356.500000,11227.085938
1357.000000,11193.264648
1357.500000,11164.575195
1358.000000,11141.462891
1358.500000,11122.407227
1359.000000,11106.282227
1359.500000,11089.767578
1360.000000,11069.747070
1360.500000,11045.822266
1361.000000,11020.669922
1361.500000,10998.444336
1362.000000,10981.432617
1362.500000,10970.083008
1363.000000,10962.037109
1363.500000,10958.447266
1364.000000,10960.808594
1364.500000,10971.597656
1365.000000,10987.658203
1365.500000,11002.137695
1366.000000,11008.017578
1366.500000,11004.057617
1367.000000,10994.872070
1367.500000,10988.954102
1368.000000,10992.587891
1368.500000,11001.918945
1369.000000,11009.473633
1369.500000,11008.597656
1370.000000,10997.837891
1370.500000,10981.895508
1371.000000,10966.043945
1371.500000,10952.306641
1372.000000,10939.084961
1372.500000,10924.204102
1373.000000,10908.054688
1373.500000,10893.041016
1374.000000,10880.903320
1374.500000,10871.471680
1375.000000,10862.294922
1375.500000,10851.610352
1376.000000,10839.963867
1376.500000,10829.189453
1377.000000,10819.237305
1377.500000,10806.744141
1378.000000,10784.752930
1378.500000,10751.429688
1379.000000,10705.531250
1379.500000,10652.226562
1380.000000,10595.818359
1380.500000,10538.916992
1381.000000,10481.844727
1381.500000,10424.153320
1382.000000,10366.100586
1382.500000,10308.119141
1383.000000,10249.654297
1383.500000,10188.587891
1384.000000,10124.172852
1384.500000,10057.583984
1385.000000,9992.541992
1385.500000,9932.588867
1386.000000,9878.660156
1386.500000,9827.958984
1387.000000,9777.518555
1387.500000,9726.232422
1388.000000,9676.064453
1388.500000,9629.499023
1389.000000,9588.348633
1389.500000,9550.989258
1390.000000,9515.019531
1390.500000,9478.677734
1391.000000,9441.117188
1391.500000,9401.083008
1392.000000,9357.460938
1392.500000,9308.747070
1393.000000,9258.096680
1393.500000,9211.917969
1394.000000,9176.553711
1394.500000,9157.122070
1395.000000,9151.309570
1395.500000,9152.115234
1396.000000,9151.736328
1396.500000,9146.232422
1397.000000,9135.996094
1397.500000,9125.841797
1398.000000,9121.014648
1398.500000,9123.167969
1399.000000,9132.915039
1399.500000,9147.539062
1400.000000,9164.317383
1400.500000,9181.247070
1401.000000,9197.540039
1401.500000,9212.877930
1402.000000,9226.436523
1402.500000,9234.630859
1403.000000,9235.439453
1403.500000,9226.109375
1404.000000,9209.648438
1404.500000,9190.641602
1405.000000,9174.005859
1405.500000,9161.875000
1406.000000,9153.666016
1406.500000,9147.109375
1407.000000,9141.821289
1407.500000,9138.208008
1408.000000,9136.260742
1408.500000,9132.627930
1409.000000,9121.972656
1409.500000,9101.943359
1410.000000,9074.563477
1410.500000,9045.801758
1411.000000,9021.807617
1411.500000,9006.167969
1412.000000,8996.255859
1412.500000,8989.337891
1413.000000,8982.110352
1413.500000,8972.754883
1414.000000,8960.213867
1414.500000,8943.470703
1415.000000,8923.333984
1415.500000,8903.517578
1416.000000,8889.721680
1416.500000,8884.660156
1417.000000,8889.259766
1417.500000,8897.381836
1418.000000,8904.016602
1418.500000,8907.198242
1419.000000,8908.124023
1419.500000,8909.342773
1420.000000,8911.477539
1420.500000,8913.132812
1421.000000,8913.447266
1421.500000,8913.811523
1422.000000,8917.010742
1422.500000,8925.812500
1423.000000,8938.296875
1423.500000,8950.893555
1424.000000,8959.762695
1424.500000,8963.069336
1425.000000,8961.849609
1425.500000,8959.184570
1426.000000,8957.893555
1426.500000,8959.308594
1427.000000,8964.533203
1427.500000,8972.296875
1428.000000,8981.500977
1428.500000,8990.125977
1429.000000,8995.846680
1429.500000,8996.491211
1430.000000,8990.116211
1430.500000,8974.825195
1431.000000,8952.569336
1431.500000,8927.117188
1432.000000,8904.843750
1432.500000,8892.340820
1433.000000,8889.565430
1433.500000,8893.576172
1434.000000,8897.207031
1434.500000,8893.901367
1435.000000,8880.214844
1435.500000,8857.538086
1436.000000,8827.881836
1436.500000,8795.957031
1437.000000,8765.365234
1437.500000,8738.462891
1438.000000,8716.842773
1438.500000,8698.423828
1439.000000,8679.372070
1439.500000,8656.019531
1440.000000,8628.140625
1440.500000,8599.762695
1441.000000,8577.219727
1441.500000,8567.500000
1442.000000,8566.979492
1442.500000,8569.567383
1443.000000,8566.443359
1443.500000,8551.337891
1444.000000,8525.674805
1444.500000,8496.342773
1445.000000,8472.060547
1445.500000,8457.634766
1446.000000,8453.796875
1446.500000,8453.485352
1447.000000,8449.939453
1447.500000,8441.363281
1448.000000,8430.297852
1448.500000,8422.456055
1449.000000,8422.614258
1449.500000,8431.876953
1450.000000,8447.623047
1450.500000,8467.229492
1451.000000,8487.984375
1451.500000,8508.834961
1452.000000,8529.154297
1452.500000,8548.668945
1453.000000,8568.276367
1453.500000,8590.247070
1454.000000,8616.952148
1454.500000,8649.402344
1455.000000,8686.814453
1455.500000,8726.139648
1456.000000,8764.749023
1456.500000,8801.023438
1457.000000,8833.126953
1457.500000,8860.524414
1458.000000,8881.703125
1458.500000,8897.755859
1459.000000,8911.519531
1459.500000,8926.602539
1460.000000,8944.465820
1460.500000,8962.883789
1461.000000,8976.953125
1461.500000,8979.889648
1462.000000,8973.376953
1462.500000,8960.854492
1463.000000,8948.768555
1463.500000,8941.119141
1464.000000,8937.831055
1464.500000,8936.387695
1465.000000,8935.387695
1465.500000,8936.014648
1466.000000,8942.489258
1466.500000,8955.962891
1467.000000,8975.586914
1467.500000,8996.406250
1468.000000,9015.058594
1468.500000,9031.975586
1469.000000,9050.985352
1469.500000,9076.472656
1470.000000,9108.967773
1470.500000,9145.959961
1471.000000,9180.998047
1471.500000,9206.563477
1472.000000,9220.867188
1472.500000,9222.486328
1473.000000,9216.653320
1473.500000,9211.328125
1474.000000,9215.693359
1474.500000,9234.894531
1475.000000,9268.830078
1475.500000,9307.333984
1476.000000,9337.697266
1476.500000,9355.051758
1477.000000,9358.721680
1477.500000,9356.515625
1478.000000,9354.169922
1478.500000,9353.535156
1479.000000,9353.051758
1479.500000,9351.248047
1480.000000,9349.370117
1480.500000,9351.343750
1481.000000,9359.006836
1481.500000,9373.973633
1482.000000,9394.081055
1482.500000,9418.253906
1483.000000,9444.148438
1483.500000,9468.572266
1484.000000,9487.780273
1484.500000,9500.185547
1485.000000,9506.832031
1485.500000,9513.265625
1486.000000,9523.906250
1486.500000,9537.599609
1487.000000,9549.545898
1487.500000,9554.517578
1488.000000,9549.649414
1488.500000,9537.073242
1489.000000,9520.850586
1489.500000,9502.669922
1490.000000,9481.410156
1490.500000,9453.218750
1491.000000,9418.395508
1491.500000,9378.548828
1492.000000,9338.861328
1492.500000,9303.719727
1493.000000,9274.499023
1493.500000,9250.281250
1494.000000,9229.021484
1494.500000,9208.228516
1495.000000,9185.966797
1495.500000,9160.824219
1496.000000,9130.588867
1496.500000,9096.239258
1497.000000,9060.052734
1497.500000,9026.599609
1498.000000,9000.535156
1498.500000,8983.258789
1499.000000,8971.477539
1499.500000,8960.875000
1500.000000,8947.987305
1500.500000,8931.921875
1501.000000,8915.501953
1501.500000,8902.380859
1502.000000,8894.351562
1502.500000,8892.258789
1503.000000,8894.434570
1503.500000,8899.335938
1504.000000,8906.530273
1504.500000,8916.037109
1505.000000,8928.666992
1505.500000,8943.494141
1506.000000,8959.033203
1506.500000,8972.991211
1507.000000,8983.693359
1507.500000,8992.102539
1508.000000,9000.402344
1508.500000,9010.746094
1509.000000,9023.615234
1509.500000,9037.967773
1510.000000,9051.527344
1510.500000,9061.642578
1511.000000,9067.705078
1511.500000,9069.375000
1512.000000,9068.804688
1512.500000,9068.748047
1513.000000,9071.736328
1513.500000,9078.192383
1514.000000,9085.868164
1514.500000,9090.947266
1515.000000,9089.901367
1515.500000,9084.255859
1516.000000,9075.486328
1516.500000,9064.250977
1517.000000,9047.313477
1517.500000,9022.205078
1518.000000,8990.269531
1518.500000,8958.381836
1519.000000,8934.997070
1519.500000,8924.901367
1520.000000,8921.133789
1520.500000,8914.981445
1521.000000,8901.764648
1521.500000,8882.642578
1522.000000,8864.202148
1522.500000,8850.761719
1523.000000,8840.297852
1523.500000,8826.190430
1524.000000,8803.246094
1524.500000,8773.612305
1525.000000,8742.419922
1525.500000,8715.385742
1526.000000,8695.592773
1526.500000,8680.472656
1527.000000,8666.652344
1527.500000,8651.083008
1528.000000,8632.774414
1528.500000,8612.025391
1529.000000,8589.983398
1529.500000,8567.361328
1530.000000,8544.631836
1530.500000,8521.726562
1531.000000,8498.656250
1531.500000,8476.152344
1532.000000,8455.500000
1532.500000,8437.897461
1533.000000,8423.001953
1533.500000,8408.425781
1534.000000,8390.916992
1534.500000,8369.240234
1535.000000,8343.779297
1535.500000,8318.597656
1536.000000,8297.113281
1536.500000,8279.491211
1537.000000,8263.983398
1537.500000,8248.077148
1538.000000,8230.996094
1538.500000,8214.177734
1539.000000,8199.612305
1539.500000,8187.891113
1540.000000,8176.833008
1540.500000,8164.455566
1541.000000,8150.812988
1541.500000,8137.297852
1542.000000,8124.475098
1542.500000,8109.685059
1543.000000,8087.415039
1543.500000,8055.467285
1544.000000,8015.418945
1544.500000,7975.162109
1545.000000,7942.904785
1545.500000,7919.343262
1546.000000,7901.327637
1546.500000,7881.630371
1547.000000,7856.040039
1547.500000,7826.004883
1548.000000,7795.684570
1548.500000,7768.272949
1549.000000,7743.734375
1549.500000,7720.813965
1550.000000,7697.685059
1550.500000,7673.259766
1551.000000,7646.963379
1551.500000,7617.341797
1552.000000,7583.593262
1552.500000,7545.892578
1553.000000,7505.484375
1553.500000,7464.449707
1554.000000,7425.013184
1554.500000,7389.346680
1555.000000,7361.991211
1555.500000,7343.962891
1556.000000,7335.533691
1556.500000,7330.623535
1557.000000,7321.304199
1557.500000,7301.928711
1558.000000,7274.143066
1558.500000,7244.837891
1559.000000,7220.698242
1559.500000,7204.799316
1560.000000,7191.684082
1560.500000,7174.113281
1561.000000,7147.547852
1561.500000,7110.681152
1562.000000,7068.260742
1562.500000,7025.998535
1563.000000,6988.834961
1563.500000,6958.903320
1564.000000,6937.952637
1564.500000,6922.801270
1565.000000,6910.368652
1565.500000,6895.767578
1566.000000,6875.175293
1566.500000,6848.127441
1567.000000,6816.804688
1567.500000,6786.013672
1568.000000,6761.024414
1568.500000,6746.261230
1569.000000,6738.534668
1569.500000,6731.755859
1570.000000,6719.145996
1570.500000,6696.892090
1571.000000,6669.403320
1571.500000,6644.278809
1572.000000,6627.527832
1572.500000,6617.562500
1573.000000,6606.585938
1573.500000,6587.311035
1574.000000,6555.949219
1574.500000,6519.595215
1575.000000,6487.773438
1575.500000,6467.311523
1576.000000,6459.587891
1576.500000,6457.699219
1577.000000,6453.780762
1577.500000,6442.784668
1578.000000,6425.570801
1578.500000,6405.940918
1579.000000,6388.891602
1579.500000,6377.239746
1580.000000,6369.144531
1580.500000,6363.841309
1581.000000,6361.608887
1581.500000,6364.568359
1582.000000,6373.377441
1582.500000,6384.900879
1583.000000,6393.568359
1583.500000,6396.702637
1584.000000,6395.025879
1584.500000,6393.839355
1585.000000,6396.901367
1585.500000,6402.911621
1586.000000,6407.783203
1586.500000,6409.154785
1587.000000,6409.040039
1587.500000,6411.489258
1588.000000,6417.990234
1588.500000,6426.677246
1589.000000,6433.718750
1589.500000,6438.165039
1590.000000,6444.288086
1590.500000,6456.968262
1591.000000,6475.941406
1591.500000,6496.052246
1592.000000,6510.084473
1592.500000,6514.100586
1593.000000,6507.726562
1593.500000,6496.204590
1594.000000,6481.027344
1594.500000,6463.023438
1595.000000,6441.226562
1595.500000,6417.088867
1596.000000,6393.338867
1596.500000,6371.932617
1597.000000,6351.730469
1597.500000,6329.329102
1598.000000,6302.150391
1598.500000,6268.730469
1599.000000,6231.722656
1599.500000,6192.313965
1600.000000,6151.004395
1600.500000,6106.592285
1601.000000,6059.561035
1601.500000,6012.573242
1602.000000,5969.118164
1602.500000,5930.037598
1603.000000,5892.283203
1603.500000,5850.860352
1604.000000,5802.205078
1604.500000,5749.762695
1605.000000,5699.216797
1605.500000,5655.369141
1606.000000,5619.996582
1606.500000,5590.229004
1607.000000,5563.219727
1607.500000,5538.728027
1608.000000,5516.982910
1608.500000,5497.745117
1609.000000,5477.814941
1609.500000,5453.924805
1610.000000,5427.081543
1610.500000,5401.039062
1611.000000,5379.482422
1611.500000,5362.569824
1612.000000,5346.628906
1612.500000,5327.279785
1613.000000,5303.600586
1613.500000,5279.499023
1614.000000,5259.190918
1614.500000,5242.916992
1615.000000,5228.656250
1615.500000,5213.557617
1616.000000,5197.398438
1616.500000,5181.994629
1617.000000,5168.235352
1617.500000,5154.716309
1618.000000,5138.803223
1618.500000,5117.599609
1619.000000,5091.910156
1619.500000,5061.925293
1620.000000,5028.571777
1620.500000,4992.864258
1621.000000,4958.272461
1621.500000,4929.977539
1622.000000,4912.365234
1622.500000,4901.220703
1623.000000,4888.606445
1623.500000,4867.279297
1624.000000,4832.946777
1624.500000,4791.424805
1625.000000,4749.483398
1625.500000,4711.397949
1626.000000,4676.881348
1626.500000,4644.239746
1627.000000,4613.278809
1627.500000,4586.397949
1628.000000,4564.400391
1628.500000,4545.739258
1629.000000,4525.608398
1629.500000,4500.112793
1630.000000,4469.396484
1630.500000,4435.794922
1631.000000,4402.874512
1631.500000,4373.192383
1632.000000,4347.873047
1632.500000,4325.883301
1633.000000,4305.924805
1633.500000,4285.282227
1634.000000,4261.276367
1634.500000,4233.736328
1635.000000,4204.097656
1635.500000,4174.549316
1636.000000,4146.384277
1636.500000,4120.024902
1637.000000,4095.979980
1637.500000,4076.707031
1638.000000,4062.465576
1638.500000,4051.950439
1639.000000,4039.303711
1639.500000,4017.849609
1640.000000,3986.495850
1640.500000,3950.477539
1641.000000,3918.737305
1641.500000,3896.364014
1642.000000,3883.208252
1642.500000,3872.728271
1643.000000,3859.228760
1643.500000,3841.881836
1644.000000,3822.821777
1644.500000,3804.447021
1645.000000,3787.123291
1645.500000,3770.072510
1646.000000,3753.376465
1646.500000,3738.321045
1647.000000,3724.849854
1647.500000,3710.456787
1648.000000,3691.737793
1648.500000,3665.588135
1649.000000,3635.106445
1649.500000,3606.251709
1650.000000,3584.108154
1650.500000,3569.867188
1651.000000,3560.183105
1651.500000,3549.414307
1652.000000,3533.323486
1652.500000,3513.452881
1653.000000,3494.240967
1653.500000,3479.660889
1654.000000,3471.481689
1654.500000,3466.256348
1655.000000,3458.962158
1655.500000,3446.826904
1656.000000,3431.247070
1656.500000,3415.799316
1657.000000,3403.484131
1657.500000,3395.684082
1658.000000,3390.191162
1658.500000,3385.180176
1659.000000,3379.681641
1659.500000,3373.559814
1660.000000,3366.871826
1660.500000,3359.408691
1661.000000,3350.812744
1661.500000,3341.016357
1662.000000,3329.707520
1662.500000,3317.418457
1663.000000,3305.488770
1663.500000,3296.036621
1664.000000,3290.825928
1664.500000,3288.178955
1665.000000,3284.668457
1665.500000,3277.166260
1666.000000,3265.419678
1666.500000,3251.256836
1667.000000,3237.080566
1667.500000,3222.676270
1668.000000,3207.090088
1668.500000,3190.955566
1669.000000,3177.402344
1669.500000,3169.776611
1670.000000,3166.639404
1670.500000,3163.472168
1671.000000,3156.200928
1671.500000,3144.857666
1672.000000,3131.477783
1672.500000,3117.762451
1673.000000,3101.518066
1673.500000,3081.133057
1674.000000,3057.827881
1674.500000,3037.218506
1675.000000,3025.339844
1675.500000,3022.444824
1676.000000,3023.775391
1676.500000,3025.192627
1677.000000,3025.409180
1677.500000,3025.158203
1678.000000,3024.088135
1678.500000,3019.012939
1679.000000,3008.633301
1679.500000,2995.011475
1680.000000,2983.550293
1680.500000,2978.276123
1681.000000,2977.708496
1681.500000,2976.655518
1682.000000,2971.553223
1682.500000,2964.178467
1683.000000,2958.563232
1683.500000,2957.041748
1684.000000,2959.055664
1684.500000,2962.434814
1685.000000,2965.945801
1685.500000,2968.927734
1686.000000,2969.662842
1686.500000,2964.857422
1687.000000,2954.447510
1687.500000,2940.757080
1688.000000,2929.925049
1688.500000,2927.716797
1689.000000,2932.961914
1689.500000,2940.228027
1690.000000,2943.487305
1690.500000,2939.914307
1691.000000,2929.937500
1691.500000,2917.886475
1692.000000,2907.450195
1692.500000,2899.536377
1693.000000,2893.296387
1693.500000,2886.313232
1694.000000,2876.769287
1694.500000,2865.498047
1695.000000,2854.603516
1695.500000,2845.270508
1696.000000,2836.254639
1696.500000,2824.766357
1697.000000,2810.355469
1697.500000,2795.554932
1698.000000,2783.838135
1698.500000,2776.738770
1699.000000,2771.416260
1699.500000,2763.744385
1700.000000,2752.441895
1700.500000,2739.750488
1701.000000,2728.302246
1701.500000,2718.355469
1702.000000,2708.014160
1702.500000,2696.012207
1703.000000,2683.090820
1703.500000,2670.891357
1704.000000,2659.345703
1704.500000,2646.002441
1705.000000,2628.521973
1705.500000,2607.157227
1706.000000,2585.177246
1706.500000,2566.265381
1707.000000,2551.488525
1707.500000,2540.613770
1708.000000,2530.957031
1708.500000,2520.837891
1709.000000,2509.492188
1709.500000,2497.102539
1710.000000,2484.650635
1710.500000,2473.205566
1711.000000,2463.346924
1711.500000,2454.517578
1712.000000,2446.322754
1712.500000,2438.534668
1713.000000,2431.228271
1713.500000,2423.637207
1714.000000,2413.963135
1714.500000,2400.715088
1715.000000,2384.392578
1715.500000,2367.847168
1716.000000,2353.806641
1716.500000,2343.593262
1717.000000,2335.186035
1717.500000,2327.082764
1718.000000,2319.422852
1718.500000,2314.102539
1719.000000,2311.846191
1719.500000,2310.771484
1720.000000,2306.736816
1720.500000,2297.057129
1721.000000,2281.583496
1721.500000,2264.202393
1722.000000,2248.464600
1722.500000,2235.978516
1723.000000,2226.975098
1723.500000,2220.399658
1724.000000,2215.985352
1724.500000,2213.347656
1725.000000,2211.202393
1725.500000,2207.698975
1726.000000,2202.258301
1726.500000,2195.252686
1727.000000,2188.208252
1727.500000,2181.789551
1728.000000,2175.696045
1728.500000,2170.134277
1729.000000,2166.402588
1729.500000,2165.796631
1730.000000,2167.888428
1730.500000,2169.373047
1731.000000,2166.843994
1731.500000,2161.027344
1732.000000,2154.862061
1732.500000,2151.840576
1733.000000,2152.785889
1733.500000,2154.865479
1734.000000,2155.361816
1734.500000,2153.409668
1735.000000,2149.964600
1735.500000,2145.637451
1736.000000,2140.306641
1736.500000,2133.158203
1737.000000,2124.769531
1737.500000,2115.926025
1738.000000,2107.354980
1738.500000,2099.391113
1739.000000,2092.757812
1739.500000,2088.783691
1740.000000,2088.862793
1740.500000,2091.427979
1741.000000,2093.379150
1741.500000,2092.066895
1742.000000,2086.043213
1742.500000,2077.614014
1743.000000,2069.714844
1743.500000,2063.956055
1744.000000,2059.947754
1744.500000,2056.093262
1745.000000,2051.078613
1745.500000,2045.278320
1746.000000,2040.468140
1746.500000,2038.624756
1747.000000,2039.159058
1747.500000,2039.945557
1748.000000,2038.376709
1748.500000,2033.408325
1749.000000,2026.116943
1749.500000,2018.725708
1750.000000,2013.179199
1750.500000,2009.745850
1751.000000,2008.592896
1751.500000,2008.520264
1752.000000,2008.232910
1752.500000,2006.569824
1753.000000,2003.675293
1753.500000,2001.158569
1754.000000,2000.518188
1754.500000,2001.260254
1755.000000,2000.333740
1755.500000,1994.437866
1756.000000,1984.482422
1756.500000,1973.339355
1757.000000,1965.135132
1757.500000,1961.621460
1758.000000,1960.703857
1758.500000,1959.168701
1759.000000,1954.454102
1759.500000,1946.618896
1760.000000,1938.061279
1760.500000,1931.861206
1761.000000,1930.739746
1761.500000,1933.045654
1762.000000,1935.660767
1762.500000,1935.959961
1763.000000,1934.056763
1763.500000,1932.213501
1764.000000,1931.872070
1764.500000,1931.357666
1765.000000,1928.207397
1765.500000,1921.683960
1766.000000,1915.274170
1766.500000,1913.610596
1767.000000,1916.217896
1767.500000,1919.221802
1768.000000,1917.422607
1768.500000,1907.979980
1769.000000,1893.167358
1769.500000,1879.192993
1770.000000,1871.648315
1770.500000,1870.759155
1771.000000,1873.778564
1771.500000,1874.289307
1772.000000,1869.125610
1772.500000,1861.016602
1773.000000,1855.143066
1773.500000,1854.481934
1774.000000,1855.770142
1774.500000,1854.123535
1775.000000,1848.304565
1775.500000,1841.315674
1776.000000,1837.741577
1776.500000,1838.479248
1777.000000,1839.824341
1777.500000,1838.322754
1778.000000,1833.685059
1778.500000,1828.289307
1779.000000,1823.800171
1779.500000,1820.315186
1780.000000,1817.613159
1780.500000,1815.349243
1781.000000,1812.986206
1781.500000,1809.861816
1782.000000,1806.333252
1782.500000,1804.556152
1783.000000,1806.247559
1783.500000,1810.103271
1784.000000,1812.545044
1784.500000,1810.700562
1785.000000,1806.221680
1785.500000,1802.242920
1786.000000,1799.897095
1786.500000,1798.348755
1787.000000,1796.519775
1787.500000,1794.795166
1788.000000,1793.226440
1788.500000,1790.188232
1789.000000,1783.851929
1789.500000,1776.008789
1790.000000,1770.619507
1790.500000,1768.251465
1791.000000,1765.370972
1791.500000,1757.794556
1792.000000,1746.727417
1792.500000,1738.234131
1793.000000,1736.318115
1793.500000,1738.922363
1794.000000,1740.245605
1794.500000,1738.322510
1795.000000,1736.420654
1795.500000,1737.834839
1796.000000,1740.935181
1796.500000,1742.239014
1797.000000,1740.818481
1797.500000,1737.795532
1798.000000,1733.955078
1798.500000,1728.981567
1799.000000,1723.796997
1799.500000,1720.958374
1800.000000,1722.259888
1800.500000,1723.860962
1801.000000,1721.016357
1801.500000,1714.624878
1802.000000,1709.220459
1802.500000,1707.547729
1803.000000,1706.250366
1803.500000,1701.421143
1804.000000,1694.890015
1804.500000,1692.289551
1805.000000,1693.875732
1805.500000,1693.680908
1806.000000,1688.465698
1806.500000,1682.414062
1807.000000,1682.678589
1807.500000,1687.281616
1808.000000,1687.049561
1808.500000,1678.099121
1809.000000,1667.898071
1809.500000,1666.260498
1810.000000,1672.619141
