440.000000,3301.329346
440.500000,3302.432861
441.000000,3307.305420
441.500000,3315.480957
442.000000,3324.209473
442.500000,3329.543457
443.000000,3328.109619
443.500000,3320.405762
444.000000,3307.591064
444.500000,3293.191650
445.000000,3280.778809
445.500000,3272.538818
446.000000,3269.083252
446.500000,3268.840088
447.000000,3270.171875
447.500000,3271.291992
448.000000,3271.225586
448.500000,3270.275879
449.000000,3269.313721
449.500000,3269.030029
450.000000,3269.291992
450.500000,3268.913086
451.000000,3266.660645
451.500000,3261.598633
452.000000,3254.074951
452.500000,3245.189941
453.000000,3236.549561
453.500000,3228.986816
454.000000,3222.211426
454.500000,3215.080566
455.000000,3206.069580
455.500000,3194.750244
456.000000,3181.747314
456.500000,3168.696289
457.000000,3156.961182
457.500000,3147.140625
458.000000,3138.580811
458.500000,3129.468994
459.000000,3118.571045
459.500000,3105.277344
460.000000,3091.122803
460.500000,3079.049316
461.000000,3072.083984
461.500000,3071.950928
462.000000,3077.695068
462.500000,3086.542236
463.000000,3094.426270
463.500000,3097.608398
464.000000,3094.549561
464.500000,3087.866211
465.000000,3080.378174
465.500000,3075.364502
466.000000,3075.175781
466.500000,3077.812256
467.000000,3080.356689
467.500000,3080.028809
468.000000,3075.678223
468.500000,3067.742188
469.000000,3059.789551
469.500000,3055.156006
470.000000,3054.673340
470.500000,3058.904297
471.000000,3065.936279
471.500000,3073.651611
472.000000,3080.876465
472.500000,3087.706543
473.000000,3094.958740
473.500000,3103.511475
474.000000,3113.975342
474.500000,3125.143311
475.000000,3135.752197
475.500000,3144.866699
476.000000,3152.021973
476.500000,3158.320312
477.000000,3166.058105
477.500000,3177.394043
478.000000,3193.216553
478.500000,3214.120850
479.000000,3238.090332
479.500000,3262.657959
480.000000,3285.779053
480.500000,3306.312012
481.000000,3324.624268
481.500000,3341.418945
482.000000,3357.389893
482.500000,3372.373779
483.000000,3385.144775
483.500000,3394.857422
484.000000,3399.849609
484.500000,3400.803711
485.000000,3398.312988
485.500000,3393.771729
486.000000,3387.361328
486.500000,3378.881836
487.000000,3367.452148
487.500000,3352.641602
488.000000,3335.669922
488.500000,3318.066650
489.000000,3301.878418
489.500000,3289.699951
490.000000,3282.226807
490.500000,3279.516113
491.000000,3280.378906
491.500000,3283.964111
492.000000,3289.531494
492.500000,3296.484863
493.000000,3304.192383
493.500000,3311.682617
494.000000,3317.487549
494.500000,3320.712158
495.000000,3319.645264
495.500000,3314.342285
496.000000,3305.583984
496.500000,3294.591064
497.000000,3282.624756
497.500000,3270.637207
498.000000,3259.278076
498.500000,3248.978516
499.000000,3239.787354
499.500000,3232.352539
500.000000,3226.815430
500.500000,3223.811523
501.000000,3223.087646
501.500000,3223.791748
502.000000,3224.943604
502.500000,3225.510986
503.000000,3224.588623
503.500000,3222.221191
504.000000,3219.160645
504.500000,3216.764404
505.000000,3216.479248
505.500000,3218.835938
506.000000,3223.862305
506.500000,3230.089111
507.000000,3235.504150
507.500000,3238.602783
508.000000,3239.308838
508.500000,3238.077881
509.000000,3237.072266
509.500000,3238.493896
510.000000,3242.843018
510.500000,3250.164551
511.000000,3259.358643
511.500000,3269.136719
512.000000,3278.485107
512.500000,3287.204346
513.000000,3295.360596
513.500000,3303.269043
514.000000,3311.151367
514.500000,3319.377441
515.000000,3328.681641
515.500000,3339.615234
516.000000,3352.585693
516.500000,3367.305176
517.000000,3382.599121
517.500000,3396.502197
518.000000,3407.981689
518.500000,3416.133789
519.000000,3422.072266
519.500000,3426.521729
520.000000,3430.644531
520.500000,3435.002441
521.000000,3439.743896
521.500000,3445.166748
522.000000,3452.044189
522.500000,3461.103027
523.000000,3473.668213
523.500000,3488.420166
524.000000,3503.637695
524.500000,3517.067383
525.000000,3526.480713
525.500000,3531.294189
526.000000,3532.333740
526.500000,3531.845459
527.000000,3531.650146
527.500000,3532.628906
528.000000,3534.357422
528.500000,3535.596924
529.000000,3535.099365
529.500000,3532.081055
530.000000,3526.980713
530.500000,3520.334473
531.000000,3512.859375
531.500000,3504.955078
532.000000,3496.468018
532.500000,3487.117188
533.000000,3476.388184
533.500000,3464.527832
534.000000,3451.829834
534.500000,3439.334229
535.000000,3428.227295
535.500000,3419.205322
536.000000,3412.648926
536.500000,3408.629395
537.000000,3406.637939
537.500000,3406.610352
538.000000,3407.937256
538.500000,3410.950439
539.000000,3415.340576
539.500000,3420.945801
540.000000,3426.818604
540.500000,3431.512207
541.000000,3433.892334
541.500000,3433.684082
542.000000,3431.156738
542.500000,3427.844238
543.000000,3425.793457
543.500000,3426.252930
544.000000,3429.965088
544.500000,3435.973389
545.000000,3443.184326
545.500000,3450.164551
546.000000,3455.531250
546.500000,3458.518311
547.000000,3459.159912
547.500000,3457.023682
548.000000,3452.770996
548.500000,3446.593018
549.000000,3439.866211
549.500000,3434.250732
550.000000,3430.925293
550.500000,3430.579590
551.000000,3433.052734
551.500000,3437.197754
552.000000,3441.717529
552.500000,3445.597656
553.000000,3448.495117
553.500000,3450.835449
554.000000,3452.903564
554.500000,3454.866943
555.000000,3456.513672
555.500000,3457.661377
556.000000,3458.394775
556.500000,3458.969727
557.000000,3459.619873
557.500000,3460.134766
558.000000,3459.684326
558.500000,3456.785645
559.000000,3450.987549
559.500000,3441.828613
560.000000,3430.090332
560.500000,3416.987549
561.000000,3404.046143
561.500000,3392.367676
562.000000,3382.755127
562.500000,3375.022461
563.000000,3369.342285
563.500000,3364.906250
564.000000,3361.093262
564.500000,3357.139648
565.000000,3352.650146
565.500000,3347.505371
566.000000,3341.688477
566.500000,3334.789307
567.000000,3326.149902
567.500000,3314.471924
568.000000,3300.113770
568.500000,3283.614258
569.000000,3267.143555
569.500000,3253.347412
570.000000,3244.041016
570.500000,3238.235107
571.000000,3233.532715
571.500000,3227.068604
572.000000,3216.485596
572.500000,3202.517090
573.000000,3187.305176
573.500000,3174.240234
574.000000,3165.409424
574.500000,3160.372314
575.000000,3157.576904
575.500000,3154.975830
576.000000,3151.290283
576.500000,3146.967041
577.000000,3143.262451
577.500000,3141.352539
578.000000,3140.866455
578.500000,3140.918213
579.000000,3140.002441
579.500000,3137.383789
580.000000,3133.809814
580.500000,3130.836182
581.000000,3130.300049
581.500000,3133.029785
582.000000,3139.815918
582.500000,3148.661133
583.000000,3157.600586
583.500000,3164.934326
584.000000,3169.514648
584.500000,3171.779297
585.000000,3173.316162
585.500000,3176.596436
586.000000,3182.858154
586.500000,3192.228760
587.000000,3202.578857
587.500000,3211.059082
588.000000,3215.728760
588.500000,3215.324219
589.000000,3212.461670
589.500000,3209.955566
590.000000,3210.033936
590.500000,3213.241699
591.000000,3218.785889
591.500000,3224.593506
592.000000,3229.763184
592.500000,3235.367432
593.000000,3243.805664
593.500000,3256.396973
594.000000,3273.659668
594.500000,3293.304688
595.000000,3311.339355
595.500000,3324.576660
596.000000,3332.561035
596.500000,3335.614014
597.000000,3336.526611
597.500000,3337.087158
598.000000,3338.092041
598.500000,3338.848877
599.000000,3338.565186
599.500000,3337.018066
600.000000,3334.819092
600.500000,3332.968018
601.000000,3332.048584
601.500000,3331.209961
602.000000,3328.865967
602.500000,3324.465332
603.000000,3318.169678
603.500000,3312.034180
604.000000,3309.264893
604.500000,3312.257568
605.000000,3320.705078
605.500000,3332.863525
606.000000,3345.364746
606.500000,3354.945312
607.000000,3360.463135
607.500000,3361.097168
608.000000,3359.582520
608.500000,3357.700439
609.000000,3356.825928
609.500000,3357.697754
610.000000,3360.676758
610.500000,3366.030029
611.000000,3374.608398
611.500000,3385.944336
612.000000,3399.737793
612.500000,3413.821045
613.000000,3425.495605
613.500000,3432.622803
614.000000,3433.492188
614.500000,3429.598877
615.000000,3423.682861
615.500000,3418.505371
616.000000,3415.921143
616.500000,3417.278809
617.000000,3421.462646
617.500000,3427.425537
618.000000,3433.671387
618.500000,3439.349609
619.000000,3443.839600
619.500000,3446.458984
620.000000,3446.361084
620.500000,3443.221924
621.000000,3437.318115
621.500000,3430.482178
622.000000,3424.689209
622.500000,3421.342529
623.000000,3421.578857
623.500000,3424.701416
624.000000,3429.123779
624.500000,3432.922852
625.000000,3434.938477
625.500000,3434.549561
626.000000,3432.406006
626.500000,3429.177002
627.000000,3426.320312
627.500000,3425.459229
628.000000,3427.309570
628.500000,3432.472900
629.000000,3440.418213
629.500000,3449.890869
630.000000,3459.282715
630.500000,3467.098389
631.000000,3472.596924
631.500000,3476.673584
632.000000,3480.151123
632.500000,3483.961182
633.000000,3488.504395
633.500000,3493.452637
634.000000,3497.977295
634.500000,3501.146484
635.000000,3502.177246
635.500000,3499.646484
636.000000,3493.042969
636.500000,3480.278809
637.000000,3462.019775
637.500000,3438.603516
638.000000,3412.997070
638.500000,3387.625000
639.000000,3364.236572
639.500000,3343.305420
640.000000,3324.431641
640.500000,3306.429443
641.000000,3288.953857
641.500000,3272.385498
642.000000,3257.984863
642.500000,3246.133301
643.000000,3237.142334
643.500000,3230.341064
644.000000,3225.168701
644.500000,3221.444824
645.000000,3219.171631
645.500000,3218.443359
646.000000,3218.252441
646.500000,3216.902832
647.000000,3212.951660
647.500000,3204.788330
648.000000,3193.688965
648.500000,3181.684082
649.000000,3171.014404
649.500000,3163.154297
650.000000,3158.883789
650.500000,3157.263672
651.000000,3157.861328
651.500000,3159.381348
652.000000,3161.384033
652.500000,3163.247070
653.000000,3164.114014
653.500000,3163.144043
654.000000,3159.754639
654.500000,3153.902588
655.000000,3147.053711
655.500000,3140.794922
656.000000,3136.183105
656.500000,3134.043213
657.000000,3133.530273
657.500000,3133.470215
658.000000,3132.096191
658.500000,3127.905029
659.000000,3120.236816
659.500000,3109.497314
660.000000,3096.288818
660.500000,3082.259033
661.000000,3069.059082
661.500000,3058.080566
662.000000,3050.820801
662.500000,3047.306396
663.000000,3047.814453
663.500000,3051.809570
664.000000,3058.190674
664.500000,3065.537109
665.000000,3071.813232
665.500000,3074.678711
666.000000,3073.865723
666.500000,3068.812988
667.000000,3061.150391
667.500000,3052.356201
668.000000,3044.198975
668.500000,3038.179688
669.000000,3035.215088
669.500000,3034.887939
670.000000,3036.759277
670.500000,3039.321533
671.000000,3041.078857
671.500000,3041.193848
672.000000,3039.569092
672.500000,3038.109131
673.000000,3039.601562
673.500000,3045.787598
674.000000,3056.146973
674.500000,3068.287598
675.000000,3078.366699
675.500000,3082.246094
676.000000,3080.375732
676.500000,3075.722412
677.000000,3073.253662
677.500000,3076.767578
678.000000,3086.519531
678.500000,3099.804688
679.000000,3112.324951
679.500000,3120.314697
680.000000,3122.076172
680.500000,3120.518311
681.000000,3118.008301
681.500000,3116.515625
682.000000,3116.402100
682.500000,3116.458984
683.000000,3115.029297
683.500000,3110.908936
684.000000,3104.437012
684.500000,3095.874756
685.000000,3085.889648
685.500000,3074.212158
686.000000,3061.095215
686.500000,3046.426025
687.000000,3030.886963
687.500000,3015.291016
688.000000,3000.209229
688.500000,2985.768066
689.000000,2971.856201
689.500000,2958.272461
690.000000,2945.252197
690.500000,2933.229248
691.000000,2923.446045
691.500000,2916.105469
692.000000,2911.593506
692.500000,2909.305664
693.000000,2908.416016
693.500000,2908.031982
694.000000,2907.510986
694.500000,2906.885986
695.000000,2906.929199
695.500000,2909.154541
696.000000,2914.119141
696.500000,2922.658691
697.000000,2934.016846
697.500000,2947.180664
698.000000,2960.724854
698.500000,2973.491455
699.000000,2985.243164
699.500000,2996.780762
700.000000,3009.471924
700.500000,3024.234131
701.000000,3042.132812
701.500000,3062.485840
702.000000,3084.212158
702.500000,3105.427979
703.000000,3124.807373
703.500000,3142.045166
704.000000,3158.130371
704.500000,3174.397705
705.000000,3191.843018
705.500000,3210.746338
706.000000,3229.603760
706.500000,3246.000488
707.000000,3258.513428
707.500000,3266.594971
708.000000,3271.169434
708.500000,3274.218262
709.000000,3277.539307
709.500000,3282.116455
710.000000,3288.038818
710.500000,3293.723633
711.000000,3297.187988
711.500000,3297.222168
712.000000,3292.693115
712.500000,3283.836426
713.000000,3271.785889
713.500000,3258.084717
714.000000,3244.668457
714.500000,3232.754395
715.000000,3222.016846
715.500000,3211.657715
716.000000,3200.551025
716.500000,3187.883301
717.000000,3173.846924
717.500000,3159.242188
718.000000,3145.183594
718.500000,3132.317627
719.000000,3121.040039
719.500000,3111.229248
720.000000,3103.727051
720.500000,3098.861816
721.000000,3098.101562
721.500000,3101.684326
722.000000,3110.029785
722.500000,3122.237305
723.000000,3137.511475
723.500000,3155.951416
724.000000,3177.478271
724.500000,3203.429932
725.000000,3233.488525
725.500000,3268.597656
726.000000,3307.972168
726.500000,3351.733398
727.000000,3399.972168
727.500000,3453.609619
728.000000,3513.932617
728.500000,3580.786133
729.000000,3654.404053
729.500000,3731.824463
730.000000,3809.997314
730.500000,3885.053955
731.000000,3953.215332
731.500000,4012.969971
732.000000,4062.604492
732.500000,4101.187500
733.000000,4128.478516
733.500000,4142.145996
734.000000,4142.646973
734.500000,4126.859863
735.000000,4098.889648
735.500000,4058.312256
736.000000,4008.606445
736.500000,3950.724609
737.000000,3885.802246
737.500000,3814.111328
738.000000,3735.101807
738.500000,3650.145752
739.000000,3560.711426
739.500000,3470.069336
740.000000,3381.007324
740.500000,3295.261963
741.000000,3214.491211
741.500000,3138.844971
742.000000,3068.939209
742.500000,3006.198242
743.000000,2951.429199
743.500000,2906.882324
744.000000,2871.194336
744.500000,2844.907471
745.000000,2823.895264
745.500000,2805.981934
746.000000,2788.744873
746.500000,2771.567871
747.000000,2755.294434
747.500000,2741.004639
748.000000,2729.171143
748.500000,2718.761230
749.000000,2708.470215
749.500000,2697.298584
750.000000,2685.246338
750.500000,2673.675537
751.000000,2664.700684
751.500000,2659.033691
752.000000,2656.185303
752.500000,2654.875488
753.000000,2653.672119
753.500000,2651.883545
754.000000,2649.694824
754.500000,2647.531250
755.000000,2645.603271
755.500000,2643.719971
756.000000,2641.719727
756.500000,2639.959229
757.000000,2639.161865
757.500000,2639.764404
758.000000,2641.510498
758.500000,2643.015625
759.000000,2642.214600
759.500000,2638.312500
760.000000,2631.189697
760.500000,2622.755615
761.000000,2614.471191
761.500000,2607.049072
762.000000,2600.350586
762.500000,2594.044189
763.000000,2588.265137
763.500000,2584.285156
764.000000,2583.192627
764.500000,2585.843506
765.000000,2590.340332
765.500000,2594.440430
766.000000,2596.165527
766.500000,2594.703613
767.000000,2590.818604
767.500000,2586.248047
768.000000,2582.296875
768.500000,2579.073242
769.000000,2575.768066
769.500000,2571.802002
770.000000,2567.382080
770.500000,2563.490967
771.000000,2561.098145
771.500000,2560.218750
772.000000,2559.822998
772.500000,2558.439209
773.000000,2555.339600
773.500000,2551.076904
774.000000,2547.415527
774.500000,2546.104980
775.000000,2547.185791
775.500000,2549.938477
776.000000,2552.675781
776.500000,2553.993164
777.000000,2553.376221
777.500000,2551.405273
778.000000,2548.735107
778.500000,2545.652100
779.000000,2541.558594
779.500000,2536.257324
780.000000,2529.972900
780.500000,2524.110840
781.000000,2520.683594
781.500000,2521.167236
782.000000,2525.519775
782.500000,2532.124268
783.000000,2538.201904
783.500000,2541.516846
784.000000,2542.160156
784.500000,2540.786621
785.000000,2539.186279
785.500000,2538.466553
786.000000,2538.532959
786.500000,2538.307129
787.000000,2536.451172
787.500000,2532.835449
788.000000,2527.807861
788.500000,2522.297852
789.000000,2516.391357
789.500000,2509.617920
790.000000,2500.924805
790.500000,2490.129395
791.000000,2477.949707
791.500000,2466.108887
792.000000,2456.096680
792.500000,2448.291748
793.000000,2441.413818
793.500000,2433.991211
794.000000,2425.371582
794.500000,2415.866455
795.000000,2406.825195
795.500000,2399.488037
796.000000,2393.928955
796.500000,2389.031982
797.000000,2383.652344
797.500000,2377.949463
798.000000,2373.703857
798.500000,2372.720459
799.000000,2377.162842
799.500000,2385.731445
800.000000,2396.215576
800.500000,2405.184326
801.000000,2409.794678
801.500000,2409.337646
802.000000,2405.790527
802.500000,2401.284180
803.000000,2397.841797
803.500000,2396.953125
804.000000,2398.418945
804.500000,2402.472168
805.000000,2408.646484
805.500000,2416.772705
806.000000,2426.223877
806.500000,2435.739014
807.000000,2443.838867
807.500000,2449.765381
808.000000,2452.975586
808.500000,2454.720459
809.000000,2456.227539
809.500000,2458.664551
810.000000,2462.511475
810.500000,2467.133545
811.000000,2471.301025
811.500000,2474.009766
812.000000,2475.350830
812.500000,2475.987061
813.000000,2477.023438
813.500000,2479.314209
814.000000,2482.579102
814.500000,2486.075684
815.000000,2488.732910
815.500000,2489.672363
816.000000,2488.609619
816.500000,2486.059570
817.000000,2482.666016
817.500000,2479.263672
818.000000,2476.649414
818.500000,2475.110596
819.000000,2474.800293
819.500000,2474.932861
820.000000,2474.260010
820.500000,2471.575684
821.000000,2466.395508
821.500000,2459.543701
822.000000,2453.076904
822.500000,2448.958984
823.000000,2447.253174
823.500000,2447.166016
824.000000,2446.537598
824.500000,2443.496094
825.000000,2437.774414
825.500000,2430.326416
826.000000,2422.822021
826.500000,2416.590088
827.000000,2412.114990
827.500000,2408.913818
828.000000,2407.147461
828.500000,2406.673340
829.000000,2407.695312
829.500000,2409.438721
830.000000,2410.545898
830.500000,2409.613281
831.000000,2406.129150
831.500000,2400.646484
832.000000,2394.929688
832.500000,2390.246582
833.000000,2386.483887
833.500000,2383.105225
834.000000,2379.693359
834.500000,2376.862061
835.000000,2375.810059
835.500000,2377.476562
836.000000,2381.578125
836.500000,2386.236328
837.000000,2389.234619
837.500000,2390.149902
838.000000,2389.853516
838.500000,2390.173096
839.000000,2392.009766
839.500000,2394.458252
840.000000,2395.767578
840.500000,2394.853027
841.000000,2392.604248
841.500000,2391.604736
842.000000,2394.202637
842.500000,2402.260254
843.000000,2412.898438
843.500000,2423.228760
844.000000,2431.262207
844.500000,2436.812500
845.000000,2441.506104
845.500000,2446.867188
846.000000,2452.906982
846.500000,2457.905762
847.000000,2459.108643
847.500000,2456.048096
848.000000,2449.024170
848.500000,2441.290039
849.000000,2434.973877
849.500000,2430.172363
850.000000,2425.173828
850.500000,2417.553223
851.000000,2406.044189
851.500000,2390.654785
852.000000,2373.927734
852.500000,2358.841064
853.000000,2347.119629
853.500000,2339.905518
854.000000,2335.409668
854.500000,2331.414795
855.000000,2326.056396
855.500000,2318.799561
856.000000,2310.618652
856.500000,2303.707275
857.000000,2300.894043
857.500000,2302.518799
858.000000,2308.367432
858.500000,2315.234131
859.000000,2319.663818
859.500000,2319.469238
860.000000,2314.946533
860.500000,2308.206543
861.000000,2302.028564
861.500000,2298.435059
862.000000,2297.358398
862.500000,2298.562744
863.000000,2300.948730
863.500000,2304.646973
864.000000,2310.010010
864.500000,2317.480713
865.000000,2326.554443
865.500000,2335.705566
866.000000,2343.328613
866.500000,2349.047607
867.000000,2353.148193
867.500000,2357.154541
868.000000,2362.510986
868.500000,2369.879150
869.000000,2379.860352
869.500000,2392.579346
870.000000,2408.279785
870.500000,2427.212402
871.000000,2448.506348
871.500000,2470.515137
872.000000,2490.734619
872.500000,2506.073975
873.000000,2515.956299
873.500000,2519.635498
874.000000,2518.703125
874.500000,2514.698242
875.000000,2508.954590
875.500000,2502.125244
876.000000,2493.684570
876.500000,2483.084473
877.000000,2469.041992
877.500000,2452.466309
878.000000,2434.875732
878.500000,2418.708252
879.000000,2406.193359
879.500000,2397.840820
880.000000,2392.330811
880.500000,2387.394775
881.000000,2381.016357
881.500000,2372.597656
882.000000,2364.081787
882.500000,2358.726807
883.000000,2358.281982
883.500000,2363.575195
884.000000,2371.910156
884.500000,2380.119141
885.000000,2385.925537
885.500000,2389.025879
886.000000,2390.111572
886.500000,2390.770752
887.000000,2391.884033
887.500000,2393.510986
888.000000,2395.538330
888.500000,2397.923584
889.000000,2400.946777
889.500000,2404.695801
890.000000,2408.586914
890.500000,2411.451416
891.000000,2412.591064
891.500000,2411.707520
892.000000,2410.101807
892.500000,2409.240479
893.000000,2410.084473
893.500000,2413.110107
894.000000,2417.896973
894.500000,2424.003418
895.000000,2431.331299
895.500000,2439.758057
896.000000,2449.061279
896.500000,2458.089600
897.000000,2465.060547
897.500000,2469.368164
898.000000,2470.861816
898.500000,2471.020264
899.000000,2471.447510
899.500000,2473.078613
900.000000,2475.534424
900.500000,2477.445312
901.000000,2477.449219
901.500000,2474.096924
902.000000,2468.094727
902.500000,2459.878174
903.000000,2450.644287
903.500000,2441.030518
904.000000,2431.358154
904.500000,2421.798828
905.000000,2412.559082
905.500000,2403.754395
906.000000,2395.435059
906.500000,2387.281494
907.000000,2378.885986
907.500000,2369.962158
908.000000,2360.272217
908.500000,2349.841064
909.000000,2338.651123
909.500000,2326.640869
910.000000,2313.865967
910.500000,2300.502197
911.000000,2287.098633
911.500000,2274.377686
912.000000,2262.710938
912.500000,2252.483154
913.000000,2243.378662
913.500000,2235.000977
914.000000,2226.877930
914.500000,2218.811279
915.000000,2211.133545
915.500000,2204.543213
916.000000,2200.455078
916.500000,2199.174072
917.000000,2201.253174
917.500000,2205.102783
918.000000,2209.017090
918.500000,2211.483154
919.000000,2211.931396
919.500000,2210.901123
920.000000,2209.750244
920.500000,2209.677734
921.000000,2210.831055
921.500000,2212.933105
922.000000,2215.205566
922.500000,2217.583252
923.000000,2220.737793
923.500000,2225.874268
924.000000,2233.794189
924.500000,2244.064697
925.000000,2255.370605
925.500000,2265.930908
926.000000,2274.057617
926.500000,2279.748291
927.000000,2283.031982
927.500000,2285.131348
928.000000,2287.110840
928.500000,2289.857178
929.000000,2293.773193
929.500000,2298.704102
930.000000,2303.758057
930.500000,2307.583496
931.000000,2309.331787
931.500000,2308.108154
932.000000,2305.059570
932.500000,2302.000244
933.000000,2301.007324
933.500000,2303.594482
934.000000,2309.825439
934.500000,2317.940430
935.000000,2325.547119
935.500000,2330.806885
936.000000,2332.662598
936.500000,2333.176025
937.000000,2335.342285
937.500000,2341.743164
938.000000,2353.776123
938.500000,2369.893555
939.000000,2386.566162
939.500000,2399.952393
940.000000,2408.742920
940.500000,2413.288330
941.000000,2416.807373
941.500000,2421.820557
942.000000,2428.953613
942.500000,2437.429932
943.000000,2445.683105
943.500000,2453.176514
944.000000,2461.178223
944.500000,2472.003174
945.000000,2488.322021
945.500000,2509.482422
946.000000,2534.065674
946.500000,2558.243652
947.000000,2578.851318
947.500000,2595.222168
948.000000,2608.669189
948.500000,2621.914062
949.000000,2637.279541
949.500000,2656.107178
950.000000,2677.683350
950.500000,2701.334473
951.000000,2725.594482
951.500000,2749.740234
952.000000,2773.359375
952.500000,2795.910645
953.000000,2816.592773
953.500000,2834.047852
954.000000,2846.394775
954.500000,2852.868652
955.000000,2852.001953
955.500000,2845.668457
956.000000,2834.578369
956.500000,2821.422607
957.000000,2807.188232
957.500000,2792.040527
958.000000,2775.238037
958.500000,2756.186279
959.000000,2735.486572
959.500000,2714.845703
960.000000,2696.383545
960.500000,2682.402588
961.000000,2671.814941
961.500000,2662.613281
962.000000,2651.355713
962.500000,2634.988281
963.000000,2612.915771
963.500000,2587.121582
964.000000,2561.064453
964.500000,2538.232910
965.000000,2521.437012
965.500000,2509.112549
966.000000,2499.503418
966.500000,2489.535645
967.000000,2477.201660
967.500000,2462.438965
968.000000,2446.588623
968.500000,2431.638184
969.000000,2418.926514
969.500000,2408.890625
970.000000,2400.046387
970.500000,2390.636719
971.000000,2379.541504
971.500000,2366.531494
972.000000,2353.043213
972.500000,2341.051270
973.000000,2332.065186
973.500000,2326.279541
974.000000,2323.014893
974.500000,2320.509766
975.000000,2317.864014
975.500000,2315.161133
976.000000,2313.322754
976.500000,2312.898682
977.000000,2313.647705
977.500000,2314.015137
978.000000,2312.020752
978.500000,2306.388184
979.000000,2298.107910
979.500000,2289.490479
980.000000,2283.347656
980.500000,2282.201660
981.000000,2284.881104
981.500000,2289.402832
982.000000,2292.925293
982.500000,2293.814941
983.000000,2292.420166
983.500000,2290.603271
984.000000,2290.244629
984.500000,2291.815674
985.000000,2295.338379
985.500000,2299.787842
986.000000,2304.864502
986.500000,2310.353760
987.000000,2316.091064
987.500000,2321.676025
988.000000,2326.836914
988.500000,2332.012695
989.000000,2338.483887
989.500000,2348.415283
990.000000,2362.081299
990.500000,2379.172363
991.000000,2396.631348
991.500000,2410.942627
992.000000,2420.008789
992.500000,2423.655518
993.000000,2424.058350
993.500000,2424.986328
994.000000,2430.207520
994.500000,2440.414307
995.000000,2455.574951
995.500000,2472.223877
996.000000,2487.373535
996.500000,2499.590332
997.000000,2509.498779
997.500000,2519.745850
998.000000,2533.008545
998.500000,2550.342529
999.000000,2569.346191
999.500000,2585.832031
1000.000000,2596.932617
1000.500000,2600.613770
1001.000000,2599.602783
1001.500000,2596.464844
1002.000000,2592.707764
1002.500000,2586.858643
1003.000000,2575.223633
1003.500000,2555.483398
1004.000000,2526.414062
1004.500000,2492.638428
1005.000000,2459.279541
1005.500000,2430.444824
1006.000000,2408.422852
1006.500000,2391.586426
1007.000000,2377.515869
1007.500000,2363.714600
1008.000000,2348.715820
1008.500000,2332.203369
1009.000000,2315.163330
1009.500000,2299.170166
1010.000000,2285.410156
1010.500000,2275.132324
1011.000000,2267.580811
1011.500000,2261.384277
1012.000000,2254.539062
1012.500000,2245.597168
1013.000000,2234.176758
1013.500000,2221.364014
1014.000000,2208.276367
1014.500000,2195.593506
1015.000000,2183.054443
1015.500000,2169.898438
1016.000000,2155.693115
1016.500000,2141.324707
1017.000000,2128.914551
1017.500000,2120.899170
1018.000000,2118.256348
1018.500000,2120.824219
1019.000000,2125.142578
1019.500000,2126.861816
1020.000000,2123.288086
1020.500000,2112.852783
1021.000000,2098.741943
1021.500000,2085.768311
1022.000000,2078.552246
1022.500000,2078.848633
1023.000000,2085.376953
1023.500000,2093.246826
1024.000000,2097.591064
1024.500000,2096.840820
1025.000000,2091.033447
1025.500000,2083.645996
1026.000000,2077.627197
1026.500000,2074.307617
1027.000000,2073.300537
1027.500000,2073.380371
1028.000000,2073.501953
1028.500000,2073.585693
1029.000000,2074.089355
1029.500000,2075.498047
1030.000000,2077.314209
1030.500000,2078.432129
1031.000000,2077.577148
1031.500000,2073.356445
1032.000000,2064.948975
1032.500000,2052.442627
1033.000000,2036.167847
1033.500000,2018.002197
1034.000000,1999.773682
1034.500000,1983.226074
1035.000000,1969.874146
1035.500000,1959.413940
1036.000000,1951.238281
1036.500000,1944.126343
1037.000000,1937.236450
1037.500000,1930.488647
1038.000000,1924.367920
1038.500000,1919.647583
1039.000000,1916.089966
1039.500000,1912.740601
1040.000000,1907.964600
1040.500000,1900.201050
1041.000000,1889.885986
1041.500000,1879.253662
1042.000000,1871.746948
1042.500000,1869.737183
1043.000000,1873.874146
1043.500000,1880.505981
1044.000000,1884.783447
1044.500000,1883.958008
1045.000000,1877.341309
1045.500000,1868.675659
1046.000000,1862.200562
1046.500000,1860.282349
1047.000000,1862.057617
1047.500000,1864.624878
1048.000000,1865.057861
1048.500000,1861.923706
1049.000000,1857.019653
1049.500000,1852.383789
1050.000000,1849.181030
1050.500000,1847.158569
1051.000000,1845.057495
1051.500000,1842.141479
1052.000000,1838.854248
1052.500000,1836.310303
1053.000000,1835.255737
1053.500000,1834.846313
1054.000000,1833.329102
1054.500000,1829.603516
1055.000000,1823.398071
1055.500000,1816.354004
1056.000000,1810.399536
1056.500000,1806.584106
1057.000000,1804.377197
1057.500000,1802.360596
1058.000000,1799.280518
1058.500000,1794.877319
1059.000000,1790.588135
1059.500000,1788.359253
1060.000000,1788.741211
1060.500000,1790.872314
1061.000000,1792.060669
1061.500000,1789.508545
1062.000000,1781.802734
1062.500000,1770.671143
1063.000000,1759.168335
1063.500000,1750.473267
1064.000000,1746.810303
1064.500000,1746.376099
1065.000000,1746.686279
1065.500000,1745.329956
1066.000000,1741.722778
1066.500000,1737.283936
1067.000000,1734.052979
1067.500000,1733.238403
1068.000000,1733.961060
1068.500000,1734.994507
1069.000000,1735.691528
1069.500000,1737.127319
1070.000000,1741.047729
1070.500000,1748.841309
1071.000000,1759.557251
1071.500000,1770.353027
1072.000000,1777.924072
1072.500000,1781.009888
1073.000000,1779.634033
1073.500000,1776.853394
1074.000000,1775.372437
1074.500000,1776.454956
1075.000000,1780.231812
1075.500000,1785.313599
1076.000000,1790.213135
1076.500000,1793.898071
1077.000000,1796.225952
1077.500000,1797.609741
1078.000000,1799.221924
1078.500000,1802.638550
1079.000000,1808.380859
1079.500000,1816.537476
1080.000000,1825.384033
1080.500000,1832.579224
1081.000000,1836.283569
1081.500000,1836.307983
1082.000000,1833.793091
1082.500000,1830.959961
1083.000000,1829.219482
1083.500000,1828.333374
1084.000000,1827.303589
1084.500000,1825.331787
1085.000000,1822.568359
1085.500000,1820.148193
1086.000000,1819.102905
1086.500000,1819.451294
1087.000000,1819.912476
1087.500000,1818.799561
1088.000000,1815.618530
1088.500000,1810.469849
1089.000000,1804.822021
1089.500000,1799.713257
1090.000000,1795.439209
1090.500000,1791.849487
1091.000000,1788.846436
1091.500000,1786.699829
1092.000000,1786.010620
1092.500000,1786.623047
1093.000000,1787.995972
1093.500000,1788.929443
1094.000000,1788.455933
1094.500000,1786.689209
1095.000000,1784.209717
1095.500000,1781.827637
1096.000000,1779.984985
1096.500000,1778.706665
1097.000000,1777.719727
1097.500000,1776.850220
1098.000000,1775.953735
1098.500000,1774.943726
1099.000000,1773.946655
1099.500000,1773.588135
1100.000000,1774.827515
1100.500000,1778.671021
1101.000000,1785.234009
1101.500000,1793.025269
1102.000000,1799.720825
1102.500000,1803.692383
1103.000000,1804.051636
1103.500000,1802.986694
1104.000000,1803.014038
1104.500000,1805.851196
1105.000000,1811.890991
1105.500000,1819.917725
1106.000000,1828.436035
1106.500000,1836.825562
1107.000000,1845.395630
1107.500000,1854.870483
1108.000000,1865.128418
1108.500000,1875.326538
1109.000000,1884.205566
1109.500000,1890.546021
1110.000000,1894.258057
1110.500000,1895.991577
1111.000000,1896.927002
1111.500000,1898.522095
1112.000000,1902.314209
1112.500000,1908.658691
1113.000000,1917.859009
1113.500000,1928.229858
1114.000000,1937.845703
1114.500000,1945.165771
1115.000000,1949.761597
1115.500000,1952.946899
1116.000000,1956.965454
1116.500000,1963.615479
1117.000000,1972.347290
1117.500000,1980.998535
1118.000000,1986.890137
1118.500000,1988.006714
1119.000000,1986.113770
1119.500000,1984.658691
1120.000000,1987.218506
1120.500000,1995.060669
1121.000000,2006.412231
1121.500000,2016.995239
1122.000000,2022.634033
1122.500000,2023.198364
1123.000000,2020.065308
1123.500000,2017.111328
1124.000000,2017.042480
1124.500000,2020.059448
1125.000000,2024.938965
1125.500000,2030.239014
1126.000000,2035.391357
1126.500000,2040.701904
1127.000000,2046.378906
1127.500000,2051.958496
1128.000000,2056.644287
1128.500000,2059.854004
1129.000000,2062.228027
1129.500000,2064.801025
1130.000000,2068.267578
1130.500000,2072.453369
1131.000000,2076.720459
1131.500000,2080.693359
1132.000000,2084.705322
1132.500000,2089.386719
1133.000000,2095.196045
1133.500000,2101.616455
1134.000000,2107.973145
1134.500000,2113.873291
1135.000000,2119.404053
1135.500000,2124.758301
1136.000000,2129.865234
1136.500000,2134.429688
1137.000000,2138.745361
1137.500000,2143.999268
1138.000000,2151.175781
1138.500000,2160.444580
1139.000000,2169.474854
1139.500000,2174.397461
1140.000000,2172.105469
1140.500000,2162.639160
1141.000000,2148.577637
1141.500000,2135.018799
1142.000000,2126.510742
1142.500000,2123.221924
1143.000000,2124.124023
1143.500000,2125.799805
1144.000000,2125.885254
1144.500000,2123.820312
1145.000000,2120.496582
1145.500000,2117.289795
1146.000000,2115.154541
1146.500000,2114.496094
1147.000000,2114.676758
1147.500000,2115.026123
1148.000000,2114.796875
1148.500000,2113.283936
1149.000000,2110.268066
1149.500000,2105.760986
1150.000000,2100.289062
1150.500000,2094.924561
1151.000000,2091.060791
1151.500000,2089.362793
1152.000000,2090.254150
1152.500000,2092.077148
1153.000000,2092.935303
1153.500000,2091.639648
1154.000000,2088.309326
1154.500000,2084.716553
1155.000000,2082.797119
1155.500000,2083.229736
1156.000000,2084.453369
1156.500000,2084.072510
1157.000000,2081.241699
1157.500000,2076.836182
1158.000000,2073.731445
1158.500000,2074.536865
1159.000000,2079.158447
1159.500000,2085.486084
1160.000000,2090.835938
1160.500000,2094.000488
1161.000000,2095.404541
1161.500000,2096.688721
1162.000000,2098.543701
1162.500000,2100.135986
1163.000000,2099.891846
1163.500000,2097.358398
1164.000000,2093.248291
1164.500000,2089.185059
1165.000000,2086.358154
1165.500000,2084.964600
1166.000000,2084.156006
1166.500000,2083.302734
1167.000000,2082.319824
1167.500000,2081.529297
1168.000000,2081.072510
1168.500000,2080.769287
1169.000000,2080.348877
1169.500000,2079.929199
1170.000000,2080.142090
1170.500000,2081.634033
1171.000000,2085.018555
1171.500000,2089.822754
1172.000000,2095.663818
1172.500000,2101.662354
1173.000000,2107.044189
1173.500000,2111.231201
1174.000000,2113.864258
1174.500000,2115.293457
1175.000000,2116.707764
1175.500000,2119.664551
1176.000000,2124.673096
1176.500000,2131.172607
1177.000000,2136.585938
1177.500000,2137.475098
1178.000000,2132.596436
1178.500000,2122.066406
1179.000000,2108.676514
1179.500000,2095.870117
1180.000000,2086.118896
1180.500000,2079.423340
1181.000000,2074.827637
1181.500000,2070.478271
1182.000000,2065.850830
1182.500000,2061.660400
1183.000000,2059.084717
1183.500000,2058.110352
1184.000000,2057.265137
1184.500000,2054.284912
1185.000000,2048.076172
1185.500000,2039.317749
1186.000000,2031.182861
1186.500000,2027.728760
1187.000000,2029.676147
1187.500000,2036.471069
1188.000000,2044.474854
1188.500000,2050.427490
1189.000000,2052.932129
1189.500000,2052.867920
1190.000000,2052.054199
1190.500000,2052.158691
1191.000000,2054.023193
1191.500000,2057.100342
1192.000000,2061.086914
1192.500000,2065.497559
1193.000000,2069.921143
1193.500000,2073.660889
1194.000000,2075.939697
1194.500000,2076.547852
1195.000000,2076.642822
1195.500000,2078.447266
1196.000000,2083.549561
1196.500000,2093.283447
1197.000000,2105.556641
1197.500000,2117.747803
1198.000000,2127.320557
1198.500000,2133.090820
1199.000000,2135.919678
1199.500000,2137.965332
1200.000000,2141.177246
1200.500000,2146.194336
1201.000000,2152.966309
1201.500000,2160.216797
1202.000000,2166.916260
1202.500000,2172.434082
1203.000000,2176.296143
1203.500000,2178.623779
1204.000000,2180.192139
1204.500000,2182.594971
1205.000000,2187.653320
1205.500000,2197.445312
1206.000000,2211.049805
1206.500000,2226.713379
1207.000000,2240.885254
1207.500000,2250.302490
1208.000000,2254.390381
1208.500000,2254.538086
1209.000000,2253.596680
1209.500000,2254.293701
1210.000000,2258.256592
1210.500000,2264.746582
1211.000000,2272.686523
1211.500000,2280.095215
1212.000000,2285.035889
1212.500000,2286.512695
1213.000000,2283.747559
1213.500000,2277.322998
1214.000000,2268.903076
1214.500000,2260.395020
1215.000000,2253.147949
1215.500000,2247.527588
1216.000000,2242.380127
1216.500000,2236.663086
1217.000000,2230.316406
1217.500000,2224.289307
1218.000000,2219.645020
1218.500000,2216.426025
1219.000000,2213.210693
1219.500000,2207.978271
1220.000000,2199.006104
1220.500000,2187.237305
1221.000000,2174.189941
1221.500000,2161.899902
1222.000000,2151.129883
1222.500000,2140.966064
1223.000000,2130.137695
1223.500000,2118.283447
1224.000000,2106.508789
1224.500000,2096.718506
1225.000000,2089.661133
1225.500000,2085.267090
1226.000000,2081.416016
1226.500000,2076.421143
1227.000000,2069.973633
1227.500000,2062.771240
1228.000000,2055.858398
1228.500000,2049.508057
1229.000000,2043.145386
1229.500000,2036.209961
1230.000000,2029.041504
1230.500000,2022.950439
1231.000000,2019.764160
1231.500000,2019.299438
1232.000000,2020.531982
1232.500000,2021.386108
1233.000000,2020.366089
1233.500000,2017.253540
1234.000000,2012.942871
1234.500000,2008.202881
1235.000000,2003.388916
1235.500000,1998.303345
1236.000000,1992.955444
1236.500000,1987.728516
1237.000000,1983.135132
1237.500000,1979.422119
1238.000000,1976.226074
1238.500000,1973.006104
1239.000000,1969.565918
1239.500000,1966.199097
1240.000000,1963.433350
1240.500000,1961.350098
1241.000000,1959.864624
1241.500000,1958.577271
1242.000000,1957.298462
1242.500000,1955.943237
1243.000000,1954.347168
1243.500000,1952.229736
1244.000000,1949.559570
1244.500000,1946.799683
1245.000000,1944.878540
1245.500000,1945.015503
1246.000000,1946.910645
1246.500000,1949.661743
1247.000000,1951.639526
1247.500000,1951.682251
1248.000000,1949.934937
1248.500000,1947.710205
1249.000000,1946.593018
1249.500000,1947.283203
1250.000000,1949.868042
1250.500000,1952.923828
1251.000000,1954.814087
1251.500000,1954.384766
1252.000000,1950.761597
1252.500000,1944.494141
1253.000000,1937.127319
1253.500000,1930.785278
1254.000000,1927.074097
1254.500000,1926.787964
1255.000000,1928.287476
1255.500000,1929.771118
1256.000000,1929.887085
1256.500000,1928.340820
1257.000000,1926.068726
1257.500000,1923.792725
1258.000000,1921.307495
1258.500000,1917.710693
1259.000000,1912.242920
1259.500000,1905.834961
1260.000000,1900.708618
1260.500000,1898.692627
1261.000000,1901.163940
1261.500000,1906.545044
1262.000000,1912.671509
1262.500000,1917.629517
1263.000000,1921.002197
1263.500000,1923.673950
1264.000000,1926.948975
1264.500000,1931.513184
1265.000000,1936.609253
1265.500000,1940.890503
1266.000000,1943.324341
1266.500000,1943.050293
1267.000000,1940.294312
1267.500000,1935.661865
1268.000000,1930.249878
1268.500000,1925.609863
1269.000000,1923.496826
1269.500000,1924.270142
1270.000000,1927.840210
1270.500000,1931.792358
1271.000000,1933.393799
1271.500000,1931.184692
1272.000000,1925.176147
1272.500000,1917.497681
1273.000000,1911.004150
1273.500000,1907.904663
1274.000000,1908.062622
1274.500000,1910.766968
1275.000000,1914.085938
1275.500000,1917.095337
1276.000000,1919.655029
1276.500000,1921.854980
1277.000000,1923.665283
1277.500000,1924.931030
1278.000000,1925.877930
1278.500000,1927.401733
1279.000000,1930.846924
1279.500000,1936.349121
1280.000000,1943.484741
1280.500000,1950.641724
1281.000000,1956.948730
1281.500000,1962.996216
1282.000000,1970.203979
1282.500000,1979.430908
1283.000000,1989.858765
1283.500000,1999.474243
1284.000000,2006.694092
1284.500000,2010.721313
1285.000000,2013.440674
1285.500000,2016.650635
1286.000000,2021.170044
1286.500000,2026.314941
1287.000000,2030.251221
1287.500000,2031.190796
1288.000000,2028.034790
1288.500000,2021.572266
1289.000000,2012.826050
1289.500000,2003.967041
1290.000000,1996.812256
1290.500000,1991.695068
1291.000000,1987.909668
1291.500000,1983.535645
1292.000000,1976.908325
1292.500000,1967.959717
1293.000000,1958.547485
1293.500000,1950.964722
1294.000000,1945.870117
1294.500000,1942.734253
1295.000000,1939.388550
1295.500000,1934.457520
1296.000000,1928.400757
1296.500000,1922.708008
1297.000000,1918.690186
1297.500000,1916.381104
1298.000000,1914.803345
1298.500000,1912.716797
1299.000000,1909.574707
1299.500000,1906.078613
1300.000000,1903.231689
1300.500000,1901.509521
1301.000000,1900.790649
1301.500000,1900.180786
1302.000000,1898.697021
1302.500000,1895.830811
1303.000000,1892.172119
1303.500000,1889.110718
1304.000000,1887.927612
1304.500000,1889.838501
1305.000000,1893.854248
1305.500000,1898.748047
1306.000000,1903.070679
1306.500000,1906.242310
1307.000000,1908.753784
1307.500000,1911.648682
1308.000000,1915.943604
1308.500000,1921.889282
1309.000000,1929.852905
1309.500000,1939.114014
1310.000000,1949.099243
1310.500000,1958.929443
1311.000000,1968.370850
1311.500000,1978.409790
1312.000000,1991.009521
1312.500000,2007.962036
1313.000000,2028.164551
1313.500000,2048.215820
1314.000000,2063.949951
1314.500000,2071.296875
1315.000000,2071.993408
1315.500000,2068.853271
1316.000000,2066.127930
1316.500000,2066.370850
1317.000000,2069.784912
1317.500000,2074.773193
1318.000000,2079.649902
1318.500000,2083.209229
1319.000000,2084.225098
1319.500000,2082.893555
1320.000000,2079.341064
1320.500000,2075.130615
1321.000000,2072.110107
1321.500000,2071.452881
1322.000000,2072.765869
1322.500000,2074.307129
1323.000000,2074.207031
1323.500000,2071.168213
1324.000000,2066.129395
1324.500000,2059.970459
1325.000000,2053.516602
1325.500000,2046.216919
1326.000000,2036.816772
1326.500000,2024.203247
1327.000000,2008.717896
1327.500000,1993.049805
1328.000000,1981.531738
1328.500000,1976.697388
1329.000000,1980.762573
1329.500000,1989.577759
1330.000000,1998.589355
1330.500000,2003.761963
1331.000000,2004.155396
1331.500000,2002.382568
1332.000000,2001.658813
1332.500000,2003.211792
1333.000000,2005.312134
1333.500000,2005.321777
1334.000000,2002.911865
1334.500000,1999.831055
1335.000000,1999.107910
1335.500000,2002.755493
1336.000000,2009.770020
1336.500000,2017.544189
1337.000000,2023.826294
1337.500000,2028.262207
1338.000000,2031.579712
1338.500000,2034.819458
1339.000000,2037.681763
1339.500000,2039.173096
1340.000000,2038.219604
1340.500000,2035.189575
1341.000000,2031.200806
1341.500000,2027.661743
1342.000000,2025.533447
1342.500000,2025.381470
1343.000000,2026.757446
1343.500000,2029.221069
1344.000000,2031.467041
1344.500000,2031.736450
1345.000000,2028.792847
1345.500000,2021.684570
1346.000000,2011.236328
1346.500000,1999.716187
1347.000000,1990.039673
1347.500000,1983.912842
1348.000000,1981.787231
1348.500000,1981.101318
1349.000000,1979.269653
1349.500000,1975.138916
1350.000000,1969.232788
1350.500000,1963.525635
1351.000000,1959.203979
1351.500000,1955.343384
1352.000000,1949.450317
1352.500000,1939.044678
1353.000000,1925.228516
1353.500000,1910.966797
1354.000000,1899.921753
1354.500000,1894.307617
1355.000000,1892.073486
1355.500000,1889.716187
1356.000000,1884.729858
1356.500000,1877.221191
1357.000000,1869.112061
1357.500000,1862.562622
1358.000000,1858.862915
1358.500000,1856.938965
1359.000000,1855.760254
1359.500000,1854.351807
1360.000000,1852.441650
1360.500000,1850.245972
1361.000000,1848.131470
1361.500000,1846.515869
1362.000000,1845.650757
1362.500000,1845.493530
1363.000000,1845.150146
1363.500000,1843.098999
1364.000000,1838.671143
1364.500000,1831.629883
1365.000000,1823.365845
1365.500000,1815.626587
1366.000000,1809.832520
1366.500000,1806.460693
1367.000000,1805.684448
1367.500000,1806.710205
1368.000000,1809.047729
1368.500000,1811.284790
1369.000000,1811.560181
1369.500000,1808.668213
1370.000000,1802.292358
1370.500000,1793.985352
1371.000000,1786.032227
1371.500000,1780.093872
1372.000000,1775.794434
1372.500000,1771.304688
1373.000000,1764.598877
1373.500000,1754.326782
1374.000000,1742.247070
1374.500000,1731.255371
1375.000000,1724.077026
1375.500000,1721.924194
1376.000000,1723.630249
1376.500000,1725.935791
1377.000000,1725.602539
1377.500000,1721.677979
1378.000000,1714.126587
1378.500000,1705.514893
1379.000000,1697.998779
1379.500000,1692.727539
1380.000000,1689.914185
1380.500000,1688.740112
1381.000000,1688.007568
1381.500000,1686.513184
1382.000000,1683.321045
1382.500000,1677.083984
1383.000000,1667.988525
1383.500000,1656.380737
1384.000000,1644.292725
1384.500000,1633.994019
1385.000000,1627.103027
1385.500000,1624.171387
1386.000000,1624.578125
1386.500000,1626.492554
1387.000000,1628.385620
1387.500000,1629.398071
1388.000000,1629.455444
1388.500000,1629.463379
1389.000000,1630.326660
1389.500000,1632.229492
1390.000000,1634.558228
1390.500000,1636.347168
1391.000000,1637.184937
1391.500000,1637.581421
1392.000000,1638.755981
1392.500000,1642.030518
1393.000000,1646.968750
1393.500000,1652.553345
1394.000000,1657.342529
1394.500000,1660.685791
1395.000000,1663.282471
1395.500000,1666.488403
1396.000000,1671.415283
1396.500000,1677.849487
1397.000000,1685.177856
1397.500000,1692.389893
1398.000000,1698.669556
1398.500000,1703.660400
1399.000000,1706.758667
1399.500000,1707.992554
1400.000000,1707.873901
1400.500000,1707.536865
1401.000000,1708.065552
1401.500000,1709.755981
1402.000000,1711.532959
1402.500000,1711.853638
1403.000000,1710.634399
1403.500000,1708.825195
1404.000000,1708.085815
1404.500000,1709.198975
1405.000000,1711.038086
1405.500000,1711.340942
1406.000000,1708.214966
1406.500000,1702.299683
1407.000000,1695.517578
1407.500000,1690.301025
1408.000000,1687.959839
1408.500000,1686.976318
1409.000000,1685.569092
1409.500000,1682.962402
1410.000000,1679.944336
1410.500000,1678.038452
1411.000000,1677.870483
1411.500000,1678.832275
1412.000000,1679.280884
1412.500000,1678.135132
1413.000000,1676.454712
1413.500000,1676.604248
1414.000000,1680.405151
1414.500000,1687.726562
1415.000000,1695.905762
1415.500000,1701.298218
1416.000000,1700.986572
1416.500000,1695.997070
1417.000000,1689.149292
1417.500000,1685.006836
1418.000000,1687.457520
1418.500000,1695.645508
1419.000000,1706.489624
1419.500000,1715.055298
1420.000000,1717.950317
1420.500000,1714.943237
1421.000000,1709.375977
1421.500000,1705.127808
1422.000000,1704.546875
1422.500000,1708.818481
1423.000000,1715.640259
1423.500000,1722.472168
1424.000000,1726.763550
1424.500000,1726.688110
1425.000000,1721.787842
1425.500000,1713.607300
1426.000000,1704.384033
1426.500000,1696.376587
1427.000000,1691.075928
1427.500000,1687.527344
1428.000000,1684.583740
1428.500000,1681.286377
1429.000000,1677.893066
1429.500000,1675.378662
1430.000000,1674.156738
1430.500000,1673.249634
1431.000000,1670.675903
1431.500000,1664.565674
1432.000000,1655.820068
1432.500000,1645.979370
1433.000000,1636.989502
1433.500000,1629.407227
1434.000000,1622.010010
1434.500000,1613.041870
1435.000000,1601.665527
1435.500000,1589.027710
1436.000000,1577.552734
1436.500000,1569.090698
1437.000000,1564.758179
1437.500000,1562.459839
1438.000000,1559.694702
1438.500000,1554.215210
1439.000000,1544.969482
1439.500000,1532.951416
1440.000000,1520.528320
1440.500000,1510.183594
1441.000000,1502.907837
1441.500000,1498.984253
1442.000000,1496.178101
1442.500000,1492.634399
1443.000000,1487.248169
1443.500000,1479.717163
1444.000000,1470.995483
1444.500000,1462.516846
1445.000000,1455.634644
1445.500000,1450.773193
1446.000000,1447.816895
1446.500000,1445.375732
1447.000000,1442.082886
1447.500000,1437.472778
1448.000000,1431.711670
1448.500000,1425.805176
1449.000000,1420.777344
1449.500000,1417.240234
1450.000000,1415.183838
1450.500000,1414.497314
1451.000000,1414.615845
1451.500000,1415.209717
1452.000000,1415.759033
1452.500000,1415.973633
1453.000000,1415.954712
1453.500000,1416.073730
1454.000000,1416.737549
1454.500000,1418.145508
1455.000000,1420.397339
1455.500000,1423.523560
1456.000000,1428.075562
1456.500000,1434.035278
1457.000000,1440.939697
1457.500000,1447.180542
1458.000000,1450.961182
1458.500000,1451.852295
1459.000000,1450.763306
1459.500000,1449.406982
1460.000000,1448.902466
1460.500000,1448.945679
1461.000000,1448.222778
1461.500000,1445.550293
1462.000000,1441.964600
1462.500000,1439.160522
1463.000000,1438.145996
1463.500000,1438.639771
1464.000000,1439.326050
1464.500000,1439.335815
1465.000000,1439.036865
1465.500000,1439.481934
1466.000000,1441.233032
1466.500000,1443.041504
1467.000000,1443.064697
1467.500000,1441.050049
1468.000000,1438.154175
1468.500000,1436.297852
1469.000000,1436.144043
1469.500000,1436.214966
1470.000000,1433.962280
1470.500000,1427.333374
1471.000000,1417.986328
1471.500000,1409.305420
1472.000000,1404.027466
1472.500000,1402.934204
1473.000000,1403.413452
1473.500000,1402.299683
1474.000000,1398.116211
1474.500000,1392.398804
1475.000000,1388.466553
1475.500000,1388.527954
1476.000000,1393.072266
1476.500000,1398.173462
1477.000000,1400.120605
1477.500000,1397.896484
1478.000000,1392.733398
1478.500000,1387.623535
1479.000000,1384.614136
1479.500000,1383.662842
1480.000000,1382.973267
1480.500000,1381.149658
1481.000000,1378.804688
1481.500000,1377.438110
1482.000000,1377.574585
1482.500000,1378.512817
1483.000000,1378.814575
1483.500000,1378.034424
1484.000000,1377.362427
1484.500000,1378.526367
1485.000000,1382.488525
1485.500000,1387.594116
1486.000000,1391.783813
1486.500000,1394.193970
1487.000000,1394.911255
1487.500000,1394.972656
1488.000000,1394.843750
1488.500000,1394.582520
1489.000000,1394.533203
1489.500000,1395.749512
1490.000000,1398.623657
1490.500000,1402.393188
1491.000000,1405.015259
1491.500000,1404.926758
1492.000000,1403.546021
1492.500000,1403.965088
1493.000000,1408.462891
1493.500000,1416.427490
1494.000000,1424.326904
1494.500000,1428.978027
1495.000000,1429.969116
1495.500000,1430.540039
1496.000000,1433.973999
1496.500000,1440.210571
1497.000000,1447.236938
1497.500000,1452.616699
1498.000000,1455.945435
1498.500000,1459.007202
1499.000000,1463.266724
1499.500000,1468.286377
1500.000000,1472.485474
1500.500000,1475.107178
1501.000000,1477.844971
1501.500000,1483.232666
1502.000000,1491.640503
1502.500000,1501.215332
1503.000000,1508.890625
1503.500000,1513.576294
1504.000000,1516.752808
1504.500000,1521.102051
1505.000000,1528.204224
1505.500000,1536.597412
1506.000000,1543.856445
1506.500000,1548.670410
1507.000000,1551.367676
1507.500000,1553.933716
1508.000000,1557.763428
1508.500000,1563.092407
1509.000000,1569.364868
1509.500000,1576.395752
1510.000000,1584.203735
1510.500000,1592.989136
1511.000000,1601.778809
1511.500000,1608.743774
1512.000000,1612.704346
1512.500000,1613.233643
1513.000000,1611.564575
1513.500000,1609.632812
1514.000000,1608.968750
1514.500000,1609.772461
1515.000000,1611.503906
1515.500000,1613.087646
1516.000000,1614.261475
1516.500000,1615.645386
1517.000000,1618.108154
1517.500000,1621.779297
1518.000000,1625.904053
1518.500000,1629.244263
1519.000000,1631.093140
1519.500000,1631.697510
1520.000000,1632.480469
1520.500000,1634.888794
1521.000000,1639.053589
1521.500000,1644.655518
1522.000000,1650.553101
1522.500000,1655.713135
1523.000000,1659.397949
1523.500000,1661.280640
1524.000000,1661.250977
1524.500000,1660.065308
1525.000000,1658.863159
1525.500000,1659.137817
1526.000000,1662.598877
1526.500000,1669.115112
1527.000000,1677.706421
1527.500000,1685.956421
1528.000000,1691.607300
1528.500000,1693.613892
1529.000000,1693.240112
1529.500000,1692.788086
1530.000000,1694.653931
1530.500000,1700.668091
1531.000000,1709.458008
1531.500000,1718.923462
1532.000000,1727.134399
1532.500000,1733.872925
1533.000000,1740.459473
1533.500000,1748.306519
1534.000000,1757.604126
1534.500000,1766.698364
1535.000000,1773.094238
1535.500000,1776.729736
1536.000000,1779.186035
1536.500000,1783.400635
1537.000000,1791.784912
1537.500000,1804.476074
1538.000000,1819.784180
1538.500000,1835.617310
1539.000000,1850.434692
1539.500000,1863.736328
1540.000000,1876.023071
1540.500000,1887.017578
1541.000000,1896.267578
1541.500000,1902.412354
1542.000000,1904.790161
1542.500000,1903.280762
1543.000000,1898.748169
1543.500000,1893.192505
1544.000000,1887.876831
1544.500000,1882.950195
1545.000000,1877.266479
1545.500000,1869.670288
1546.000000,1859.477783
1546.500000,1848.130127
1547.000000,1837.822388
1547.500000,1829.713623
1548.000000,1822.899658
1548.500000,1815.184814
1549.000000,1805.057983
1549.500000,1792.390381
1550.000000,1779.610840
1550.500000,1769.212891
1551.000000,1761.099365
1551.500000,1753.714355
1552.000000,1745.277954
1552.500000,1735.820190
1553.000000,1727.564575
1553.500000,1723.125732
1554.000000,1724.603027
1554.500000,1729.517456
1555.000000,1734.544434
1555.500000,1736.697754
1556.000000,1734.312012
1556.500000,1728.611694
1557.000000,1721.682129
1557.500000,1715.684326
1558.000000,1711.627441
1558.500000,1709.173828
1559.000000,1706.869629
1559.500000,1703.467651
1560.000000,1699.244019
1560.500000,1695.804321
1561.000000,1694.993896
1561.500000,1697.670288
1562.000000,1701.580566
1562.500000,1703.325195
1563.000000,1700.551270
1563.500000,1694.630615
1564.000000,1689.170654
1564.500000,1687.642212
1565.000000,1692.094360
1565.500000,1699.199829
1566.000000,1705.707520
1566.500000,1710.175171
1567.000000,1713.637817
1567.500000,1718.196045
1568.000000,1724.708130
1568.500000,1732.222534
1569.000000,1738.685425
1569.500000,1742.803467
1570.000000,1745.602661
1570.500000,1748.361084
1571.000000,1751.950806
1571.500000,1756.254883
1572.000000,1760.385864
1572.500000,1763.474976
1573.000000,1765.066895
1573.500000,1765.516602
1574.000000,1765.372314
1574.500000,1765.594604
1575.000000,1766.887817
1575.500000,1768.730103
1576.000000,1769.474976
1576.500000,1767.550903
1577.000000,1762.574463
1577.500000,1755.878418
1578.000000,1749.957764
1578.500000,1747.005859
1579.000000,1746.848999
1579.500000,1748.339478
1580.000000,1749.506714
1580.500000,1749.361450
1581.000000,1748.094482
1581.500000,1746.268188
1582.000000,1744.328613
1582.500000,1742.119507
1583.000000,1738.686523
1583.500000,1733.196045
1584.000000,1724.603516
1584.500000,1714.209473
1585.000000,1704.154175
1585.500000,1696.823853
1586.000000,1693.579224
1586.500000,1692.383911
1587.000000,1690.038818
1587.500000,1684.480347
1588.000000,1676.884644
1588.500000,1670.444214
1589.000000,1667.644287
1589.500000,1669.358032
1590.000000,1672.080200
1590.500000,1672.766113
1591.000000,1670.480347
1591.500000,1666.294312
1592.000000,1662.158936
1592.500000,1659.372925
1593.000000,1658.360840
1593.500000,1658.578003
1594.000000,1660.106934
1594.500000,1662.370483
1595.000000,1664.564453
1595.500000,1665.725830
1596.000000,1665.403198
1596.500000,1664.403076
1597.000000,1663.827637
1597.500000,1664.083618
1598.000000,1664.621338
1598.500000,1664.917969
1599.000000,1665.306152
1599.500000,1667.071777
1600.000000,1670.404419
1600.500000,1674.197144
1601.000000,1676.266357
1601.500000,1674.894165
1602.000000,1669.985962
1602.500000,1663.384155
1603.000000,1656.962646
1603.500000,1651.473145
1604.000000,1646.902588
1604.500000,1642.972900
1605.000000,1640.570801
1605.500000,1640.768921
1606.000000,1644.416870
1606.500000,1650.141724
1607.000000,1655.141724
1607.500000,1656.367554
1608.000000,1653.112549
1608.500000,1645.703369
1609.000000,1637.539429
1609.500000,1631.579468
1610.000000,1628.448120
1610.500000,1627.214478
1611.000000,1625.767212
1611.500000,1622.437622
1612.000000,1616.561768
1612.500000,1608.762085
1613.000000,1599.559204
1613.500000,1589.620728
1614.000000,1579.053955
1614.500000,1568.081665
1615.000000,1556.598755
1615.500000,1544.453247
1616.000000,1531.763428
1616.500000,1519.373413
1617.000000,1508.437012
1617.500000,1499.693848
1618.000000,1491.919922
1618.500000,1482.667358
1619.000000,1470.613647
1619.500000,1456.660889
1620.000000,1444.087769
1620.500000,1435.951172
1621.000000,1432.202881
1621.500000,1429.513672
1622.000000,1423.130371
1622.500000,1411.487671
1623.000000,1395.129639
1623.500000,1377.808960
1624.000000,1362.365601
1624.500000,1349.614990
1625.000000,1339.798462
1625.500000,1332.230835
1626.000000,1326.612305
1626.500000,1322.251221
1627.000000,1317.524780
1627.500000,1310.271973
1628.000000,1299.658081
1628.500000,1285.695312
1629.000000,1270.647583
1629.500000,1256.124756
1630.000000,1242.931274
1630.500000,1231.317139
1631.000000,1221.452515
1631.500000,1213.712280
1632.000000,1208.493652
1632.500000,1204.743530
1633.000000,1200.320068
1633.500000,1192.945312
1634.000000,1180.594482
1634.500000,1165.228271
1635.000000,1150.642822
1635.500000,1140.406738
1636.000000,1135.899170
1636.500000,1135.667969
1637.000000,1135.849243
1637.500000,1133.050781
1638.000000,1127.356201
1638.500000,1120.292603
1639.000000,1114.390381
1639.500000,1111.247314
1640.000000,1110.387573
1640.500000,1110.178955
1641.000000,1108.648071
1641.500000,1104.516724
1642.000000,1097.000977
1642.500000,1087.196411
1643.000000,1076.740601
1643.500000,1068.162109
1644.000000,1063.801758
1644.500000,1063.703613
1645.000000,1067.208984
1645.500000,1072.345825
1646.000000,1076.897095
1646.500000,1078.923706
1647.000000,1077.948608
1647.500000,1073.603027
1648.000000,1067.325317
1648.500000,1060.130127
1649.000000,1053.123657
1649.500000,1046.735840
1650.000000,1040.959106
1650.500000,1036.013916
1651.000000,1032.370361
1651.500000,1030.164062
1652.000000,1029.163696
1652.500000,1028.340576
1653.000000,1027.064453
1653.500000,1025.480225
1654.000000,1023.823364
1654.500000,1021.840820
1655.000000,1018.355591
1655.500000,1012.540955
1656.000000,1004.801941
1656.500000,996.398315
1657.000000,988.657532
1657.500000,981.952576
1658.000000,975.353333
1658.500000,968.281433
1659.000000,961.424194
1659.500000,956.319153
1660.000000,953.759521
1660.500000,953.099670
1661.000000,952.377014
1661.500000,949.903809
1662.000000,945.041931
1662.500000,938.970825
1663.000000,932.859009
1663.500000,927.514343
1664.000000,923.053101
1664.500000,918.985352
1665.000000,914.946960
1665.500000,910.855469
1666.000000,906.967346
1666.500000,903.852417
1667.000000,901.686462
1667.500000,900.356628
1668.000000,898.930298
1668.500000,896.346741
1669.000000,892.373474
1669.500000,887.728516
1670.000000,883.965271
1670.500000,882.222900
1671.000000,882.642944
1671.500000,883.919495
1672.000000,884.413696
1672.500000,883.418396
1673.000000,881.233459
1673.500000,879.211731
1674.000000,878.439453
1674.500000,878.823547
1675.000000,879.122070
1675.500000,877.748291
1676.000000,874.145996
1676.500000,868.674133
1677.000000,862.904724
1677.500000,858.241028
1678.000000,854.754822
1678.500000,851.769409
1679.000000,848.368530
1679.500000,844.115479
1680.000000,839.202820
1680.500000,834.033447
1681.000000,828.786743
1681.500000,823.445496
1682.000000,817.974548
1682.500000,812.464539
1683.000000,806.932617
1683.500000,801.286072
1684.000000,795.501526
1684.500000,789.850464
1685.000000,784.774292
1685.500000,780.521240
1686.000000,776.801270
1686.500000,773.266418
1687.000000,769.972717
1687.500000,767.738403
1688.000000,766.948853
1688.500000,767.591797
1689.000000,768.437622
1689.500000,768.329712
1690.000000,766.863220
1690.500000,764.276794
1691.000000,760.570374
1691.500000,755.694885
1692.000000,749.641663
1692.500000,743.679016
1693.000000,739.677063
1693.500000,738.259705
1694.000000,738.557983
1694.500000,738.046753
1695.000000,735.217163
1695.500000,730.556213
1696.000000,726.075989
1696.500000,723.195068
1697.000000,720.907043
1697.500000,717.178162
1698.000000,711.640686
1698.500000,705.692749
1699.000000,701.619019
1699.500000,700.272827
1700.000000,699.803772
1700.500000,697.858154
1701.000000,693.562683
1701.500000,688.663879
1702.000000,685.786621
1702.500000,685.085938
1703.000000,685.106262
1703.500000,683.701721
1704.000000,679.730347
1704.500000,673.640259
1705.000000,666.451965
1705.500000,658.592529
1706.000000,650.411560
1706.500000,642.929993
1707.000000,637.580139
1707.500000,635.959290
1708.000000,636.691345
1708.500000,637.809937
1709.000000,637.499146
1709.500000,635.403198
1710.000000,632.515381
1710.500000,629.962830
1711.000000,627.792725
1711.500000,625.369263
1712.000000,622.210754
1712.500000,618.752319
1713.000000,615.631348
1713.500000,613.005432
1714.000000,610.593384
1714.500000,608.071533
1715.000000,605.575317
1715.500000,603.741211
1716.000000,602.977783
1716.500000,603.490540
1717.000000,604.417908
1717.500000,604.642944
1718.000000,603.749084
1718.500000,602.477966
1719.000000,602.453369
1719.500000,604.748718
1720.000000,608.354126
1720.500000,609.889771
1721.000000,605.753052
1721.500000,596.859436
1722.000000,586.345581
1722.500000,579.239136
1723.000000,578.315918
1723.500000,581.137756
1724.000000,584.067200
1724.500000,584.765869
1725.000000,583.779602
1725.500000,583.145874
1726.000000,583.735718
1726.500000,584.723816
1727.000000,584.562073
1727.500000,582.300049
1728.000000,578.790161
1728.500000,575.090210
1729.000000,571.702942
1729.500000,568.609497
1730.000000,565.841187
1730.500000,563.710510
1731.000000,562.867859
1731.500000,563.278320
1732.000000,564.827759
1732.500000,566.611694
1733.000000,567.622803
1733.500000,567.295227
1734.000000,565.603760
1734.500000,563.133118
1735.000000,560.850159
1735.500000,559.550842
1736.000000,559.186401
1736.500000,559.547607
1737.000000,559.902893
1737.500000,559.356750
1738.000000,557.371826
1738.500000,553.980225
1739.000000,550.168762
1739.500000,547.430542
1740.000000,547.002136
1740.500000,548.153137
1741.000000,549.276123
1741.500000,549.010193
1742.000000,546.883301
1742.500000,544.058044
1743.000000,541.624695
1743.500000,539.741882
1744.000000,537.907288
1744.500000,535.783752
1745.000000,533.757080
1745.500000,532.551270
1746.000000,532.063660
1746.500000,531.506714
1747.000000,529.917786
1747.500000,526.818359
1748.000000,523.124634
1748.500000,519.831421
1749.000000,517.324463
1749.500000,515.155640
1750.000000,512.730530
1750.500000,510.211884
1751.000000,508.577545
1751.500000,508.348328
1752.000000,509.500519
1752.500000,510.715973
1753.000000,510.943573
1753.500000,510.222931
1754.000000,509.361084
1754.500000,509.025574
1755.000000,508.877563
1755.500000,507.935211
1756.000000,505.822357
1756.500000,502.667786
1757.000000,499.467926
1757.500000,496.938202
1758.000000,495.102875
1758.500000,493.624359
1759.000000,492.038879
1759.500000,490.003235
1760.000000,487.484467
1760.500000,484.971130
1761.000000,483.353882
1761.500000,483.053619
1762.000000,483.967194
1762.500000,485.031464
1763.000000,485.439270
1763.500000,485.134857
1764.000000,484.658112
1764.500000,484.324493
1765.000000,483.836761
1765.500000,482.713135
1766.000000,481.224640
1766.500000,480.204010
1767.000000,479.958313
1767.500000,479.871063
1768.000000,478.831146
1768.500000,476.413635
1769.000000,473.744232
1769.500000,472.509521
1770.000000,473.625458
1770.500000,475.777405
1771.000000,476.725830
1771.500000,475.503815
1772.000000,472.558380
1772.500000,469.633514
1773.000000,467.907135
1773.500000,467.081604
1774.000000,465.923492
1774.500000,463.968323
1775.000000,462.085083
1775.500000,461.908752
1776.000000,463.464752
1776.500000,465.667633
1777.000000,466.886719
1777.500000,466.172516
1778.000000,463.910461
1778.500000,461.176300
1779.000000,458.728668
1779.500000,457.003113
1780.000000,456.566742
1780.500000,457.168427
1781.000000,457.829163
1781.500000,457.146362
1782.000000,454.214233
1782.500000,450.290894
1783.000000,447.910980
1783.500000,448.606415
1784.000000,451.391724
1784.500000,453.597900
1785.000000,452.987427
1785.500000,449.040344
1786.000000,444.150482
1786.500000,440.531830
1787.000000,439.113525
1787.500000,439.288483
1788.000000,439.824646
1788.500000,440.134796
1789.000000,440.608917
1789.500000,441.919586
1790.000000,444.136261
1790.500000,446.185394
1791.000000,446.665710
1791.500000,445.327850
1792.000000,442.854645
1792.500000,440.265381
1793.000000,437.925659
1793.500000,435.821411
1794.000000,434.319672
1794.500000,434.443237
1795.000000,436.178192
1795.500000,438.388275
1796.000000,438.923065
1796.500000,436.813110
1797.000000,433.655548
1797.500000,431.696686
1798.000000,432.140289
1798.500000,434.082764
1799.000000,436.083801
1799.500000,437.372223
1800.000000,437.553040
1800.500000,436.628967
1801.000000,434.398193
1801.500000,431.561157
1802.000000,429.122192
1802.500000,427.591522
1803.000000,426.372009
1803.500000,424.789581
1804.000000,423.086456
1804.500000,422.158936
1805.000000,422.006287
1805.500000,421.791138
1806.000000,421.153992
1806.500000,421.033691
1807.000000,422.533783
1807.500000,425.009399
1808.000000,426.614319
1808.500000,426.443237
1809.000000,425.316406
1809.500000,424.626892
1810.000000,423.836792
