440.000000,5034.195312
440.500000,5028.098145
441.000000,5022.490234
441.500000,5015.255859
442.000000,5003.635254
442.500000,4986.884766
443.000000,4965.964355
443.500000,4944.689941
444.000000,4926.317383
444.500000,4913.261230
445.000000,4905.643066
445.500000,4904.261230
446.000000,4906.538574
446.500000,4912.222168
447.000000,4919.719238
447.500000,4927.367188
448.000000,4932.457520
448.500000,4932.812500
449.000000,4927.930664
449.500000,4919.496094
450.000000,4910.101074
450.500000,4903.380859
451.000000,4902.238770
451.500000,4905.374512
452.000000,4911.398926
452.500000,4917.266113
453.000000,4919.375488
453.500000,4915.841309
454.000000,4906.907227
454.500000,4893.532227
455.000000,4878.517578
455.500000,4865.186523
456.000000,4855.834961
456.500000,4851.623047
457.000000,4850.709961
457.500000,4850.794922
458.000000,4848.673828
458.500000,4841.881348
459.000000,4830.153809
459.500000,4814.957031
460.000000,4797.487793
460.500000,4779.404297
461.000000,4761.254395
461.500000,4742.886230
462.000000,4723.911133
462.500000,4704.265625
463.000000,4684.152344
463.500000,4664.166016
464.000000,4645.008301
464.500000,4627.440430
465.000000,4611.734863
465.500000,4598.624023
466.000000,4587.486328
466.500000,4577.195801
467.000000,4566.067871
467.500000,4552.652344
468.000000,4536.552734
468.500000,4518.634277
469.000000,4501.250977
469.500000,4486.309082
470.000000,4475.067383
470.500000,4466.329590
471.000000,4458.461426
471.500000,4449.099609
472.000000,4437.366211
472.500000,4424.233398
473.000000,4411.317383
473.500000,4400.141113
474.000000,4390.829590
474.500000,4381.600098
475.000000,4370.479004
475.500000,4355.655273
476.000000,4338.264160
476.500000,4321.014160
477.000000,4307.927734
477.500000,4301.905762
478.000000,4303.132324
478.500000,4309.431152
479.000000,4317.270508
479.500000,4322.683105
480.000000,4323.941406
480.500000,4322.999512
481.000000,4322.811035
481.500000,4326.648438
482.000000,4337.951660
482.500000,4355.338867
483.000000,4376.139160
483.500000,4396.895508
484.000000,4414.390625
484.500000,4425.331543
485.000000,4430.522949
485.500000,4430.320801
486.000000,4427.174805
486.500000,4422.145508
487.000000,4416.239258
487.500000,4409.463867
488.000000,4401.468262
488.500000,4392.077148
489.000000,4381.436035
489.500000,4370.491211
490.000000,4360.869141
490.500000,4353.247070
491.000000,4347.875977
491.500000,4343.509766
492.000000,4338.565918
492.500000,4331.407715
493.000000,4321.584961
493.500000,4310.209473
494.000000,4299.130859
494.500000,4290.318848
495.000000,4284.399902
495.500000,4281.869629
496.000000,4280.628906
496.500000,4279.403809
497.000000,4277.360840
497.500000,4274.350098
498.000000,4270.929199
498.500000,4267.954590
499.000000,4265.947754
499.500000,4264.810059
500.000000,4264.526855
500.500000,4264.794922
501.000000,4265.979980
501.500000,4268.461426
502.000000,4273.020996
502.500000,4280.129883
503.000000,4290.002930
503.500000,4302.978027
504.000000,4318.576172
504.500000,4337.334473
505.000000,4359.094238
505.500000,4384.843750
506.000000,4413.745605
506.500000,4443.907715
507.000000,4471.189941
507.500000,4490.708496
508.000000,4497.795898
508.500000,4490.690918
509.000000,4466.812012
509.500000,4432.332520
510.000000,4392.109375
510.500000,4352.583008
511.000000,4319.065430
511.500000,4294.359375
512.000000,4281.306641
512.500000,4278.724121
513.000000,4284.689453
513.500000,4297.731934
514.000000,4314.526367
514.500000,4332.439941
515.000000,4348.363770
515.500000,4359.863281
516.000000,4366.707520
516.500000,4368.478516
517.000000,4366.150391
517.500000,4360.745117
518.000000,4353.551758
518.500000,4345.369141
519.000000,4336.057129
519.500000,4325.344727
520.000000,4311.875000
520.500000,4295.305176
521.000000,4275.858887
521.500000,4255.237305
522.000000,4235.677734
522.500000,4219.456055
523.000000,4208.103516
523.500000,4201.636719
524.000000,4197.671387
524.500000,4194.854004
525.000000,4192.169434
525.500000,4190.216797
526.000000,4190.564941
526.500000,4194.673828
527.000000,4202.132812
527.500000,4211.300781
528.000000,4219.988770
528.500000,4226.528809
529.000000,4230.550781
529.500000,4234.504395
530.000000,4241.030762
530.500000,4251.087891
531.000000,4264.641113
531.500000,4278.894043
532.000000,4289.702637
532.500000,4294.215820
533.000000,4292.194824
533.500000,4284.319336
534.000000,4273.971191
534.500000,4264.165039
535.000000,4256.377441
535.500000,4250.304199
536.000000,4244.225098
536.500000,4236.380371
537.000000,4225.945312
537.500000,4213.761230
538.000000,4202.203125
538.500000,4193.312500
539.000000,4189.197754
539.500000,4189.373535
540.000000,4194.101074
540.500000,4201.861328
541.000000,4211.938477
541.500000,4223.820801
542.000000,4237.118652
542.500000,4251.124512
543.000000,4264.575195
543.500000,4275.845215
544.000000,4284.879395
544.500000,4291.801270
545.000000,4298.057617
545.500000,4304.707520
546.000000,4311.963379
546.500000,4318.471191
547.000000,4322.167480
547.500000,4321.518555
548.000000,4315.406738
548.500000,4305.083496
549.000000,4291.373535
549.500000,4276.637695
550.000000,4261.659180
550.500000,4246.685059
551.000000,4231.863770
551.500000,4217.753418
552.000000,4205.963867
552.500000,4198.272949
553.000000,4194.947754
553.500000,4196.016113
554.000000,4199.125000
554.500000,4202.070312
555.000000,4202.980957
555.500000,4201.565430
556.000000,4199.373047
556.500000,4198.199707
557.000000,4199.343262
557.500000,4202.819824
558.000000,4207.711914
558.500000,4212.238770
559.000000,4215.445801
559.500000,4217.787109
560.000000,4220.157227
560.500000,4223.562988
561.000000,4228.538086
561.500000,4234.078613
562.000000,4238.620117
562.500000,4240.397949
563.000000,4238.490723
563.500000,4231.260742
564.000000,4219.027832
564.500000,4201.286133
565.000000,4179.682129
565.500000,4155.354980
566.000000,4130.590332
566.500000,4107.947754
567.000000,4089.956543
567.500000,4076.659668
568.000000,4067.261475
568.500000,4059.181396
569.000000,4050.197510
569.500000,4039.175049
570.000000,4025.897705
570.500000,4012.325928
571.000000,4000.401611
571.500000,3991.385742
572.000000,3985.498535
572.500000,3982.380127
573.000000,3980.519531
573.500000,3978.320801
574.000000,3974.604736
574.500000,3967.834229
575.000000,3957.566406
575.500000,3942.942871
576.000000,3924.307129
576.500000,3903.258545
577.000000,3882.071289
577.500000,3862.818848
578.000000,3847.424072
578.500000,3835.676270
579.000000,3827.659912
579.500000,3821.464355
580.000000,3816.446533
580.500000,3812.770752
581.000000,3811.637207
581.500000,3814.439697
582.000000,3821.971924
582.500000,3834.536377
583.000000,3849.934814
583.500000,3867.304688
584.000000,3885.672852
584.500000,3905.574463
585.000000,3927.685059
585.500000,3952.727783
586.000000,3979.146729
586.500000,4003.979736
587.000000,4023.380127
587.500000,4035.042480
588.000000,4036.206299
588.500000,4029.486572
589.000000,4017.780762
589.500000,4005.402832
590.000000,3994.700928
590.500000,3986.185791
591.000000,3979.074219
591.500000,3971.905762
592.000000,3963.815430
592.500000,3955.101562
593.000000,3946.716553
593.500000,3939.697021
594.000000,3934.012451
594.500000,3929.329834
595.000000,3924.655518
595.500000,3919.448730
596.000000,3913.840820
596.500000,3908.322266
597.000000,3903.417236
597.500000,3899.279785
598.000000,3896.078369
598.500000,3893.606445
599.000000,3892.330566
599.500000,3892.427490
600.000000,3894.104004
600.500000,3896.722168
601.000000,3898.911865
601.500000,3899.025635
602.000000,3896.565186
602.500000,3891.563965
603.000000,3885.496338
603.500000,3879.755371
604.000000,3875.309082
604.500000,3872.663574
605.000000,3871.283936
605.500000,3871.145996
606.000000,3872.661133
606.500000,3876.448242
607.000000,3883.241943
607.500000,3892.401611
608.000000,3902.492920
608.500000,3911.790527
609.000000,3919.499268
609.500000,3926.682861
610.000000,3935.866943
610.500000,3950.296631
611.000000,3972.571045
611.500000,4002.511230
612.000000,4036.670410
612.500000,4070.756836
613.000000,4100.264160
613.500000,4119.748047
614.000000,4128.486328
614.500000,4126.534180
615.000000,4117.815430
615.500000,4105.687500
616.000000,4093.294434
616.500000,4082.807617
617.000000,4075.597656
617.500000,4071.291016
618.000000,4069.816162
618.500000,4070.283691
619.000000,4072.940918
619.500000,4077.565674
620.000000,4084.266846
620.500000,4092.687256
621.000000,4101.865234
621.500000,4110.581055
622.000000,4117.791504
622.500000,4122.263184
623.000000,4124.180664
623.500000,4123.535645
624.000000,4121.886719
624.500000,4120.894043
625.000000,4121.589355
625.500000,4124.157227
626.000000,4127.741699
626.500000,4130.665039
627.000000,4130.796875
627.500000,4127.578613
628.000000,4121.445312
628.500000,4114.942383
629.000000,4110.953613
629.500000,4111.505859
630.000000,4118.002441
630.500000,4129.762695
631.000000,4143.688965
631.500000,4156.169434
632.000000,4164.642090
632.500000,4166.516602
633.000000,4163.022949
633.500000,4154.869141
634.000000,4144.902832
634.500000,4134.888672
635.000000,4125.113770
635.500000,4114.764160
636.000000,4102.794922
636.500000,4089.209961
637.000000,4075.441895
637.500000,4064.544678
638.000000,4060.536377
638.500000,4063.415039
639.000000,4072.892090
639.500000,4085.393555
640.000000,4097.060059
640.500000,4104.704590
641.000000,4107.818848
641.500000,4108.330566
642.000000,4109.460449
642.500000,4114.470703
643.000000,4124.026367
643.500000,4138.762695
644.000000,4156.801758
644.500000,4176.448242
645.000000,4196.467285
645.500000,4216.731934
646.000000,4237.855957
646.500000,4260.465820
647.000000,4285.251953
647.500000,4311.542480
648.000000,4338.019043
648.500000,4363.025879
649.000000,4384.945312
649.500000,4403.352539
650.000000,4418.302246
650.500000,4430.404785
651.000000,4440.541992
651.500000,4448.963867
652.000000,4455.968262
652.500000,4461.046387
653.000000,4464.535645
653.500000,4466.279785
654.000000,4466.488281
654.500000,4464.464844
655.000000,4459.161133
655.500000,4449.668457
656.000000,4435.224121
656.500000,4417.118652
657.000000,4396.877441
657.500000,4377.330078
658.000000,4361.549316
658.500000,4350.289062
659.000000,4343.347656
659.500000,4338.916016
660.000000,4334.926758
660.500000,4329.516113
661.000000,4321.738281
661.500000,4311.184570
662.000000,4299.421875
662.500000,4288.639648
663.000000,4280.655762
663.500000,4277.488770
664.000000,4278.983887
664.500000,4284.124023
665.000000,4290.457031
665.500000,4295.152344
666.000000,4296.611816
666.500000,4295.641602
667.000000,4293.736328
667.500000,4292.931152
668.000000,4294.515625
668.500000,4297.528809
669.000000,4299.327148
669.500000,4297.263672
670.000000,4290.131348
670.500000,4278.426758
671.000000,4264.833496
671.500000,4252.233887
672.000000,4242.450195
672.500000,4236.619141
673.000000,4232.535156
673.500000,4228.477539
674.000000,4223.420410
674.500000,4217.521973
675.000000,4211.893555
675.500000,4207.675781
676.000000,4205.324219
676.500000,4203.314453
677.000000,4199.090820
677.500000,4191.267578
678.000000,4178.430176
678.500000,4161.824707
679.000000,4143.145020
679.500000,4124.748047
680.000000,4108.476074
680.500000,4095.005127
681.000000,4083.704102
681.500000,4074.176270
682.000000,4065.460205
682.500000,4057.157227
683.000000,4048.887695
683.500000,4040.426025
684.000000,4031.793457
684.500000,4023.315918
685.000000,4015.610107
685.500000,4009.249268
686.000000,4004.822266
686.500000,4001.896729
687.000000,3999.986572
687.500000,3997.995850
688.000000,3995.377686
688.500000,3992.255615
689.000000,3988.909180
689.500000,3985.335693
690.000000,3980.824951
690.500000,3973.696777
691.000000,3962.563965
691.500000,3946.222168
692.000000,3926.736572
692.500000,3906.259766
693.000000,3887.582275
693.500000,3872.887451
694.000000,3862.256592
694.500000,3854.240479
695.000000,3846.477051
695.500000,3837.477539
696.000000,3827.363037
696.500000,3817.822021
697.000000,3811.408203
697.500000,3808.951904
698.000000,3810.753662
698.500000,3814.428711
699.000000,3816.686035
699.500000,3815.097412
700.000000,3809.194824
700.500000,3799.787842
701.000000,3789.640381
701.500000,3781.719238
702.000000,3777.403076
702.500000,3777.489990
703.000000,3779.481689
703.500000,3780.868896
704.000000,3779.621826
704.500000,3775.037109
705.000000,3767.797607
705.500000,3760.126465
706.000000,3754.696533
706.500000,3752.808594
707.000000,3755.103516
707.500000,3760.039795
708.000000,3766.622070
708.500000,3773.806885
709.000000,3781.167725
709.500000,3788.552490
710.000000,3795.561035
710.500000,3801.036865
711.000000,3804.107178
711.500000,3803.167236
712.000000,3798.693604
712.500000,3790.386230
713.000000,3779.127441
713.500000,3765.142822
714.000000,3748.858154
714.500000,3731.559326
715.000000,3715.598877
715.500000,3703.520752
716.000000,3698.800293
716.500000,3700.881592
717.000000,3709.333496
717.500000,3720.097412
718.000000,3729.443604
718.500000,3735.604980
719.000000,3739.332764
719.500000,3742.657471
720.000000,3747.423828
720.500000,3754.494141
721.000000,3762.940430
721.500000,3772.078369
722.000000,3782.059814
722.500000,3795.364502
723.000000,3814.459717
723.500000,3841.971924
724.000000,3878.776855
724.500000,3923.946533
725.000000,3977.085449
725.500000,4036.102783
726.000000,4101.705566
726.500000,4171.924805
727.000000,4246.152832
727.500000,4322.478027
728.000000,4400.075684
728.500000,4479.097168
729.000000,4561.027832
729.500000,4648.064941
730.000000,4740.741211
730.500000,4837.597656
731.000000,4933.328613
731.500000,5020.744141
732.000000,5096.020996
732.500000,5154.314453
733.000000,5196.881348
733.500000,5225.671875
734.000000,5243.402832
734.500000,5252.259766
735.000000,5250.102051
735.500000,5235.528809
736.000000,5201.514648
736.500000,5150.145996
737.000000,5080.140625
737.500000,4998.200195
738.000000,4910.280762
738.500000,4822.609375
739.000000,4738.361816
739.500000,4657.786621
740.000000,4579.161621
740.500000,4501.438477
741.000000,4424.194824
741.500000,4348.350098
742.000000,4274.625000
742.500000,4204.001953
743.000000,4136.458008
743.500000,4072.500000
744.000000,4013.606934
744.500000,3961.171631
745.000000,3917.787842
745.500000,3882.456543
746.000000,3855.739014
746.500000,3834.037842
747.000000,3815.500488
747.500000,3798.040771
748.000000,3781.323730
748.500000,3766.101318
749.000000,3753.985352
749.500000,3747.705322
750.000000,3748.646729
750.500000,3759.748291
751.000000,3778.739014
751.500000,3802.648438
752.000000,3825.666016
752.500000,3843.149414
753.000000,3853.924805
753.500000,3860.308105
754.000000,3867.198730
754.500000,3879.471436
755.000000,3900.873779
755.500000,3928.842041
756.000000,3959.218506
756.500000,3987.290039
757.000000,4010.281250
757.500000,4028.744385
758.000000,4044.169189
758.500000,4058.023926
759.000000,4070.630371
759.500000,4080.626953
760.000000,4086.961426
760.500000,4088.229492
761.000000,4085.436523
761.500000,4077.804199
762.000000,4065.327148
762.500000,4046.435547
763.000000,4020.536377
763.500000,3988.256104
764.000000,3951.500244
764.500000,3914.105957
765.000000,3879.189941
765.500000,3847.398193
766.000000,3818.714600
766.500000,3791.321045
767.000000,3764.034424
767.500000,3736.312500
768.000000,3708.271484
768.500000,3680.184326
769.000000,3652.083496
769.500000,3624.037354
770.000000,3596.684814
770.500000,3572.190186
771.000000,3552.118408
771.500000,3539.070801
772.000000,3532.495117
772.500000,3530.886719
773.000000,3530.825439
773.500000,3528.823730
774.000000,3523.015625
774.500000,3514.176758
775.000000,3503.697021
775.500000,3493.763184
776.000000,3485.929688
776.500000,3480.062012
777.000000,3475.347168
777.500000,3470.182373
778.000000,3463.185547
778.500000,3454.036377
779.000000,3443.846924
779.500000,3434.631836
780.000000,3428.280518
780.500000,3427.049561
781.000000,3429.919922
781.500000,3435.359131
782.000000,3440.180664
782.500000,3441.721924
783.000000,3439.867676
783.500000,3436.800049
784.000000,3435.532715
784.500000,3437.797119
785.000000,3444.274658
785.500000,3452.243408
786.000000,3458.666016
786.500000,3461.604980
787.000000,3460.619629
787.500000,3458.328857
788.000000,3458.046631
788.500000,3463.006348
789.000000,3474.763672
789.500000,3495.893799
790.000000,3525.388672
790.500000,3564.793457
791.000000,3611.263916
791.500000,3662.674561
792.000000,3714.295410
792.500000,3761.464111
793.000000,3800.662842
793.500000,3830.600586
794.000000,3849.693848
794.500000,3859.812012
795.000000,3859.188721
795.500000,3850.009033
796.000000,3831.098877
796.500000,3804.619873
797.000000,3773.023193
797.500000,3739.720947
798.000000,3707.676025
798.500000,3678.902100
799.000000,3653.456055
799.500000,3631.108643
800.000000,3610.181885
800.500000,3589.989990
801.000000,3570.488525
801.500000,3553.250488
802.000000,3540.020752
802.500000,3532.406738
803.000000,3530.766113
803.500000,3533.044434
804.000000,3536.355469
804.500000,3537.352051
805.000000,3532.943359
805.500000,3524.016113
806.000000,3512.256836
806.500000,3501.062012
807.000000,3492.307129
807.500000,3485.317139
808.000000,3477.512939
808.500000,3465.823975
809.000000,3449.457275
809.500000,3428.754395
810.000000,3407.321533
810.500000,3388.805420
811.000000,3374.972900
811.500000,3365.864990
812.000000,3359.010498
812.500000,3351.891113
813.000000,3342.704834
813.500000,3331.042236
814.000000,3316.882812
814.500000,3301.443115
815.000000,3285.850830
815.500000,3271.539307
816.000000,3260.403564
816.500000,3253.119141
817.000000,3248.992920
817.500000,3245.748779
818.000000,3240.394531
818.500000,3230.291504
819.000000,3215.839600
819.500000,3198.567139
820.000000,3182.304199
820.500000,3170.642578
821.000000,3164.225830
821.500000,3161.827393
822.000000,3159.971436
822.500000,3155.840088
823.000000,3148.257324
823.500000,3138.627930
824.000000,3129.496582
824.500000,3123.373291
825.000000,3122.818848
825.500000,3127.047119
826.000000,3134.873535
826.500000,3143.463379
827.000000,3150.427490
827.500000,3154.977295
828.000000,3158.214600
828.500000,3162.153076
829.000000,3168.343994
829.500000,3177.646973
830.000000,3188.053711
830.500000,3196.723877
831.000000,3201.384766
831.500000,3200.954102
832.000000,3197.102783
832.500000,3193.186035
833.000000,3191.923584
833.500000,3193.875488
834.000000,3198.556396
834.500000,3203.686523
835.000000,3207.524902
835.500000,3209.711426
836.000000,3210.813721
836.500000,3212.207520
837.000000,3215.155029
837.500000,3220.129639
838.000000,3226.362793
838.500000,3232.640137
839.000000,3237.550049
839.500000,3239.367188
840.000000,3238.179199
840.500000,3234.298340
841.000000,3229.625000
841.500000,3226.318848
842.000000,3225.996826
842.500000,3228.906494
843.000000,3234.096680
843.500000,3239.687988
844.000000,3244.520020
844.500000,3248.602539
845.000000,3252.515869
845.500000,3256.976562
846.000000,3262.252930
846.500000,3267.941895
847.000000,3273.477539
847.500000,3278.689453
848.000000,3284.151367
848.500000,3291.110107
849.000000,3300.073486
849.500000,3311.463135
850.000000,3324.026367
850.500000,3336.156494
851.000000,3346.129883
851.500000,3352.561279
852.000000,3355.157471
852.500000,3355.151611
853.000000,3354.288574
853.500000,3354.492432
854.000000,3356.994629
854.500000,3360.632812
855.000000,3363.977295
855.500000,3366.174316
856.000000,3367.940918
856.500000,3371.625732
857.000000,3379.892334
857.500000,3394.495117
858.000000,3413.647461
858.500000,3434.245361
859.000000,3452.090088
859.500000,3463.040527
860.000000,3467.627197
860.500000,3466.611572
861.000000,3462.044922
861.500000,3455.020264
862.000000,3445.728760
862.500000,3434.216553
863.000000,3420.108154
863.500000,3403.967529
864.000000,3385.549072
864.500000,3365.304688
865.000000,3343.016113
865.500000,3319.440918
866.000000,3296.024658
866.500000,3274.564941
867.000000,3256.520996
867.500000,3243.186035
868.000000,3234.263916
868.500000,3230.723877
869.000000,3231.531738
869.500000,3237.081055
870.000000,3245.736084
870.500000,3256.032227
871.000000,3266.348877
871.500000,3276.325928
872.000000,3287.312012
872.500000,3301.040039
873.000000,3318.933594
873.500000,3339.369873
874.000000,3359.821533
874.500000,3377.754639
875.000000,3391.955566
875.500000,3404.206543
876.000000,3417.411377
876.500000,3433.822266
877.000000,3453.219727
877.500000,3473.292236
878.000000,3491.099609
878.500000,3504.518311
879.000000,3514.862549
879.500000,3523.344238
880.000000,3531.364258
880.500000,3538.845947
881.000000,3544.887939
881.500000,3548.767822
882.000000,3550.654541
882.500000,3551.959473
883.000000,3554.028809
883.500000,3557.058594
884.000000,3560.136475
884.500000,3562.141846
885.000000,3562.723877
885.500000,3562.865723
886.000000,3563.839600
886.500000,3566.055420
887.000000,3568.311523
887.500000,3568.151611
888.000000,3564.097168
888.500000,3554.940674
889.000000,3543.292969
889.500000,3532.116455
890.000000,3524.260254
890.500000,3521.313721
891.000000,3522.993896
891.500000,3528.437988
892.000000,3537.474854
892.500000,3549.442139
893.000000,3564.201660
893.500000,3579.821777
894.000000,3593.889893
894.500000,3604.617432
895.000000,3610.812500
895.500000,3613.329102
896.000000,3613.219482
896.500000,3610.166504
897.000000,3602.383057
897.500000,3585.885254
898.000000,3560.445557
898.500000,3525.560791
899.000000,3486.636963
899.500000,3448.477783
900.000000,3414.692383
900.500000,3386.680664
901.000000,3363.412598
901.500000,3342.981689
902.000000,3324.712402
902.500000,3308.385986
903.000000,3294.669189
903.500000,3282.294434
904.000000,3269.295898
904.500000,3254.112549
905.000000,3236.429688
905.500000,3217.974365
906.000000,3201.151855
906.500000,3187.534424
907.000000,3176.204590
907.500000,3164.673584
908.000000,3150.146729
908.500000,3130.049561
909.000000,3105.723877
909.500000,3079.407959
910.000000,3054.640625
910.500000,3034.179199
911.000000,3018.873291
911.500000,3007.662354
912.000000,2999.517578
912.500000,2992.930176
913.000000,2987.934814
913.500000,2984.468750
914.000000,2982.858643
914.500000,2982.110596
915.000000,2980.438232
915.500000,2976.019043
916.000000,2968.279541
916.500000,2958.437988
917.000000,2949.661377
917.500000,2945.636963
918.000000,2946.464844
918.500000,2951.223145
919.000000,2956.395508
919.500000,2959.349854
920.000000,2959.733398
920.500000,2959.233154
921.000000,2960.408691
921.500000,2964.727539
922.000000,2972.430664
922.500000,2981.618164
923.000000,2990.879883
923.500000,2999.712158
924.000000,3008.677979
924.500000,3018.426758
925.000000,3028.680420
925.500000,3038.222900
926.000000,3045.984131
926.500000,3051.882324
927.000000,3057.592285
927.500000,3065.800293
928.000000,3077.897705
928.500000,3095.156982
929.000000,3115.894043
929.500000,3138.269775
930.000000,3160.084961
930.500000,3179.669189
931.000000,3195.814453
931.500000,3208.182617
932.000000,3215.483887
932.500000,3218.413330
933.000000,3216.277832
933.500000,3210.520020
934.000000,3201.548096
934.500000,3190.410645
935.000000,3177.720459
935.500000,3164.236572
936.000000,3151.193359
936.500000,3140.565186
937.000000,3133.810303
937.500000,3133.255371
938.000000,3137.526367
938.500000,3145.161621
939.000000,3152.611572
939.500000,3156.596680
940.000000,3155.892822
940.500000,3151.939941
941.000000,3147.695312
941.500000,3146.275391
942.000000,3150.291260
942.500000,3158.709961
943.000000,3170.207764
943.500000,3181.767822
944.000000,3191.053711
944.500000,3197.239014
945.000000,3200.649902
945.500000,3202.589111
946.000000,3204.795898
946.500000,3208.822998
947.000000,3215.064941
947.500000,3223.880127
948.000000,3234.075439
948.500000,3244.921387
949.000000,3256.038818
949.500000,3267.968262
950.000000,3281.730957
950.500000,3298.115967
951.000000,3317.322266
951.500000,3337.983887
952.000000,3358.442383
952.500000,3377.402832
953.000000,3394.253174
953.500000,3410.113525
954.000000,3426.486328
954.500000,3444.576172
955.000000,3464.713379
955.500000,3486.284668
956.000000,3507.968994
956.500000,3528.480957
957.000000,3547.388184
957.500000,3564.186279
958.000000,3579.404297
958.500000,3593.016357
959.000000,3605.083496
959.500000,3614.866211
960.000000,3621.150391
960.500000,3622.799805
961.000000,3618.593994
961.500000,3609.948730
962.000000,3598.541992
962.500000,3587.763184
963.000000,3580.270020
963.500000,3575.909180
964.000000,3572.411377
964.500000,3565.690674
965.000000,3551.781494
965.500000,3528.694824
966.000000,3498.612549
966.500000,3464.338379
967.000000,3430.662842
967.500000,3402.052734
968.000000,3380.013428
968.500000,3365.918701
969.000000,3357.903320
969.500000,3353.375244
970.000000,3349.218506
970.500000,3343.074463
971.000000,3334.077148
971.500000,3323.926514
972.000000,3315.597168
972.500000,3311.264648
973.000000,3312.824219
973.500000,3318.749756
974.000000,3326.598145
974.500000,3333.100342
975.000000,3335.689209
975.500000,3332.384277
976.000000,3323.317139
976.500000,3307.942383
977.000000,3288.845947
977.500000,3268.468506
978.000000,3250.422363
978.500000,3238.477783
979.000000,3233.957031
979.500000,3236.097656
980.000000,3241.854248
980.500000,3246.845459
981.000000,3247.353516
981.500000,3243.227539
982.000000,3235.833496
982.500000,3229.335693
983.000000,3227.642334
983.500000,3231.691895
984.000000,3240.142822
984.500000,3249.620117
985.000000,3257.334229
985.500000,3262.512451
986.000000,3267.080078
986.500000,3274.028809
987.000000,3284.545410
987.500000,3298.487793
988.000000,3312.801025
988.500000,3324.183350
989.000000,3331.139648
989.500000,3334.754150
990.000000,3338.488770
990.500000,3346.724365
991.000000,3364.600342
991.500000,3392.511475
992.000000,3431.896240
992.500000,3477.766113
993.000000,3525.087158
993.500000,3567.395020
994.000000,3598.170166
994.500000,3613.595459
995.000000,3613.489258
995.500000,3596.968262
996.000000,3568.025391
996.500000,3526.383301
997.000000,3477.322998
997.500000,3424.750244
998.000000,3375.134033
998.500000,3335.124512
999.000000,3307.783691
999.500000,3291.504395
1000.000000,3281.108887
1000.500000,3269.151855
1001.000000,3249.845215
1001.500000,3223.866943
1002.000000,3193.960205
1002.500000,3165.450439
1003.000000,3141.961670
1003.500000,3123.342773
1004.000000,3107.393066
1004.500000,3091.520508
1005.000000,3074.517090
1005.500000,3056.892334
1006.000000,3039.952637
1006.500000,3024.892334
1007.000000,3011.455078
1007.500000,2999.407471
1008.000000,2988.097900
1008.500000,2977.137207
1009.000000,2966.094971
1009.500000,2954.513672
1010.000000,2942.206787
1010.500000,2929.968506
1011.000000,2920.075195
1011.500000,2914.523193
1012.000000,2916.184814
1012.500000,2923.892822
1013.000000,2935.418213
1013.500000,2946.608643
1014.000000,2954.052246
1014.500000,2956.530762
1015.000000,2955.910156
1015.500000,2954.645264
1016.000000,2954.539551
1016.500000,2955.567627
1017.000000,2956.082520
1017.500000,2954.969727
1018.000000,2953.018311
1018.500000,2951.998779
1019.000000,2952.872314
1019.500000,2954.217529
1020.000000,2952.480957
1020.500000,2945.120605
1021.000000,2930.443359
1021.500000,2912.535889
1022.000000,2896.107178
1022.500000,2884.658203
1023.000000,2879.386475
1023.500000,2878.079102
1024.000000,2877.933838
1024.500000,2877.671875
1025.000000,2877.945801
1025.500000,2880.603516
1026.000000,2885.981201
1026.500000,2893.699463
1027.000000,2901.737793
1027.500000,2908.453369
1028.000000,2912.972168
1028.500000,2914.353516
1029.000000,2911.264404
1029.500000,2902.681885
1030.000000,2887.888916
1030.500000,2869.665527
1031.000000,2851.213135
1031.500000,2835.368896
1032.000000,2823.301025
1032.500000,2813.195068
1033.000000,2803.077881
1033.500000,2792.270996
1034.000000,2781.967041
1034.500000,2774.043213
1035.000000,2768.637207
1035.500000,2764.259766
1036.000000,2758.256104
1036.500000,2748.741455
1037.000000,2737.124268
1037.500000,2726.065430
1038.000000,2717.842773
1038.500000,2712.708496
1039.000000,2708.829834
1039.500000,2703.874756
1040.000000,2696.903320
1040.500000,2689.527832
1041.000000,2684.716553
1041.500000,2683.955078
1042.000000,2688.082520
1042.500000,2695.317383
1043.000000,2703.901855
1043.500000,2712.605957
1044.000000,2721.292480
1044.500000,2730.783447
1045.000000,2742.035645
1045.500000,2756.641846
1046.000000,2774.509033
1046.500000,2795.616455
1047.000000,2817.761719
1047.500000,2838.186768
1048.000000,2854.755859
1048.500000,2867.125000
1049.000000,2877.067139
1049.500000,2887.745117
1050.000000,2901.564209
1050.500000,2917.581787
1051.000000,2932.573242
1051.500000,2942.840820
1052.000000,2944.962891
1052.500000,2939.630615
1053.000000,2928.877930
1053.500000,2915.385498
1054.000000,2901.083496
1054.500000,2886.637695
1055.000000,2872.530273
1055.500000,2860.016602
1056.000000,2849.832764
1056.500000,2842.200195
1057.000000,2834.728027
1057.500000,2823.689941
1058.000000,2806.421143
1058.500000,2783.108643
1059.000000,2756.583984
1059.500000,2731.092285
1060.000000,2709.298828
1060.500000,2689.741455
1061.000000,2669.449463
1061.500000,2646.545654
1062.000000,2621.995850
1062.500000,2599.672119
1063.000000,2583.697998
1063.500000,2575.730469
1064.000000,2573.384766
1064.500000,2573.468018
1065.000000,2572.947998
1065.500000,2571.135742
1066.000000,2569.398438
1066.500000,2569.029053
1067.000000,2569.782959
1067.500000,2570.329590
1068.000000,2569.368896
1068.500000,2566.845215
1069.000000,2563.858154
1069.500000,2561.853516
1070.000000,2561.803955
1070.500000,2562.991211
1071.000000,2564.439209
1071.500000,2565.089111
1072.000000,2564.129883
1072.500000,2561.272949
1073.000000,2556.365479
1073.500000,2549.531738
1074.000000,2541.685059
1074.500000,2534.092529
1075.000000,2527.937256
1075.500000,2524.409668
1076.000000,2523.140137
1076.500000,2524.131592
1077.000000,2526.933105
1077.500000,2531.433838
1078.000000,2537.130615
1078.500000,2542.834717
1079.000000,2547.009521
1079.500000,2549.149414
1080.000000,2549.804443
1080.500000,2551.306641
1081.000000,2556.210693
1081.500000,2564.653076
1082.000000,2574.924316
1082.500000,2583.726318
1083.000000,2588.375000
1083.500000,2587.996338
1084.000000,2584.617432
1084.500000,2580.722900
1085.000000,2578.505615
1085.500000,2579.290283
1086.000000,2582.276123
1086.500000,2586.676025
1087.000000,2591.411621
1087.500000,2595.851074
1088.000000,2599.884033
1088.500000,2603.976807
1089.000000,2609.105225
1089.500000,2615.972412
1090.000000,2625.457520
1090.500000,2636.678711
1091.000000,2648.767090
1091.500000,2660.581299
1092.000000,2671.573975
1092.500000,2681.829102
1093.000000,2691.469482
1093.500000,2700.001953
1094.000000,2706.745605
1094.500000,2710.756592
1095.000000,2713.060547
1095.500000,2715.476074
1096.000000,2720.165039
1096.500000,2728.721680
1097.000000,2740.467529
1097.500000,2753.554932
1098.000000,2766.055420
1098.500000,2777.231201
1099.000000,2787.593994
1099.500000,2798.419678
1100.000000,2810.561035
1100.500000,2823.272217
1101.000000,2834.919434
1101.500000,2843.956055
1102.000000,2849.310059
1102.500000,2851.271484
1103.000000,2851.259766
1103.500000,2850.954590
1104.000000,2851.919189
1104.500000,2855.568115
1105.000000,2861.595459
1105.500000,2869.730469
1106.000000,2878.619141
1106.500000,2887.136475
1107.000000,2894.576660
1107.500000,2900.726807
1108.000000,2905.564697
1108.500000,2909.164551
1109.000000,2910.964111
1109.500000,2910.946533
1110.000000,2908.919678
1110.500000,2906.157471
1111.000000,2904.429932
1111.500000,2905.385254
1112.000000,2910.049316
1112.500000,2917.910889
1113.000000,2927.031982
1113.500000,2935.418457
1114.000000,2942.315674
1114.500000,2948.723389
1115.000000,2957.369385
1115.500000,2972.015869
1116.000000,2993.412598
1116.500000,3020.638672
1117.000000,3049.864014
1117.500000,3076.940674
1118.000000,3099.480713
1118.500000,3118.916016
1119.000000,3138.757324
1119.500000,3162.686035
1120.000000,3193.996338
1120.500000,3231.338867
1121.000000,3273.385742
1121.500000,3318.037109
1122.000000,3364.742676
1122.500000,3414.029297
1123.000000,3466.036377
1123.500000,3520.326416
1124.000000,3575.056152
1124.500000,3628.763184
1125.000000,3681.604980
1125.500000,3735.011230
1126.000000,3790.510010
1126.500000,3848.450439
1127.000000,3906.864502
1127.500000,3962.272461
1128.000000,4010.756836
1128.500000,4051.339844
1129.000000,4082.496338
1129.500000,4107.031738
1130.000000,4124.806641
1130.500000,4136.753418
1131.000000,4140.856445
1131.500000,4135.474609
1132.000000,4118.664062
1132.500000,4089.033447
1133.000000,4048.535889
1133.500000,3998.419922
1134.000000,3943.729980
1134.500000,3887.688721
1135.000000,3832.892578
1135.500000,3780.227051
1136.000000,3729.079346
1136.500000,3679.272705
1137.000000,3631.834717
1137.500000,3588.704590
1138.000000,3552.327148
1138.500000,3521.901367
1139.000000,3496.278564
1139.500000,3471.626953
1140.000000,3445.730225
1140.500000,3418.568115
1141.000000,3391.752930
1141.500000,3367.144043
1142.000000,3345.468994
1142.500000,3326.295654
1143.000000,3308.438477
1143.500000,3291.929688
1144.000000,3277.325195
1144.500000,3266.360107
1145.000000,3258.881348
1145.500000,3254.427734
1146.000000,3251.187256
1146.500000,3247.658203
1147.000000,3243.218750
1147.500000,3238.366943
1148.000000,3234.341797
1148.500000,3232.227539
1149.000000,3233.408691
1149.500000,3237.147949
1150.000000,3242.575195
1150.500000,3247.884766
1151.000000,3251.969727
1151.500000,3255.396729
1152.000000,3260.406982
1152.500000,3270.002197
1153.000000,3285.010742
1153.500000,3305.260986
1154.000000,3327.129150
1154.500000,3347.691162
1155.000000,3365.995361
1155.500000,3382.881836
1156.000000,3400.231445
1156.500000,3418.857666
1157.000000,3437.650879
1157.500000,3454.390137
1158.000000,3466.835449
1158.500000,3475.555664
1159.000000,3481.457520
1159.500000,3486.720947
1160.000000,3492.004150
1160.500000,3496.740723
1161.000000,3499.658203
1161.500000,3500.045654
1162.000000,3498.402100
1162.500000,3495.899658
1163.000000,3493.978516
1163.500000,3493.727051
1164.000000,3494.946045
1164.500000,3497.447021
1165.000000,3500.550049
1165.500000,3503.833008
1166.000000,3506.828125
1166.500000,3508.806396
1167.000000,3508.593262
1167.500000,3505.291748
1168.000000,3497.671631
1168.500000,3486.766113
1169.000000,3473.621094
1169.500000,3460.615723
1170.000000,3449.691162
1170.500000,3441.450928
1171.000000,3435.656982
1171.500000,3431.533203
1172.000000,3428.478027
1172.500000,3426.740723
1173.000000,3426.439453
1173.500000,3427.662354
1174.000000,3429.036621
1174.500000,3428.512207
1175.000000,3424.621094
1175.500000,3416.368652
1176.000000,3404.462402
1176.500000,3390.482178
1177.000000,3375.934814
1177.500000,3361.863037
1178.000000,3348.647705
1178.500000,3335.942139
1179.000000,3323.440186
1179.500000,3310.860596
1180.000000,3298.234619
1180.500000,3286.113037
1181.000000,3275.904053
1181.500000,3269.822510
1182.000000,3269.616943
1182.500000,3277.040771
1183.000000,3289.759521
1183.500000,3305.066162
1184.000000,3318.936523
1184.500000,3329.310791
1185.000000,3338.002197
1185.500000,3349.239746
1186.000000,3367.158203
1186.500000,3392.942139
1187.000000,3424.967041
1187.500000,3458.416992
1188.000000,3489.238281
1188.500000,3516.086914
1189.000000,3537.523193
1189.500000,3553.254883
1190.000000,3560.079346
1190.500000,3555.847412
1191.000000,3540.134033
1191.500000,3515.635498
1192.000000,3488.391357
1192.500000,3463.189453
1193.000000,3441.192627
1193.500000,3421.021973
1194.000000,3399.950928
1194.500000,3377.281982
1195.000000,3354.997070
1195.500000,3335.727539
1196.000000,3320.200684
1196.500000,3306.493408
1197.000000,3292.293945
1197.500000,3277.377930
1198.000000,3264.921387
1198.500000,3258.110352
1199.000000,3259.417725
1199.500000,3265.091064
1200.000000,3269.335449
1200.500000,3267.341553
1201.000000,3258.614990
1201.500000,3246.816895
1202.000000,3237.281006
1202.500000,3233.304688
1203.000000,3232.534668
1203.500000,3230.756104
1204.000000,3224.769287
1204.500000,3213.886963
1205.000000,3201.074219
1205.500000,3189.386230
1206.000000,3179.728516
1206.500000,3170.304199
1207.000000,3158.438721
1207.500000,3143.656494
1208.000000,3127.476562
1208.500000,3113.282227
1209.000000,3103.958496
1209.500000,3098.830566
1210.000000,3095.425537
1210.500000,3090.440918
1211.000000,3081.999756
1211.500000,3070.147949
1212.000000,3057.019043
1212.500000,3044.554688
1213.000000,3033.515381
1213.500000,3023.937744
1214.000000,3015.169434
1214.500000,3007.534912
1215.000000,3001.981689
1215.500000,2999.601074
1216.000000,3000.408203
1216.500000,3002.372559
1217.000000,3002.423828
1217.500000,2998.629395
1218.000000,2990.078857
1218.500000,2979.783203
1219.000000,2971.158203
1219.500000,2966.452148
1220.000000,2966.011963
1220.500000,2967.923096
1221.000000,2969.607666
1221.500000,2969.382324
1222.000000,2967.438232
1222.500000,2964.731201
1223.000000,2962.821777
1223.500000,2963.333496
1224.000000,2966.791992
1224.500000,2973.452637
1225.000000,2981.917969
1225.500000,2989.607178
1226.000000,2993.555176
1226.500000,2992.730713
1227.000000,2987.682861
1227.500000,2982.182617
1228.000000,2980.215576
1228.500000,2982.918457
1229.000000,2989.894287
1229.500000,2998.294434
1230.000000,3005.600830
1230.500000,3010.474609
1231.000000,3012.812988
1231.500000,3012.390625
1232.000000,3009.674072
1232.500000,3004.649414
1233.000000,2998.823242
1233.500000,2993.621338
1234.000000,2989.732422
1234.500000,2986.812012
1235.000000,2983.867676
1235.500000,2980.561523
1236.000000,2977.666016
1236.500000,2975.996338
1237.000000,2975.288086
1237.500000,2973.568604
1238.000000,2968.634521
1238.500000,2961.487549
1239.000000,2955.385254
1239.500000,2953.773926
1240.000000,2957.348633
1240.500000,2962.653320
1241.000000,2964.314209
1241.500000,2958.434814
1242.000000,2947.616699
1242.500000,2937.161133
1243.000000,2932.102051
1243.500000,2934.838623
1244.000000,2941.958740
1244.500000,2949.188232
1245.000000,2954.016846
1245.500000,2957.341553
1246.000000,2961.991455
1246.500000,2969.725098
1247.000000,2980.472168
1247.500000,2991.169189
1248.000000,2998.500244
1248.500000,3001.487793
1249.000000,3000.422852
1249.500000,2997.578857
1250.000000,2995.399658
1250.500000,2995.784668
1251.000000,2999.333496
1251.500000,3006.476807
1252.000000,3016.027832
1252.500000,3027.425537
1253.000000,3039.453613
1253.500000,3051.393555
1254.000000,3062.743408
1254.500000,3073.177490
1255.000000,3082.605225
1255.500000,3091.229248
1256.000000,3099.468506
1256.500000,3108.120361
1257.000000,3118.517578
1257.500000,3131.336426
1258.000000,3147.648438
1258.500000,3166.671875
1259.000000,3186.915283
1259.500000,3205.874023
1260.000000,3221.177490
1260.500000,3231.401123
1261.000000,3237.678955
1261.500000,3241.643066
1262.000000,3245.853760
1262.500000,3252.003662
1263.000000,3260.077881
1263.500000,3269.637939
1264.000000,3279.516602
1264.500000,3288.270020
1265.000000,3294.132080
1265.500000,3295.787354
1266.000000,3292.272217
1266.500000,3285.741455
1267.000000,3279.175537
1267.500000,3275.359131
1268.000000,3275.128174
1268.500000,3275.359619
1269.000000,3271.561035
1269.500000,3261.274902
1270.000000,3246.110352
1270.500000,3230.722412
1271.000000,3219.938477
1271.500000,3216.909668
1272.000000,3218.478760
1272.500000,3220.691162
1273.000000,3220.016602
1273.500000,3215.497559
1274.000000,3209.290283
1274.500000,3204.012695
1275.000000,3200.893555
1275.500000,3199.076660
1276.000000,3197.229736
1276.500000,3194.938232
1277.000000,3193.495605
1277.500000,3194.456299
1278.000000,3198.963867
1278.500000,3205.560791
1279.000000,3211.683350
1279.500000,3214.949463
1280.000000,3214.674072
1280.500000,3211.421631
1281.000000,3207.008057
1281.500000,3202.355713
1282.000000,3197.789062
1282.500000,3193.524658
1283.000000,3190.033936
1283.500000,3187.870117
1284.000000,3186.356689
1284.500000,3183.146729
1285.000000,3174.773926
1285.500000,3159.491211
1286.000000,3136.357666
1286.500000,3109.115967
1287.000000,3081.252441
1287.500000,3056.054688
1288.000000,3036.078613
1288.500000,3021.957764
1289.000000,3014.256592
1289.500000,3012.413086
1290.000000,3013.814941
1290.500000,3014.796631
1291.000000,3012.183838
1291.500000,3004.192871
1292.000000,2994.204102
1292.500000,2986.704590
1293.000000,2984.268311
1293.500000,2986.773926
1294.000000,2991.309814
1294.500000,2995.463867
1295.000000,2999.396484
1295.500000,3005.158936
1296.000000,3014.939941
1296.500000,3027.294189
1297.000000,3039.201172
1297.500000,3047.854492
1298.000000,3052.278564
1298.500000,3054.653564
1299.000000,3057.835205
1299.500000,3063.666504
1300.000000,3072.112061
1300.500000,3082.760742
1301.000000,3094.616699
1301.500000,3107.099121
1302.000000,3118.874756
1302.500000,3127.914795
1303.000000,3133.463867
1303.500000,3136.509521
1304.000000,3139.967773
1304.500000,3146.738525
1305.000000,3158.288574
1305.500000,3172.945312
1306.000000,3188.673096
1306.500000,3203.497070
1307.000000,3216.462891
1307.500000,3227.769287
1308.000000,3237.222900
1308.500000,3244.878418
1309.000000,3251.145508
1309.500000,3256.908203
1310.000000,3262.941650
1310.500000,3268.995850
1311.000000,3274.008057
1311.500000,3276.787354
1312.000000,3278.335938
1312.500000,3281.040039
1313.000000,3287.346924
1313.500000,3298.471680
1314.000000,3313.699463
1314.500000,3331.264893
1315.000000,3350.115234
1315.500000,3369.476807
1316.000000,3388.750244
1316.500000,3406.993896
1317.000000,3423.015869
1317.500000,3437.231201
1318.000000,3451.209717
1318.500000,3467.018066
1319.000000,3485.414551
1319.500000,3504.862549
1320.000000,3521.836914
1320.500000,3531.389648
1321.000000,3532.161377
1321.500000,3521.699707
1322.000000,3503.137451
1322.500000,3478.885010
1323.000000,3452.691650
1323.500000,3426.955811
1324.000000,3402.217773
1324.500000,3377.264160
1325.000000,3350.433594
1325.500000,3321.936523
1326.000000,3294.117188
1326.500000,3270.142578
1327.000000,3253.112793
1327.500000,3241.773193
1328.000000,3233.288086
1328.500000,3224.368652
1329.000000,3214.007812
1329.500000,3204.062744
1330.000000,3197.450928
1330.500000,3197.139893
1331.000000,3201.594727
1331.500000,3208.505615
1332.000000,3214.471436
1332.500000,3217.361816
1333.000000,3217.333008
1333.500000,3215.991455
1334.000000,3215.429932
1334.500000,3216.763916
1335.000000,3219.533447
1335.500000,3221.345703
1336.000000,3218.838623
1336.500000,3211.617432
1337.000000,3200.803223
1337.500000,3190.391602
1338.000000,3184.209717
1338.500000,3183.535400
1339.000000,3186.340088
1339.500000,3189.254883
1340.000000,3189.896973
1340.500000,3187.559814
1341.000000,3183.924561
1341.500000,3179.776367
1342.000000,3174.892578
1342.500000,3168.017334
1343.000000,3158.704102
1343.500000,3148.029785
1344.000000,3138.220459
1344.500000,3130.985596
1345.000000,3126.730713
1345.500000,3123.026855
1346.000000,3116.430176
1346.500000,3105.335693
1347.000000,3089.792725
1347.500000,3073.700684
1348.000000,3062.189697
1348.500000,3058.829834
1349.000000,3062.807129
1349.500000,3070.119629
1350.000000,3074.342773
1350.500000,3069.134521
1351.000000,3055.526123
1351.500000,3036.015869
1352.000000,3016.424561
1352.500000,3000.766113
1353.000000,2989.598877
1353.500000,2980.913818
1354.000000,2972.490479
1354.500000,2963.388916
1355.000000,2954.214600
1355.500000,2945.900146
1356.000000,2938.812012
1356.500000,2932.209229
1357.000000,2925.315186
1357.500000,2917.628906
1358.000000,2908.811523
1358.500000,2898.546875
1359.000000,2886.905762
1359.500000,2874.356445
1360.000000,2862.135498
1360.500000,2851.458740
1361.000000,2841.896240
1361.500000,2831.903564
1362.000000,2819.686523
1362.500000,2804.492676
1363.000000,2787.662109
1363.500000,2771.217529
1364.000000,2756.332275
1364.500000,2742.532959
1365.000000,2729.275635
1365.500000,2716.868652
1366.000000,2707.624756
1366.500000,2702.842041
1367.000000,2702.430420
1367.500000,2702.951660
1368.000000,2700.012939
1368.500000,2690.972168
1369.000000,2677.688721
1369.500000,2664.567139
1370.000000,2655.838135
1370.500000,2654.052002
1371.000000,2656.254883
1371.500000,2658.941895
1372.000000,2658.806885
1372.500000,2654.270508
1373.000000,2645.925293
1373.500000,2635.904297
1374.000000,2626.590576
1374.500000,2619.760010
1375.000000,2616.992676
1375.500000,2617.008545
1376.000000,2618.183105
1376.500000,2618.064941
1377.000000,2614.881592
1377.500000,2608.305664
1378.000000,2598.539551
1378.500000,2585.299805
1379.000000,2568.680908
1379.500000,2548.583252
1380.000000,2527.503174
1380.500000,2509.139648
1381.000000,2495.843750
1381.500000,2488.303223
1382.000000,2483.080566
1382.500000,2475.714844
1383.000000,2463.555420
1383.500000,2448.371094
1384.000000,2434.340576
1384.500000,2424.514160
1385.000000,2420.050537
1385.500000,2417.390869
1386.000000,2413.396973
1386.500000,2407.078857
1387.000000,2399.799072
1387.500000,2393.842529
1388.000000,2390.082275
1388.500000,2387.547119
1389.000000,2384.458496
1389.500000,2380.237549
1390.000000,2376.404053
1390.500000,2375.010254
1391.000000,2376.078369
1391.500000,2378.382080
1392.000000,2380.111572
1392.500000,2380.737793
1393.000000,2381.249756
1393.500000,2382.770752
1394.000000,2385.042236
1394.500000,2386.143555
1395.000000,2383.673828
1395.500000,2378.474854
1396.000000,2373.428223
1396.500000,2371.924072
1397.000000,2375.162109
1397.500000,2380.852051
1398.000000,2385.105469
1398.500000,2385.216797
1399.000000,2382.304199
1399.500000,2379.100830
1400.000000,2378.118408
1400.500000,2379.995605
1401.000000,2382.730957
1401.500000,2384.631836
1402.000000,2385.854736
1402.500000,2388.248291
1403.000000,2393.329102
1403.500000,2400.168701
1404.000000,2406.001221
1404.500000,2408.255371
1405.000000,2404.867188
1405.500000,2397.729980
1406.000000,2388.931885
1406.500000,2380.848633
1407.000000,2374.911621
1407.500000,2371.678467
1408.000000,2371.029785
1408.500000,2372.591553
1409.000000,2374.716064
1409.500000,2375.089844
1410.000000,2372.360107
1410.500000,2365.911621
1411.000000,2358.127930
1411.500000,2352.424316
1412.000000,2351.386475
1412.500000,2355.008301
1413.000000,2360.812988
1413.500000,2364.996094
1414.000000,2364.801758
1414.500000,2362.308350
1415.000000,2361.649170
1415.500000,2366.182129
1416.000000,2377.164551
1416.500000,2391.233643
1417.000000,2403.638672
1417.500000,2411.237305
1418.000000,2415.034668
1418.500000,2418.351074
1419.000000,2424.217529
1419.500000,2433.084229
1420.000000,2441.379395
1420.500000,2445.649658
1421.000000,2446.133301
1421.500000,2445.676758
1422.000000,2447.563965
1422.500000,2452.298828
1423.000000,2457.332764
1423.500000,2459.418701
1424.000000,2456.834961
1424.500000,2452.450684
1425.000000,2449.638428
1425.500000,2449.513916
1426.000000,2450.223633
1426.500000,2449.041992
1427.000000,2445.279541
1427.500000,2440.874756
1428.000000,2438.332764
1428.500000,2438.286377
1429.000000,2438.181396
1429.500000,2434.900635
1430.000000,2428.805908
1430.500000,2423.110596
1431.000000,2421.924316
1431.500000,2426.404297
1432.000000,2433.603027
1432.500000,2438.916016
1433.000000,2439.373535
1433.500000,2436.474365
1434.000000,2433.174072
1434.500000,2432.006348
1435.000000,2433.609375
1435.500000,2436.453125
1436.000000,2439.705811
1436.500000,2443.780762
1437.000000,2449.396240
1437.500000,2456.131836
1438.000000,2462.100586
1438.500000,2465.180420
1439.000000,2465.768066
1439.500000,2465.425293
1440.000000,2466.169434
1440.500000,2468.195312
1441.000000,2469.407471
1441.500000,2467.169434
1442.000000,2461.145996
1442.500000,2453.905518
1443.000000,2448.715088
1443.500000,2446.613525
1444.000000,2446.501465
1444.500000,2445.139893
1445.000000,2440.326172
1445.500000,2433.284912
1446.000000,2427.103027
1446.500000,2424.528564
1447.000000,2425.230957
1447.500000,2426.166748
1448.000000,2424.150391
1448.500000,2417.651855
1449.000000,2409.662842
1449.500000,2404.659912
1450.000000,2405.478027
1450.500000,2413.143799
1451.000000,2424.775879
1451.500000,2436.340576
1452.000000,2444.541016
1452.500000,2448.979736
1453.000000,2450.878174
1453.500000,2453.265625
1454.000000,2459.355957
1454.500000,2469.772705
1455.000000,2484.117676
1455.500000,2499.210449
1456.000000,2511.349121
1456.500000,2518.050293
1457.000000,2519.908447
1457.500000,2519.506104
1458.000000,2519.911865
1458.500000,2522.398438
1459.000000,2525.220459
1459.500000,2525.547119
1460.000000,2522.227539
1460.500000,2515.954346
1461.000000,2509.468750
1461.500000,2505.188232
1462.000000,2503.496338
1462.500000,2502.645264
1463.000000,2501.049561
1463.500000,2498.521240
1464.000000,2495.716553
1464.500000,2493.126709
1465.000000,2490.010010
1465.500000,2485.266602
1466.000000,2478.881592
1466.500000,2473.062256
1467.000000,2470.739258
1467.500000,2473.579834
1468.000000,2479.182617
1468.500000,2483.887939
1469.000000,2485.298096
1469.500000,2483.327881
1470.000000,2480.989746
1470.500000,2480.772217
1471.000000,2482.349854
1471.500000,2482.749023
1472.000000,2479.203369
1472.500000,2472.498779
1473.000000,2465.933594
1473.500000,2463.275879
1474.000000,2467.439453
1474.500000,2476.478027
1475.000000,2487.861328
1475.500000,2498.684814
1476.000000,2507.335693
1476.500000,2513.571045
1477.000000,2518.087402
1477.500000,2521.836670
1478.000000,2526.421143
1478.500000,2533.817383
1479.000000,2543.870361
1479.500000,2555.086426
1480.000000,2564.290771
1480.500000,2568.418213
1481.000000,2567.523193
1481.500000,2564.359619
1482.000000,2562.220703
1482.500000,2562.874023
1483.000000,2566.628906
1483.500000,2571.455566
1484.000000,2575.851562
1484.500000,2579.175781
1485.000000,2581.400879
1485.500000,2583.161865
1486.000000,2585.532471
1486.500000,2590.250977
1487.000000,2598.780762
1487.500000,2612.420410
1488.000000,2629.038818
1488.500000,2645.516846
1489.000000,2658.753174
1489.500000,2667.079590
1490.000000,2672.940430
1490.500000,2679.808594
1491.000000,2690.105713
1491.500000,2703.654785
1492.000000,2718.786621
1492.500000,2733.426025
1493.000000,2746.948975
1493.500000,2760.673096
1494.000000,2776.704102
1494.500000,2795.486816
1495.000000,2816.339355
1495.500000,2837.501465
1496.000000,2857.679199
1496.500000,2876.948242
1497.000000,2896.773438
1497.500000,2919.062012
1498.000000,2943.686035
1498.500000,2968.725342
1499.000000,2990.881836
1499.500000,3007.270020
1500.000000,3018.504639
1500.500000,3027.684814
1501.000000,3039.277344
1501.500000,3056.367920
1502.000000,3080.112793
1502.500000,3107.048584
1503.000000,3132.133301
1503.500000,3151.388428
1504.000000,3161.384277
1504.500000,3163.877441
1505.000000,3162.442627
1505.500000,3162.285645
1506.000000,3167.156982
1506.500000,3177.826172
1507.000000,3190.460693
1507.500000,3200.177246
1508.000000,3205.247070
1508.500000,3206.219727
1509.000000,3206.938232
1509.500000,3210.410645
1510.000000,3216.909668
1510.500000,3224.665283
1511.000000,3231.852051
1511.500000,3238.660156
1512.000000,3247.221436
1512.500000,3258.874756
1513.000000,3274.017822
1513.500000,3290.192139
1514.000000,3305.482666
1514.500000,3319.851807
1515.000000,3335.344727
1515.500000,3354.171143
1516.000000,3375.844971
1516.500000,3397.377441
1517.000000,3415.204102
1517.500000,3426.427979
1518.000000,3433.406738
1518.500000,3438.683105
1519.000000,3444.370117
1519.500000,3449.455811
1520.000000,3451.557861
1520.500000,3449.907959
1521.000000,3446.622559
1521.500000,3445.391113
1522.000000,3448.633789
1522.500000,3454.036133
1523.000000,3457.175293
1523.500000,3455.175293
1524.000000,3448.230469
1524.500000,3439.960205
1525.000000,3433.591064
1525.500000,3430.328369
1526.000000,3429.402832
1526.500000,3430.169922
1527.000000,3432.027344
1527.500000,3434.501221
1528.000000,3435.825928
1528.500000,3433.440430
1529.000000,3426.700195
1529.500000,3416.160400
1530.000000,3403.714600
1530.500000,3390.651367
1531.000000,3376.939697
1531.500000,3362.410400
1532.000000,3347.679199
1532.500000,3333.800537
1533.000000,3321.058350
1533.500000,3308.152100
1534.000000,3293.950928
1534.500000,3279.527832
1535.000000,3268.325439
1535.500000,3263.466064
1536.000000,3263.298340
1536.500000,3263.028320
1537.000000,3257.662842
1537.500000,3244.122559
1538.000000,3226.605713
1538.500000,3210.077881
1539.000000,3197.939697
1539.500000,3189.880127
1540.000000,3183.099854
1540.500000,3175.657471
1541.000000,3167.653564
1541.500000,3160.258545
1542.000000,3154.005615
1542.500000,3147.584717
1543.000000,3138.635986
1543.500000,3126.576172
1544.000000,3112.017334
1544.500000,3097.208740
1545.000000,3084.586426
1545.500000,3075.844238
1546.000000,3070.580566
1546.500000,3067.369141
1547.000000,3063.277344
1547.500000,3055.811523
1548.000000,3045.359619
1548.500000,3033.362549
1549.000000,3022.097900
1549.500000,3012.586670
1550.000000,3003.852783
1550.500000,2993.836182
1551.000000,2981.458252
1551.500000,2968.167480
1552.000000,2956.634033
1552.500000,2948.275635
1553.000000,2943.519043
1553.500000,2940.461182
1554.000000,2937.808350
1554.500000,2935.697021
1555.000000,2935.378662
1555.500000,2937.718262
1556.000000,2941.575928
1556.500000,2944.849121
1557.000000,2946.075684
1557.500000,2945.156250
1558.000000,2944.396484
1558.500000,2946.300049
1559.000000,2951.820312
1559.500000,2961.074707
1560.000000,2973.932617
1560.500000,2990.117432
1561.000000,3009.735352
1561.500000,3030.827148
1562.000000,3050.142090
1562.500000,3065.368164
1563.000000,3074.854980
1563.500000,3080.190186
1564.000000,3082.731201
1564.500000,3082.695557
1565.000000,3078.189453
1565.500000,3066.452881
1566.000000,3048.238281
1566.500000,3025.352295
1567.000000,3002.572266
1567.500000,2983.687988
1568.000000,2969.183594
1568.500000,2958.129395
1569.000000,2948.163574
1569.500000,2938.015625
1570.000000,2927.862061
1570.500000,2918.416260
1571.000000,2910.050049
1571.500000,2901.996826
1572.000000,2893.181396
1572.500000,2883.611084
1573.000000,2874.779541
1573.500000,2868.515137
1574.000000,2865.694336
1574.500000,2864.801758
1575.000000,2862.782715
1575.500000,2857.195557
1576.000000,2849.344482
1576.500000,2843.096436
1577.000000,2841.055908
1577.500000,2843.533447
1578.000000,2846.586670
1578.500000,2846.444824
1579.000000,2842.998047
1579.500000,2840.524902
1580.000000,2844.075439
1580.500000,2854.143311
1581.000000,2867.835693
1581.500000,2879.558594
1582.000000,2885.326416
1582.500000,2886.437500
1583.000000,2885.033447
1583.500000,2882.483398
1584.000000,2877.627197
1584.500000,2868.990723
1585.000000,2857.241943
1585.500000,2844.620361
1586.000000,2833.472168
1586.500000,2823.812988
1587.000000,2813.189941
1587.500000,2799.294189
1588.000000,2782.428711
1588.500000,2764.101318
1589.000000,2745.979736
1589.500000,2728.603516
1590.000000,2711.948242
1590.500000,2696.555664
1591.000000,2684.350586
1591.500000,2675.648193
1592.000000,2669.905273
1592.500000,2664.009277
1593.000000,2654.955566
1593.500000,2642.411865
1594.000000,2627.893555
1594.500000,2613.525879
1595.000000,2600.674805
1595.500000,2589.960693
1596.000000,2580.983887
1596.500000,2573.808594
1597.000000,2567.496338
1597.500000,2561.000000
1598.000000,2553.353027
1598.500000,2544.460449
1599.000000,2535.499756
1599.500000,2528.031494
1600.000000,2522.496582
1600.500000,2517.546875
1601.000000,2511.552490
1601.500000,2504.295410
1602.000000,2497.043701
1602.500000,2491.941406
1603.000000,2490.757568
1603.500000,2492.899658
1604.000000,2496.821777
1604.500000,2501.030273
1605.000000,2504.717773
1605.500000,2507.690674
1606.000000,2510.047119
1606.500000,2511.246582
1607.000000,2511.006836
1607.500000,2509.092773
1608.000000,2506.427734
1608.500000,2504.451660
1609.000000,2504.263672
1609.500000,2505.129395
1610.000000,2504.049316
1610.500000,2497.827637
1611.000000,2482.192871
1611.500000,2458.893311
1612.000000,2429.991211
1612.500000,2400.748779
1613.000000,2375.103271
1613.500000,2353.953613
1614.000000,2335.983643
1614.500000,2319.373779
1615.000000,2302.787354
1615.500000,2286.238525
1616.000000,2270.276611
1616.500000,2255.110596
1617.000000,2239.883789
1617.500000,2223.188477
1618.000000,2204.203125
1618.500000,2183.313232
1619.000000,2162.854980
1619.500000,2146.043945
1620.000000,2136.051025
1620.500000,2132.029297
1621.000000,2132.219238
1621.500000,2131.897705
1622.000000,2127.042725
1622.500000,2117.592529
1623.000000,2105.195801
1623.500000,2092.338623
1624.000000,2080.512451
1624.500000,2069.963135
1625.000000,2060.186768
1625.500000,2051.102783
1626.000000,2042.416138
1626.500000,2033.227051
1627.000000,2022.178223
1627.500000,2007.908081
1628.000000,1990.917603
1628.500000,1973.270020
1629.000000,1957.056274
1629.500000,1942.693848
1630.000000,1929.382080
1630.500000,1915.775635
1631.000000,1901.610229
1631.500000,1887.982056
1632.000000,1876.061157
1632.500000,1865.567383
1633.000000,1855.273926
1633.500000,1843.893799
1634.000000,1831.254395
1634.500000,1818.350464
1635.000000,1806.343506
1635.500000,1795.514038
1636.000000,1784.677246
1636.500000,1772.459351
1637.000000,1758.742554
1637.500000,1744.677979
1638.000000,1731.847290
1638.500000,1720.574585
1639.000000,1709.605713
1639.500000,1697.166992
1640.000000,1682.362915
1640.500000,1666.971313
1641.000000,1653.541016
1641.500000,1642.595215
1642.000000,1633.042236
1642.500000,1622.816162
1643.000000,1611.380981
1643.500000,1600.679321
1644.000000,1592.979858
1644.500000,1588.789062
1645.000000,1585.298584
1645.500000,1578.789429
1646.000000,1568.409302
1646.500000,1555.658569
1647.000000,1544.279175
1647.500000,1536.554443
1648.000000,1531.807983
1648.500000,1527.255371
1649.000000,1519.781250
1649.500000,1508.571045
1650.000000,1494.849243
1650.500000,1481.801392
1651.000000,1472.265991
1651.500000,1466.053101
1652.000000,1461.101562
1652.500000,1454.242676
1653.000000,1444.612061
1653.500000,1434.501221
1654.000000,1427.537720
1654.500000,1426.229980
1655.000000,1428.046265
1655.500000,1428.150635
1656.000000,1423.736572
1656.500000,1414.786011
1657.000000,1404.950928
1657.500000,1397.521240
1658.000000,1393.245728
1658.500000,1390.027222
1659.000000,1385.694214
1659.500000,1379.761230
1660.000000,1372.892944
1660.500000,1366.484375
1661.000000,1361.562378
1661.500000,1357.941406
1662.000000,1355.297363
1662.500000,1352.960083
1663.000000,1350.304077
1663.500000,1347.046631
1664.000000,1343.601074
1664.500000,1340.700684
1665.000000,1338.508911
1665.500000,1336.583740
1666.000000,1334.028198
1666.500000,1330.138550
1667.000000,1325.292725
1667.500000,1320.094971
1668.000000,1314.791626
1668.500000,1309.128662
1669.000000,1302.678711
1669.500000,1295.688354
1670.000000,1289.055176
1670.500000,1283.583496
1671.000000,1279.834839
1671.500000,1277.125610
1672.000000,1274.284058
1672.500000,1270.090332
1673.000000,1264.191162
1673.500000,1257.026611
1674.000000,1249.745117
1674.500000,1243.385132
1675.000000,1238.188232
1675.500000,1234.184082
1676.000000,1231.037354
1676.500000,1228.910034
1677.000000,1227.696289
1677.500000,1226.891113
1678.000000,1225.534302
1678.500000,1223.020508
1679.000000,1219.246948
1679.500000,1214.925903
1680.000000,1210.676880
1680.500000,1207.007080
1681.000000,1204.652710
1681.500000,1204.164307
1682.000000,1206.021240
1682.500000,1209.500977
1683.000000,1212.656616
1683.500000,1213.082642
1684.000000,1210.465454
1684.500000,1205.629150
1685.000000,1201.211060
1685.500000,1199.728271
1686.000000,1201.696777
1686.500000,1206.236938
1687.000000,1211.063354
1687.500000,1214.031006
1688.000000,1213.854980
1688.500000,1210.937988
1689.000000,1206.161133
1689.500000,1200.757568
1690.000000,1194.521118
1690.500000,1187.237183
1691.000000,1179.359009
1691.500000,1172.916260
1692.000000,1169.981201
1692.500000,1170.351685
1693.000000,1171.193237
1693.500000,1168.883301
1694.000000,1162.280518
1694.500000,1152.845215
1695.000000,1144.201538
1695.500000,1138.353882
1696.000000,1134.532715
1696.500000,1131.406494
1697.000000,1128.302490
1697.500000,1125.617310
1698.000000,1123.489624
1698.500000,1121.036377
1699.000000,1116.958252
1699.500000,1111.469604
1700.000000,1105.847534
1700.500000,1101.147827
1701.000000,1097.243164
1701.500000,1093.208374
1702.000000,1088.954468
1702.500000,1085.776123
1703.000000,1084.661255
1703.500000,1085.192505
1704.000000,1085.245239
1704.500000,1082.742310
1705.000000,1078.573486
1705.500000,1074.851685
1706.000000,1072.873291
1706.500000,1072.056519
1707.000000,1070.330444
1707.500000,1066.270142
1708.000000,1060.515503
1708.500000,1055.062012
1709.000000,1051.526978
1709.500000,1049.505249
1710.000000,1047.737061
1710.500000,1045.004761
1711.000000,1041.380493
1711.500000,1038.265381
1712.000000,1037.366943
1712.500000,1039.460205
1713.000000,1042.828735
1713.500000,1044.587158
1714.000000,1042.892090
1714.500000,1036.868896
1715.000000,1029.328125
1715.500000,1023.254272
1716.000000,1019.776978
1716.500000,1018.128601
1717.000000,1016.500183
1717.500000,1013.782410
1718.000000,1010.314270
1718.500000,1007.127747
1719.000000,1004.736084
1719.500000,1002.727661
1720.000000,1000.676208
1720.500000,998.380127
1721.000000,995.574036
1721.500000,991.712708
1722.000000,986.283508
1722.500000,979.627258
1723.000000,973.513367
1723.500000,970.080444
1724.000000,969.409607
1724.500000,970.789307
1725.000000,972.184448
1725.500000,972.508423
1726.000000,972.015442
1726.500000,971.012451
1727.000000,969.225952
1727.500000,966.174683
1728.000000,962.037170
1728.500000,958.274902
1729.000000,956.191711
1729.500000,954.978577
1730.000000,952.358704
1730.500000,946.516296
1731.000000,938.031311
1731.500000,929.789856
1732.000000,924.753540
1732.500000,924.162354
1733.000000,925.826599
1733.500000,926.623352
1734.000000,924.792297
1734.500000,919.597168
1735.000000,912.687378
1735.500000,905.947693
1736.000000,901.002319
1736.500000,898.757996
1737.000000,899.158142
1737.500000,900.974121
1738.000000,902.625793
1738.500000,903.049622
1739.000000,901.754517
1739.500000,899.631592
1740.000000,897.601318
1740.500000,896.262939
1741.000000,895.348755
1741.500000,893.946777
1742.000000,891.268311
1742.500000,887.264771
1743.000000,883.127991
1743.500000,879.982971
1744.000000,877.699646
1744.500000,875.667419
1745.000000,873.552795
1745.500000,871.995544
1746.000000,871.239258
1746.500000,870.025269
1747.000000,866.267700
1747.500000,859.898865
1748.000000,853.865479
1748.500000,850.803223
1749.000000,850.249634
1749.500000,847.912231
1750.000000,841.807495
1750.500000,837.454102
1751.000000,841.240967
1751.500000,849.493103
1752.000000,843.356995
1752.500000,795.791748
1753.000000,711.401245
1753.500000,614.988220
1754.000000,549.634705
1754.500000,556.266785
1755.000000,620.280457
1755.500000,705.130127
1756.000000,773.039185
1756.500000,807.811218
1757.000000,815.027588
1757.500000,814.651611
1758.000000,815.029724
1758.500000,815.026611
1759.000000,811.168823
1759.500000,805.452209
1760.000000,802.459229
1760.500000,803.248657
1761.000000,804.615723
1761.500000,802.238586
1762.000000,795.682556
1762.500000,788.320679
1763.000000,783.540833
1763.500000,782.734375
1764.000000,783.345764
1764.500000,783.081116
1765.000000,781.505127
1765.500000,779.547852
1766.000000,778.263489
1766.500000,777.676453
1767.000000,776.888123
1767.500000,775.311890
1768.000000,773.005188
1768.500000,770.651001
1769.000000,768.427917
1769.500000,765.964111
1770.000000,763.157776
1770.500000,760.741333
1771.000000,759.756226
1771.500000,759.932800
1772.000000,759.451355
1772.500000,756.333435
1773.000000,750.907471
1773.500000,744.936951
1774.000000,740.482544
1774.500000,738.085327
1775.000000,736.736694
1775.500000,735.872253
1776.000000,735.731384
1776.500000,736.294617
1777.000000,736.488525
1777.500000,734.990295
1778.000000,731.186768
1778.500000,727.262878
1779.000000,725.434082
1779.500000,725.967285
1780.000000,727.919983
1780.500000,729.896729
1781.000000,731.669189
1781.500000,733.693726
1782.000000,735.910522
1782.500000,737.325684
1783.000000,737.417114
1783.500000,736.529907
1784.000000,735.948120
1784.500000,736.256409
1785.000000,736.294556
1785.500000,733.954346
1786.000000,728.131714
1786.500000,720.061401
1787.000000,712.795532
1787.500000,708.989502
1788.000000,709.954773
1788.500000,713.060303
1789.000000,715.589783
1789.500000,715.796387
1790.000000,714.034607
1790.500000,711.746155
1791.000000,710.068420
1791.500000,709.461731
1792.000000,709.663818
1792.500000,710.402954
1793.000000,710.957092
1793.500000,710.137329
1794.000000,707.461243
1794.500000,703.269104
1795.000000,698.699158
1795.500000,694.709473
1796.000000,691.859314
1796.500000,690.270264
1797.000000,690.130249
1797.500000,690.605225
1798.000000,689.874939
1798.500000,686.799255
1799.000000,681.909668
1799.500000,677.581055
1800.000000,675.653564
1800.500000,675.638306
1801.000000,675.440552
1801.500000,674.217224
1802.000000,672.836243
1802.500000,672.094910
1803.000000,671.072693
1803.500000,668.515869
1804.000000,665.284790
1804.500000,663.662231
1805.000000,664.582581
1805.500000,666.002380
1806.000000,665.567017
1806.500000,663.370483
1807.000000,661.523193
1807.500000,661.015686
1808.000000,660.549927
1808.500000,658.796204
1809.000000,656.620850
1809.500000,656.094177
1810.000000,657.197571
