440.000000,2742.315918
440.500000,2737.150391
441.000000,2738.728271
441.500000,2745.723877
442.000000,2754.174072
442.500000,2759.937500
443.000000,2760.951416
443.500000,2759.164307
444.000000,2757.313721
444.500000,2757.954834
445.000000,2763.327881
445.500000,2771.624023
446.000000,2779.899658
446.500000,2785.627197
447.000000,2787.049805
447.500000,2784.204102
448.000000,2779.263672
448.500000,2775.211670
449.000000,2773.931396
449.500000,2776.997803
450.000000,2783.272217
450.500000,2791.082275
451.000000,2797.589355
451.500000,2800.705322
452.000000,2799.747559
452.500000,2794.970459
453.000000,2787.635986
453.500000,2780.225586
454.000000,2774.578857
454.500000,2771.346191
455.000000,2771.164795
455.500000,2772.603027
456.000000,2773.558838
456.500000,2772.151367
457.000000,2766.990479
457.500000,2757.927734
458.000000,2746.392090
458.500000,2735.117432
459.000000,2726.131592
459.500000,2720.950684
460.000000,2718.435791
460.500000,2717.086914
461.000000,2714.472656
461.500000,2709.369873
462.000000,2702.064697
462.500000,2693.669922
463.000000,2685.623535
463.500000,2678.942871
464.000000,2673.855713
464.500000,2669.704346
465.000000,2666.126709
465.500000,2662.674805
466.000000,2659.136475
466.500000,2655.424805
467.000000,2651.564453
467.500000,2647.822021
468.000000,2644.755127
468.500000,2643.500488
469.000000,2644.225830
469.500000,2646.810303
470.000000,2649.786133
470.500000,2651.554443
471.000000,2650.936768
471.500000,2648.062012
472.000000,2644.712402
472.500000,2642.850098
473.000000,2644.098145
473.500000,2648.404541
474.000000,2654.716309
474.500000,2660.527832
475.000000,2664.092529
475.500000,2665.200928
476.000000,2664.097168
476.500000,2662.121094
477.000000,2660.639648
477.500000,2660.411377
478.000000,2661.659668
478.500000,2664.724365
479.000000,2669.433594
479.500000,2675.775146
480.000000,2682.837402
480.500000,2689.736572
481.000000,2695.488525
481.500000,2699.089111
482.000000,2700.211914
482.500000,2699.731934
483.000000,2698.508301
483.500000,2697.544434
484.000000,2697.687744
484.500000,2698.950439
485.000000,2700.858154
485.500000,2702.442627
486.000000,2702.572510
486.500000,2700.368164
487.000000,2695.107422
487.500000,2687.062256
488.000000,2677.822510
488.500000,2669.057373
489.000000,2662.189697
489.500000,2658.791748
490.000000,2658.197021
490.500000,2658.852539
491.000000,2658.931396
491.500000,2657.122559
492.000000,2653.122070
492.500000,2648.026855
493.000000,2643.843018
493.500000,2641.727783
494.000000,2642.570557
494.500000,2645.184814
495.000000,2648.184082
495.500000,2649.732666
496.000000,2648.961914
496.500000,2646.187012
497.000000,2642.439941
497.500000,2638.975586
498.000000,2636.788086
498.500000,2636.055908
499.000000,2635.840820
499.500000,2635.201172
500.000000,2633.519043
500.500000,2630.557373
501.000000,2627.169922
501.500000,2624.557617
502.000000,2623.602051
502.500000,2624.401611
503.000000,2626.617188
503.500000,2628.824951
504.000000,2629.285156
504.500000,2627.371338
505.000000,2622.256348
505.500000,2614.385986
506.000000,2604.289062
506.500000,2593.353271
507.000000,2583.334473
507.500000,2576.085938
508.000000,2572.567139
508.500000,2574.419678
509.000000,2580.512207
509.500000,2589.334229
510.000000,2598.399658
510.500000,2606.061523
511.000000,2611.826904
511.500000,2616.334229
512.000000,2620.984863
512.500000,2626.424805
513.000000,2632.040039
513.500000,2636.400391
514.000000,2637.405273
514.500000,2634.881104
515.000000,2630.250977
515.500000,2626.386719
516.000000,2625.666992
516.500000,2629.045410
517.000000,2635.375977
517.500000,2642.100586
518.000000,2646.801758
518.500000,2648.257080
519.000000,2647.846924
519.500000,2647.209961
520.000000,2648.223389
520.500000,2651.629883
521.000000,2656.430176
521.500000,2661.249756
522.000000,2664.900146
522.500000,2666.995850
523.000000,2667.343018
523.500000,2666.769775
524.000000,2665.402100
524.500000,2663.425537
525.000000,2660.793213
525.500000,2657.675537
526.000000,2654.348389
526.500000,2650.976562
527.000000,2647.436279
527.500000,2643.384033
528.000000,2638.716553
528.500000,2633.594482
529.000000,2628.988525
529.500000,2626.091553
530.000000,2625.277832
530.500000,2626.442139
531.000000,2628.546875
531.500000,2629.862793
532.000000,2628.898193
532.500000,2625.625244
533.000000,2620.248779
533.500000,2614.237549
534.000000,2609.019531
534.500000,2605.693115
535.000000,2604.741699
535.500000,2605.721680
536.000000,2607.921631
536.500000,2610.463379
537.000000,2612.401611
537.500000,2612.751465
538.000000,2611.644287
538.500000,2609.125977
539.000000,2606.061279
539.500000,2603.207520
540.000000,2601.147217
540.500000,2599.861572
541.000000,2598.690430
541.500000,2596.973145
542.000000,2594.368896
542.500000,2591.343994
543.000000,2589.101562
543.500000,2588.544434
544.000000,2589.967285
544.500000,2592.197021
545.000000,2593.618408
545.500000,2592.845703
546.000000,2589.527100
546.500000,2585.432373
547.000000,2582.944580
547.500000,2584.305908
548.000000,2589.173096
548.500000,2596.540527
549.000000,2603.239502
549.500000,2606.727783
550.000000,2606.899170
550.500000,2604.954346
551.000000,2602.859863
551.500000,2602.214844
552.000000,2603.646484
552.500000,2605.807129
553.000000,2607.889404
553.500000,2609.956787
554.000000,2613.217773
554.500000,2619.090332
555.000000,2628.707520
555.500000,2640.742432
556.000000,2652.900635
556.500000,2662.889160
557.000000,2669.837158
557.500000,2673.599365
558.000000,2676.431396
558.500000,2680.252930
559.000000,2685.532227
559.500000,2691.846924
560.000000,2697.999268
560.500000,2702.906250
561.000000,2706.236328
561.500000,2708.883545
562.000000,2711.479736
562.500000,2714.131104
563.000000,2716.009521
563.500000,2715.964600
564.000000,2712.191650
564.500000,2704.949951
565.000000,2694.926758
565.500000,2683.558594
566.000000,2672.437012
566.500000,2662.874756
567.000000,2655.151855
567.500000,2649.152100
568.000000,2644.039062
568.500000,2639.585449
569.000000,2635.660645
569.500000,2632.574219
570.000000,2630.550049
570.500000,2629.150146
571.000000,2627.409180
571.500000,2624.195557
572.000000,2618.206543
572.500000,2609.770020
573.000000,2599.886719
573.500000,2591.264648
574.000000,2586.424072
574.500000,2586.180176
575.000000,2590.154053
575.500000,2596.372314
576.000000,2601.695801
576.500000,2603.594238
577.000000,2602.099609
577.500000,2597.479492
578.000000,2591.837158
578.500000,2586.636963
579.000000,2582.733398
579.500000,2580.247070
580.000000,2579.055908
580.500000,2579.477295
581.000000,2582.423096
581.500000,2588.262451
582.000000,2597.552979
582.500000,2608.167725
583.000000,2617.319336
583.500000,2622.776123
584.000000,2622.386475
584.500000,2616.316162
585.000000,2605.909668
585.500000,2593.944580
586.000000,2583.341553
586.500000,2576.294922
587.000000,2573.031494
587.500000,2574.170898
588.000000,2578.020264
588.500000,2583.255371
589.000000,2588.107178
589.500000,2591.571533
590.000000,2593.445801
590.500000,2594.262939
591.000000,2594.783203
591.500000,2595.599609
592.000000,2596.320557
592.500000,2595.977051
593.000000,2593.270996
593.500000,2588.266602
594.000000,2581.734131
594.500000,2575.708740
595.000000,2572.099609
595.500000,2571.226318
596.000000,2571.566895
596.500000,2570.986084
597.000000,2568.069824
597.500000,2562.254150
598.000000,2555.934814
598.500000,2552.045654
599.000000,2551.746338
599.500000,2554.480225
600.000000,2557.917236
600.500000,2559.301025
601.000000,2556.709229
601.500000,2552.101807
602.000000,2548.608643
602.500000,2548.495850
603.000000,2553.080566
603.500000,2560.256348
604.000000,2566.527344
604.500000,2568.547607
605.000000,2565.916260
605.500000,2560.156982
606.000000,2554.319336
606.500000,2551.105957
607.000000,2550.911621
607.500000,2553.090332
608.000000,2555.098145
608.500000,2555.525391
609.000000,2554.338867
609.500000,2552.344238
610.000000,2550.625000
610.500000,2549.877686
611.000000,2550.254883
611.500000,2551.460205
612.000000,2554.094971
612.500000,2558.580078
613.000000,2565.893311
613.500000,2575.674805
614.000000,2586.557861
614.500000,2596.115967
615.000000,2602.586670
615.500000,2605.099365
616.000000,2604.972900
616.500000,2603.947021
617.000000,2604.383545
617.500000,2608.048096
618.000000,2614.234619
618.500000,2621.910889
619.000000,2629.534424
619.500000,2635.909912
620.000000,2640.443115
620.500000,2643.465576
621.000000,2645.639160
621.500000,2647.725830
622.000000,2650.017090
622.500000,2652.322754
623.000000,2654.013672
623.500000,2654.349609
624.000000,2652.666504
624.500000,2649.182861
625.000000,2644.747559
625.500000,2640.328369
626.000000,2636.664062
626.500000,2634.162598
627.000000,2632.248047
627.500000,2630.353027
628.000000,2628.406982
628.500000,2627.031006
629.000000,2627.005859
629.500000,2628.660645
630.000000,2631.427002
630.500000,2633.486328
631.000000,2632.869873
631.500000,2629.901123
632.000000,2626.133057
632.500000,2624.549316
633.000000,2628.518555
633.500000,2639.008545
634.000000,2654.371826
634.500000,2670.146240
635.000000,2682.235596
635.500000,2687.545898
636.000000,2687.090820
636.500000,2682.149414
637.000000,2676.668701
637.500000,2673.531006
638.000000,2673.270508
638.500000,2675.484619
639.000000,2679.061768
639.500000,2682.976562
640.000000,2686.582764
640.500000,2689.429199
641.000000,2690.673584
641.500000,2690.058350
642.000000,2687.004150
642.500000,2682.362549
643.000000,2677.407227
643.500000,2673.881836
644.000000,2673.469238
644.500000,2676.463379
645.000000,2681.463135
645.500000,2686.810059
646.000000,2690.799561
646.500000,2691.793701
647.000000,2690.011230
647.500000,2685.655273
648.000000,2680.423096
648.500000,2675.847168
649.000000,2673.186035
649.500000,2673.023926
650.000000,2675.479248
650.500000,2679.270264
651.000000,2682.565674
651.500000,2683.798584
652.000000,2681.940430
652.500000,2677.945557
653.000000,2673.273193
653.500000,2669.640381
654.000000,2667.956055
654.500000,2667.716064
655.000000,2666.827881
655.500000,2663.147949
656.000000,2656.517578
656.500000,2647.371338
657.000000,2637.987549
657.500000,2630.594727
658.000000,2626.304443
658.500000,2624.654053
659.000000,2624.377686
659.500000,2624.419434
660.000000,2624.525635
660.500000,2624.894287
661.000000,2625.673584
661.500000,2625.997070
662.000000,2623.912354
662.500000,2618.447754
663.000000,2609.567627
663.500000,2599.240234
664.000000,2590.524902
664.500000,2586.513916
665.000000,2587.994629
665.500000,2593.967041
666.000000,2600.515381
666.500000,2604.458252
667.000000,2604.643066
667.500000,2600.939697
668.000000,2595.088135
668.500000,2588.953125
669.000000,2583.620850
669.500000,2578.859619
670.000000,2574.079102
670.500000,2569.001221
671.000000,2564.145508
671.500000,2560.620361
672.000000,2560.316162
672.500000,2564.127441
673.000000,2571.736084
673.500000,2581.559326
674.000000,2591.145996
674.500000,2597.762451
675.000000,2599.989258
675.500000,2596.179443
676.000000,2588.344238
676.500000,2578.970459
677.000000,2571.161133
677.500000,2567.398682
678.000000,2568.398438
678.500000,2573.517334
679.000000,2581.230713
679.500000,2589.233887
680.000000,2595.529297
680.500000,2599.494873
681.000000,2600.184570
681.500000,2598.082520
682.000000,2593.141602
682.500000,2586.338379
683.000000,2579.078613
683.500000,2573.520752
684.000000,2571.253662
684.500000,2573.346680
685.000000,2578.442627
685.500000,2584.725586
686.000000,2589.394287
686.500000,2589.712158
687.000000,2585.250488
687.500000,2577.260742
688.000000,2568.481445
688.500000,2561.259277
689.000000,2556.871338
689.500000,2554.611816
690.000000,2553.114502
690.500000,2550.675537
691.000000,2546.526367
691.500000,2542.032227
692.000000,2539.029785
692.500000,2538.633301
693.000000,2540.752197
693.500000,2543.959229
694.000000,2546.232910
694.500000,2546.033691
695.000000,2544.348145
695.500000,2543.358887
696.000000,2544.841553
696.500000,2549.830811
697.000000,2556.862549
697.500000,2563.517090
698.000000,2567.391357
698.500000,2567.706055
699.000000,2565.847900
699.500000,2564.293945
700.000000,2564.957275
700.500000,2567.560059
701.000000,2570.925293
701.500000,2573.197021
702.000000,2573.234131
702.500000,2571.964600
703.000000,2571.564697
703.500000,2573.803467
704.000000,2578.685303
704.500000,2585.049316
705.000000,2590.495850
705.500000,2592.502930
706.000000,2590.808350
706.500000,2586.256592
707.000000,2581.121826
707.500000,2577.141846
708.000000,2575.184326
708.500000,2575.085449
709.000000,2576.431641
709.500000,2578.435547
710.000000,2580.808350
710.500000,2583.267578
711.000000,2585.598633
711.500000,2587.602051
712.000000,2589.179443
712.500000,2590.569824
713.000000,2592.289795
713.500000,2594.941895
714.000000,2598.648438
714.500000,2603.023926
715.000000,2607.192627
715.500000,2610.369873
716.000000,2612.553955
716.500000,2614.146973
717.000000,2616.034912
717.500000,2619.033447
718.000000,2623.434082
718.500000,2628.472412
719.000000,2633.052246
719.500000,2636.303223
720.000000,2637.312012
720.500000,2636.618408
721.000000,2634.816406
721.500000,2633.173828
722.000000,2633.068848
722.500000,2635.210205
723.000000,2639.617920
723.500000,2646.019287
724.000000,2653.410156
724.500000,2660.936523
725.000000,2667.826172
725.500000,2673.452393
726.000000,2677.983643
726.500000,2682.002441
727.000000,2686.483643
727.500000,2692.471191
728.000000,2700.886719
728.500000,2711.916260
729.000000,2725.928223
729.500000,2742.176514
730.000000,2761.014893
730.500000,2781.966797
731.000000,2805.382568
731.500000,2830.698975
732.000000,2856.760010
732.500000,2881.550537
733.000000,2902.852539
733.500000,2918.270996
734.000000,2927.615234
734.500000,2930.107422
735.000000,2927.851562
735.500000,2920.011475
736.000000,2906.559326
736.500000,2885.918213
737.000000,2857.981689
737.500000,2824.096436
738.000000,2786.980469
738.500000,2750.746338
739.000000,2718.609619
739.500000,2690.462646
740.000000,2665.703857
740.500000,2641.915039
741.000000,2617.653564
741.500000,2592.733398
742.000000,2568.233398
742.500000,2545.951416
743.000000,2526.896484
743.500000,2511.811035
744.000000,2499.938232
744.500000,2491.678223
745.000000,2486.064941
745.500000,2483.055420
746.000000,2481.538818
746.500000,2480.179932
747.000000,2477.453125
747.500000,2472.644287
748.000000,2465.791504
748.500000,2458.009521
749.000000,2450.415039
749.500000,2443.748047
750.000000,2438.405518
750.500000,2433.933350
751.000000,2429.995117
751.500000,2426.313721
752.000000,2422.856201
752.500000,2419.537598
753.000000,2416.045898
753.500000,2411.831787
754.000000,2406.665771
754.500000,2400.429443
755.000000,2393.947021
755.500000,2388.522461
756.000000,2385.127197
756.500000,2384.386963
757.000000,2386.044678
757.500000,2389.046143
758.000000,2392.109131
758.500000,2394.049805
759.000000,2393.757812
759.500000,2391.537354
760.000000,2387.911377
760.500000,2384.174805
761.000000,2381.389404
761.500000,2380.112793
762.000000,2380.346191
762.500000,2381.655762
763.000000,2383.191406
763.500000,2384.165039
764.000000,2384.213867
764.500000,2383.242432
765.000000,2381.824707
765.500000,2380.440918
766.000000,2379.394531
766.500000,2378.594971
767.000000,2377.507568
767.500000,2375.405273
768.000000,2371.485840
768.500000,2365.895264
769.000000,2359.271484
769.500000,2353.087158
770.000000,2348.871338
770.500000,2347.257568
771.000000,2348.601074
771.500000,2352.388672
772.000000,2357.781982
772.500000,2364.093262
773.000000,2370.603760
773.500000,2376.713623
774.000000,2382.007812
774.500000,2385.845703
775.000000,2388.286133
775.500000,2389.428223
776.000000,2389.851807
776.500000,2390.025391
777.000000,2390.030029
777.500000,2389.494629
778.000000,2387.896729
778.500000,2385.586670
779.000000,2383.671387
779.500000,2383.585205
780.000000,2387.008301
780.500000,2393.794189
781.000000,2402.686035
781.500000,2411.043457
782.000000,2415.811768
782.500000,2414.408203
783.000000,2407.604736
783.500000,2396.132080
784.000000,2383.303955
784.500000,2371.966553
785.000000,2364.031006
785.500000,2360.828613
786.000000,2361.767822
786.500000,2365.291260
787.000000,2369.385254
787.500000,2372.416504
788.000000,2373.699707
788.500000,2373.946777
789.000000,2373.975342
789.500000,2374.462646
790.000000,2375.427490
790.500000,2376.212646
791.000000,2376.064697
791.500000,2374.790039
792.000000,2373.157715
792.500000,2372.202148
793.000000,2372.302490
793.500000,2373.247803
794.000000,2373.950684
794.500000,2373.388672
795.000000,2371.541748
795.500000,2369.113281
796.000000,2367.291260
796.500000,2366.730713
797.000000,2366.916504
797.500000,2366.577393
798.000000,2364.429443
798.500000,2360.585449
799.000000,2355.552734
799.500000,2350.526855
800.000000,2346.144043
800.500000,2342.181885
801.000000,2338.028076
801.500000,2333.635254
802.000000,2330.063477
802.500000,2329.182373
803.000000,2331.515381
803.500000,2337.073242
804.000000,2343.227295
804.500000,2347.095215
805.000000,2347.115723
805.500000,2343.300049
806.000000,2337.981689
806.500000,2334.367676
807.000000,2334.764160
807.500000,2339.021240
808.000000,2346.751953
808.500000,2355.862305
809.000000,2364.953857
809.500000,2372.814209
810.000000,2378.169189
810.500000,2380.313965
811.000000,2379.042480
811.500000,2375.618164
812.000000,2372.495117
812.500000,2372.130859
813.000000,2374.843018
813.500000,2379.796631
814.000000,2384.091309
814.500000,2385.009277
815.000000,2382.183594
815.500000,2377.285889
816.000000,2373.630615
816.500000,2373.671875
817.000000,2377.775391
817.500000,2383.501953
818.000000,2388.123047
818.500000,2390.166016
819.000000,2389.088135
819.500000,2386.329590
820.000000,2383.151123
820.500000,2380.294678
821.000000,2377.808838
821.500000,2375.667969
822.000000,2374.209717
822.500000,2374.339111
823.000000,2376.145020
823.500000,2379.458984
824.000000,2382.957031
824.500000,2385.318115
825.000000,2385.977783
825.500000,2385.248779
826.000000,2384.254639
826.500000,2384.332520
827.000000,2386.386475
827.500000,2389.999023
828.000000,2394.478516
828.500000,2398.378174
829.000000,2400.055176
829.500000,2398.797852
830.000000,2394.454590
830.500000,2388.336182
831.000000,2382.724854
831.500000,2380.208008
832.000000,2381.553711
832.500000,2386.360352
833.000000,2391.894287
833.500000,2395.666016
834.000000,2396.770508
834.500000,2395.612305
835.000000,2394.209229
835.500000,2394.605713
836.000000,2397.754639
836.500000,2402.627197
837.000000,2407.078369
837.500000,2409.156982
838.000000,2407.459473
838.500000,2403.277100
839.000000,2398.185059
839.500000,2394.261719
840.000000,2393.060547
840.500000,2394.847656
841.000000,2398.357910
841.500000,2401.346680
842.000000,2401.445801
842.500000,2395.654053
843.000000,2385.231445
843.500000,2372.011963
844.000000,2359.924805
844.500000,2352.769287
845.000000,2352.005859
845.500000,2356.416504
846.000000,2362.748047
846.500000,2367.031006
847.000000,2366.367920
847.500000,2362.090332
848.000000,2357.356201
848.500000,2356.030518
849.000000,2360.171143
849.500000,2367.837646
850.000000,2375.179443
850.500000,2378.281494
851.000000,2375.792236
851.500000,2368.561035
852.000000,2360.436279
852.500000,2355.079834
853.000000,2353.288574
853.500000,2354.339111
854.000000,2355.418457
854.500000,2354.816650
855.000000,2352.835449
855.500000,2351.124512
856.000000,2351.364014
856.500000,2353.703613
857.000000,2357.409180
857.500000,2360.887451
858.000000,2363.299561
858.500000,2365.210449
859.000000,2367.741943
859.500000,2371.459229
860.000000,2375.572510
860.500000,2378.550537
861.000000,2379.496094
861.500000,2378.507324
862.000000,2377.292725
862.500000,2377.735352
863.000000,2380.199463
863.500000,2384.103271
864.000000,2387.765625
864.500000,2390.026855
865.000000,2391.220947
865.500000,2393.052979
866.000000,2397.233398
866.500000,2403.632812
867.000000,2411.141846
867.500000,2417.801025
868.000000,2422.403809
868.500000,2425.824951
869.000000,2430.023193
869.500000,2436.900879
870.000000,2447.066162
870.500000,2459.471436
871.000000,2471.697266
871.500000,2481.520020
872.000000,2488.931152
872.500000,2494.414307
873.000000,2499.367188
873.500000,2504.201904
874.000000,2508.493164
874.500000,2511.269287
875.000000,2511.829102
875.500000,2510.322754
876.000000,2507.095459
876.500000,2502.907471
877.000000,2497.667725
877.500000,2491.415771
878.000000,2484.130615
878.500000,2476.510986
879.000000,2469.321777
879.500000,2462.807861
880.000000,2456.310059
880.500000,2448.516113
881.000000,2438.645020
881.500000,2426.556396
882.000000,2414.004395
882.500000,2403.118896
883.000000,2394.780762
883.500000,2388.628418
884.000000,2382.437256
884.500000,2374.359375
885.000000,2364.195068
885.500000,2353.744873
886.000000,2345.590576
886.500000,2340.658203
887.000000,2338.638916
887.500000,2336.543945
888.000000,2331.564697
888.500000,2323.371094
889.000000,2314.192871
889.500000,2308.242188
890.000000,2309.004395
890.500000,2317.104004
891.000000,2328.512207
891.500000,2338.382568
892.000000,2343.506348
892.500000,2342.347656
893.000000,2337.903564
893.500000,2333.625000
894.000000,2332.169922
894.500000,2334.049805
895.000000,2337.907227
895.500000,2341.524902
896.000000,2343.367920
896.500000,2343.639404
897.000000,2342.953613
897.500000,2342.081055
898.000000,2341.061768
898.500000,2339.703369
899.000000,2337.989014
899.500000,2336.323486
900.000000,2335.241211
900.500000,2335.011963
901.000000,2335.128418
901.500000,2334.667725
902.000000,2333.069580
902.500000,2330.184326
903.000000,2327.031006
903.500000,2325.033447
904.000000,2325.132080
904.500000,2327.341309
905.000000,2330.768555
905.500000,2333.683350
906.000000,2334.023926
906.500000,2331.170410
907.000000,2324.575439
907.500000,2316.055420
908.000000,2307.659180
908.500000,2301.387939
909.000000,2298.320557
909.500000,2298.008057
910.000000,2298.412598
910.500000,2297.112061
911.000000,2293.001221
911.500000,2285.418701
912.000000,2276.179932
912.500000,2267.154785
913.000000,2260.175049
913.500000,2256.625244
914.000000,2256.672363
914.500000,2259.399658
915.000000,2263.436279
915.500000,2266.980957
916.000000,2268.359619
916.500000,2267.402832
917.000000,2264.185303
917.500000,2260.321289
918.000000,2257.308350
918.500000,2256.097900
919.000000,2256.937256
919.500000,2259.443604
920.000000,2262.682617
920.500000,2265.894775
921.000000,2268.607422
921.500000,2270.580322
922.000000,2272.124512
922.500000,2273.585938
923.000000,2275.318848
923.500000,2277.460693
924.000000,2279.768799
924.500000,2281.675537
925.000000,2282.529541
925.500000,2282.256104
926.000000,2280.941650
926.500000,2279.395508
927.000000,2278.317383
927.500000,2277.967285
928.000000,2278.159668
928.500000,2278.231201
929.000000,2277.489746
929.500000,2275.595459
930.000000,2273.058350
930.500000,2270.996094
931.000000,2270.572266
931.500000,2273.145996
932.000000,2278.093506
932.500000,2283.951904
933.000000,2288.459473
933.500000,2289.682861
934.000000,2287.073486
934.500000,2282.099609
935.000000,2277.030762
935.500000,2273.937012
936.000000,2274.238281
936.500000,2276.515625
937.000000,2279.009766
937.500000,2280.007324
938.000000,2278.891357
938.500000,2276.603516
939.000000,2274.804199
939.500000,2274.950684
940.000000,2277.102783
940.500000,2280.914551
941.000000,2285.253418
941.500000,2289.341309
942.000000,2292.531982
942.500000,2293.855957
943.000000,2292.586426
943.500000,2288.354736
944.000000,2281.868164
944.500000,2275.340088
945.000000,2271.739746
945.500000,2272.383057
946.000000,2277.828369
946.500000,2284.713135
947.000000,2288.977783
947.500000,2287.717041
948.000000,2280.399414
948.500000,2269.875488
949.000000,2260.372803
949.500000,2255.542969
950.000000,2255.779297
950.500000,2260.509277
951.000000,2266.407471
951.500000,2271.067871
952.000000,2273.501221
952.500000,2273.689209
953.000000,2272.635010
953.500000,2271.428467
954.000000,2270.977783
954.500000,2271.819336
955.000000,2274.497803
955.500000,2278.468018
956.000000,2282.721924
956.500000,2285.605713
957.000000,2285.518066
957.500000,2282.511475
958.000000,2277.808594
958.500000,2273.472900
959.000000,2271.107422
959.500000,2271.236816
960.000000,2272.435059
960.500000,2272.818115
961.000000,2271.289551
961.500000,2267.541504
962.000000,2262.937744
962.500000,2259.008789
963.000000,2256.629395
963.500000,2255.470215
964.000000,2254.264648
964.500000,2251.565674
965.000000,2246.191650
965.500000,2239.071533
966.000000,2231.592773
966.500000,2225.504150
967.000000,2222.059326
967.500000,2220.852051
968.000000,2220.470703
968.500000,2219.222900
969.000000,2216.331055
969.500000,2212.160400
970.000000,2208.293701
970.500000,2206.341797
971.000000,2206.085693
971.500000,2206.217285
972.000000,2204.644775
972.500000,2199.778809
973.000000,2191.801758
973.500000,2182.532471
974.000000,2174.293701
974.500000,2168.460693
975.000000,2166.001953
975.500000,2166.029297
976.000000,2168.515381
976.500000,2172.746826
977.000000,2178.249756
977.500000,2183.884277
978.000000,2188.103516
978.500000,2189.361084
979.000000,2187.294922
979.500000,2181.809570
980.000000,2174.508301
980.500000,2166.438477
981.000000,2158.616211
981.500000,2151.594727
982.000000,2145.555176
982.500000,2140.721436
983.000000,2137.193115
983.500000,2134.734131
984.000000,2132.936523
984.500000,2131.227295
985.000000,2129.427734
985.500000,2127.816162
986.000000,2127.068115
986.500000,2127.562012
987.000000,2129.445312
987.500000,2132.186768
988.000000,2134.858887
988.500000,2136.412109
989.000000,2136.295166
989.500000,2134.134521
990.000000,2130.921875
990.500000,2127.981201
991.000000,2126.728760
991.500000,2128.417480
992.000000,2132.798096
992.500000,2138.698975
993.000000,2144.406494
993.500000,2148.664062
994.000000,2151.209961
994.500000,2153.415039
995.000000,2157.065918
995.500000,2162.796387
996.000000,2170.328125
996.500000,2177.613281
997.000000,2182.004395
997.500000,2181.628906
998.000000,2176.399414
998.500000,2167.589844
999.000000,2158.247070
999.500000,2151.305176
1000.000000,2147.633545
1000.500000,2147.135498
1001.000000,2147.305176
1001.500000,2145.409180
1002.000000,2139.754395
1002.500000,2130.219727
1003.000000,2118.264160
1003.500000,2106.537842
1004.000000,2097.703369
1004.500000,2092.546143
1005.000000,2091.424072
1005.500000,2091.921631
1006.000000,2091.666016
1006.500000,2088.768066
1007.000000,2082.438232
1007.500000,2073.609619
1008.000000,2064.415771
1008.500000,2056.990479
1009.000000,2052.037598
1009.500000,2049.598877
1010.000000,2047.996948
1010.500000,2046.081909
1011.000000,2043.474609
1011.500000,2040.534180
1012.000000,2037.930298
1012.500000,2036.055908
1013.000000,2034.972290
1013.500000,2034.502686
1014.000000,2034.789062
1014.500000,2035.724609
1015.000000,2037.032837
1015.500000,2037.904419
1016.000000,2037.551025
1016.500000,2036.281494
1017.000000,2035.680786
1017.500000,2037.884644
1018.000000,2043.869385
1018.500000,2053.361328
1019.000000,2063.704590
1019.500000,2071.962646
1020.000000,2076.933838
1020.500000,2078.068848
1021.000000,2076.759033
1021.500000,2073.928223
1022.000000,2070.005371
1022.500000,2064.967773
1023.000000,2058.844238
1023.500000,2052.427002
1024.000000,2046.916382
1024.500000,2042.954834
1025.000000,2040.881714
1025.500000,2039.750244
1026.000000,2038.565552
1026.500000,2036.547607
1027.000000,2033.446655
1027.500000,2029.552490
1028.000000,2025.623047
1028.500000,2022.552734
1029.000000,2020.661011
1029.500000,2019.753174
1030.000000,2018.324829
1030.500000,2014.348267
1031.000000,2007.037720
1031.500000,1997.068359
1032.000000,1987.046997
1032.500000,1980.035034
1033.000000,1978.210693
1033.500000,1980.263672
1034.000000,1983.775757
1034.500000,1985.488037
1035.000000,1983.287354
1035.500000,1978.138794
1036.000000,1971.913086
1036.500000,1966.654175
1037.000000,1963.280151
1037.500000,1961.637939
1038.000000,1960.885132
1038.500000,1960.726685
1039.000000,1961.075317
1039.500000,1962.093628
1040.000000,1963.380127
1040.500000,1964.281738
1041.000000,1964.320312
1041.500000,1963.477905
1042.000000,1962.232422
1042.500000,1961.148193
1043.000000,1960.469971
1043.500000,1959.999268
1044.000000,1959.513306
1044.500000,1958.963989
1045.000000,1958.383545
1045.500000,1957.604492
1046.000000,1956.051758
1046.500000,1953.162598
1047.000000,1948.929199
1047.500000,1944.145996
1048.000000,1940.277344
1048.500000,1939.010376
1049.000000,1940.294067
1049.500000,1943.702759
1050.000000,1947.460205
1050.500000,1950.110352
1051.000000,1951.094238
1051.500000,1950.638184
1052.000000,1949.366455
1052.500000,1947.863647
1053.000000,1946.261963
1053.500000,1944.509888
1054.000000,1942.550171
1054.500000,1940.562012
1055.000000,1938.784302
1055.500000,1937.338135
1056.000000,1936.312256
1056.500000,1935.850830
1057.000000,1936.208374
1057.500000,1937.679932
1058.000000,1939.859131
1058.500000,1941.698364
1059.000000,1941.907593
1059.500000,1939.077148
1060.000000,1933.772827
1060.500000,1927.425415
1061.000000,1922.186768
1061.500000,1919.453613
1062.000000,1919.272583
1062.500000,1920.198364
1063.000000,1920.873657
1063.500000,1920.822998
1064.000000,1920.519653
1064.500000,1920.828247
1065.000000,1922.084595
1065.500000,1923.585938
1066.000000,1924.387695
1066.500000,1924.310669
1067.000000,1924.478027
1067.500000,1926.842896
1068.000000,1932.107422
1068.500000,1939.939575
1069.000000,1947.392944
1069.500000,1951.101929
1070.000000,1949.958496
1070.500000,1944.670532
1071.000000,1938.352295
1071.500000,1934.321533
1072.000000,1934.514771
1072.500000,1937.877686
1073.000000,1942.356445
1073.500000,1945.469727
1074.000000,1945.645996
1074.500000,1943.676636
1075.000000,1940.806885
1075.500000,1938.484863
1076.000000,1937.452271
1076.500000,1937.615601
1077.000000,1938.222534
1077.500000,1938.477051
1078.000000,1937.965332
1078.500000,1936.539673
1079.000000,1934.795776
1079.500000,1933.279907
1080.000000,1932.127075
1080.500000,1930.784912
1081.000000,1928.278442
1081.500000,1924.090698
1082.000000,1918.818726
1082.500000,1914.388306
1083.000000,1913.401978
1083.500000,1916.099731
1084.000000,1921.764893
1084.500000,1927.362793
1085.000000,1930.109619
1085.500000,1929.225830
1086.000000,1925.989380
1086.500000,1922.807007
1087.000000,1921.616211
1087.500000,1923.277832
1088.000000,1926.546265
1088.500000,1930.204956
1089.000000,1933.187256
1089.500000,1934.906494
1090.000000,1935.385620
1090.500000,1934.761841
1091.000000,1933.589844
1091.500000,1932.902588
1092.000000,1933.942505
1092.500000,1936.834473
1093.000000,1940.749390
1093.500000,1943.423950
1094.000000,1942.310669
1094.500000,1937.241333
1095.000000,1929.530518
1095.500000,1922.114380
1096.000000,1917.556152
1096.500000,1916.952515
1097.000000,1918.984131
1097.500000,1922.108398
1098.000000,1924.895386
1098.500000,1927.071777
1099.000000,1929.164795
1099.500000,1931.372192
1100.000000,1933.096191
1100.500000,1933.114868
1101.000000,1930.444336
1101.500000,1925.387329
1102.000000,1919.048706
1102.500000,1913.330811
1103.000000,1910.088745
1103.500000,1909.336914
1104.000000,1910.813721
1104.500000,1913.141968
1105.000000,1915.259399
1105.500000,1916.734253
1106.000000,1917.914917
1106.500000,1919.639526
1107.000000,1922.585571
1107.500000,1927.304443
1108.000000,1933.076172
1108.500000,1938.880737
1109.000000,1943.449707
1109.500000,1945.616577
1110.000000,1945.322144
1110.500000,1943.355957
1111.000000,1941.123413
1111.500000,1940.006348
1112.000000,1940.916138
1112.500000,1943.225220
1113.000000,1946.027832
1113.500000,1948.261841
1114.000000,1949.513062
1114.500000,1950.360962
1115.000000,1951.760132
1115.500000,1954.421387
1116.000000,1958.330811
1116.500000,1963.064087
1117.000000,1967.911743
1117.500000,1972.473633
1118.000000,1976.716675
1118.500000,1980.527466
1119.000000,1983.779175
1119.500000,1986.206421
1120.000000,1987.929199
1120.500000,1989.512451
1121.000000,1991.702271
1121.500000,1994.729858
1122.000000,1998.104980
1122.500000,2000.687378
1123.000000,2001.283691
1123.500000,2000.376953
1124.000000,1999.409668
1124.500000,2000.290039
1125.000000,2004.066406
1125.500000,2009.888916
1126.000000,2015.277344
1126.500000,2017.602173
1127.000000,2016.674438
1127.500000,2013.845825
1128.000000,2012.427490
1128.500000,2015.219482
1129.000000,2021.807983
1129.500000,2029.848755
1130.000000,2036.024902
1130.500000,2038.481812
1131.000000,2037.628296
1131.500000,2036.260010
1132.000000,2037.161621
1132.500000,2040.740356
1133.000000,2046.010498
1133.500000,2050.596924
1134.000000,2052.930420
1134.500000,2053.480713
1135.000000,2054.125488
1135.500000,2057.066895
1136.000000,2063.266113
1136.500000,2072.820801
1137.000000,2083.774170
1137.500000,2093.987549
1138.000000,2101.738525
1138.500000,2105.492432
1139.000000,2105.819824
1139.500000,2104.252930
1140.000000,2103.244873
1140.500000,2104.772705
1141.000000,2109.489746
1141.500000,2115.522705
1142.000000,2120.040771
1142.500000,2121.295410
1143.000000,2118.492188
1143.500000,2113.714844
1144.000000,2109.130859
1144.500000,2105.974854
1145.000000,2103.864502
1145.500000,2101.510498
1146.000000,2098.043457
1146.500000,2093.517334
1147.000000,2088.945557
1147.500000,2084.941162
1148.000000,2081.100342
1148.500000,2076.668457
1149.000000,2071.726074
1149.500000,2067.767578
1150.000000,2067.013672
1150.500000,2070.404297
1151.000000,2077.045410
1151.500000,2083.277100
1152.000000,2084.462402
1152.500000,2079.593750
1153.000000,2068.877441
1153.500000,2056.357910
1154.000000,2046.092285
1154.500000,2040.559814
1155.000000,2039.898315
1155.500000,2042.891357
1156.000000,2047.146240
1156.500000,2050.989014
1157.000000,2053.585449
1157.500000,2054.478516
1158.000000,2054.329346
1158.500000,2054.047363
1159.000000,2054.771729
1159.500000,2057.319580
1160.000000,2061.689941
1160.500000,2066.833496
1161.000000,2071.423340
1161.500000,2074.629639
1162.000000,2075.827393
1162.500000,2075.560547
1163.000000,2073.852539
1163.500000,2070.983154
1164.000000,2067.252441
1164.500000,2063.558350
1165.000000,2061.148926
1165.500000,2061.031250
1166.000000,2062.535889
1166.500000,2063.906494
1167.000000,2063.101318
1167.500000,2058.523438
1168.000000,2051.395752
1168.500000,2043.805054
1169.000000,2037.855835
1169.500000,2034.164429
1170.000000,2031.679077
1170.500000,2028.551025
1171.000000,2023.620728
1171.500000,2017.801270
1172.000000,2013.247559
1172.500000,2011.725708
1173.000000,2014.475220
1173.500000,2020.231934
1174.000000,2026.835693
1174.500000,2031.966064
1175.000000,2034.411377
1175.500000,2034.068848
1176.000000,2032.599243
1176.500000,2031.795898
1177.000000,2032.673584
1177.500000,2035.414429
1178.000000,2038.486694
1178.500000,2039.689087
1179.000000,2037.221069
1179.500000,2030.543579
1180.000000,2020.546631
1180.500000,2009.996826
1181.000000,2002.076660
1181.500000,1998.179199
1182.000000,1999.005127
1182.500000,2001.943115
1183.000000,2004.221802
1183.500000,2003.941040
1184.000000,2001.149536
1184.500000,1997.781250
1185.000000,1996.119141
1185.500000,1997.242676
1186.000000,1999.427612
1186.500000,1999.622559
1187.000000,1996.095581
1187.500000,1988.501221
1188.000000,1979.640259
1188.500000,1972.666260
1189.000000,1969.236694
1189.500000,1968.507690
1190.000000,1968.224365
1190.500000,1966.307373
1191.000000,1961.990234
1191.500000,1956.933350
1192.000000,1953.050537
1192.500000,1951.014160
1193.000000,1950.110596
1193.500000,1948.487305
1194.000000,1944.745117
1194.500000,1938.982178
1195.000000,1933.026611
1195.500000,1929.175903
1196.000000,1928.055664
1196.500000,1929.175049
1197.000000,1930.009766
1197.500000,1928.194336
1198.000000,1923.223267
1198.500000,1916.053589
1199.000000,1908.654785
1199.500000,1902.604858
1200.000000,1898.578857
1200.500000,1896.076538
1201.000000,1895.360229
1201.500000,1896.640747
1202.000000,1901.197388
1202.500000,1908.724854
1203.000000,1918.105713
1203.500000,1927.095459
1204.000000,1933.786621
1204.500000,1937.460693
1205.000000,1939.239014
1205.500000,1940.294189
1206.000000,1941.396118
1206.500000,1941.927124
1207.000000,1940.830811
1207.500000,1937.020874
1208.000000,1930.993408
1208.500000,1924.242065
1209.000000,1918.689819
1209.500000,1915.442993
1210.000000,1914.559570
1210.500000,1914.344238
1211.000000,1912.883179
1211.500000,1909.578003
1212.000000,1905.029663
1212.500000,1901.299683
1213.000000,1900.355591
1213.500000,1902.466919
1214.000000,1905.979248
1214.500000,1908.463379
1215.000000,1908.530029
1215.500000,1906.116333
1216.000000,1903.366821
1216.500000,1902.365967
1217.000000,1903.599609
1217.500000,1906.490112
1218.000000,1909.542236
1218.500000,1911.732056
1219.000000,1912.893188
1219.500000,1913.588257
1220.000000,1914.361450
1220.500000,1915.379028
1221.000000,1916.192383
1221.500000,1915.873779
1222.000000,1912.764404
1222.500000,1906.100464
1223.000000,1895.983887
1223.500000,1884.467529
1224.000000,1874.811157
1224.500000,1870.125977
1225.000000,1870.249756
1225.500000,1873.513306
1226.000000,1875.832153
1226.500000,1873.984863
1227.000000,1868.204346
1227.500000,1860.470581
1228.000000,1853.783569
1228.500000,1849.993164
1229.000000,1849.208008
1229.500000,1849.793091
1230.000000,1850.159668
1230.500000,1849.339600
1231.000000,1846.738647
1231.500000,1842.847900
1232.000000,1838.187744
1232.500000,1833.767456
1233.000000,1830.714478
1233.500000,1829.809570
1234.000000,1830.872314
1234.500000,1833.182129
1235.000000,1835.398682
1235.500000,1836.380737
1236.000000,1836.073120
1236.500000,1834.630005
1237.000000,1832.778198
1237.500000,1831.094849
1238.000000,1829.955811
1238.500000,1829.519043
1239.000000,1829.862671
1239.500000,1830.787231
1240.000000,1832.078247
1240.500000,1833.229492
1241.000000,1833.484497
1241.500000,1832.347412
1242.000000,1829.316772
1242.500000,1824.829468
1243.000000,1820.009888
1243.500000,1816.420288
1244.000000,1815.115479
1244.500000,1816.541504
1245.000000,1819.316772
1245.500000,1821.906250
1246.000000,1823.296875
1246.500000,1823.535034
1247.000000,1823.999512
1247.500000,1826.256226
1248.000000,1830.810059
1248.500000,1836.484985
1249.000000,1840.973633
1249.500000,1842.401123
1250.000000,1839.338745
1250.500000,1833.707275
1251.000000,1827.825317
1251.500000,1824.081665
1252.000000,1823.850342
1252.500000,1826.503784
1253.000000,1830.532959
1253.500000,1834.514282
1254.000000,1837.699707
1254.500000,1839.932129
1255.000000,1841.685181
1255.500000,1843.407227
1256.000000,1845.584106
1256.500000,1848.527832
1257.000000,1851.708252
1257.500000,1853.619751
1258.000000,1852.320557
1258.500000,1846.932251
1259.000000,1837.827148
1259.500000,1827.808228
1260.000000,1819.902588
1260.500000,1815.156616
1261.000000,1813.648926
1261.500000,1813.549561
1262.000000,1813.468018
1262.500000,1812.626587
1263.000000,1810.670044
1263.500000,1807.262695
1264.000000,1802.761230
1264.500000,1798.361816
1265.000000,1795.788818
1265.500000,1796.467896
1266.000000,1798.824341
1266.500000,1800.369507
1267.000000,1800.254761
1267.500000,1801.885864
1268.000000,1812.202148
1268.500000,1835.157959
1269.000000,1868.953491
1269.500000,1901.786377
1270.000000,1918.008179
1270.500000,1913.667114
1271.000000,1889.731934
1271.500000,1859.460693
1272.000000,1834.841553
1272.500000,1821.128784
1273.000000,1815.536011
1273.500000,1812.754761
1274.000000,1808.945435
1274.500000,1804.471680
1275.000000,1801.675537
1275.500000,1802.143799
1276.000000,1804.501221
1276.500000,1807.040039
1277.000000,1808.921021
1277.500000,1810.438843
1278.000000,1811.780273
1278.500000,1812.270630
1279.000000,1810.706543
1279.500000,1807.599731
1280.000000,1804.764282
1280.500000,1804.130615
1281.000000,1806.182007
1281.500000,1808.691040
1282.000000,1809.067749
1282.500000,1806.499390
1283.000000,1802.779541
1283.500000,1800.725952
1284.000000,1801.621216
1284.500000,1805.235474
1285.000000,1808.951660
1285.500000,1810.681396
1286.000000,1810.293335
1286.500000,1808.891602
1287.000000,1808.154663
1287.500000,1809.043213
1288.000000,1811.520508
1288.500000,1814.639893
1289.000000,1817.684814
1289.500000,1820.523804
1290.000000,1823.654663
1290.500000,1827.552490
1291.000000,1832.236206
1291.500000,1836.734863
1292.000000,1839.513062
1292.500000,1839.379517
1293.000000,1836.639404
1293.500000,1832.419556
1294.000000,1828.710205
1294.500000,1827.498901
1295.000000,1829.123291
1295.500000,1834.065918
1296.000000,1841.386230
1296.500000,1849.925171
1297.000000,1857.813354
1297.500000,1863.019287
1298.000000,1863.852173
1298.500000,1861.008911
1299.000000,1856.051147
1299.500000,1851.983154
1300.000000,1851.237549
1300.500000,1853.627197
1301.000000,1857.932251
1301.500000,1862.102905
1302.000000,1864.834473
1302.500000,1865.905029
1303.000000,1865.952759
1303.500000,1865.286743
1304.000000,1864.043945
1304.500000,1862.009888
1305.000000,1859.526855
1305.500000,1857.092773
1306.000000,1855.105103
1306.500000,1853.496826
1307.000000,1851.755249
1307.500000,1849.415894
1308.000000,1846.388550
1308.500000,1843.115234
1309.000000,1839.934082
1309.500000,1836.782959
1310.000000,1833.321045
1310.500000,1829.588623
1311.000000,1826.389771
1311.500000,1824.967407
1312.000000,1826.175293
1312.500000,1829.825317
1313.000000,1834.223267
1313.500000,1837.735107
1314.000000,1840.010376
1314.500000,1841.665894
1315.000000,1843.830566
1315.500000,1846.772217
1316.000000,1849.453491
1316.500000,1850.379395
1317.000000,1848.861084
1317.500000,1845.803345
1318.000000,1842.768311
1318.500000,1840.919434
1319.000000,1840.546631
1319.500000,1840.494385
1320.000000,1839.745361
1320.500000,1838.063110
1321.000000,1835.851196
1321.500000,1833.866455
1322.000000,1832.748901
1322.500000,1832.936523
1323.000000,1834.275757
1323.500000,1836.230469
1324.000000,1837.298096
1324.500000,1835.110229
1325.000000,1828.912109
1325.500000,1818.940552
1326.000000,1807.833862
1326.500000,1798.531738
1327.000000,1792.483643
1327.500000,1788.381714
1328.000000,1783.761353
1328.500000,1777.159790
1329.000000,1769.216309
1329.500000,1762.796143
1330.000000,1760.650757
1330.500000,1762.256226
1331.000000,1764.765869
1331.500000,1764.833862
1332.000000,1761.411011
1332.500000,1755.852295
1333.000000,1750.999878
1333.500000,1748.809570
1334.000000,1748.295776
1334.500000,1747.689331
1335.000000,1745.717285
1335.500000,1742.677368
1336.000000,1740.200195
1336.500000,1739.663818
1337.000000,1741.183228
1337.500000,1743.349121
1338.000000,1744.521851
1338.500000,1744.016724
1339.000000,1741.587280
1339.500000,1738.276001
1340.000000,1735.056274
1340.500000,1732.916626
1341.000000,1732.717407
1341.500000,1734.629761
1342.000000,1737.594116
1342.500000,1739.650269
1343.000000,1739.116943
1343.500000,1734.624634
1344.000000,1728.068604
1344.500000,1722.020752
1345.000000,1718.914673
1345.500000,1719.875854
1346.000000,1723.492310
1346.500000,1726.971558
1347.000000,1727.681030
1347.500000,1725.239258
1348.000000,1720.640015
1348.500000,1716.199951
1349.000000,1713.137207
1349.500000,1710.477173
1350.000000,1705.836304
1350.500000,1697.478516
1351.000000,1685.733643
1351.500000,1673.611816
1352.000000,1665.186035
1352.500000,1663.945068
1353.000000,1668.431396
1353.500000,1675.971680
1354.000000,1682.062134
1354.500000,1683.823364
1355.000000,1681.799438
1355.500000,1677.976074
1356.000000,1674.333374
1356.500000,1671.755371
1357.000000,1670.409912
1357.500000,1670.194458
1358.000000,1671.863647
1358.500000,1675.404907
1359.000000,1680.491089
1359.500000,1685.299927
1360.000000,1687.695801
1360.500000,1686.798462
1361.000000,1683.456421
1361.500000,1679.899170
1362.000000,1678.418335
1362.500000,1680.287720
1363.000000,1683.898315
1363.500000,1687.108521
1364.000000,1688.292114
1364.500000,1686.928589
1365.000000,1684.369019
1365.500000,1682.244873
1366.000000,1681.507080
1366.500000,1681.887451
1367.000000,1682.556274
1367.500000,1682.778809
1368.000000,1682.358398
1368.500000,1681.749146
1369.000000,1681.211304
1369.500000,1680.609375
1370.000000,1679.492920
1370.500000,1677.547363
1371.000000,1674.768677
1371.500000,1671.396851
1372.000000,1667.942139
1372.500000,1664.953247
1373.000000,1662.615356
1373.500000,1660.681763
1374.000000,1658.103271
1374.500000,1653.398682
1375.000000,1646.136719
1375.500000,1637.357300
1376.000000,1629.653931
1376.500000,1625.542969
1377.000000,1626.208984
1377.500000,1629.357178
1378.000000,1631.997559
1378.500000,1631.917603
1379.000000,1628.324829
1379.500000,1622.992188
1380.000000,1617.933105
1380.500000,1614.445923
1381.000000,1612.647705
1381.500000,1612.191772
1382.000000,1612.470215
1382.500000,1613.301147
1383.000000,1614.222046
1383.500000,1614.509155
1384.000000,1613.673706
1384.500000,1611.560059
1385.000000,1608.876953
1385.500000,1606.643066
1386.000000,1605.632446
1386.500000,1605.795776
1387.000000,1606.741211
1387.500000,1607.809937
1388.000000,1608.894775
1388.500000,1610.320312
1389.000000,1612.550293
1389.500000,1615.354614
1390.000000,1617.751343
1390.500000,1618.575928
1391.000000,1617.486084
1391.500000,1615.160522
1392.000000,1613.316650
1392.500000,1613.728882
1393.000000,1616.293091
1393.500000,1620.423096
1394.000000,1624.818481
1394.500000,1629.018066
1395.000000,1633.332886
1395.500000,1638.020386
1396.000000,1642.372314
1396.500000,1645.074585
1397.000000,1644.883667
1397.500000,1642.875366
1398.000000,1640.885620
1398.500000,1640.582153
1399.000000,1642.281128
1399.500000,1644.398804
1400.000000,1645.170654
1400.500000,1644.085693
1401.000000,1642.311768
1401.500000,1641.363403
1402.000000,1641.519287
1402.500000,1641.652954
1403.000000,1640.444946
1403.500000,1637.544556
1404.000000,1634.461670
1404.500000,1633.237305
1405.000000,1635.007324
1405.500000,1639.400757
1406.000000,1645.307861
1406.500000,1651.331055
1407.000000,1656.592651
1407.500000,1660.713501
1408.000000,1662.581909
1408.500000,1661.846680
1409.000000,1658.365479
1409.500000,1653.690430
1410.000000,1650.194824
1410.500000,1649.883545
1411.000000,1652.622925
1411.500000,1656.708008
1412.000000,1659.349731
1412.500000,1658.323730
1413.000000,1654.789185
1413.500000,1651.125366
1414.000000,1649.972412
1414.500000,1652.076538
1415.000000,1655.725586
1415.500000,1658.218994
1416.000000,1657.619019
1416.500000,1654.534424
1417.000000,1650.370117
1417.500000,1646.780640
1418.000000,1644.077637
1418.500000,1641.351318
1419.000000,1637.937866
1419.500000,1634.485352
1420.000000,1632.632202
1420.500000,1633.512573
1421.000000,1636.120972
1421.500000,1638.082764
1422.000000,1637.269409
1422.500000,1632.375366
1423.000000,1625.412720
1423.500000,1618.822266
1424.000000,1614.377563
1424.500000,1612.140991
1425.000000,1610.569946
1425.500000,1607.917236
1426.000000,1603.585327
1426.500000,1598.639648
1427.000000,1594.408691
1427.500000,1591.152588
1428.000000,1588.004517
1428.500000,1583.559814
1429.000000,1577.177979
1429.500000,1570.093872
1430.000000,1564.692139
1430.500000,1563.063477
1431.000000,1564.497437
1431.500000,1566.711914
1432.000000,1567.193237
1432.500000,1564.852905
1433.000000,1561.421753
1433.500000,1559.068359
1434.000000,1558.801147
1434.500000,1559.946899
1435.000000,1560.949341
1435.500000,1560.782715
1436.000000,1559.229736
1436.500000,1556.821533
1437.000000,1553.248657
1437.500000,1548.473145
1438.000000,1542.843506
1438.500000,1537.791992
1439.000000,1534.735474
1439.500000,1533.677856
1440.000000,1533.069702
1440.500000,1531.194336
1441.000000,1527.923462
1441.500000,1524.531128
1442.000000,1522.270264
1442.500000,1520.860962
1443.000000,1518.595825
1443.500000,1514.239990
1444.000000,1508.751099
1444.500000,1504.629395
1445.000000,1504.112671
1445.500000,1506.891479
1446.000000,1511.156860
1446.500000,1514.110352
1447.000000,1513.710693
1447.500000,1510.473633
1448.000000,1505.146851
1448.500000,1499.533813
1449.000000,1495.681152
1449.500000,1495.247559
1450.000000,1498.207886
1450.500000,1503.001465
1451.000000,1506.759766
1451.500000,1507.151855
1452.000000,1505.458618
1452.500000,1503.862671
1453.000000,1503.733154
1453.500000,1504.411255
1454.000000,1504.153198
1454.500000,1502.593750
1455.000000,1501.801636
1455.500000,1504.435669
1456.000000,1511.943604
1456.500000,1520.936279
1457.000000,1526.455322
1457.500000,1526.573608
1458.000000,1522.148682
1458.500000,1517.089844
1459.000000,1514.376709
1459.500000,1514.199829
1460.000000,1514.338867
1460.500000,1512.695068
1461.000000,1509.545410
1461.500000,1507.052490
1462.000000,1507.164551
1462.500000,1510.319092
1463.000000,1514.180420
1463.500000,1515.771362
1464.000000,1513.486206
1464.500000,1508.442993
1465.000000,1503.771729
1465.500000,1502.555298
1466.000000,1506.677490
1466.500000,1513.213745
1467.000000,1518.261230
1467.500000,1519.702759
1468.000000,1518.023804
1468.500000,1516.302979
1469.000000,1517.103760
1469.500000,1520.503052
1470.000000,1524.028931
1470.500000,1525.091553
1471.000000,1523.786133
1471.500000,1522.003052
1472.000000,1521.677612
1472.500000,1522.799316
1473.000000,1523.322876
1473.500000,1521.186646
1474.000000,1516.117188
1474.500000,1509.891235
1475.000000,1504.821655
1475.500000,1502.140137
1476.000000,1502.546143
1476.500000,1504.755127
1477.000000,1508.289185
1477.500000,1512.330078
1478.000000,1516.121704
1478.500000,1518.887329
1479.000000,1520.122925
1479.500000,1519.779785
1480.000000,1518.656372
1480.500000,1517.958618
1481.000000,1518.847778
1481.500000,1522.689941
1482.000000,1529.031250
1482.500000,1536.660400
1483.000000,1543.127808
1483.500000,1546.158936
1484.000000,1545.081421
1484.500000,1541.662476
1485.000000,1538.571533
1485.500000,1537.598022
1486.000000,1539.228516
1486.500000,1541.951050
1487.000000,1545.081299
1487.500000,1548.705566
1488.000000,1553.348145
1488.500000,1558.565796
1489.000000,1562.558228
1489.500000,1562.899536
1490.000000,1559.661377
1490.500000,1554.437134
1491.000000,1550.420166
1491.500000,1550.048584
1492.000000,1552.663818
1492.500000,1556.592896
1493.000000,1560.017456
1493.500000,1562.654297
1494.000000,1565.651123
1494.500000,1569.907837
1495.000000,1574.981445
1495.500000,1579.086304
1496.000000,1580.109863
1496.500000,1578.355347
1497.000000,1574.976929
1497.500000,1571.998047
1498.000000,1570.460205
1498.500000,1569.754761
1499.000000,1568.459106
1499.500000,1565.775024
1500.000000,1562.486328
1500.500000,1560.382568
1501.000000,1560.613892
1501.500000,1563.636108
1502.000000,1567.593018
1502.500000,1569.793701
1503.000000,1568.397705
1503.500000,1563.501587
1504.000000,1556.921875
1504.500000,1551.379883
1505.000000,1548.934082
1505.500000,1548.867188
1506.000000,1549.633667
1506.500000,1549.521362
1507.000000,1548.643555
1507.500000,1548.832397
1508.000000,1551.569946
1508.500000,1556.188843
1509.000000,1559.883789
1509.500000,1559.564453
1510.000000,1555.406982
1510.500000,1549.619019
1511.000000,1546.050781
1511.500000,1546.514282
1512.000000,1548.745850
1512.500000,1549.351074
1513.000000,1546.359863
1513.500000,1540.741577
1514.000000,1535.229492
1514.500000,1532.008423
1515.000000,1531.627075
1515.500000,1531.975464
1516.000000,1531.564697
1516.500000,1530.508301
1517.000000,1529.860962
1517.500000,1530.321045
1518.000000,1531.446167
1518.500000,1532.030640
1519.000000,1531.354126
1519.500000,1529.811401
1520.000000,1528.718384
1520.500000,1529.006714
1521.000000,1530.058350
1521.500000,1530.662842
1522.000000,1529.871948
1522.500000,1527.571167
1523.000000,1524.568726
1523.500000,1521.739502
1524.000000,1519.260620
1524.500000,1516.811646
1525.000000,1514.499023
1525.500000,1513.150635
1526.000000,1514.417358
1526.500000,1518.549316
1527.000000,1524.752808
1527.500000,1530.761597
1528.000000,1534.931885
1528.500000,1537.412964
1529.000000,1539.971680
1529.500000,1544.267334
1530.000000,1549.863403
1530.500000,1554.851196
1531.000000,1557.492676
1531.500000,1557.784302
1532.000000,1558.318848
1532.500000,1561.647217
1533.000000,1568.184937
1533.500000,1575.609131
1534.000000,1580.736694
1534.500000,1582.475708
1535.000000,1581.519897
1535.500000,1581.001221
1536.000000,1582.500610
1536.500000,1584.794434
1537.000000,1585.259888
1537.500000,1582.112915
1538.000000,1575.969727
1538.500000,1569.428589
1539.000000,1565.506226
1539.500000,1565.877563
1540.000000,1568.698853
1540.500000,1571.876709
1541.000000,1573.600586
1541.500000,1573.287720
1542.000000,1571.872437
1542.500000,1570.595581
1543.000000,1570.261353
1543.500000,1570.634155
1544.000000,1571.017456
1544.500000,1570.737671
1545.000000,1569.468018
1545.500000,1567.997437
1546.000000,1567.775879
1546.500000,1570.136841
1547.000000,1575.599731
1547.500000,1582.692139
1548.000000,1588.520386
1548.500000,1589.645630
1549.000000,1585.011597
1549.500000,1574.477783
1550.000000,1562.170410
1550.500000,1552.561646
1551.000000,1547.731567
1551.500000,1547.552002
1552.000000,1548.986450
1552.500000,1548.797607
1553.000000,1545.481934
1553.500000,1540.466553
1554.000000,1536.588623
1554.500000,1535.486206
1555.000000,1536.856567
1555.500000,1537.865234
1556.000000,1535.737549
1556.500000,1529.866943
1557.000000,1521.268433
1557.500000,1511.976929
1558.000000,1503.660156
1558.500000,1497.154907
1559.000000,1492.510742
1559.500000,1490.653198
1560.000000,1491.294189
1560.500000,1494.271118
1561.000000,1498.028931
1561.500000,1501.265137
1562.000000,1503.852173
1562.500000,1506.701538
1563.000000,1510.714600
1563.500000,1515.649658
1564.000000,1520.563477
1564.500000,1524.803955
1565.000000,1529.045044
1565.500000,1534.901855
1566.000000,1543.648804
1566.500000,1554.462158
1567.000000,1565.256348
1567.500000,1573.890869
1568.000000,1579.794067
1568.500000,1583.685791
1569.000000,1587.656616
1569.500000,1593.307983
1570.000000,1600.608154
1570.500000,1609.125610
1571.000000,1617.763916
1571.500000,1625.543701
1572.000000,1631.645996
1572.500000,1635.402344
1573.000000,1635.876831
1573.500000,1632.931519
1574.000000,1625.921265
1574.500000,1616.464111
1575.000000,1606.028320
1575.500000,1596.374756
1576.000000,1588.004028
1576.500000,1579.839600
1577.000000,1570.602051
1577.500000,1560.176147
1578.000000,1550.252563
1578.500000,1543.600586
1579.000000,1541.110596
1579.500000,1542.187134
1580.000000,1543.403809
1580.500000,1542.048584
1581.000000,1537.578613
1581.500000,1530.991821
1582.000000,1524.022095
1582.500000,1517.732300
1583.000000,1512.002441
1583.500000,1506.222412
1584.000000,1500.413330
1584.500000,1495.367798
1585.000000,1492.539307
1585.500000,1492.313843
1586.000000,1494.406128
1586.500000,1496.934204
1587.000000,1497.878052
1587.500000,1495.805664
1588.000000,1491.009766
1588.500000,1484.306763
1589.000000,1477.419312
1589.500000,1471.390381
1590.000000,1466.003784
1590.500000,1460.662598
1591.000000,1454.926514
1591.500000,1448.955322
1592.000000,1443.365234
1592.500000,1438.647217
1593.000000,1434.870239
1593.500000,1431.415039
1594.000000,1427.983154
1594.500000,1424.768188
1595.000000,1422.449585
1595.500000,1421.167480
1596.000000,1420.106934
1596.500000,1417.528931
1597.000000,1412.303711
1597.500000,1404.823242
1598.000000,1397.565063
1598.500000,1393.716553
1599.000000,1393.885498
1599.500000,1397.297485
1600.000000,1400.531616
1600.500000,1401.524048
1601.000000,1400.592773
1601.500000,1399.448242
1602.000000,1399.426147
1602.500000,1399.976318
1603.000000,1398.898315
1603.500000,1394.959839
1604.000000,1387.797607
1604.500000,1379.632080
1605.000000,1372.588013
1605.500000,1367.819092
1606.000000,1365.510498
1606.500000,1364.677612
1607.000000,1364.215088
1607.500000,1363.218872
1608.000000,1361.087769
1608.500000,1356.955688
1609.000000,1350.945068
1609.500000,1343.350342
1610.000000,1335.762817
1610.500000,1330.139771
1611.000000,1327.770264
1611.500000,1328.502930
1612.000000,1330.571777
1612.500000,1331.333130
1613.000000,1329.351562
1613.500000,1326.132324
1614.000000,1323.947998
1614.500000,1323.643921
1615.000000,1323.766113
1615.500000,1321.202393
1616.000000,1314.382202
1616.500000,1305.351318
1617.000000,1298.136475
1617.500000,1295.923096
1618.000000,1297.431274
1618.500000,1299.212280
1619.000000,1297.645142
1619.500000,1291.703613
1620.000000,1283.949463
1620.500000,1277.265503
1621.000000,1273.290283
1621.500000,1271.802002
1622.000000,1271.496338
1622.500000,1270.507324
1623.000000,1267.171875
1623.500000,1261.304565
1624.000000,1253.077881
1624.500000,1244.457031
1625.000000,1237.592041
1625.500000,1233.084595
1626.000000,1230.076416
1626.500000,1227.308716
1627.000000,1224.504395
1627.500000,1222.866211
1628.000000,1223.305420
1628.500000,1225.024048
1629.000000,1224.977539
1629.500000,1220.067505
1630.000000,1210.807983
1630.500000,1200.495850
1631.000000,1193.906372
1631.500000,1193.154663
1632.000000,1196.353027
1632.500000,1198.683838
1633.000000,1195.611572
1633.500000,1187.544800
1634.000000,1176.945068
1634.500000,1168.341431
1635.000000,1164.174561
1635.500000,1163.335083
1636.000000,1162.890747
1636.500000,1160.110229
1637.000000,1154.455933
1637.500000,1147.240723
1638.000000,1140.959839
1638.500000,1137.284912
1639.000000,1135.519897
1639.500000,1134.308716
1640.000000,1132.104248
1640.500000,1128.490479
1641.000000,1124.504883
1641.500000,1121.514648
1642.000000,1120.256714
1642.500000,1119.826904
1643.000000,1118.461426
1643.500000,1115.008301
1644.000000,1109.362305
1644.500000,1102.983521
1645.000000,1097.232300
1645.500000,1092.673218
1646.000000,1089.095215
1646.500000,1086.303711
1647.000000,1084.411499
1647.500000,1083.948364
1648.000000,1084.330444
1648.500000,1084.250366
1649.000000,1082.375488
1649.500000,1078.324463
1650.000000,1073.488647
1650.500000,1069.351440
1651.000000,1066.432251
1651.500000,1063.993896
1652.000000,1061.165283
1652.500000,1058.139526
1653.000000,1056.143555
1653.500000,1055.629517
1654.000000,1056.028687
1654.500000,1055.640747
1655.000000,1053.151611
1655.500000,1049.339111
1656.000000,1046.101074
1656.500000,1044.840088
1657.000000,1044.952515
1657.500000,1044.666870
1658.000000,1042.529663
1658.500000,1038.550659
1659.000000,1034.468872
1659.500000,1031.651978
1660.000000,1029.956421
1660.500000,1027.951904
1661.000000,1024.161011
1661.500000,1018.970398
1662.000000,1013.996155
1662.500000,1010.882996
1663.000000,1010.651489
1663.500000,1011.837769
1664.000000,1012.540710
1664.500000,1011.611267
1665.000000,1009.108643
1665.500000,1006.015747
1666.000000,1003.329712
1666.500000,1001.526062
1667.000000,1000.310913
1667.500000,999.555969
1668.000000,999.087891
1668.500000,998.712463
1669.000000,997.835632
1669.500000,995.568481
1670.000000,991.794678
1670.500000,987.322327
1671.000000,983.539551
1671.500000,981.378540
1672.000000,981.049255
1672.500000,981.151733
1673.000000,980.493713
1673.500000,978.957825
1674.000000,977.024170
1674.500000,975.172180
1675.000000,972.940796
1675.500000,969.306213
1676.000000,964.079224
1676.500000,958.372131
1677.000000,954.250061
1677.500000,953.958252
1678.000000,956.314270
1678.500000,958.907898
1679.000000,959.367065
1679.500000,956.839722
1680.000000,952.664185
1680.500000,949.036316
1681.000000,947.043457
1681.500000,945.813721
1682.000000,943.754089
1682.500000,940.092773
1683.000000,935.054626
1683.500000,930.425293
1684.000000,927.927734
1684.500000,927.958435
1685.000000,929.698730
1685.500000,931.483765
1686.000000,931.756592
1686.500000,930.092407
1687.000000,927.805969
1687.500000,926.364258
1688.000000,926.006531
1688.500000,925.313232
1689.000000,922.001465
1689.500000,914.925476
1690.000000,905.501831
1690.500000,897.124207
1691.000000,893.499084
1691.500000,895.188049
1692.000000,900.727661
1692.500000,906.138062
1693.000000,908.234314
1693.500000,906.324707
1694.000000,900.836060
1694.500000,894.000366
1695.000000,887.717102
1695.500000,883.137817
1696.000000,880.354309
1696.500000,879.366882
1697.000000,879.384033
1697.500000,879.933899
1698.000000,880.386780
1698.500000,880.057678
1699.000000,878.488525
1699.500000,875.565857
1700.000000,871.898682
1700.500000,868.333557
1701.000000,865.500000
1701.500000,863.434204
1702.000000,862.333252
1702.500000,862.116760
1703.000000,863.054138
1703.500000,864.556824
1704.000000,865.198669
1704.500000,863.231934
1705.000000,858.329590
1705.500000,852.271179
1706.000000,848.035034
1706.500000,848.375977
1707.000000,852.128662
1707.500000,856.067383
1708.000000,856.675293
1708.500000,852.551392
1709.000000,846.065918
1709.500000,841.086548
1710.000000,840.653381
1710.500000,843.684204
1711.000000,847.537781
1711.500000,849.452698
1712.000000,847.957214
1712.500000,844.700684
1713.000000,841.485657
1713.500000,839.144531
1714.000000,837.290283
1714.500000,835.054504
1715.000000,832.113342
1715.500000,829.131714
1716.000000,827.040344
1716.500000,826.639160
1717.000000,827.407471
1717.500000,828.611023
1718.000000,829.358459
1718.500000,829.394348
1719.000000,829.116333
1719.500000,829.017517
1720.000000,829.125671
1720.500000,828.819763
1721.000000,827.307556
1721.500000,824.795959
1722.000000,822.101929
1722.500000,820.427368
1723.000000,820.398438
1723.500000,821.261780
1724.000000,821.949707
1724.500000,821.729065
1725.000000,820.574951
1725.500000,818.639343
1726.000000,815.993591
1726.500000,811.990479
1727.000000,806.743652
1727.500000,800.866272
1728.000000,795.991455
1728.500000,793.682922
1729.000000,794.306396
1729.500000,797.009827
1730.000000,800.327087
1730.500000,802.809448
1731.000000,803.742310
1731.500000,803.616150
1732.000000,802.852539
1732.500000,802.000793
1733.000000,801.254517
1733.500000,800.534668
1734.000000,799.527100
1734.500000,797.694031
1735.000000,794.558655
1735.500000,790.005188
1736.000000,785.124634
1736.500000,781.476379
1737.000000,779.846741
1737.500000,780.523438
1738.000000,782.131226
1738.500000,783.442261
1739.000000,784.038086
1739.500000,784.246094
1740.000000,784.453308
1740.500000,784.611267
1741.000000,784.334839
1741.500000,783.698853
1742.000000,783.326721
1742.500000,784.084167
1743.000000,786.483643
1743.500000,789.935730
1744.000000,793.203430
1744.500000,794.838257
1745.000000,794.134827
1745.500000,791.320740
1746.000000,787.891602
1746.500000,784.799805
1747.000000,781.885498
1747.500000,777.937439
1748.000000,772.585449
1748.500000,767.153564
1749.000000,764.202332
1749.500000,765.376404
1750.000000,770.164490
1750.500000,775.047668
1751.000000,777.310913
1751.500000,777.384949
1752.000000,777.006287
1752.500000,777.712158
1753.000000,778.800476
1753.500000,778.464355
1754.000000,775.885376
1754.500000,772.149109
1755.000000,769.437317
1755.500000,768.847534
1756.000000,769.230591
1756.500000,769.127502
1757.000000,767.913635
1757.500000,765.963440
1758.000000,763.835571
1758.500000,761.479431
1759.000000,758.706848
1759.500000,756.120178
1760.000000,755.197632
1760.500000,756.503601
1761.000000,759.809570
1761.500000,762.920776
1762.000000,763.982849
1762.500000,763.267639
1763.000000,762.086304
1763.500000,761.569702
1764.000000,761.292053
1764.500000,759.632996
1765.000000,756.133545
1765.500000,752.006714
1766.000000,749.795410
1766.500000,751.807068
1767.000000,756.289917
1767.500000,760.621826
1768.000000,762.743958
1768.500000,762.652710
1769.000000,762.119446
1769.500000,762.474915
1770.000000,763.281677
1770.500000,762.947815
1771.000000,759.698303
1771.500000,754.575928
1772.000000,749.226074
1772.500000,745.275024
1773.000000,743.497192
1773.500000,743.553284
1774.000000,744.291565
1774.500000,744.813660
1775.000000,744.521484
1775.500000,742.903748
1776.000000,740.579407
1776.500000,738.522766
1777.000000,737.623230
1777.500000,738.203003
1778.000000,739.330322
1778.500000,739.553894
1779.000000,738.157593
1779.500000,735.871216
1780.000000,734.042908
1780.500000,733.294556
1781.000000,732.894531
1781.500000,731.466370
1782.000000,728.238953
1782.500000,724.254517
1783.000000,721.402649
1783.500000,720.719177
1784.000000,721.552429
1784.500000,722.356079
1785.000000,721.813110
1785.500000,719.630920
1786.000000,717.046997
1786.500000,715.335754
1787.000000,715.065002
1787.500000,715.675964
1788.000000,715.750854
1788.500000,713.959167
1789.000000,709.592834
1789.500000,703.701660
1790.000000,697.923950
1790.500000,693.625427
1791.000000,692.123474
1791.500000,693.338928
1792.000000,696.678650
1792.500000,700.382507
1793.000000,702.326416
1793.500000,700.925781
1794.000000,697.096191
1794.500000,693.380188
1795.000000,691.941711
1795.500000,693.820801
1796.000000,696.970215
1796.500000,699.127197
1797.000000,699.207214
1797.500000,697.131958
1798.000000,693.808350
1798.500000,690.930603
1799.000000,690.422607
1799.500000,692.767029
1800.000000,697.158447
1800.500000,700.433472
1801.000000,700.333191
1801.500000,698.146484
1802.000000,696.524963
1802.500000,696.953979
1803.000000,697.589905
1803.500000,695.623108
1804.000000,690.973572
1804.500000,686.496643
1805.000000,685.339600
1805.500000,687.934692
1806.000000,690.964111
1806.500000,691.450134
1807.000000,689.044434
1807.500000,685.637024
1808.000000,682.952820
1808.500000,681.503906
1809.000000,680.961975
1809.500000,680.347046
1810.000000,678.864624
