440.000000,10219.596680
440.500000,10179.211914
441.000000,10139.675781
441.500000,10103.462891
442.000000,10069.542969
442.500000,10036.278320
443.000000,10002.253906
443.500000,9968.136719
444.000000,9935.240234
444.500000,9904.333008
445.000000,9875.338867
445.500000,9848.007812
446.000000,9823.830078
446.500000,9804.754883
447.000000,9795.185547
447.500000,9794.600586
448.000000,9803.104492
448.500000,9814.421875
449.000000,9823.330078
449.500000,9826.736328
450.000000,9823.998047
450.500000,9815.935547
451.000000,9805.749023
451.500000,9795.342773
452.000000,9785.655273
452.500000,9777.170898
453.000000,9769.636719
453.500000,9762.432617
454.000000,9754.556641
454.500000,9745.234375
455.000000,9734.374023
455.500000,9723.259766
456.000000,9714.927734
456.500000,9710.927734
457.000000,9712.794922
457.500000,9718.395508
458.000000,9725.700195
458.500000,9732.305664
459.000000,9738.303711
459.500000,9745.754883
460.000000,9756.979492
460.500000,9773.791992
461.000000,9794.412109
461.500000,9814.554688
462.000000,9830.471680
462.500000,9838.809570
463.000000,9840.467773
463.500000,9837.143555
464.000000,9832.763672
464.500000,9829.263672
465.000000,9826.472656
465.500000,9822.623047
466.000000,9814.369141
466.500000,9800.488281
467.000000,9780.563477
467.500000,9757.313477
468.000000,9732.998047
468.500000,9710.025391
469.000000,9689.502930
469.500000,9670.464844
470.000000,9651.367188
470.500000,9631.014648
471.000000,9609.489258
471.500000,9588.483398
472.000000,9570.303711
472.500000,9557.580078
473.000000,9550.616211
473.500000,9549.549805
474.000000,9552.848633
474.500000,9557.753906
475.000000,9561.882812
475.500000,9563.707031
476.000000,9561.848633
476.500000,9557.063477
477.000000,9551.018555
477.500000,9546.498047
478.000000,9545.936523
478.500000,9550.007812
479.000000,9558.071289
479.500000,9567.764648
480.000000,9576.166992
480.500000,9581.701172
481.000000,9584.737305
481.500000,9585.509766
482.000000,9584.799805
482.500000,9581.665039
483.000000,9575.330078
483.500000,9565.350586
484.000000,9553.171875
484.500000,9542.388672
485.000000,9538.079102
485.500000,9541.347656
486.000000,9552.779297
486.500000,9568.071289
487.000000,9583.376953
487.500000,9595.442383
488.000000,9604.395508
488.500000,9613.196289
489.000000,9625.525391
489.500000,9644.637695
490.000000,9671.547852
490.500000,9705.104492
491.000000,9740.841797
491.500000,9774.852539
492.000000,9804.052734
492.500000,9824.697266
493.000000,9836.018555
493.500000,9840.043945
494.000000,9839.913086
494.500000,9839.585938
495.000000,9842.587891
495.500000,9850.132812
496.000000,9860.477539
496.500000,9869.100586
497.000000,9870.758789
497.500000,9863.130859
498.000000,9844.288086
498.500000,9816.987305
499.000000,9786.467773
499.500000,9756.581055
500.000000,9729.721680
500.500000,9707.464844
501.000000,9689.125000
501.500000,9675.388672
502.000000,9666.506836
502.500000,9664.984375
503.000000,9671.635742
503.500000,9686.816406
504.000000,9707.963867
504.500000,9730.220703
505.000000,9750.028320
505.500000,9766.031250
506.000000,9777.516602
506.500000,9786.736328
507.000000,9794.730469
507.500000,9801.229492
508.000000,9804.403320
508.500000,9802.602539
509.000000,9795.279297
509.500000,9783.771484
510.000000,9771.652344
510.500000,9761.170898
511.000000,9752.533203
511.500000,9744.627930
512.000000,9734.962891
512.500000,9721.717773
513.000000,9705.438477
513.500000,9687.470703
514.000000,9669.212891
514.500000,9651.222656
515.000000,9632.297852
515.500000,9610.892578
516.000000,9584.865234
516.500000,9554.537109
517.000000,9519.649414
517.500000,9481.441406
518.000000,9441.071289
518.500000,9399.767578
519.000000,9358.748047
519.500000,9319.531250
520.000000,9283.245117
520.500000,9252.177734
521.000000,9225.035156
521.500000,9201.252930
522.000000,9178.839844
522.500000,9156.366211
523.000000,9133.092773
523.500000,9109.686523
524.000000,9087.970703
524.500000,9069.565430
525.000000,9056.438477
525.500000,9047.956055
526.000000,9043.840820
526.500000,9040.850586
527.000000,9036.822266
527.500000,9031.200195
528.000000,9025.200195
528.500000,9021.879883
529.000000,9025.500000
529.500000,9039.431641
530.000000,9062.348633
530.500000,9094.319336
531.000000,9131.149414
531.500000,9171.103516
532.000000,9212.612305
532.500000,9255.689453
533.000000,9300.389648
533.500000,9345.903320
534.000000,9390.208984
534.500000,9430.320312
535.000000,9461.993164
535.500000,9485.717773
536.000000,9500.511719
536.500000,9509.627930
537.000000,9515.500000
537.500000,9521.600586
538.000000,9530.557617
538.500000,9543.299805
539.000000,9559.093750
539.500000,9576.675781
540.000000,9593.883789
540.500000,9608.027344
541.000000,9618.833984
541.500000,9625.951172
542.000000,9630.465820
542.500000,9633.121094
543.000000,9634.525391
543.500000,9634.762695
544.000000,9633.416992
544.500000,9630.242188
545.000000,9624.418945
545.500000,9616.323242
546.000000,9606.213867
546.500000,9596.416016
547.000000,9590.883789
547.500000,9593.432617
548.000000,9607.658203
548.500000,9635.830078
549.000000,9676.237305
549.500000,9726.495117
550.000000,9780.714844
550.500000,9837.562500
551.000000,9896.935547
551.500000,9961.685547
552.000000,10034.152344
552.500000,10114.666992
553.000000,10199.342773
553.500000,10282.528320
554.000000,10357.708984
554.500000,10421.318359
555.000000,10466.060547
555.500000,10493.765625
556.000000,10501.664062
556.500000,10492.773438
557.000000,10467.819336
557.500000,10431.358398
558.000000,10389.531250
558.500000,10349.406250
559.000000,10314.867188
559.500000,10287.729492
560.000000,10265.018555
560.500000,10243.726562
561.000000,10220.170898
561.500000,10192.327148
562.000000,10160.755859
562.500000,10126.091797
563.000000,10088.894531
563.500000,10049.697266
564.000000,10008.936523
564.500000,9968.483398
565.000000,9931.243164
565.500000,9898.503906
566.000000,9871.650391
566.500000,9848.689453
567.000000,9826.141602
567.500000,9799.520508
568.000000,9766.259766
568.500000,9725.319336
569.000000,9679.000977
569.500000,9629.677734
570.000000,9581.347656
570.500000,9537.473633
571.000000,9498.306641
571.500000,9463.758789
572.000000,9432.046875
572.500000,9401.510742
573.000000,9371.433594
573.500000,9342.843750
574.000000,9318.590820
574.500000,9300.127930
575.000000,9289.908203
575.500000,9285.731445
576.000000,9286.217773
576.500000,9288.839844
577.000000,9293.736328
577.500000,9303.190430
578.000000,9319.784180
578.500000,9345.606445
579.000000,9378.032227
579.500000,9411.997070
580.000000,9441.265625
580.500000,9461.389648
581.000000,9473.756836
581.500000,9480.933594
582.000000,9487.136719
582.500000,9494.797852
583.000000,9502.880859
583.500000,9509.094727
584.000000,9511.842773
584.500000,9512.836914
585.000000,9516.208984
585.500000,9526.649414
586.000000,9547.488281
586.500000,9576.151367
587.000000,9608.443359
587.500000,9639.115234
588.000000,9664.074219
588.500000,9680.068359
589.000000,9688.468750
589.500000,9689.096680
590.000000,9684.112305
590.500000,9673.063477
591.000000,9657.428711
591.500000,9638.376953
592.000000,9618.362305
592.500000,9599.629883
593.000000,9583.433594
593.500000,9569.735352
594.000000,9558.751953
594.500000,9550.024414
595.000000,9545.219727
595.500000,9544.519531
596.000000,9548.625000
596.500000,9556.106445
597.000000,9564.689453
597.500000,9571.810547
598.000000,9576.099609
598.500000,9579.054688
599.000000,9584.447266
599.500000,9597.940430
600.000000,9621.111328
600.500000,9656.487305
601.000000,9701.302734
601.500000,9752.321289
602.000000,9806.010742
602.500000,9861.098633
603.000000,9918.215820
603.500000,9978.269531
604.000000,10042.999023
604.500000,10111.916992
605.000000,10185.138672
605.500000,10261.990234
606.000000,10343.729492
606.500000,10431.162109
607.000000,10524.767578
607.500000,10623.596680
608.000000,10723.609375
608.500000,10819.575195
609.000000,10908.022461
609.500000,10983.063477
610.000000,11044.363281
610.500000,11087.266602
611.000000,11111.085938
611.500000,11115.994141
612.000000,11104.476562
612.500000,11081.191406
613.000000,11049.828125
613.500000,11015.001953
614.000000,10977.546875
614.500000,10936.976562
615.000000,10891.242188
615.500000,10841.198242
616.000000,10789.233398
616.500000,10739.596680
617.000000,10696.476562
617.500000,10662.904297
618.000000,10636.627930
618.500000,10616.291016
619.000000,10599.497070
619.500000,10587.064453
620.000000,10579.223633
620.500000,10577.294922
621.000000,10579.269531
621.500000,10581.032227
622.000000,10578.435547
622.500000,10568.957031
623.000000,10550.913086
623.500000,10526.453125
624.000000,10496.108398
624.500000,10463.031250
625.000000,10428.615234
625.500000,10394.824219
626.000000,10364.055664
626.500000,10338.273438
627.000000,10318.238281
627.500000,10303.030273
628.000000,10288.419922
628.500000,10270.618164
629.000000,10248.365234
629.500000,10221.382812
630.000000,10192.873047
630.500000,10166.929688
631.000000,10147.360352
631.500000,10136.395508
632.000000,10135.487305
632.500000,10144.249023
633.000000,10163.766602
633.500000,10191.569336
634.000000,10228.043945
634.500000,10269.433594
635.000000,10314.349609
635.500000,10361.107422
636.000000,10408.523438
636.500000,10455.026367
637.000000,10498.507812
637.500000,10535.848633
638.000000,10567.034180
638.500000,10592.710938
639.000000,10616.875000
639.500000,10642.770508
640.000000,10671.281250
640.500000,10699.884766
641.000000,10722.028320
641.500000,10731.267578
642.000000,10724.109375
642.500000,10703.541992
643.000000,10673.162109
643.500000,10640.275391
644.000000,10609.361328
644.500000,10581.219727
645.000000,10554.372070
645.500000,10527.603516
646.000000,10501.960938
646.500000,10480.539062
647.000000,10466.723633
647.500000,10464.012695
648.000000,10470.406250
648.500000,10483.459961
649.000000,10498.898438
649.500000,10515.882812
650.000000,10535.306641
650.500000,10560.319336
651.000000,10593.586914
651.500000,10635.237305
652.000000,10681.899414
652.500000,10728.089844
653.000000,10768.069336
653.500000,10799.833008
654.000000,10821.311523
654.500000,10836.191406
655.000000,10847.982422
655.500000,10860.246094
656.000000,10874.369141
656.500000,10890.225586
657.000000,10906.953125
657.500000,10924.249023
658.000000,10942.449219
658.500000,10962.673828
659.000000,10983.877930
659.500000,11003.043945
660.000000,11016.022461
660.500000,11017.531250
661.000000,11004.972656
661.500000,10979.332031
662.000000,10944.501953
662.500000,10908.835938
663.000000,10878.906250
663.500000,10857.199219
664.000000,10846.473633
664.500000,10844.367188
665.000000,10850.133789
665.500000,10861.901367
666.000000,10877.788086
666.500000,10896.002930
667.000000,10914.046875
667.500000,10929.045898
668.000000,10939.500977
668.500000,10943.165039
669.000000,10941.124023
669.500000,10933.419922
670.000000,10920.649414
670.500000,10901.361328
671.000000,10873.747070
671.500000,10836.717773
672.000000,10789.308594
672.500000,10734.656250
673.000000,10676.739258
673.500000,10620.692383
674.000000,10570.443359
674.500000,10526.254883
675.000000,10487.086914
675.500000,10449.399414
676.000000,10408.891602
676.500000,10361.632812
677.000000,10307.348633
677.500000,10245.959961
678.000000,10180.765625
678.500000,10114.098633
679.000000,10048.427734
679.500000,9985.186523
680.000000,9924.215820
680.500000,9864.806641
681.000000,9807.059570
681.500000,9752.505859
682.000000,9705.054688
682.500000,9667.166016
683.000000,9643.862305
683.500000,9631.950195
684.000000,9626.146484
684.500000,9616.939453
685.000000,9595.785156
685.500000,9559.149414
686.000000,9509.255859
686.500000,9452.368164
687.000000,9397.703125
687.500000,9353.499023
688.000000,9318.195312
688.500000,9289.076172
689.000000,9260.520508
689.500000,9229.789062
690.000000,9197.925781
690.500000,9168.782227
691.000000,9146.717773
691.500000,9131.749023
692.000000,9120.741211
692.500000,9108.310547
693.000000,9089.102539
693.500000,9062.445312
694.000000,9027.750977
694.500000,8987.693359
695.000000,8944.243164
695.500000,8899.864258
696.000000,8857.674805
696.500000,8822.678711
697.000000,8798.812500
697.500000,8792.612305
698.000000,8801.346680
698.500000,8823.192383
699.000000,8848.272461
699.500000,8868.635742
700.000000,8880.642578
700.500000,8884.545898
701.000000,8883.351562
701.500000,8881.376953
702.000000,8881.503906
702.500000,8884.068359
703.000000,8888.061523
703.500000,8891.573242
704.000000,8892.642578
704.500000,8889.810547
705.000000,8881.478516
705.500000,8867.341797
706.000000,8849.494141
706.500000,8832.656250
707.000000,8821.976562
707.500000,8822.651367
708.000000,8832.323242
708.500000,8848.148438
709.000000,8863.938477
709.500000,8875.169922
710.000000,8881.159180
710.500000,8885.161133
711.000000,8891.436523
711.500000,8901.592773
712.000000,8915.163086
712.500000,8929.139648
713.000000,8941.016602
713.500000,8950.501953
714.000000,8958.348633
714.500000,8965.749023
715.000000,8972.353516
715.500000,8976.946289
716.000000,8979.329102
716.500000,8981.186523
717.000000,8985.959961
717.500000,8998.842773
718.000000,9020.139648
718.500000,9048.357422
719.000000,9077.642578
719.500000,9103.620117
720.000000,9125.055664
720.500000,9144.273438
721.000000,9165.758789
721.500000,9193.323242
722.000000,9230.585938
722.500000,9274.680664
723.000000,9322.194336
723.500000,9368.310547
724.000000,9408.801758
724.500000,9441.920898
725.000000,9467.988281
725.500000,9489.927734
726.000000,9513.305664
726.500000,9545.164062
727.000000,9587.496094
727.500000,9642.979492
728.000000,9707.029297
728.500000,9777.241211
729.000000,9850.349609
729.500000,9925.469727
730.000000,10002.847656
730.500000,10082.059570
731.000000,10160.679688
731.500000,10235.417969
732.000000,10301.812500
732.500000,10359.943359
733.000000,10408.524414
733.500000,10449.411133
734.000000,10480.723633
734.500000,10498.783203
735.000000,10499.365234
735.500000,10478.910156
736.000000,10440.158203
736.500000,10384.639648
737.000000,10320.048828
737.500000,10249.298828
738.000000,10175.459961
738.500000,10098.071289
739.000000,10017.276367
739.500000,9933.657227
740.000000,9848.372070
740.500000,9762.354492
741.000000,9675.567383
741.500000,9587.880859
742.000000,9499.950195
742.500000,9414.583984
743.000000,9338.184570
743.500000,9274.364258
744.000000,9226.876953
744.500000,9194.826172
745.000000,9174.899414
745.500000,9163.686523
746.000000,9156.791016
746.500000,9152.390625
747.000000,9148.826172
747.500000,9145.208984
748.000000,9140.804688
748.500000,9135.184570
749.000000,9128.866211
749.500000,9123.003906
750.000000,9118.801758
750.500000,9116.435547
751.000000,9114.772461
751.500000,9111.187500
752.000000,9102.007812
752.500000,9086.555664
753.000000,9063.397461
753.500000,9034.141602
754.000000,8999.923828
754.500000,8962.150391
755.000000,8921.666992
755.500000,8878.142578
756.000000,8831.678711
756.500000,8781.814453
757.000000,8729.933594
757.500000,8677.690430
758.000000,8627.498047
758.500000,8582.205078
759.000000,8543.254883
759.500000,8511.110352
760.000000,8485.193359
760.500000,8462.878906
761.000000,8442.814453
761.500000,8423.692383
762.000000,8405.460938
762.500000,8388.129883
763.000000,8372.003906
763.500000,8356.819336
764.000000,8342.038086
764.500000,8326.852539
765.000000,8310.710938
765.500000,8293.424805
766.000000,8275.573242
766.500000,8258.139648
767.000000,8242.103516
767.500000,8228.622070
768.000000,8217.451172
768.500000,8207.794922
769.000000,8197.840820
769.500000,8186.025391
770.000000,8171.759277
770.500000,8156.025879
771.000000,8140.440918
771.500000,8126.583496
772.000000,8115.903320
772.500000,8107.835449
773.000000,8101.825195
773.500000,8096.850098
774.000000,8092.663574
774.500000,8089.744141
775.000000,8088.618164
775.500000,8089.791504
776.000000,8092.613281
776.500000,8096.451660
777.000000,8100.157227
777.500000,8102.916992
778.000000,8104.651367
778.500000,8105.857422
779.000000,8107.421875
779.500000,8110.293945
780.000000,8115.327148
780.500000,8122.458984
781.000000,8131.508301
781.500000,8141.172852
782.000000,8150.246094
782.500000,8158.068359
783.000000,8164.824219
783.500000,8171.608398
784.000000,8179.624512
784.500000,8189.581543
785.000000,8201.070312
785.500000,8213.031250
786.000000,8223.948242
786.500000,8232.012695
787.000000,8236.962891
787.500000,8238.694336
788.000000,8238.613281
788.500000,8238.159180
789.000000,8238.849609
789.500000,8241.700195
790.000000,8247.064453
790.500000,8253.672852
791.000000,8259.281250
791.500000,8261.436523
792.000000,8256.540039
792.500000,8244.632812
793.000000,8225.356445
793.500000,8200.229492
794.000000,8170.817383
794.500000,8138.520996
795.000000,8105.165039
795.500000,8072.592773
796.000000,8042.396484
796.500000,8016.540039
797.000000,7993.715820
797.500000,7971.451172
798.000000,7946.494629
798.500000,7916.558105
799.000000,7882.167480
799.500000,7846.900879
800.000000,7815.749512
800.500000,7791.462891
801.000000,7775.738281
801.500000,7763.689453
802.000000,7750.307617
802.500000,7733.036133
803.000000,7712.863281
803.500000,7694.334473
804.000000,7682.820312
804.500000,7682.404297
805.000000,7691.916992
805.500000,7709.454102
806.000000,7729.515137
806.500000,7748.855957
807.000000,7766.753906
807.500000,7783.948242
808.000000,7801.429688
808.500000,7819.252930
809.000000,7836.446777
809.500000,7851.822266
810.000000,7864.500000
810.500000,7875.510742
811.000000,7887.101562
811.500000,7902.474609
812.000000,7925.918457
812.500000,7958.877930
813.000000,8002.429199
813.500000,8054.448730
814.000000,8110.565918
814.500000,8165.742188
815.000000,8215.954102
815.500000,8257.839844
816.000000,8293.131836
816.500000,8322.474609
817.000000,8348.117188
817.500000,8368.931641
818.000000,8383.334961
818.500000,8389.839844
819.000000,8388.653320
819.500000,8382.904297
820.000000,8375.415039
820.500000,8368.003906
821.000000,8358.759766
821.500000,8343.641602
822.000000,8316.994141
822.500000,8278.326172
823.000000,8229.083984
823.500000,8173.731934
824.000000,8117.432129
824.500000,8064.119141
825.000000,8015.390625
825.500000,7973.068848
826.000000,7935.906250
826.500000,7903.854004
827.000000,7874.063965
827.500000,7843.552246
828.000000,7810.363281
828.500000,7775.078613
829.000000,7741.291016
829.500000,7713.717773
830.000000,7697.733887
830.500000,7691.970703
831.000000,7694.845215
831.500000,7700.415527
832.000000,7706.190430
832.500000,7713.802734
833.000000,7728.060547
833.500000,7752.842773
834.000000,7787.158691
834.500000,7826.522949
835.000000,7863.229980
835.500000,7889.761230
836.000000,7906.714844
836.500000,7916.871582
837.000000,7927.759766
837.500000,7945.821777
838.000000,7972.192871
838.500000,8003.757324
839.000000,8035.822266
839.500000,8064.533691
840.000000,8087.827148
840.500000,8107.774902
841.000000,8126.432617
841.500000,8145.701660
842.000000,8165.619141
842.500000,8184.613281
843.000000,8200.907227
843.500000,8214.235352
844.000000,8226.190430
844.500000,8238.843750
845.000000,8253.354492
845.500000,8269.821289
846.000000,8286.435547
846.500000,8301.344727
847.000000,8313.954102
847.500000,8324.738281
848.000000,8335.018555
848.500000,8345.696289
849.000000,8356.581055
849.500000,8366.988281
850.000000,8376.511719
850.500000,8385.774414
851.000000,8395.725586
851.500000,8406.732422
852.000000,8418.475586
852.500000,8430.051758
853.000000,8440.951172
853.500000,8451.549805
854.000000,8462.654297
854.500000,8474.080078
855.000000,8484.072266
855.500000,8489.187500
856.000000,8488.473633
856.500000,8481.562500
857.000000,8471.323242
857.500000,8460.340820
858.000000,8449.251953
858.500000,8435.647461
859.000000,8414.220703
859.500000,8381.694336
860.000000,8334.407227
860.500000,8277.943359
861.000000,8216.389648
861.500000,8155.679199
862.000000,8100.225098
862.500000,8051.962402
863.000000,8010.974121
863.500000,7976.344238
864.000000,7945.210449
864.500000,7915.240234
865.000000,7884.340820
865.500000,7852.011719
866.000000,7820.272949
866.500000,7792.426758
867.000000,7770.638672
867.500000,7755.810059
868.000000,7746.896973
868.500000,7741.392578
869.000000,7737.754395
869.500000,7735.017578
870.000000,7733.873047
870.500000,7734.780762
871.000000,7738.762207
871.500000,7745.780762
872.000000,7755.903320
872.500000,7768.582031
873.000000,7782.519531
873.500000,7795.559570
874.000000,7805.470703
874.500000,7809.819336
875.000000,7809.754883
875.500000,7806.903320
876.000000,7804.523438
876.500000,7804.712402
877.000000,7807.015625
877.500000,7808.843750
878.000000,7806.994629
878.500000,7800.147949
879.000000,7787.644531
879.500000,7771.185547
880.000000,7750.490234
880.500000,7726.192871
881.000000,7697.610352
881.500000,7666.113281
882.000000,7634.363770
882.500000,7606.114746
883.000000,7584.425293
883.500000,7571.459473
884.000000,7565.267578
884.500000,7564.241699
885.000000,7565.094727
885.500000,7566.148438
886.000000,7566.113281
886.500000,7563.814453
887.000000,7558.570801
887.500000,7550.054199
888.000000,7538.345215
888.500000,7524.340820
889.000000,7508.157227
889.500000,7490.080078
890.000000,7469.167969
890.500000,7446.030273
891.000000,7422.128418
891.500000,7400.117676
892.000000,7382.804688
892.500000,7371.633301
893.000000,7365.647949
893.500000,7363.007324
894.000000,7360.610840
894.500000,7355.903809
895.000000,7348.252930
895.500000,7337.223145
896.000000,7324.034180
896.500000,7309.838867
897.000000,7295.902344
897.500000,7282.866211
898.000000,7270.519531
898.500000,7257.795410
899.000000,7243.169434
899.500000,7226.255859
900.000000,7207.003418
900.500000,7186.999512
901.000000,7167.906738
901.500000,7150.999023
902.000000,7137.282227
902.500000,7127.761719
903.000000,7123.300293
903.500000,7126.232422
904.000000,7135.713867
904.500000,7152.129883
905.000000,7172.189941
905.500000,7193.768555
906.000000,7214.552246
906.500000,7232.511230
907.000000,7245.672363
907.500000,7252.075684
908.000000,7249.693848
908.500000,7240.466797
909.000000,7227.780762
909.500000,7217.924805
910.000000,7216.926270
910.500000,7224.158203
911.000000,7235.359863
911.500000,7244.501465
912.000000,7248.558594
912.500000,7249.450195
913.000000,7252.660645
913.500000,7263.501465
914.000000,7280.818359
914.500000,7300.016602
915.000000,7314.160156
915.500000,7318.157227
916.000000,7314.106445
916.500000,7307.515137
917.000000,7304.572266
917.500000,7307.659180
918.000000,7314.840820
918.500000,7321.447266
919.000000,7323.278809
919.500000,7319.951172
920.000000,7311.038086
920.500000,7298.058105
921.000000,7281.179199
921.500000,7261.022461
922.000000,7238.943359
922.500000,7217.283691
923.000000,7198.472168
923.500000,7184.563965
924.000000,7174.245605
924.500000,7165.565430
925.000000,7155.515137
925.500000,7142.038086
926.000000,7125.100098
926.500000,7105.552734
927.000000,7084.829102
927.500000,7064.368652
928.000000,7045.250000
928.500000,7027.714844
929.000000,7012.242676
929.500000,6998.420898
930.000000,6986.700195
930.500000,6977.164551
931.000000,6970.200684
931.500000,6965.390625
932.000000,6961.404297
932.500000,6956.367188
933.000000,6949.213867
933.500000,6939.843750
934.000000,6930.274414
934.500000,6923.243652
935.000000,6920.219238
935.500000,6922.093262
936.000000,6927.583008
936.500000,6934.986816
937.000000,6942.861816
937.500000,6950.437500
938.000000,6957.557129
938.500000,6964.407227
939.000000,6971.089844
939.500000,6977.875977
940.000000,6985.446777
940.500000,6994.464355
941.000000,7005.405762
941.500000,7017.767090
942.000000,7030.067871
942.500000,7040.393066
943.000000,7047.887207
943.500000,7052.361328
944.000000,7056.162598
944.500000,7062.417480
945.000000,7073.373047
945.500000,7090.721191
946.000000,7113.373535
946.500000,7138.789062
947.000000,7163.936523
947.500000,7186.513672
948.000000,7204.931641
948.500000,7220.290527
949.000000,7233.123535
949.500000,7244.875977
950.000000,7256.307617
950.500000,7268.008301
951.000000,7280.122070
951.500000,7292.039551
952.000000,7302.326660
952.500000,7308.734375
953.000000,7310.575684
953.500000,7307.314941
954.000000,7302.092773
954.500000,7298.192383
955.000000,7297.894531
955.500000,7301.715820
956.000000,7307.517090
956.500000,7312.280762
957.000000,7313.864746
957.500000,7312.146484
958.000000,7306.782715
958.500000,7298.296387
959.000000,7285.421387
959.500000,7268.946289
960.000000,7250.707520
960.500000,7234.745117
961.000000,7225.458008
961.500000,7225.211426
962.000000,7232.173340
962.500000,7243.111328
963.000000,7253.673828
963.500000,7261.392578
964.000000,7266.806641
964.500000,7270.193848
965.000000,7271.248047
965.500000,7268.135742
966.000000,7260.237793
966.500000,7249.835449
967.000000,7241.784668
967.500000,7240.364258
968.000000,7248.565430
968.500000,7261.798340
969.000000,7273.755859
969.500000,7278.601074
970.000000,7272.805176
970.500000,7258.742676
971.000000,7241.242188
971.500000,7225.119141
972.000000,7212.806152
972.500000,7204.718750
973.000000,7198.522461
973.500000,7192.066406
974.000000,7183.502441
974.500000,7170.880859
975.000000,7153.668945
975.500000,7131.451172
976.000000,7104.865234
976.500000,7075.273438
977.000000,7043.514160
977.500000,7010.534668
978.000000,6976.875488
978.500000,6944.076660
979.000000,6915.428711
979.500000,6893.569824
980.000000,6881.125977
980.500000,6876.678223
981.000000,6875.761230
981.500000,6872.571289
982.000000,6863.289551
982.500000,6846.739258
983.000000,6827.628418
983.500000,6811.779297
984.000000,6802.500000
984.500000,6800.079590
985.000000,6800.096680
985.500000,6797.516113
986.000000,6789.281738
986.500000,6776.305176
987.000000,6761.804199
987.500000,6749.744141
988.000000,6743.112305
988.500000,6740.163574
989.000000,6738.344727
989.500000,6734.704590
990.000000,6728.162598
990.500000,6720.374023
991.000000,6714.288574
991.500000,6712.180176
992.000000,6713.158691
992.500000,6714.299316
993.000000,6712.162598
993.500000,6704.612305
994.000000,6694.835938
994.500000,6688.806152
995.000000,6691.678711
995.500000,6705.304688
996.000000,6726.622559
996.500000,6748.722656
997.000000,6765.324219
997.500000,6775.473145
998.000000,6781.318848
998.500000,6788.823730
999.000000,6802.596680
999.500000,6822.125000
1000.000000,6843.715820
1000.500000,6862.251465
1001.000000,6874.624023
1001.500000,6880.190430
1002.000000,6881.626953
1002.500000,6879.953613
1003.000000,6875.657227
1003.500000,6866.554688
1004.000000,6852.271973
1004.500000,6833.222656
1005.000000,6812.158691
1005.500000,6791.799805
1006.000000,6773.350586
1006.500000,6756.274902
1007.000000,6740.022461
1007.500000,6724.637207
1008.000000,6711.789062
1008.500000,6702.264648
1009.000000,6696.549316
1009.500000,6692.950195
1010.000000,6689.517090
1010.500000,6685.027832
1011.000000,6679.734375
1011.500000,6674.884766
1012.000000,6671.634277
1012.500000,6671.167480
1013.000000,6673.182617
1013.500000,6678.299316
1014.000000,6686.245605
1014.500000,6696.708984
1015.000000,6707.891113
1015.500000,6716.951172
1016.000000,6721.000977
1016.500000,6719.794434
1017.000000,6714.636719
1017.500000,6709.587891
1018.000000,6707.603516
1018.500000,6708.104980
1019.000000,6708.177246
1019.500000,6704.234863
1020.000000,6694.474609
1020.500000,6680.446289
1021.000000,6666.240234
1021.500000,6655.571777
1022.000000,6648.685059
1022.500000,6643.964844
1023.000000,6638.288086
1023.500000,6630.432617
1024.000000,6622.186523
1024.500000,6616.583496
1025.000000,6615.341797
1025.500000,6617.605469
1026.000000,6621.350586
1026.500000,6625.210938
1027.000000,6630.779785
1027.500000,6640.449219
1028.000000,6656.653320
1028.500000,6676.469238
1029.000000,6694.475098
1029.500000,6705.081055
1030.000000,6705.439941
1030.500000,6696.543945
1031.000000,6682.342285
1031.500000,6665.291992
1032.000000,6647.625000
1032.500000,6631.014648
1033.000000,6616.852539
1033.500000,6605.859863
1034.000000,6594.981934
1034.500000,6577.838379
1035.000000,6548.514648
1035.500000,6507.012695
1036.000000,6459.568359
1036.500000,6416.829590
1037.000000,6386.870605
1037.500000,6364.245605
1038.000000,6337.873047
1038.500000,6299.599121
1039.000000,6252.840820
1039.500000,6216.667480
1040.000000,6215.427246
1040.500000,6265.173828
1041.000000,6353.642090
1041.500000,6456.596191
1042.000000,6541.771484
1042.500000,6583.791992
1043.000000,6590.556641
1043.500000,6575.912109
1044.000000,6560.938477
1044.500000,6556.594238
1045.000000,6561.473145
1045.500000,6567.639648
1046.000000,6568.713867
1046.500000,6564.229004
1047.000000,6555.657227
1047.500000,6546.209961
1048.000000,6537.032715
1048.500000,6528.812988
1049.000000,6523.270020
1049.500000,6522.509766
1050.000000,6527.581543
1050.500000,6537.693359
1051.000000,6549.618164
1051.500000,6561.160156
1052.000000,6572.397949
1052.500000,6585.722656
1053.000000,6602.666016
1053.500000,6622.883301
1054.000000,6642.705566
1054.500000,6657.575195
1055.000000,6664.587402
1055.500000,6664.624023
1056.000000,6659.200195
1056.500000,6650.843750
1057.000000,6638.335938
1057.500000,6620.531250
1058.000000,6595.211914
1058.500000,6564.694824
1059.000000,6533.730469
1059.500000,6508.163086
1060.000000,6491.427734
1060.500000,6483.870605
1061.000000,6480.906738
1061.500000,6478.613281
1062.000000,6474.927734
1062.500000,6470.447266
1063.000000,6466.820801
1063.500000,6464.208008
1064.000000,6460.340820
1064.500000,6451.992676
1065.000000,6437.469238
1065.500000,6419.254395
1066.000000,6402.246094
1066.500000,6390.947266
1067.000000,6388.947754
1067.500000,6392.916016
1068.000000,6398.725098
1068.500000,6401.920410
1069.000000,6400.783691
1069.500000,6397.298828
1070.000000,6395.684570
1070.500000,6400.210938
1071.000000,6411.248535
1071.500000,6427.832520
1072.000000,6445.161621
1072.500000,6459.461426
1073.000000,6470.039062
1073.500000,6478.779785
1074.000000,6489.360840
1074.500000,6504.327148
1075.000000,6523.372559
1075.500000,6542.802246
1076.000000,6558.132324
1076.500000,6568.293945
1077.000000,6574.457520
1077.500000,6581.460449
1078.000000,6593.875000
1078.500000,6612.859863
1079.000000,6636.943359
1079.500000,6662.911133
1080.000000,6687.822754
1080.500000,6710.151367
1081.000000,6730.294434
1081.500000,6748.260742
1082.000000,6764.662109
1082.500000,6779.125488
1083.000000,6791.696777
1083.500000,6802.037109
1084.000000,6809.864258
1084.500000,6814.839844
1085.000000,6816.474121
1085.500000,6815.296387
1086.000000,6811.296875
1086.500000,6805.440430
1087.000000,6797.861816
1087.500000,6789.469727
1088.000000,6781.453613
1088.500000,6775.078125
1089.000000,6770.750000
1089.500000,6767.199219
1090.000000,6762.021484
1090.500000,6753.332520
1091.000000,6742.928223
1091.500000,6735.993652
1092.000000,6737.399902
1092.500000,6751.831543
1093.000000,6776.700195
1093.500000,6807.259766
1094.000000,6838.399902
1094.500000,6868.536133
1095.000000,6900.369141
1095.500000,6937.352539
1096.000000,6981.818359
1096.500000,7028.967285
1097.000000,7071.004395
1097.500000,7101.683105
1098.000000,7116.866699
1098.500000,7119.782715
1099.000000,7117.145508
1099.500000,7115.988770
1100.000000,7120.475586
1100.500000,7132.050293
1101.000000,7147.375488
1101.500000,7163.700684
1102.000000,7178.973145
1102.500000,7192.848145
1103.000000,7205.934082
1103.500000,7217.720215
1104.000000,7225.836914
1104.500000,7227.225586
1105.000000,7218.759766
1105.500000,7202.536133
1106.000000,7181.135254
1106.500000,7159.535645
1107.000000,7139.518066
1107.500000,7119.325684
1108.000000,7095.589844
1108.500000,7067.166016
1109.000000,7037.090820
1109.500000,7011.555176
1110.000000,6995.154785
1110.500000,6990.793945
1111.000000,6993.438477
1111.500000,6999.091309
1112.000000,7004.540039
1112.500000,7010.409668
1113.000000,7018.757812
1113.500000,7030.349121
1114.000000,7043.187988
1114.500000,7053.889648
1115.000000,7059.973633
1115.500000,7062.871094
1116.000000,7065.329102
1116.500000,7070.145020
1117.000000,7078.863281
1117.500000,7090.644531
1118.000000,7104.705078
1118.500000,7120.165527
1119.000000,7135.501953
1119.500000,7147.408203
1120.000000,7152.287598
1120.500000,7145.159668
1121.000000,7128.666504
1121.500000,7107.087891
1122.000000,7088.619141
1122.500000,7079.922363
1123.000000,7081.408203
1123.500000,7088.617676
1124.000000,7095.057617
1124.500000,7096.576660
1125.000000,7092.973633
1125.500000,7088.988770
1126.000000,7090.089844
1126.500000,7097.481934
1127.000000,7110.093750
1127.500000,7123.459473
1128.000000,7133.842773
1128.500000,7140.129395
1129.000000,7144.092773
1129.500000,7148.508789
1130.000000,7155.471680
1130.500000,7166.715332
1131.000000,7181.726074
1131.500000,7201.562012
1132.000000,7225.994629
1132.500000,7255.055176
1133.000000,7286.736816
1133.500000,7317.726074
1134.000000,7344.509766
1134.500000,7365.888184
1135.000000,7382.116699
1135.500000,7397.067871
1136.000000,7415.076660
1136.500000,7438.635742
1137.000000,7469.345215
1137.500000,7504.994141
1138.000000,7541.844727
1138.500000,7575.562012
1139.000000,7603.607422
1139.500000,7625.611816
1140.000000,7645.421387
1140.500000,7667.499023
1141.000000,7693.745605
1141.500000,7723.426758
1142.000000,7752.304199
1142.500000,7776.308105
1143.000000,7794.608398
1143.500000,7809.770996
1144.000000,7825.309570
1144.500000,7843.020020
1145.000000,7862.311035
1145.500000,7880.960449
1146.000000,7897.851074
1146.500000,7914.361328
1147.000000,7932.859863
1147.500000,7954.710938
1148.000000,7980.014648
1148.500000,8008.405762
1149.000000,8039.756348
1149.500000,8075.108398
1150.000000,8113.457520
1150.500000,8152.445312
1151.000000,8188.325195
1151.500000,8217.774414
1152.000000,8241.672852
1152.500000,8262.677734
1153.000000,8283.900391
1153.500000,8306.733398
1154.000000,8331.163086
1154.500000,8356.935547
1155.000000,8385.651367
1155.500000,8417.941406
1156.000000,8453.297852
1156.500000,8487.382812
1157.000000,8514.303711
1157.500000,8531.041016
1158.000000,8538.541016
1158.500000,8540.628906
1159.000000,8541.742188
1159.500000,8542.863281
1160.000000,8542.116211
1160.500000,8535.662109
1161.000000,8523.195312
1161.500000,8505.633789
1162.000000,8486.845703
1162.500000,8470.483398
1163.000000,8458.467773
1163.500000,8449.856445
1164.000000,8441.823242
1164.500000,8431.000977
1165.000000,8414.874023
1165.500000,8395.947266
1166.000000,8378.083984
1166.500000,8363.659180
1167.000000,8350.059570
1167.500000,8329.494141
1168.000000,8294.344727
1168.500000,8243.268555
1169.000000,8187.405762
1169.500000,8143.670410
1170.000000,8120.584473
1170.500000,8119.542480
1171.000000,8123.183594
1171.500000,8113.084473
1172.000000,8080.917969
1172.500000,8030.218750
1173.000000,7972.709473
1173.500000,7918.578613
1174.000000,7869.672852
1174.500000,7820.534668
1175.000000,7766.162598
1175.500000,7709.210449
1176.000000,7656.855957
1176.500000,7614.258789
1177.000000,7581.665527
1177.500000,7553.501465
1178.000000,7524.698730
1178.500000,7495.700684
1179.000000,7471.394531
1179.500000,7458.013184
1180.000000,7452.902832
1180.500000,7449.906738
1181.000000,7441.191406
1181.500000,7423.080078
1182.000000,7399.531250
1182.500000,7377.171387
1183.000000,7360.189941
1183.500000,7346.898438
1184.000000,7332.482422
1184.500000,7313.525879
1185.000000,7289.519043
1185.500000,7264.618652
1186.000000,7241.875977
1186.500000,7220.992676
1187.000000,7199.359375
1187.500000,7175.238281
1188.000000,7150.556641
1188.500000,7130.316895
1189.000000,7117.752930
1189.500000,7114.630371
1190.000000,7115.873047
1190.500000,7117.776367
1191.000000,7119.017090
1191.500000,7122.060547
1192.000000,7130.135254
1192.500000,7144.128418
1193.000000,7161.830566
1193.500000,7179.439453
1194.000000,7195.452637
1194.500000,7212.024902
1195.000000,7233.632812
1195.500000,7261.673340
1196.000000,7295.689453
1196.500000,7331.684082
1197.000000,7366.084473
1197.500000,7397.354492
1198.000000,7426.239258
1198.500000,7453.897949
1199.000000,7481.440918
1199.500000,7509.450195
1200.000000,7538.224609
1200.500000,7567.969238
1201.000000,7597.632812
1201.500000,7624.681641
1202.000000,7646.332031
1202.500000,7661.193848
1203.000000,7669.710938
1203.500000,7675.024414
1204.000000,7678.875977
1204.500000,7681.492676
1205.000000,7680.227539
1205.500000,7673.708008
1206.000000,7661.632812
1206.500000,7647.185059
1207.000000,7634.229492
1207.500000,7625.015625
1208.000000,7618.359863
1208.500000,7610.989746
1209.000000,7600.011230
1209.500000,7583.749512
1210.000000,7565.170898
1210.500000,7548.012695
1211.000000,7535.257324
1211.500000,7528.444824
1212.000000,7527.155762
1212.500000,7530.610352
1213.000000,7539.554688
1213.500000,7553.816406
1214.000000,7573.313477
1214.500000,7593.573730
1215.000000,7608.270996
1215.500000,7613.678223
1216.000000,7608.985352
1216.500000,7600.176270
1217.000000,7595.946777
1217.500000,7603.594238
1218.000000,7623.139160
1218.500000,7651.127930
1219.000000,7679.584961
1219.500000,7702.778320
1220.000000,7720.663086
1220.500000,7735.491699
1221.000000,7751.022949
1221.500000,7768.958984
1222.000000,7787.960938
1222.500000,7804.858887
1223.000000,7816.605957
1223.500000,7823.766602
1224.000000,7828.626953
1224.500000,7835.460938
1225.000000,7847.617676
1225.500000,7864.349121
1226.000000,7883.240234
1226.500000,7901.448730
1227.000000,7918.358887
1227.500000,7935.802246
1228.000000,7955.729980
1228.500000,7978.020020
1229.000000,7998.822754
1229.500000,8012.261719
1230.000000,8017.004395
1230.500000,8014.025879
1231.000000,8008.648926
1231.500000,8005.369141
1232.000000,8005.529297
1232.500000,8007.196777
1233.000000,8008.010742
1233.500000,8007.441406
1234.000000,8006.614746
1234.500000,8006.865723
1235.000000,8008.307617
1235.500000,8009.846191
1236.000000,8011.251953
1236.500000,8014.101562
1237.000000,8020.736816
1237.500000,8032.394043
1238.000000,8046.538574
1238.500000,8059.079102
1239.000000,8067.563965
1239.500000,8071.933594
1240.000000,8076.191895
1240.500000,8084.478516
1241.000000,8097.873535
1241.500000,8114.036621
1242.000000,8128.554688
1242.500000,8138.087891
1243.000000,8141.199707
1243.500000,8140.833008
1244.000000,8139.754883
1244.500000,8139.860352
1245.000000,8140.765137
1245.500000,8140.472168
1246.000000,8137.174805
1246.500000,8130.928223
1247.000000,8123.604004
1247.500000,8117.205078
1248.000000,8112.092285
1248.500000,8106.681641
1249.000000,8098.806152
1249.500000,8086.906250
1250.000000,8072.786621
1250.500000,8059.378418
1251.000000,8048.969238
1251.500000,8041.448242
1252.000000,8034.523926
1252.500000,8025.637695
1253.000000,8013.846680
1253.500000,8001.472168
1254.000000,7992.216797
1254.500000,7987.862793
1255.000000,7988.852051
1255.500000,7992.631836
1256.000000,7996.310059
1256.500000,7997.527832
1257.000000,7995.223633
1257.500000,7988.763672
1258.000000,7979.290039
1258.500000,7967.572266
1259.000000,7955.494629
1259.500000,7944.177246
1260.000000,7933.529785
1260.500000,7922.365723
1261.000000,7909.355957
1261.500000,7894.403320
1262.000000,7879.226562
1262.500000,7866.632812
1263.000000,7859.782715
1263.500000,7858.069824
1264.000000,7860.245605
1264.500000,7862.700195
1265.000000,7862.716309
1265.500000,7859.706055
1266.000000,7855.067383
1266.500000,7851.745117
1267.000000,7852.811035
1267.500000,7861.353516
1268.000000,7876.493652
1268.500000,7896.884277
1269.000000,7917.436035
1269.500000,7933.878906
1270.000000,7945.299316
1270.500000,7954.079102
1271.000000,7965.450684
1271.500000,7983.986816
1272.000000,8011.427246
1272.500000,8043.395996
1273.000000,8073.389160
1273.500000,8096.015137
1274.000000,8106.561523
1274.500000,8107.079590
1275.000000,8099.294922
1275.500000,8086.393555
1276.000000,8070.465820
1276.500000,8052.943848
1277.000000,8035.561523
1277.500000,8020.497559
1278.000000,8008.883301
1278.500000,8001.721191
1279.000000,7996.770020
1279.500000,7991.194824
1280.000000,7982.362793
1280.500000,7969.229492
1281.000000,7953.596680
1281.500000,7939.218750
1282.000000,7929.513184
1282.500000,7924.234375
1283.000000,7921.040039
1283.500000,7915.725586
1284.000000,7905.502930
1284.500000,7892.065918
1285.000000,7878.914062
1285.500000,7868.939453
1286.000000,7861.934082
1286.500000,7855.076660
1287.000000,7845.778320
1287.500000,7834.082520
1288.000000,7823.541992
1288.500000,7818.540039
1289.000000,7819.020020
1289.500000,7822.705566
1290.000000,7825.638184
1290.500000,7826.042480
1291.000000,7825.210449
1291.500000,7825.605957
1292.000000,7828.370605
1292.500000,7832.118164
1293.000000,7835.891602
1293.500000,7841.032227
1294.000000,7851.799316
1294.500000,7870.264160
1295.000000,7895.671875
1295.500000,7922.922363
1296.000000,7946.744141
1296.500000,7965.473145
1297.000000,7983.069336
1297.500000,8005.920898
1298.000000,8036.488281
1298.500000,8074.771484
1299.000000,8115.355957
1299.500000,8154.354004
1300.000000,8191.411133
1300.500000,8229.540039
1301.000000,8272.653320
1301.500000,8322.204102
1302.000000,8378.338867
1302.500000,8438.143555
1303.000000,8500.201172
1303.500000,8562.483398
1304.000000,8622.929688
1304.500000,8679.609375
1305.000000,8731.134766
1305.500000,8778.658203
1306.000000,8825.441406
1306.500000,8874.370117
1307.000000,8925.006836
1307.500000,8972.910156
1308.000000,9013.240234
1308.500000,9040.807617
1309.000000,9058.094727
1309.500000,9068.501953
1310.000000,9075.937500
1310.500000,9080.401367
1311.000000,9077.847656
1311.500000,9064.807617
1312.000000,9038.430664
1312.500000,9004.083984
1313.000000,8967.337891
1313.500000,8933.540039
1314.000000,8904.076172
1314.500000,8875.941406
1315.000000,8845.186523
1315.500000,8809.864258
1316.000000,8771.827148
1316.500000,8735.393555
1317.000000,8704.307617
1317.500000,8681.722656
1318.000000,8664.767578
1318.500000,8651.326172
1319.000000,8639.263672
1319.500000,8629.572266
1320.000000,8624.620117
1320.500000,8625.856445
1321.000000,8632.359375
1321.500000,8640.088867
1322.000000,8645.170898
1322.500000,8646.885742
1323.000000,8646.298828
1323.500000,8645.817383
1324.000000,8646.525391
1324.500000,8648.094727
1325.000000,8650.032227
1325.500000,8652.356445
1326.000000,8655.095703
1326.500000,8657.453125
1327.000000,8658.155273
1327.500000,8656.017578
1328.000000,8652.599609
1328.500000,8650.104492
1329.000000,8649.487305
1329.500000,8649.111328
1330.000000,8645.704102
1330.500000,8637.526367
1331.000000,8625.899414
1331.500000,8614.855469
1332.000000,8606.766602
1332.500000,8599.398438
1333.000000,8587.760742
1333.500000,8569.011719
1334.000000,8542.696289
1334.500000,8512.737305
1335.000000,8483.654297
1335.500000,8458.653320
1336.000000,8438.452148
1336.500000,8423.139648
1337.000000,8409.973633
1337.500000,8394.833984
1338.000000,8373.644531
1338.500000,8343.068359
1339.000000,8306.413086
1339.500000,8270.654297
1340.000000,8241.921875
1340.500000,8219.786133
1341.000000,8197.860352
1341.500000,8168.845703
1342.000000,8128.734375
1342.500000,8084.427734
1343.000000,8044.664551
1343.500000,8013.798828
1344.000000,7990.052734
1344.500000,7965.970703
1345.000000,7935.313477
1345.500000,7896.874512
1346.000000,7855.298340
1346.500000,7815.693848
1347.000000,7780.214844
1347.500000,7749.247559
1348.000000,7720.762695
1348.500000,7694.749023
1349.000000,7671.593262
1349.500000,7652.056641
1350.000000,7636.529297
1350.500000,7624.904785
1351.000000,7617.560547
1351.500000,7612.760742
1352.000000,7607.178223
1352.500000,7596.482910
1353.000000,7575.970703
1353.500000,7547.195312
1354.000000,7515.282227
1354.500000,7487.786133
1355.000000,7469.465820
1355.500000,7458.579590
1356.000000,7446.791504
1356.500000,7424.008789
1357.000000,7388.135742
1357.500000,7340.346680
1358.000000,7290.379395
1358.500000,7246.837402
1359.000000,7212.855957
1359.500000,7185.992188
1360.000000,7160.599609
1360.500000,7132.162109
1361.000000,7099.880371
1361.500000,7067.327148
1362.000000,7039.515137
1362.500000,7018.517578
1363.000000,7005.860840
1363.500000,6999.736328
1364.000000,6998.739746
1364.500000,7000.713867
1365.000000,7003.104980
1365.500000,7003.632812
1366.000000,7001.618164
1366.500000,6997.552734
1367.000000,6993.683105
1367.500000,6991.852539
1368.000000,6991.875000
1368.500000,6992.168457
1369.000000,6990.494141
1369.500000,6985.427734
1370.000000,6977.511719
1370.500000,6969.360840
1371.000000,6964.199707
1371.500000,6963.120117
1372.000000,6965.511719
1372.500000,6966.848633
1373.000000,6961.288086
1373.500000,6946.197754
1374.000000,6922.562988
1374.500000,6896.105469
1375.000000,6874.234375
1375.500000,6863.170410
1376.000000,6862.539551
1376.500000,6871.671875
1377.000000,6884.487305
1377.500000,6897.534180
1378.000000,6908.273438
1378.500000,6915.049805
1379.000000,6917.732422
1379.500000,6917.302734
1380.000000,6915.172852
1380.500000,6912.719238
1381.000000,6910.256836
1381.500000,6907.817871
1382.000000,6906.662109
1382.500000,6909.013184
1383.000000,6918.165527
1383.500000,6933.720703
1384.000000,6951.809570
1384.500000,6966.784180
1385.000000,6975.035645
1385.500000,6975.934570
1386.000000,6973.939941
1386.500000,6973.502930
1387.000000,6976.792480
1387.500000,6984.301270
1388.000000,6993.938965
1388.500000,7003.486328
1389.000000,7010.641113
1389.500000,7013.351074
1390.000000,7010.347656
1390.500000,7003.960449
1391.000000,6998.205078
1391.500000,6997.009766
1392.000000,7002.789062
1392.500000,7012.145996
1393.000000,7020.455566
1393.500000,7024.812012
1394.000000,7026.633789
1394.500000,7030.816895
1395.000000,7041.189453
1395.500000,7057.798828
1396.000000,7073.735840
1396.500000,7079.204102
1397.000000,7071.813477
1397.500000,7052.632324
1398.000000,7030.518066
1398.500000,7014.095215
1399.000000,7007.075684
1399.500000,7005.827148
1400.000000,7002.412598
1400.500000,6990.032227
1401.000000,6963.940918
1401.500000,6929.681641
1402.000000,6892.669922
1402.500000,6857.671387
1403.000000,6824.379395
1403.500000,6788.967773
1404.000000,6748.007324
1404.500000,6701.283691
1405.000000,6652.965332
1405.500000,6608.357422
1406.000000,6569.839844
1406.500000,6538.687500
1407.000000,6511.940918
1407.500000,6488.282227
1408.000000,6466.705078
1408.500000,6446.622070
1409.000000,6426.267578
1409.500000,6402.866699
1410.000000,6373.308105
1410.500000,6337.916992
1411.000000,6297.608887
1411.500000,6256.375000
1412.000000,6217.055176
1412.500000,6180.650391
1413.000000,6147.100098
1413.500000,6115.455078
1414.000000,6085.010254
1414.500000,6055.751953
1415.000000,6027.940918
1415.500000,6002.582520
1416.000000,5979.619629
1416.500000,5959.059570
1417.000000,5939.365723
1417.500000,5919.331055
1418.000000,5899.134766
1418.500000,5881.276367
1419.000000,5869.789062
1419.500000,5867.050293
1420.000000,5873.833496
1420.500000,5884.926758
1421.000000,5896.136230
1421.500000,5905.036621
1422.000000,5911.475586
1422.500000,5916.715820
1423.000000,5920.486816
1423.500000,5921.091797
1424.000000,5917.300781
1424.500000,5909.866211
1425.000000,5902.540527
1425.500000,5899.794922
1426.000000,5901.941406
1426.500000,5908.340820
1427.000000,5916.761719
1427.500000,5927.322754
1428.000000,5941.032227
1428.500000,5957.924805
1429.000000,5975.246582
1429.500000,5988.453613
1430.000000,5993.227539
1430.500000,5991.523438
1431.000000,5987.532715
1431.500000,5986.761230
1432.000000,5991.339844
1432.500000,5998.210938
1433.000000,6002.239258
1433.500000,5999.069824
1434.000000,5987.584473
1434.500000,5968.341797
1435.000000,5945.307617
1435.500000,5922.089355
1436.000000,5902.364746
1436.500000,5889.826660
1437.000000,5883.670410
1437.500000,5881.297363
1438.000000,5877.836914
1438.500000,5869.315430
1439.000000,5854.670410
1439.500000,5837.203613
1440.000000,5821.247070
1440.500000,5809.289062
1441.000000,5802.180176
1441.500000,5797.691406
1442.000000,5795.101562
1442.500000,5794.782715
1443.000000,5797.426270
1443.500000,5801.924805
1444.000000,5805.277832
1444.500000,5804.615723
1445.000000,5800.813477
1445.500000,5797.168945
1446.000000,5796.958984
1446.500000,5800.437500
1447.000000,5802.710938
1447.500000,5798.280762
1448.000000,5786.284180
1448.500000,5771.289551
1449.000000,5759.619141
1449.500000,5753.579102
1450.000000,5750.297852
1450.500000,5742.823242
1451.000000,5725.215820
1451.500000,5700.523438
1452.000000,5676.614746
1452.500000,5661.801758
1453.000000,5659.481934
1453.500000,5666.882324
1454.000000,5676.523438
1454.500000,5681.795410
1455.000000,5680.909180
1455.500000,5674.926758
1456.000000,5669.488281
1456.500000,5670.499023
1457.000000,5680.283203
1457.500000,5696.903320
1458.000000,5714.296875
1458.500000,5725.573242
1459.000000,5726.074707
1459.500000,5718.731445
1460.000000,5709.246094
1460.500000,5704.377930
1461.000000,5707.597656
1461.500000,5714.869629
1462.000000,5719.855469
1462.500000,5718.577148
1463.000000,5711.774414
1463.500000,5703.284668
1464.000000,5696.892090
1464.500000,5694.035156
1465.000000,5692.894531
1465.500000,5691.997559
1466.000000,5690.922852
1466.500000,5690.236816
1467.000000,5689.986328
1467.500000,5689.469238
1468.000000,5688.311523
1468.500000,5687.303223
1469.000000,5687.764648
1469.500000,5689.573242
1470.000000,5691.141113
1470.500000,5691.009277
1471.000000,5689.984863
1471.500000,5691.793457
1472.000000,5699.832031
1472.500000,5712.902832
1473.000000,5725.812012
1473.500000,5733.108887
1474.000000,5734.456543
1474.500000,5733.489258
1475.000000,5735.627441
1475.500000,5743.423828
1476.000000,5753.484375
1476.500000,5762.379395
1477.000000,5770.417480
1477.500000,5781.235352
1478.000000,5797.510254
1478.500000,5816.795410
1479.000000,5833.196777
1479.500000,5843.285645
1480.000000,5848.351562
1480.500000,5856.727539
1481.000000,5876.350586
1481.500000,5906.073730
1482.000000,5939.800781
1482.500000,5969.905273
1483.000000,5993.023438
1483.500000,6010.380371
1484.000000,6026.283691
1484.500000,6042.729980
1485.000000,6058.768066
1485.500000,6071.844727
1486.000000,6081.397949
1486.500000,6087.435059
1487.000000,6090.483398
1487.500000,6090.016113
1488.000000,6085.080078
1488.500000,6076.430176
1489.000000,6065.853027
1489.500000,6056.342285
1490.000000,6049.945312
1490.500000,6045.535645
1491.000000,6041.172852
1491.500000,6034.862793
1492.000000,6025.429199
1492.500000,6012.809570
1493.000000,5997.682617
1493.500000,5980.637207
1494.000000,5962.974609
1494.500000,5946.157227
1495.000000,5930.949707
1495.500000,5917.554199
1496.000000,5904.731934
1496.500000,5891.179199
1497.000000,5876.395020
1497.500000,5860.941406
1498.000000,5845.771973
1498.500000,5831.242188
1499.000000,5816.925293
1499.500000,5802.390137
1500.000000,5788.187500
1500.500000,5775.473145
1501.000000,5765.610352
1501.500000,5758.643066
1502.000000,5754.425293
1502.500000,5753.427246
1503.000000,5756.659180
1503.500000,5765.354980
1504.000000,5777.664062
1504.500000,5790.950195
1505.000000,5802.403320
1505.500000,5811.519531
1506.000000,5820.952637
1506.500000,5834.221191
1507.000000,5853.083008
1507.500000,5876.575684
1508.000000,5903.529297
1508.500000,5932.948242
1509.000000,5965.156738
1509.500000,5998.737793
1510.000000,6031.526367
1510.500000,6062.190918
1511.000000,6092.101562
1511.500000,6125.336914
1512.000000,6164.748535
1512.500000,6209.146484
1513.000000,6253.862305
1513.500000,6295.690918
1514.000000,6336.815430
1514.500000,6383.904785
1515.000000,6439.819824
1515.500000,6501.875000
1516.000000,6559.850098
1516.500000,6605.303711
1517.000000,6638.420898
1517.500000,6667.748047
1518.000000,6703.002441
1518.500000,6746.708496
1519.000000,6794.537109
1519.500000,6837.135254
1520.000000,6868.570312
1520.500000,6892.697754
1521.000000,6915.459473
1521.500000,6941.387695
1522.000000,6970.199707
1522.500000,6998.161133
1523.000000,7021.933105
1523.500000,7040.006836
1524.000000,7055.340820
1524.500000,7069.937012
1525.000000,7084.678711
1525.500000,7098.538574
1526.000000,7109.834961
1526.500000,7116.833496
1527.000000,7118.905762
1527.500000,7117.149414
1528.000000,7113.443359
1528.500000,7109.632812
1529.000000,7105.441895
1529.500000,7099.001953
1530.000000,7087.384277
1530.500000,7071.013672
1531.000000,7052.812500
1531.500000,7037.597656
1532.000000,7027.678223
1532.500000,7021.364746
1533.000000,7014.116211
1533.500000,7002.435547
1534.000000,6987.940430
1534.500000,6974.841309
1535.000000,6966.368652
1535.500000,6961.994629
1536.000000,6956.293945
1536.500000,6944.375000
1537.000000,6925.790527
1537.500000,6905.703125
1538.000000,6891.060059
1538.500000,6884.220703
1539.000000,6883.525879
1539.500000,6880.609375
1540.000000,6868.041016
1540.500000,6845.380859
1541.000000,6816.196289
1541.500000,6786.943359
1542.000000,6762.515137
1542.500000,6744.906738
1543.000000,6732.358398
1543.500000,6723.539551
1544.000000,6716.354004
1544.500000,6709.455078
1545.000000,6701.065430
1545.500000,6689.820312
1546.000000,6676.707031
1546.500000,6664.538574
1547.000000,6655.617188
1547.500000,6647.943848
1548.000000,6636.235352
1548.500000,6617.395508
1549.000000,6591.687988
1549.500000,6566.890625
1550.000000,6551.315430
1550.500000,6546.232910
1551.000000,6545.345215
1551.500000,6539.449219
1552.000000,6524.232422
1552.500000,6501.299805
1553.000000,6477.394531
1553.500000,6457.540527
1554.000000,6441.625000
1554.500000,6428.450684
1555.000000,6416.906250
1555.500000,6407.905762
1556.000000,6401.216309
1556.500000,6394.283691
1557.000000,6383.427734
1557.500000,6367.388672
1558.000000,6346.729492
1558.500000,6324.635742
1559.000000,6301.636230
1559.500000,6277.493164
1560.000000,6253.187012
1560.500000,6232.288086
1561.000000,6219.136719
1561.500000,6214.583008
1562.000000,6213.226562
1562.500000,6208.155762
1563.000000,6196.717285
1563.500000,6179.295898
1564.000000,6160.651855
1564.500000,6143.281738
1565.000000,6127.477051
1565.500000,6113.655762
1566.000000,6103.369141
1566.500000,6097.721191
1567.000000,6094.774414
1567.500000,6088.889160
1568.000000,6073.466309
1568.500000,6049.553711
1569.000000,6022.211914
1569.500000,5998.958008
1570.000000,5982.897949
1570.500000,5970.833008
1571.000000,5958.067383
1571.500000,5942.607910
1572.000000,5926.811035
1572.500000,5915.136719
1573.000000,5908.403809
1573.500000,5905.583008
1574.000000,5902.912598
1574.500000,5897.992676
1575.000000,5890.724609
1575.500000,5882.263672
1576.000000,5874.230957
1576.500000,5867.194336
1577.000000,5860.075684
1577.500000,5850.659180
1578.000000,5835.905273
1578.500000,5816.520508
1579.000000,5794.606934
1579.500000,5774.254395
1580.000000,5757.128418
1580.500000,5741.004395
1581.000000,5722.367676
1581.500000,5699.757324
1582.000000,5675.684082
1582.500000,5653.733887
1583.000000,5633.952148
1583.500000,5611.841797
1584.000000,5583.685059
1584.500000,5549.425293
1585.000000,5515.738281
1585.500000,5490.658203
1586.000000,5477.571777
1586.500000,5471.419922
1587.000000,5464.208008
1587.500000,5451.486328
1588.000000,5432.908691
1588.500000,5413.212891
1589.000000,5395.450684
1589.500000,5379.628418
1590.000000,5364.326172
1590.500000,5348.943359
1591.000000,5334.313477
1591.500000,5321.483398
1592.000000,5310.270996
1592.500000,5300.158691
1593.000000,5290.421387
1593.500000,5280.608887
1594.000000,5269.658691
1594.500000,5255.554199
1595.000000,5237.732910
1595.500000,5217.927734
1596.000000,5199.910156
1596.500000,5185.979492
1597.000000,5174.325684
1597.500000,5160.126465
1598.000000,5139.030762
1598.500000,5113.814453
1599.000000,5090.131348
1599.500000,5072.927734
1600.000000,5061.576172
1600.500000,5049.614258
1601.000000,5030.785645
1601.500000,5002.809570
1602.000000,4970.310059
1602.500000,4939.567871
1603.000000,4914.781738
1603.500000,4897.308105
1604.000000,4883.764648
1604.500000,4870.952637
1605.000000,4855.704102
1605.500000,4835.791992
1606.000000,4810.659668
1606.500000,4783.167480
1607.000000,4757.790039
1607.500000,4737.491211
1608.000000,4723.964355
1608.500000,4713.615723
1609.000000,4702.947754
1609.500000,4689.952148
1610.000000,4675.645996
1610.500000,4662.297363
1611.000000,4650.932617
1611.500000,4640.547852
1612.000000,4628.899414
1612.500000,4614.190430
1613.000000,4598.173828
1613.500000,4584.044434
1614.000000,4573.936035
1614.500000,4567.975586
1615.000000,4562.895508
1615.500000,4554.198730
1616.000000,4538.812012
1616.500000,4518.842285
1617.000000,4497.984863
1617.500000,4479.732910
1618.000000,4465.112305
1618.500000,4451.187012
1619.000000,4434.828613
1619.500000,4416.153320
1620.000000,4397.722168
1620.500000,4381.788574
1621.000000,4367.321289
1621.500000,4350.204590
1622.000000,4327.156738
1622.500000,4298.291504
1623.000000,4269.992188
1623.500000,4248.702637
1624.000000,4235.433105
1624.500000,4226.923340
1625.000000,4216.498535
1625.500000,4199.333496
1626.000000,4174.839355
1626.500000,4146.496094
1627.000000,4117.490723
1627.500000,4090.368652
1628.000000,4067.126221
1628.500000,4047.472900
1629.000000,4029.913818
1629.500000,4011.445557
1630.000000,3989.486572
1630.500000,3964.040771
1631.000000,3938.557861
1631.500000,3917.915771
1632.000000,3902.405029
1632.500000,3889.678223
1633.000000,3875.022949
1633.500000,3855.692139
1634.000000,3833.190918
1634.500000,3810.375732
1635.000000,3788.955566
1635.500000,3768.645996
1636.000000,3749.039795
1636.500000,3730.455322
1637.000000,3713.750000
1637.500000,3697.512451
1638.000000,3678.380615
1638.500000,3654.687988
1639.000000,3627.265625
1639.500000,3600.273193
1640.000000,3577.796387
1640.500000,3561.299316
1641.000000,3547.805908
1641.500000,3534.325439
1642.000000,3519.166016
1642.500000,3501.528564
1643.000000,3481.757324
1643.500000,3459.162109
1644.000000,3434.439941
1644.500000,3409.069092
1645.000000,3385.107178
1645.500000,3363.848633
1646.000000,3345.653564
1646.500000,3329.209229
1647.000000,3313.217773
1647.500000,3296.317383
1648.000000,3277.133057
1648.500000,3255.705566
1649.000000,3233.376465
1649.500000,3213.023926
1650.000000,3196.459717
1650.500000,3182.860352
1651.000000,3168.711426
1651.500000,3150.373535
1652.000000,3128.189453
1652.500000,3105.205811
1653.000000,3085.356201
1653.500000,3070.436279
1654.000000,3058.614258
1654.500000,3047.249756
1655.000000,3034.604004
1655.500000,3020.568115
1656.000000,3005.205078
1656.500000,2988.361328
1657.000000,2969.280518
1657.500000,2949.153564
1658.000000,2930.334229
1658.500000,2914.633301
1659.000000,2901.898193
1659.500000,2889.802979
1660.000000,2875.970703
1660.500000,2859.786377
1661.000000,2843.210205
1661.500000,2828.697998
1662.000000,2816.403076
1662.500000,2805.358398
1663.000000,2793.929199
1663.500000,2781.582520
1664.000000,2768.849121
1664.500000,2755.995361
1665.000000,2742.432373
1665.500000,2727.744385
1666.000000,2712.582520
1666.500000,2698.771484
1667.000000,2687.989746
1667.500000,2678.727051
1668.000000,2668.624268
1668.500000,2656.180908
1669.000000,2642.012695
1669.500000,2628.588867
1670.000000,2617.632568
1670.500000,2609.015869
1671.000000,2601.216064
1671.500000,2593.691650
1672.000000,2586.707520
1672.500000,2580.066162
1673.000000,2571.683105
1673.500000,2558.569092
1674.000000,2540.419678
1674.500000,2520.624512
1675.000000,2505.166748
1675.500000,2497.247559
1676.000000,2496.023682
1676.500000,2495.631104
1677.000000,2491.079346
1677.500000,2482.250000
1678.000000,2472.065674
1678.500000,2464.108398
1679.000000,2458.719238
1679.500000,2453.275879
1680.000000,2445.138184
1680.500000,2434.045410
1681.000000,2423.206055
1681.500000,2415.883301
1682.000000,2411.335693
1682.500000,2407.019531
1683.000000,2400.372070
1683.500000,2391.659180
1684.000000,2384.329102
1684.500000,2381.078613
1685.000000,2381.560547
1685.500000,2381.907715
1686.000000,2377.649902
1686.500000,2368.976074
1687.000000,2358.719238
1687.500000,2350.644043
1688.000000,2346.465576
1688.500000,2344.437744
1689.000000,2341.496338
1689.500000,2335.729980
1690.000000,2327.549316
1690.500000,2318.378906
1691.000000,2310.125488
1691.500000,2304.702637
1692.000000,2301.695801
1692.500000,2299.956055
1693.000000,2297.291992
1693.500000,2292.201416
1694.000000,2285.590820
1694.500000,2280.793213
1695.000000,2281.003662
1695.500000,2285.341797
1696.000000,2289.812500
1696.500000,2289.051270
1697.000000,2278.100098
1697.500000,2260.783203
1698.000000,2242.768555
1698.500000,2230.000488
1699.000000,2225.239014
1699.500000,2226.968262
1700.000000,2229.520996
1700.500000,2228.054443
1701.000000,2221.952637
1701.500000,2212.729492
1702.000000,2204.370605
1702.500000,2199.074463
1703.000000,2195.489990
1703.500000,2191.295166
1704.000000,2185.406250
1704.500000,2178.958252
1705.000000,2173.656738
1705.500000,2168.913086
1706.000000,2162.041992
1706.500000,2151.862793
1707.000000,2139.651367
1707.500000,2129.929199
1708.000000,2126.062744
1708.500000,2126.711670
1709.000000,2127.732422
1709.500000,2125.447998
1710.000000,2119.595703
1710.500000,2112.264160
1711.000000,2105.476074
1711.500000,2099.228027
1712.000000,2092.519043
1712.500000,2085.180908
1713.000000,2078.504639
1713.500000,2073.786621
1714.000000,2071.035889
1714.500000,2068.819824
1715.000000,2065.205322
1715.500000,2059.253662
1716.000000,2050.893555
1716.500000,2042.143066
1717.000000,2035.608398
1717.500000,2033.035278
1718.000000,2034.570435
1718.500000,2037.640259
1719.000000,2039.591064
1719.500000,2039.347168
1720.000000,2038.094971
1720.500000,2037.146973
1721.000000,2036.027222
1721.500000,2032.405396
1722.000000,2025.250122
1722.500000,2015.258667
1723.000000,2005.913208
1723.500000,2000.515991
1724.000000,2000.031372
1724.500000,2002.289673
1725.000000,2003.806274
1725.500000,2001.481934
1726.000000,1993.647827
1726.500000,1983.176147
1727.000000,1973.675171
1727.500000,1968.141968
1728.000000,1967.238403
1728.500000,1968.093262
1729.000000,1967.613525
1729.500000,1964.266968
1730.000000,1958.846069
1730.500000,1951.847656
1731.000000,1943.820801
1731.500000,1934.930542
1732.000000,1926.761353
1732.500000,1921.767700
1733.000000,1920.592896
1733.500000,1920.444946
1734.000000,1917.460693
1734.500000,1910.220703
1735.000000,1900.388184
1735.500000,1892.553345
1736.000000,1890.112427
1736.500000,1891.300659
1737.000000,1893.038696
1737.500000,1892.223022
1738.000000,1887.866943
1738.500000,1881.567749
1739.000000,1875.403809
1739.500000,1870.625854
1740.000000,1867.088501
1740.500000,1864.440674
1741.000000,1862.299316
1741.500000,1861.079590
1742.000000,1860.602051
1742.500000,1859.428589
1743.000000,1855.108521
1743.500000,1846.383301
1744.000000,1834.047974
1744.500000,1821.331665
1745.000000,1811.575562
1745.500000,1805.136963
1746.000000,1801.155762
1746.500000,1797.988281
1747.000000,1795.329590
1747.500000,1793.124756
1748.000000,1790.577881
1748.500000,1786.479126
1749.000000,1780.787720
1749.500000,1775.027588
1750.000000,1771.369019
1750.500000,1770.843018
1751.000000,1771.360840
1751.500000,1770.694214
1752.000000,1767.812622
1752.500000,1762.955322
1753.000000,1757.163452
1753.500000,1750.848633
1754.000000,1743.944824
1754.500000,1736.775024
1755.000000,1730.232788
1755.500000,1724.848999
1756.000000,1720.964600
1756.500000,1718.193726
1757.000000,1716.765869
1757.500000,1716.920044
1758.000000,1718.449341
1758.500000,1720.216431
1759.000000,1720.489868
1759.500000,1717.615845
1760.000000,1712.672607
1760.500000,1707.339233
1761.000000,1702.936157
1761.500000,1699.030151
1762.000000,1693.822998
1762.500000,1686.789673
1763.000000,1680.170410
1763.500000,1677.412598
1764.000000,1680.658936
1764.500000,1686.403809
1765.000000,1688.358887
1765.500000,1683.702026
1766.000000,1672.682251
1766.500000,1661.078491
1767.000000,1653.786255
1767.500000,1651.136597
1768.000000,1650.447144
1768.500000,1649.090088
1769.000000,1646.882324
1769.500000,1645.731079
1770.000000,1646.476196
1770.500000,1648.085571
1771.000000,1647.683228
1771.500000,1642.881958
1772.000000,1634.835815
1772.500000,1626.228394
1773.000000,1619.518921
1773.500000,1614.822144
1774.000000,1609.946899
1774.500000,1603.226440
1775.000000,1594.993530
1775.500000,1588.078735
1776.000000,1585.344482
1776.500000,1585.887695
1777.000000,1587.515869
1777.500000,1588.037231
1778.000000,1586.626831
1778.500000,1583.493408
1779.000000,1579.157593
1779.500000,1573.731201
1780.000000,1568.150635
1780.500000,1563.584473
1781.000000,1559.927002
1781.500000,1556.451416
1782.000000,1552.989502
1782.500000,1550.979004
1783.000000,1551.662720
1783.500000,1553.157227
1784.000000,1551.281372
1784.500000,1544.171143
1785.000000,1533.476074
1785.500000,1525.528564
1786.000000,1523.871826
1786.500000,1525.752563
1787.000000,1525.899536
1787.500000,1521.578857
1788.000000,1515.229248
1788.500000,1510.635132
1789.000000,1509.222168
1789.500000,1510.238037
1790.000000,1511.008667
1790.500000,1510.146484
1791.000000,1507.407104
1791.500000,1502.494019
1792.000000,1496.253174
1792.500000,1490.193604
1793.000000,1485.437012
1793.500000,1481.884766
1794.000000,1479.331665
1794.500000,1477.931152
1795.000000,1478.557251
1795.500000,1479.847656
1796.000000,1478.531982
1796.500000,1473.202026
1797.000000,1466.299683
1797.500000,1462.229004
1798.000000,1462.793945
1798.500000,1465.451660
1799.000000,1465.937134
1799.500000,1462.940796
1800.000000,1459.112549
1800.500000,1456.100830
1801.000000,1452.990601
1801.500000,1448.766968
1802.000000,1444.358276
1802.500000,1441.122437
1803.000000,1437.976196
1803.500000,1432.665649
1804.000000,1425.424072
1804.500000,1420.401978
1805.000000,1422.279297
1805.500000,1427.720947
1806.000000,1431.502686
1806.500000,1430.905273
1807.000000,1427.362793
1807.500000,1423.338257
1808.000000,1418.648560
1808.500000,1412.677490
1809.000000,1407.859497
1809.500000,1407.912964
1810.000000,1409.560791
