440.000000,1685.843628
440.500000,1684.590576
441.000000,1682.022217
441.500000,1678.612549
442.000000,1674.863403
442.500000,1670.941895
443.000000,1666.970337
443.500000,1663.210815
444.000000,1660.087280
444.500000,1658.244873
445.000000,1658.090210
445.500000,1659.794556
446.000000,1663.228149
446.500000,1667.284180
447.000000,1671.087158
447.500000,1673.973145
448.000000,1675.269653
448.500000,1675.348022
449.000000,1675.056274
449.500000,1675.322876
450.000000,1676.754028
450.500000,1679.322998
451.000000,1682.011963
451.500000,1683.255615
452.000000,1682.397461
452.500000,1678.826782
453.000000,1673.740112
453.500000,1668.534790
454.000000,1664.681030
454.500000,1662.860962
455.000000,1662.892456
455.500000,1664.122192
456.000000,1665.808838
456.500000,1667.226196
457.000000,1667.834473
457.500000,1667.405396
458.000000,1665.293213
458.500000,1661.430786
459.000000,1656.062866
459.500000,1650.443726
460.000000,1646.000610
460.500000,1644.063232
461.000000,1645.181885
461.500000,1649.383423
462.000000,1654.767456
462.500000,1660.101807
463.000000,1664.530640
463.500000,1667.618042
464.000000,1669.829712
464.500000,1671.821777
465.000000,1673.900146
465.500000,1675.989990
466.000000,1677.683960
466.500000,1678.438965
467.000000,1677.655273
467.500000,1675.525024
468.000000,1671.963867
468.500000,1667.555542
469.000000,1662.970703
469.500000,1659.149536
470.000000,1656.770874
470.500000,1656.179077
471.000000,1657.013428
471.500000,1658.717041
472.000000,1660.211792
472.500000,1660.797852
473.000000,1660.651855
473.500000,1660.181885
474.000000,1660.050903
474.500000,1660.707275
475.000000,1661.829590
475.500000,1662.795654
476.000000,1663.055542
476.500000,1662.604736
477.000000,1661.882446
477.500000,1661.729370
478.000000,1662.607422
478.500000,1664.136230
479.000000,1665.573486
479.500000,1665.988403
480.000000,1665.054077
480.500000,1663.371460
481.000000,1661.906738
481.500000,1661.517822
482.000000,1662.168823
482.500000,1663.132202
483.000000,1663.236084
483.500000,1661.782715
484.000000,1659.091309
484.500000,1656.049072
485.000000,1653.904175
485.500000,1653.131348
486.000000,1653.306519
486.500000,1653.312622
487.000000,1651.754272
487.500000,1648.046631
488.000000,1641.762085
488.500000,1633.871216
489.000000,1625.007080
489.500000,1615.852661
490.000000,1606.990601
490.500000,1599.112915
491.000000,1592.543091
491.500000,1587.827759
492.000000,1584.651611
492.500000,1582.974121
493.000000,1582.095703
493.500000,1581.565918
494.000000,1581.177612
494.500000,1580.933716
495.000000,1580.767090
495.500000,1580.349121
496.000000,1578.853271
496.500000,1576.058960
497.000000,1571.824219
497.500000,1567.065430
498.000000,1562.845825
498.500000,1560.136841
499.000000,1559.125977
499.500000,1559.015015
500.000000,1558.811401
500.500000,1557.774170
501.000000,1555.950317
501.500000,1554.186157
502.000000,1553.484619
502.500000,1554.636108
503.000000,1557.264038
503.500000,1560.697632
504.000000,1563.718018
504.500000,1565.346680
505.000000,1565.254517
505.500000,1563.791626
506.000000,1561.354004
506.500000,1558.759766
507.000000,1556.853027
507.500000,1555.877563
508.000000,1555.924072
508.500000,1556.477051
509.000000,1556.781738
509.500000,1555.962036
510.000000,1553.824951
510.500000,1550.972656
511.000000,1548.613892
511.500000,1548.365234
512.000000,1550.715454
512.500000,1555.976074
513.000000,1562.208252
513.500000,1567.708862
514.000000,1571.230469
514.500000,1572.334106
515.000000,1571.365234
515.500000,1569.699341
516.000000,1568.282837
516.500000,1567.350586
517.000000,1566.780273
517.500000,1566.175049
518.000000,1565.440796
518.500000,1565.032837
519.000000,1565.602661
519.500000,1567.568237
520.000000,1570.743164
520.500000,1574.473389
521.000000,1577.519165
521.500000,1578.647339
522.000000,1577.934937
522.500000,1575.468018
523.000000,1572.299072
523.500000,1569.682251
524.000000,1568.606445
524.500000,1569.351685
525.000000,1571.870728
525.500000,1575.482544
526.000000,1579.637329
526.500000,1583.614380
527.000000,1586.912842
527.500000,1589.460083
528.000000,1591.127930
528.500000,1592.069458
529.000000,1592.545288
529.500000,1593.086670
530.000000,1594.263428
530.500000,1596.580688
531.000000,1599.906494
531.500000,1603.989990
532.000000,1607.884888
532.500000,1610.593262
533.000000,1611.924683
533.500000,1612.074463
534.000000,1611.723145
534.500000,1611.612671
535.000000,1612.160889
535.500000,1612.915527
536.000000,1613.050659
536.500000,1612.106689
537.000000,1609.783081
537.500000,1606.806030
538.000000,1604.447632
538.500000,1603.762939
539.000000,1605.190552
539.500000,1608.501709
540.000000,1612.640747
540.500000,1616.266357
541.000000,1618.222900
541.500000,1617.679199
542.000000,1615.317749
542.500000,1611.802368
543.000000,1608.390625
543.500000,1606.389648
544.000000,1606.530029
544.500000,1608.436035
545.000000,1611.467651
545.500000,1614.526855
546.000000,1616.523926
546.500000,1616.888428
547.000000,1615.051514
547.500000,1611.338867
548.000000,1605.718750
548.500000,1598.578857
549.000000,1590.550659
549.500000,1582.673218
550.000000,1576.083618
550.500000,1571.711670
551.000000,1569.179688
551.500000,1568.088867
552.000000,1567.234131
552.500000,1565.689697
553.000000,1563.494263
553.500000,1561.250366
554.000000,1559.610474
554.500000,1558.770508
555.000000,1558.399780
555.500000,1557.613281
556.000000,1555.725952
556.500000,1553.230103
557.000000,1551.074341
557.500000,1550.331543
558.000000,1551.994141
558.500000,1556.183838
559.000000,1561.966797
559.500000,1568.496826
560.000000,1574.990479
560.500000,1580.814575
561.000000,1585.574341
561.500000,1587.961304
562.000000,1587.716919
562.500000,1584.333740
563.000000,1578.692261
563.500000,1572.404053
564.000000,1567.699219
564.500000,1566.532715
565.000000,1569.626587
565.500000,1575.286133
566.000000,1581.905396
566.500000,1587.565430
567.000000,1591.039917
567.500000,1592.835449
568.000000,1594.515503
568.500000,1597.515381
569.000000,1602.462158
569.500000,1609.188354
570.000000,1616.418701
570.500000,1622.356323
571.000000,1626.175415
571.500000,1627.099976
572.000000,1625.651855
572.500000,1621.930054
573.000000,1616.358521
573.500000,1609.083740
574.000000,1600.610107
574.500000,1591.800781
575.000000,1583.667114
575.500000,1576.867676
576.000000,1571.969116
576.500000,1568.015137
577.000000,1563.368652
577.500000,1556.681885
578.000000,1547.241699
578.500000,1535.571167
579.000000,1523.281860
579.500000,1512.600952
580.000000,1504.853882
580.500000,1500.710938
581.000000,1498.658936
581.500000,1497.442261
582.000000,1495.573608
582.500000,1492.110962
583.000000,1487.343994
583.500000,1482.404663
584.000000,1478.412354
584.500000,1475.921265
585.000000,1475.099121
585.500000,1474.916016
586.000000,1473.833984
586.500000,1470.967041
587.000000,1465.862915
587.500000,1459.363647
588.000000,1452.845581
588.500000,1447.960571
589.000000,1445.997681
589.500000,1447.355713
590.000000,1450.891846
590.500000,1455.794800
591.000000,1460.664307
591.500000,1464.349976
592.000000,1466.108032
592.500000,1465.401611
593.000000,1462.479614
593.500000,1458.069092
594.000000,1453.355713
594.500000,1449.851562
595.000000,1449.531738
595.500000,1452.629272
596.000000,1458.797119
596.500000,1466.024780
597.000000,1472.314209
597.500000,1476.051758
598.000000,1476.243774
598.500000,1472.850952
599.000000,1467.512695
599.500000,1461.526978
600.000000,1456.133423
600.500000,1452.409302
601.000000,1450.377808
601.500000,1450.286499
602.000000,1451.436035
602.500000,1453.308228
603.000000,1455.457153
603.500000,1457.573242
604.000000,1459.468872
604.500000,1461.050903
605.000000,1462.086670
605.500000,1462.591797
606.000000,1462.462402
606.500000,1461.937256
607.000000,1461.303223
607.500000,1460.939209
608.000000,1461.270142
608.500000,1462.556763
609.000000,1464.862427
609.500000,1468.419678
610.000000,1472.932617
610.500000,1478.088135
611.000000,1482.898438
611.500000,1485.957764
612.000000,1486.783447
612.500000,1485.582153
613.000000,1483.636719
613.500000,1482.739746
614.000000,1484.565308
614.500000,1489.090210
615.000000,1494.870239
615.500000,1499.547241
616.000000,1501.119507
616.500000,1499.627197
617.000000,1495.909058
617.500000,1491.928467
618.000000,1489.378418
618.500000,1488.677979
619.000000,1489.179321
619.500000,1490.413574
620.000000,1492.039917
620.500000,1494.359009
621.000000,1497.330444
621.500000,1500.019531
622.000000,1500.846313
622.500000,1498.262085
623.000000,1491.903687
623.500000,1483.256104
624.000000,1474.946167
624.500000,1469.728760
625.000000,1469.326904
625.500000,1471.770996
626.000000,1475.007690
626.500000,1476.760254
627.000000,1475.865356
627.500000,1473.170288
628.000000,1471.075195
628.500000,1471.888916
629.000000,1476.242920
629.500000,1484.434937
630.000000,1494.712524
630.500000,1505.770020
631.000000,1516.064209
631.500000,1524.504272
632.000000,1530.891846
632.500000,1535.321167
633.000000,1538.347412
633.500000,1540.987427
634.000000,1544.316528
634.500000,1548.914062
635.000000,1554.750366
635.500000,1560.776367
636.000000,1565.956665
636.500000,1569.751587
637.000000,1572.028564
637.500000,1573.249634
638.000000,1574.011597
638.500000,1574.551514
639.000000,1574.912964
639.500000,1575.279541
640.000000,1576.215454
640.500000,1578.934937
641.000000,1584.141357
641.500000,1592.112061
642.000000,1601.464355
642.500000,1610.527588
643.000000,1617.904419
643.500000,1623.298584
644.000000,1627.089355
644.500000,1630.664917
645.000000,1635.049194
645.500000,1640.043701
646.000000,1644.932861
646.500000,1648.934570
647.000000,1651.603516
647.500000,1653.127563
648.000000,1654.034058
648.500000,1654.543335
649.000000,1654.454224
649.500000,1653.024170
650.000000,1650.158203
650.500000,1645.681519
651.000000,1640.223267
651.500000,1634.130615
652.000000,1627.464233
652.500000,1619.909424
653.000000,1611.267944
653.500000,1602.088745
654.000000,1593.595703
654.500000,1587.026611
655.000000,1583.995972
655.500000,1583.353027
656.000000,1583.308472
656.500000,1581.725342
657.000000,1577.182373
657.500000,1569.859375
658.000000,1561.670288
658.500000,1555.544067
659.000000,1553.175537
659.500000,1555.352173
660.000000,1559.781128
660.500000,1564.362549
661.000000,1567.190308
661.500000,1567.302612
662.000000,1565.247803
662.500000,1562.329834
663.000000,1559.246338
663.500000,1555.782349
664.000000,1550.934326
664.500000,1544.294067
665.000000,1535.660767
665.500000,1526.427734
666.000000,1518.350342
666.500000,1512.269775
667.000000,1507.985840
667.500000,1504.439331
668.000000,1500.398438
668.500000,1495.164795
669.000000,1489.230103
669.500000,1483.733032
670.000000,1479.301758
670.500000,1475.864136
671.000000,1472.409546
671.500000,1467.827515
672.000000,1461.665527
672.500000,1454.544922
673.000000,1448.134033
673.500000,1443.939453
674.000000,1443.197021
674.500000,1444.955688
675.000000,1448.228760
675.500000,1451.211182
676.000000,1452.460083
676.500000,1451.575073
677.000000,1449.378052
677.500000,1447.316406
678.000000,1446.616089
678.500000,1448.090820
679.000000,1451.065552
679.500000,1454.529053
680.000000,1457.077026
680.500000,1457.924561
681.000000,1457.936157
681.500000,1458.549805
682.000000,1461.007812
682.500000,1465.434814
683.000000,1470.784424
683.500000,1475.028931
684.000000,1475.607788
684.500000,1473.210083
685.000000,1469.229492
685.500000,1466.243042
686.000000,1466.362915
686.500000,1469.868530
687.000000,1475.445557
687.500000,1480.799927
688.000000,1484.147827
688.500000,1485.122314
689.000000,1485.205322
689.500000,1486.017944
690.000000,1488.471680
690.500000,1492.812744
691.000000,1498.029419
691.500000,1502.808594
692.000000,1506.326782
692.500000,1508.580566
693.000000,1509.888306
693.500000,1510.983276
694.000000,1512.571533
694.500000,1515.049438
695.000000,1518.858398
695.500000,1523.559082
696.000000,1528.253418
696.500000,1531.868774
697.000000,1533.681030
697.500000,1533.683960
698.000000,1533.071167
698.500000,1533.512695
699.000000,1535.963745
699.500000,1540.044800
700.000000,1543.497437
700.500000,1543.633667
701.000000,1539.218872
701.500000,1530.531982
702.000000,1519.692261
702.500000,1509.829102
703.000000,1503.859741
703.500000,1501.495117
704.000000,1502.249878
704.500000,1504.038818
705.000000,1505.795410
705.500000,1507.112915
706.000000,1508.077026
706.500000,1508.758423
707.000000,1508.794067
707.500000,1507.573853
708.000000,1505.061646
708.500000,1501.490601
709.000000,1497.847046
709.500000,1495.093628
710.000000,1493.565918
710.500000,1493.318848
711.000000,1493.745117
711.500000,1494.333374
712.000000,1494.796021
712.500000,1495.028442
713.000000,1495.013916
713.500000,1494.936890
714.000000,1495.222046
714.500000,1496.364380
715.000000,1498.835693
715.500000,1502.210571
716.000000,1505.570435
716.500000,1507.791870
717.000000,1508.303345
717.500000,1507.373535
718.000000,1506.493530
718.500000,1507.883911
719.000000,1512.036621
719.500000,1518.812500
720.000000,1526.416016
720.500000,1533.194946
721.000000,1538.236450
721.500000,1541.609985
722.000000,1544.067017
722.500000,1546.617310
723.000000,1549.850830
723.500000,1553.819702
724.000000,1559.013672
724.500000,1565.778564
725.000000,1575.109985
725.500000,1587.223022
726.000000,1601.999756
726.500000,1618.560913
727.000000,1635.559082
727.500000,1652.195190
728.000000,1668.384521
728.500000,1684.514160
729.000000,1701.256348
729.500000,1719.571167
730.000000,1739.924561
730.500000,1763.012817
731.000000,1788.487183
731.500000,1815.063232
732.000000,1840.694336
732.500000,1863.175293
733.000000,1879.593750
733.500000,1889.872437
734.000000,1892.792236
734.500000,1890.238159
735.000000,1882.722290
735.500000,1871.363403
736.000000,1856.198242
736.500000,1837.212524
737.000000,1815.087646
737.500000,1790.357666
738.000000,1764.354492
738.500000,1737.637451
739.000000,1710.649780
739.500000,1683.620850
740.000000,1657.229248
740.500000,1632.956421
741.000000,1612.462769
741.500000,1596.979980
742.000000,1587.276611
742.500000,1581.848022
743.000000,1579.444580
743.500000,1577.507324
744.000000,1574.661621
744.500000,1570.575317
745.000000,1565.256226
745.500000,1559.183472
746.000000,1552.861328
746.500000,1546.864990
747.000000,1541.880859
747.500000,1539.063965
748.000000,1538.565552
748.500000,1540.862915
749.000000,1544.773438
749.500000,1549.220337
750.000000,1552.954224
750.500000,1555.188599
751.000000,1555.968018
751.500000,1555.999512
752.000000,1556.034546
752.500000,1556.291382
753.000000,1556.403931
753.500000,1555.873779
754.000000,1554.256470
754.500000,1551.904785
755.000000,1549.449707
755.500000,1547.573486
756.000000,1546.499634
756.500000,1545.823486
757.000000,1545.021118
757.500000,1543.983154
758.000000,1543.162842
758.500000,1543.356689
759.000000,1544.598267
759.500000,1546.160767
760.000000,1546.272217
760.500000,1542.967773
761.000000,1535.930176
761.500000,1526.874268
762.000000,1518.635010
762.500000,1513.719604
763.000000,1514.401367
763.500000,1518.926147
764.000000,1525.110962
764.500000,1529.681885
765.000000,1530.704224
765.500000,1528.989502
766.000000,1526.784668
766.500000,1526.496948
767.000000,1529.084717
767.500000,1534.427124
768.000000,1540.358643
768.500000,1544.608032
769.000000,1546.069458
769.500000,1544.633545
770.000000,1541.661499
770.500000,1538.316895
771.000000,1535.271606
771.500000,1532.595825
772.000000,1530.129028
772.500000,1527.759399
773.000000,1525.740479
773.500000,1524.291138
774.000000,1523.417969
774.500000,1522.550659
775.000000,1521.011719
775.500000,1518.506470
776.000000,1515.425781
776.500000,1512.771851
777.000000,1511.608765
777.500000,1513.062988
778.000000,1516.610840
778.500000,1521.206299
779.000000,1524.982666
779.500000,1526.139404
780.000000,1523.867798
780.500000,1518.087769
781.000000,1509.604614
781.500000,1500.182007
782.000000,1491.703491
782.500000,1485.506836
783.000000,1482.928101
783.500000,1482.869629
784.000000,1484.651855
784.500000,1487.136841
785.000000,1489.852905
785.500000,1492.895752
786.000000,1496.596313
786.500000,1501.051636
787.000000,1505.540649
787.500000,1508.370605
788.000000,1508.666382
788.500000,1505.698853
789.000000,1500.824829
789.500000,1495.807007
790.000000,1492.486572
790.500000,1491.907837
791.000000,1493.996460
791.500000,1497.332275
792.000000,1500.293457
792.500000,1501.798218
793.000000,1501.338867
793.500000,1499.711304
794.000000,1497.617065
794.500000,1495.820068
795.000000,1494.821411
795.500000,1494.807983
796.000000,1495.669189
796.500000,1497.229736
797.000000,1498.960449
797.500000,1500.133057
798.000000,1500.232666
798.500000,1498.559326
799.000000,1495.238037
799.500000,1490.512207
800.000000,1485.119751
800.500000,1479.888306
801.000000,1475.544067
801.500000,1472.420898
802.000000,1470.901733
802.500000,1470.594971
803.000000,1471.461304
803.500000,1472.849609
804.000000,1473.963257
804.500000,1473.831177
805.000000,1471.480835
805.500000,1466.488647
806.000000,1459.557983
806.500000,1452.121094
807.000000,1446.134644
807.500000,1443.461426
808.000000,1443.555786
808.500000,1445.553955
809.000000,1447.456665
809.500000,1447.652588
810.000000,1445.725220
810.500000,1442.550537
811.000000,1439.659058
811.500000,1438.312378
812.000000,1438.913818
812.500000,1440.185425
813.000000,1440.931641
813.500000,1440.741821
814.000000,1440.209717
814.500000,1440.752686
815.000000,1443.726196
815.500000,1449.521851
816.000000,1456.892822
816.500000,1463.804321
817.000000,1468.532471
817.500000,1470.048462
818.000000,1469.666992
818.500000,1468.672119
819.000000,1468.331421
819.500000,1469.079224
820.000000,1470.395874
820.500000,1471.296997
821.000000,1470.864624
821.500000,1468.975342
822.000000,1465.733643
822.500000,1462.124878
823.000000,1459.023682
823.500000,1457.147705
824.000000,1457.270264
824.500000,1459.486694
825.000000,1463.328247
825.500000,1467.723755
826.000000,1471.270142
826.500000,1472.645264
827.000000,1472.008057
827.500000,1470.182129
828.000000,1468.768799
828.500000,1468.923218
829.000000,1470.632690
829.500000,1473.201050
830.000000,1475.621460
830.500000,1477.309448
831.000000,1478.337769
831.500000,1479.399658
832.000000,1481.225098
832.500000,1483.784302
833.000000,1486.689087
833.500000,1489.457764
834.000000,1492.017822
834.500000,1494.739868
835.000000,1498.113647
835.500000,1502.399048
836.000000,1507.286987
836.500000,1512.358398
837.000000,1517.315918
837.500000,1522.417847
838.000000,1528.170410
838.500000,1534.824341
839.000000,1541.670532
839.500000,1547.245728
840.000000,1549.981812
840.500000,1549.391113
841.000000,1545.898804
841.500000,1541.798584
842.000000,1539.794922
842.500000,1541.050903
843.000000,1546.020630
843.500000,1552.322388
844.000000,1557.295288
844.500000,1559.032349
845.000000,1557.082275
845.500000,1552.049927
846.000000,1545.745728
846.500000,1539.492554
847.000000,1533.949951
847.500000,1529.222046
848.000000,1524.899048
848.500000,1520.985962
849.000000,1517.876099
849.500000,1516.178589
850.000000,1516.177002
850.500000,1517.268555
851.000000,1518.337891
851.500000,1518.198975
852.000000,1515.850464
852.500000,1512.171265
853.000000,1508.819580
853.500000,1507.843018
854.000000,1510.897217
854.500000,1517.561646
855.000000,1525.282104
855.500000,1530.947510
856.000000,1532.652222
856.500000,1529.033081
857.000000,1522.208130
857.500000,1514.029053
858.000000,1506.596313
858.500000,1500.953491
859.000000,1496.833496
859.500000,1493.454224
860.000000,1490.111938
860.500000,1486.463379
861.000000,1482.334473
861.500000,1477.730835
862.000000,1472.659180
862.500000,1467.671753
863.000000,1463.812622
863.500000,1461.923096
864.000000,1462.374634
864.500000,1464.359741
865.000000,1466.198608
865.500000,1466.281128
866.000000,1464.615356
866.500000,1462.614136
867.000000,1462.310303
867.500000,1465.403931
868.000000,1471.129639
868.500000,1477.608521
869.000000,1482.265869
869.500000,1483.221680
870.000000,1479.824219
870.500000,1473.499390
871.000000,1465.827393
871.500000,1458.807495
872.000000,1454.186768
872.500000,1452.212280
873.000000,1453.341309
873.500000,1456.987671
874.000000,1462.413452
874.500000,1468.600830
875.000000,1474.513916
875.500000,1479.345947
876.000000,1482.938843
876.500000,1484.911255
877.000000,1485.544556
877.500000,1484.496338
878.000000,1481.932251
878.500000,1478.226074
879.000000,1474.311279
879.500000,1471.382935
880.000000,1470.611206
880.500000,1472.195190
881.000000,1476.183716
881.500000,1481.254272
882.000000,1486.259277
882.500000,1490.266968
883.000000,1492.755127
883.500000,1494.062988
884.000000,1494.888062
884.500000,1496.009155
885.000000,1497.816895
885.500000,1500.370850
886.000000,1503.209351
886.500000,1505.729736
887.000000,1507.400513
887.500000,1507.452026
888.000000,1505.600952
888.500000,1501.560181
889.000000,1495.658203
889.500000,1488.888794
890.000000,1482.723633
890.500000,1478.641602
891.000000,1478.163330
891.500000,1480.612671
892.000000,1485.372925
892.500000,1490.567261
893.000000,1494.535156
893.500000,1496.303955
894.000000,1495.693726
894.500000,1493.287842
895.000000,1490.419922
895.500000,1488.465820
896.000000,1488.113159
896.500000,1489.702637
897.000000,1491.950562
897.500000,1493.110962
898.000000,1491.914673
898.500000,1487.926758
899.000000,1482.124512
899.500000,1476.394531
900.000000,1472.559448
900.500000,1471.026245
901.000000,1471.564575
901.500000,1472.494873
902.000000,1472.605713
902.500000,1471.751953
903.000000,1470.661987
903.500000,1470.438599
904.000000,1471.513916
904.500000,1473.239868
905.000000,1474.349365
905.500000,1473.657227
906.000000,1471.386719
906.500000,1468.214233
907.000000,1465.431885
907.500000,1463.918213
908.000000,1463.551758
908.500000,1463.640259
909.000000,1463.344971
909.500000,1462.252563
910.000000,1460.378418
910.500000,1458.195435
911.000000,1455.974121
911.500000,1453.758301
912.000000,1451.501221
912.500000,1449.298584
913.000000,1447.424805
913.500000,1446.080200
914.000000,1445.173340
914.500000,1444.338257
915.000000,1443.186523
915.500000,1441.611328
916.000000,1440.062256
916.500000,1439.180298
917.000000,1439.035278
917.500000,1439.018799
918.000000,1437.945435
918.500000,1434.979126
919.000000,1430.396484
919.500000,1425.806519
920.000000,1423.438721
920.500000,1424.268799
921.000000,1428.831665
921.500000,1434.837402
922.000000,1439.759033
922.500000,1441.600464
923.000000,1439.377686
923.500000,1434.012207
924.000000,1427.693359
924.500000,1422.865234
925.000000,1421.012573
925.500000,1422.984375
926.000000,1427.131348
926.500000,1431.830444
927.000000,1435.240967
927.500000,1436.123657
928.000000,1434.747192
928.500000,1432.389404
929.000000,1430.796631
929.500000,1431.183228
930.000000,1434.081909
930.500000,1438.215454
931.000000,1441.936523
931.500000,1443.861084
932.000000,1443.050659
932.500000,1440.212524
933.000000,1436.703857
933.500000,1433.929077
934.000000,1432.653442
934.500000,1433.006104
935.000000,1434.173462
935.500000,1435.467529
936.000000,1436.549438
936.500000,1437.810791
937.000000,1440.009155
937.500000,1443.848389
938.000000,1448.961548
938.500000,1453.851807
939.000000,1456.319824
939.500000,1455.094604
940.000000,1449.674316
940.500000,1442.720947
941.000000,1437.395874
941.500000,1435.501709
942.000000,1437.522827
942.500000,1441.321411
943.000000,1444.320068
943.500000,1444.926636
944.000000,1443.623657
944.500000,1442.162720
945.000000,1442.292236
945.500000,1444.921875
946.000000,1448.532715
946.500000,1451.334473
947.000000,1452.414429
947.500000,1452.302124
948.000000,1452.878418
948.500000,1455.844727
949.000000,1461.586914
949.500000,1468.656860
950.000000,1475.384033
950.500000,1480.769409
951.000000,1484.443848
951.500000,1487.106201
952.000000,1489.006104
952.500000,1490.152832
953.000000,1490.453003
953.500000,1490.371460
954.000000,1491.113647
954.500000,1494.323608
955.000000,1500.227661
955.500000,1508.481812
956.000000,1516.837891
956.500000,1523.149170
957.000000,1526.866089
957.500000,1528.769287
958.000000,1530.594238
958.500000,1533.739502
959.000000,1538.572754
959.500000,1543.990112
960.000000,1548.292480
960.500000,1550.404175
961.000000,1549.412354
961.500000,1546.295166
962.000000,1542.324829
962.500000,1539.190674
963.000000,1538.229736
963.500000,1539.980103
964.000000,1543.549194
964.500000,1547.402222
965.000000,1549.684692
965.500000,1548.403442
966.000000,1544.090332
966.500000,1537.608521
967.000000,1531.032471
967.500000,1526.277100
968.000000,1524.406372
968.500000,1525.204346
969.000000,1527.806763
969.500000,1530.524780
970.000000,1531.676636
970.500000,1530.602417
971.000000,1526.588745
971.500000,1520.395630
972.000000,1512.862183
972.500000,1505.311035
973.000000,1499.036499
973.500000,1495.074585
974.000000,1493.430664
974.500000,1493.769531
975.000000,1494.450806
975.500000,1493.863647
976.000000,1491.387939
976.500000,1487.077637
977.000000,1482.300903
977.500000,1478.668213
978.000000,1477.217407
978.500000,1477.696899
979.000000,1479.095947
979.500000,1479.939209
980.000000,1479.010376
980.500000,1476.569946
981.000000,1473.075195
981.500000,1469.470825
982.000000,1466.379639
982.500000,1464.008545
983.000000,1462.285400
983.500000,1461.047974
984.000000,1459.934448
984.500000,1458.431030
985.000000,1456.192627
985.500000,1452.985962
986.000000,1449.405518
986.500000,1446.400146
987.000000,1444.811523
987.500000,1445.000854
988.000000,1446.565796
988.500000,1448.474976
989.000000,1449.767578
989.500000,1450.126953
990.000000,1449.580933
990.500000,1448.834351
991.000000,1448.433716
991.500000,1448.529785
992.000000,1448.852905
992.500000,1448.770630
993.000000,1447.643066
993.500000,1445.094238
994.000000,1441.720093
994.500000,1438.887573
995.000000,1438.109253
995.500000,1441.167236
996.000000,1447.650879
996.500000,1456.599121
997.000000,1465.946533
997.500000,1474.008179
998.000000,1480.256836
998.500000,1485.721924
999.000000,1492.128662
999.500000,1500.569824
1000.000000,1511.482056
1000.500000,1523.019775
1001.000000,1532.482056
1001.500000,1537.496582
1002.000000,1536.121582
1002.500000,1528.174316
1003.000000,1515.252930
1003.500000,1499.198608
1004.000000,1482.593628
1004.500000,1467.319092
1005.000000,1454.020020
1005.500000,1443.203857
1006.000000,1434.074585
1006.500000,1425.914551
1007.000000,1417.759155
1007.500000,1408.892578
1008.000000,1399.228882
1008.500000,1389.686157
1009.000000,1382.125244
1009.500000,1377.739136
1010.000000,1377.860596
1010.500000,1380.875854
1011.000000,1384.823608
1011.500000,1387.419800
1012.000000,1387.465088
1012.500000,1385.404785
1013.000000,1382.866821
1013.500000,1381.393921
1014.000000,1381.399536
1014.500000,1382.746948
1015.000000,1384.442627
1015.500000,1385.967773
1016.000000,1387.203735
1016.500000,1388.166992
1017.000000,1388.864380
1017.500000,1389.410889
1018.000000,1390.333496
1018.500000,1392.382935
1019.000000,1396.417725
1019.500000,1401.820312
1020.000000,1407.346680
1020.500000,1411.479614
1021.000000,1413.416260
1021.500000,1414.225952
1022.000000,1416.005859
1022.500000,1420.673340
1023.000000,1428.375732
1023.500000,1437.917725
1024.000000,1446.844727
1024.500000,1452.899902
1025.000000,1456.252563
1025.500000,1457.761475
1026.000000,1459.429077
1026.500000,1462.869507
1027.000000,1468.610840
1027.500000,1476.021606
1028.000000,1483.812622
1028.500000,1490.383667
1029.000000,1493.815674
1029.500000,1493.770874
1030.000000,1489.307495
1030.500000,1481.486328
1031.000000,1470.867432
1031.500000,1458.503540
1032.000000,1445.354980
1032.500000,1432.522583
1033.000000,1421.213379
1033.500000,1412.963257
1034.000000,1407.854980
1034.500000,1406.112427
1035.000000,1405.946045
1035.500000,1405.883667
1036.000000,1404.742310
1036.500000,1402.013794
1037.000000,1397.897339
1037.500000,1392.975830
1038.000000,1387.901611
1038.500000,1383.537842
1039.000000,1381.358276
1039.500000,1381.922363
1040.000000,1385.937500
1040.500000,1391.996948
1041.000000,1398.293213
1041.500000,1403.173706
1042.000000,1406.274536
1042.500000,1408.586548
1043.000000,1411.582275
1043.500000,1415.898926
1044.000000,1420.412354
1044.500000,1423.231079
1045.000000,1423.921143
1045.500000,1423.529053
1046.000000,1424.366089
1046.500000,1427.954712
1047.000000,1433.376709
1047.500000,1437.383667
1048.000000,1435.869995
1048.500000,1427.923340
1049.000000,1413.672485
1049.500000,1397.782959
1050.000000,1384.426147
1050.500000,1375.809326
1051.000000,1372.464111
1051.500000,1372.570312
1052.000000,1373.659302
1052.500000,1373.668213
1053.000000,1371.581543
1053.500000,1366.765015
1054.000000,1360.175171
1054.500000,1352.679932
1055.000000,1345.606567
1055.500000,1339.968262
1056.000000,1335.893188
1056.500000,1332.977905
1057.000000,1330.625122
1057.500000,1328.502441
1058.000000,1326.838013
1058.500000,1325.846313
1059.000000,1325.609131
1059.500000,1325.482666
1060.000000,1324.821533
1060.500000,1323.577148
1061.000000,1322.395020
1061.500000,1322.244263
1062.000000,1323.543335
1062.500000,1325.901611
1063.000000,1328.164429
1063.500000,1329.279907
1064.000000,1329.311768
1064.500000,1328.771118
1065.000000,1328.509644
1065.500000,1328.962891
1066.000000,1329.994751
1066.500000,1331.413452
1067.000000,1333.360229
1067.500000,1336.152466
1068.000000,1340.056641
1068.500000,1344.413330
1069.000000,1348.077515
1069.500000,1350.326660
1070.000000,1351.029663
1070.500000,1351.279785
1071.000000,1352.175293
1071.500000,1353.860107
1072.000000,1355.195312
1072.500000,1354.464478
1073.000000,1351.328125
1073.500000,1346.699829
1074.000000,1343.175781
1074.500000,1343.218506
1075.000000,1346.484863
1075.500000,1350.957520
1076.000000,1353.585571
1076.500000,1352.494141
1077.000000,1347.973267
1077.500000,1342.531128
1078.000000,1338.660645
1078.500000,1336.994507
1079.000000,1336.936035
1079.500000,1336.619019
1080.000000,1334.862305
1080.500000,1331.924194
1081.000000,1328.841187
1081.500000,1326.707397
1082.000000,1326.057983
1082.500000,1327.259766
1083.000000,1330.136719
1083.500000,1335.086182
1084.000000,1341.278809
1084.500000,1347.532349
1085.000000,1352.203735
1085.500000,1353.895142
1086.000000,1352.709351
1086.500000,1349.970703
1087.000000,1347.305298
1087.500000,1345.672485
1088.000000,1345.086914
1088.500000,1344.568848
1089.000000,1343.266724
1089.500000,1341.162231
1090.000000,1338.688354
1090.500000,1336.555542
1091.000000,1335.358521
1091.500000,1335.514648
1092.000000,1337.156494
1092.500000,1340.442139
1093.000000,1344.626709
1093.500000,1348.558960
1094.000000,1351.001099
1094.500000,1350.904907
1095.000000,1348.947266
1095.500000,1346.642700
1096.000000,1345.831665
1096.500000,1347.518799
1097.000000,1351.601196
1097.500000,1356.521240
1098.000000,1360.614014
1098.500000,1363.009277
1099.000000,1363.210083
1099.500000,1362.071411
1100.000000,1360.465820
1100.500000,1359.364746
1101.000000,1359.459595
1101.500000,1360.989014
1102.000000,1363.485962
1102.500000,1366.307129
1103.000000,1368.837036
1103.500000,1371.015625
1104.000000,1373.488281
1104.500000,1377.097656
1105.000000,1381.824341
1105.500000,1386.653564
1106.000000,1389.844116
1106.500000,1390.122437
1107.000000,1387.228638
1107.500000,1382.980957
1108.000000,1379.538696
1108.500000,1378.077026
1109.000000,1378.693359
1109.500000,1379.754150
1110.000000,1379.802002
1110.500000,1378.608643
1111.000000,1377.290161
1111.500000,1377.447632
1112.000000,1379.627075
1112.500000,1383.243652
1113.000000,1386.452759
1113.500000,1387.723999
1114.000000,1387.557007
1114.500000,1387.578369
1115.000000,1389.680298
1115.500000,1394.739624
1116.000000,1401.739502
1116.500000,1408.315796
1117.000000,1412.050781
1117.500000,1412.472900
1118.000000,1409.682983
1118.500000,1405.826050
1119.000000,1402.361816
1119.500000,1399.967041
1120.000000,1398.665649
1120.500000,1398.081055
1121.000000,1398.041382
1121.500000,1398.732300
1122.000000,1400.238647
1122.500000,1402.555298
1123.000000,1405.077393
1123.500000,1407.111450
1124.000000,1408.325806
1124.500000,1408.717529
1125.000000,1408.905151
1125.500000,1409.743408
1126.000000,1412.024658
1126.500000,1416.020874
1127.000000,1421.753052
1127.500000,1428.283813
1128.000000,1434.485352
1128.500000,1439.358521
1129.000000,1442.055664
1129.500000,1443.122192
1130.000000,1443.840332
1130.500000,1446.031250
1131.000000,1451.096680
1131.500000,1459.599365
1132.000000,1470.190430
1132.500000,1481.224731
1133.000000,1491.116455
1133.500000,1499.015869
1134.000000,1505.643921
1134.500000,1511.829590
1135.000000,1518.169556
1135.500000,1524.617920
1136.000000,1530.871094
1136.500000,1536.979004
1137.000000,1543.506348
1137.500000,1550.824341
1138.000000,1558.592529
1138.500000,1565.326294
1139.000000,1568.993896
1139.500000,1569.277344
1140.000000,1567.445068
1140.500000,1566.318237
1141.000000,1568.359131
1141.500000,1574.477539
1142.000000,1582.614746
1142.500000,1590.151978
1143.000000,1595.577515
1143.500000,1599.068848
1144.000000,1602.916382
1144.500000,1609.497681
1145.000000,1619.537842
1145.500000,1632.150635
1146.000000,1645.748047
1146.500000,1659.062012
1147.000000,1671.915771
1147.500000,1684.911377
1148.000000,1698.567749
1148.500000,1712.543579
1149.000000,1725.948608
1149.500000,1737.937866
1150.000000,1747.970825
1150.500000,1756.073242
1151.000000,1762.649658
1151.500000,1767.735840
1152.000000,1771.480713
1152.500000,1773.202637
1153.000000,1772.930786
1153.500000,1770.081421
1154.000000,1765.080078
1154.500000,1758.302246
1155.000000,1750.608887
1155.500000,1742.931641
1156.000000,1736.092041
1156.500000,1730.479492
1157.000000,1726.429565
1157.500000,1723.377808
1158.000000,1720.634888
1158.500000,1717.152466
1159.000000,1711.927856
1159.500000,1704.962769
1160.000000,1697.120239
1160.500000,1689.840088
1161.000000,1684.059692
1161.500000,1679.615601
1162.000000,1674.883667
1162.500000,1667.803467
1163.000000,1658.369385
1163.500000,1647.900879
1164.000000,1639.156982
1164.500000,1634.614624
1165.000000,1634.614014
1165.500000,1637.445801
1166.000000,1640.834961
1166.500000,1643.139648
1167.000000,1644.041504
1167.500000,1644.695801
1168.000000,1646.220825
1168.500000,1648.796631
1169.000000,1651.911377
1169.500000,1654.544312
1170.000000,1655.796997
1170.500000,1655.185059
1171.000000,1652.931274
1171.500000,1649.266724
1172.000000,1644.922241
1172.500000,1640.289917
1173.000000,1635.783936
1173.500000,1631.966431
1174.000000,1629.600098
1174.500000,1629.972656
1175.000000,1633.976929
1175.500000,1641.268066
1176.000000,1650.427734
1176.500000,1658.976685
1177.000000,1664.748291
1177.500000,1668.048340
1178.000000,1669.895142
1178.500000,1671.958740
1179.000000,1674.712402
1179.500000,1677.302246
1180.000000,1678.561157
1180.500000,1678.064087
1181.000000,1676.577637
1181.500000,1674.764893
1182.000000,1672.661743
1182.500000,1669.371460
1183.000000,1664.753174
1183.500000,1659.536499
1184.000000,1655.173950
1184.500000,1652.245850
1185.000000,1649.503174
1185.500000,1644.875244
1186.000000,1637.385010
1186.500000,1629.290039
1187.000000,1625.038452
1187.500000,1626.576538
1188.000000,1633.555298
1188.500000,1640.718506
1189.000000,1642.337280
1189.500000,1636.021973
1190.000000,1623.715576
1190.500000,1609.810669
1191.000000,1598.511108
1191.500000,1592.039062
1192.000000,1588.783325
1192.500000,1587.354370
1193.000000,1586.229370
1193.500000,1584.994629
1194.000000,1583.537354
1194.500000,1581.631226
1195.000000,1579.139648
1195.500000,1576.475586
1196.000000,1574.624268
1196.500000,1574.342773
1197.000000,1576.468140
1197.500000,1580.345703
1198.000000,1585.638550
1198.500000,1591.474121
1199.000000,1596.800171
1199.500000,1600.189331
1200.000000,1600.276123
1200.500000,1596.303589
1201.000000,1589.889648
1201.500000,1583.625732
1202.000000,1580.017700
1202.500000,1580.649658
1203.000000,1583.740112
1203.500000,1586.880005
1204.000000,1588.174072
1204.500000,1587.565918
1205.000000,1586.590698
1205.500000,1586.880127
1206.000000,1588.915527
1206.500000,1591.306030
1207.000000,1592.267944
1207.500000,1591.517456
1208.000000,1590.027832
1208.500000,1589.736084
1209.000000,1591.957275
1209.500000,1596.178833
1210.000000,1600.385620
1210.500000,1602.326660
1211.000000,1601.374146
1211.500000,1597.729736
1212.000000,1593.428223
1212.500000,1590.064087
1213.000000,1588.273315
1213.500000,1588.166992
1214.000000,1589.258911
1214.500000,1591.108887
1215.000000,1593.404663
1215.500000,1595.840698
1216.000000,1598.272705
1216.500000,1600.741333
1217.000000,1603.399414
1217.500000,1606.062256
1218.000000,1607.904785
1218.500000,1608.014160
1219.000000,1605.942993
1219.500000,1602.692871
1220.000000,1600.501221
1220.500000,1601.823242
1221.000000,1606.821533
1221.500000,1614.584717
1222.000000,1622.083008
1222.500000,1626.905640
1223.000000,1628.848022
1223.500000,1628.747681
1224.000000,1627.994263
1224.500000,1627.084961
1225.000000,1625.401489
1225.500000,1622.208618
1226.000000,1617.065796
1226.500000,1611.063721
1227.000000,1605.596436
1227.500000,1601.665405
1228.000000,1599.771606
1228.500000,1599.211304
1229.000000,1598.854126
1229.500000,1597.513184
1230.000000,1594.603394
1230.500000,1590.200562
1231.000000,1585.560913
1231.500000,1582.402710
1232.000000,1581.454956
1232.500000,1582.978638
1233.000000,1585.612549
1233.500000,1587.916870
1234.000000,1589.015747
1234.500000,1588.961304
1235.000000,1588.201538
1235.500000,1587.116821
1236.000000,1585.375977
1236.500000,1582.679321
1237.000000,1578.795044
1237.500000,1574.483154
1238.000000,1570.811401
1238.500000,1568.587036
1239.000000,1568.137329
1239.500000,1569.360229
1240.000000,1571.807129
1240.500000,1575.325684
1241.000000,1579.422241
1241.500000,1583.522583
1242.000000,1586.807739
1242.500000,1588.263062
1243.000000,1587.764771
1243.500000,1585.785767
1244.000000,1583.580444
1244.500000,1582.384888
1245.000000,1582.658813
1245.500000,1583.345093
1246.000000,1582.507812
1246.500000,1579.245972
1247.000000,1573.850830
1247.500000,1569.035034
1248.000000,1568.005859
1248.500000,1571.786987
1249.000000,1578.498657
1249.500000,1584.199829
1250.000000,1585.745605
1250.500000,1582.242554
1251.000000,1577.253662
1251.500000,1575.044067
1252.000000,1577.088745
1252.500000,1582.311523
1253.000000,1586.890991
1253.500000,1587.725342
1254.000000,1584.521851
1254.500000,1579.747192
1255.000000,1576.213379
1255.500000,1574.943359
1256.000000,1575.735718
1256.500000,1577.072510
1257.000000,1578.505615
1257.500000,1580.370728
1258.000000,1583.239624
1258.500000,1586.912598
1259.000000,1590.415161
1259.500000,1592.561157
1260.000000,1592.926147
1260.500000,1591.472534
1261.000000,1589.290771
1261.500000,1587.569580
1262.000000,1587.422852
1262.500000,1590.040039
1263.000000,1595.309937
1263.500000,1602.103149
1264.000000,1608.312500
1264.500000,1612.072998
1265.000000,1612.491211
1265.500000,1611.135864
1266.000000,1610.055542
1266.500000,1610.678711
1267.000000,1613.329468
1267.500000,1616.815796
1268.000000,1620.278076
1268.500000,1623.827637
1269.000000,1628.265991
1269.500000,1634.025879
1270.000000,1640.196777
1270.500000,1645.082275
1271.000000,1647.878906
1271.500000,1648.545288
1272.000000,1648.652954
1272.500000,1649.268066
1273.000000,1650.128174
1273.500000,1649.698120
1274.000000,1646.295532
1274.500000,1639.780151
1275.000000,1631.098877
1275.500000,1622.504028
1276.000000,1615.856567
1276.500000,1611.178955
1277.000000,1607.943481
1277.500000,1604.934082
1278.000000,1601.431396
1278.500000,1597.416626
1279.000000,1593.410034
1279.500000,1590.168701
1280.000000,1588.200073
1280.500000,1588.193726
1281.000000,1589.755615
1281.500000,1592.392822
1282.000000,1594.833740
1282.500000,1595.799927
1283.000000,1594.760864
1283.500000,1592.112671
1284.000000,1589.051270
1284.500000,1586.954102
1285.000000,1586.765625
1285.500000,1587.886719
1286.000000,1589.278809
1286.500000,1589.782837
1287.000000,1588.834351
1287.500000,1587.017212
1288.000000,1585.209839
1288.500000,1583.942749
1289.000000,1582.974487
1289.500000,1581.653564
1290.000000,1579.754517
1290.500000,1577.897217
1291.000000,1577.282471
1291.500000,1579.290527
1292.000000,1583.632202
1292.500000,1589.285156
1293.000000,1594.597778
1293.500000,1598.491943
1294.000000,1600.681396
1294.500000,1601.668945
1295.000000,1601.600220
1295.500000,1600.711426
1296.000000,1598.833374
1296.500000,1596.346680
1297.000000,1593.660889
1297.500000,1591.144409
1298.000000,1588.882202
1298.500000,1586.905884
1299.000000,1585.586060
1299.500000,1585.945312
1300.000000,1588.433472
1300.500000,1593.233643
1301.000000,1598.431641
1301.500000,1601.674438
1302.000000,1601.711304
1302.500000,1598.621582
1303.000000,1594.376709
1303.500000,1591.302368
1304.000000,1590.696655
1304.500000,1591.933228
1305.000000,1593.943604
1305.500000,1595.636841
1306.000000,1596.807861
1306.500000,1597.946899
1307.000000,1599.328247
1307.500000,1600.513062
1308.000000,1600.429688
1308.500000,1598.011230
1309.000000,1593.246094
1309.500000,1586.909302
1310.000000,1581.006714
1310.500000,1578.051758
1311.000000,1578.781982
1311.500000,1583.556152
1312.000000,1590.330688
1312.500000,1596.568848
1313.000000,1600.059692
1313.500000,1600.254639
1314.000000,1598.005615
1314.500000,1595.491089
1315.000000,1594.684814
1315.500000,1595.997559
1316.000000,1599.333984
1316.500000,1603.413086
1317.000000,1607.242798
1317.500000,1610.244019
1318.000000,1612.182617
1318.500000,1612.874268
1319.000000,1612.232544
1319.500000,1609.782227
1320.000000,1605.772461
1320.500000,1600.338867
1321.000000,1594.562500
1321.500000,1589.560669
1322.000000,1585.962769
1322.500000,1583.516235
1323.000000,1580.814575
1323.500000,1576.205444
1324.000000,1568.643433
1324.500000,1559.387085
1325.000000,1551.000366
1325.500000,1545.849365
1326.000000,1545.616577
1326.500000,1548.394043
1327.000000,1551.211182
1327.500000,1551.281860
1328.000000,1547.803223
1328.500000,1542.077759
1329.000000,1536.732788
1329.500000,1533.902710
1330.000000,1533.477173
1330.500000,1534.830688
1331.000000,1536.497681
1331.500000,1537.711792
1332.000000,1538.182251
1332.500000,1537.523438
1333.000000,1535.239014
1333.500000,1531.301392
1334.000000,1526.264160
1334.500000,1521.576172
1335.000000,1518.869995
1335.500000,1518.165283
1336.000000,1518.944946
1336.500000,1519.795166
1337.000000,1519.839722
1337.500000,1519.179565
1338.000000,1518.534546
1338.500000,1518.507202
1339.000000,1519.027100
1339.500000,1519.756958
1340.000000,1520.495483
1340.500000,1521.627319
1341.000000,1523.476074
1341.500000,1525.905029
1342.000000,1527.936401
1342.500000,1528.364502
1343.000000,1526.637329
1343.500000,1523.554688
1344.000000,1520.451538
1344.500000,1518.343018
1345.000000,1517.326050
1345.500000,1516.134644
1346.000000,1513.390991
1346.500000,1508.917480
1347.000000,1503.615479
1347.500000,1499.123901
1348.000000,1496.484985
1348.500000,1495.583008
1349.000000,1494.954956
1349.500000,1492.895020
1350.000000,1488.885620
1350.500000,1483.009277
1351.000000,1476.702515
1351.500000,1471.289307
1352.000000,1467.288330
1352.500000,1464.223267
1353.000000,1460.963135
1353.500000,1456.568726
1354.000000,1450.764038
1354.500000,1444.593750
1355.000000,1439.543945
1355.500000,1436.291870
1356.000000,1434.808228
1356.500000,1433.970947
1357.000000,1432.825684
1357.500000,1431.155151
1358.000000,1429.494019
1358.500000,1428.428833
1359.000000,1427.704712
1359.500000,1426.049683
1360.000000,1422.333130
1360.500000,1415.656860
1361.000000,1407.299194
1361.500000,1399.260254
1362.000000,1393.407349
1362.500000,1390.405151
1363.000000,1389.584717
1363.500000,1389.531372
1364.000000,1389.842163
1364.500000,1390.871338
1365.000000,1393.433838
1365.500000,1396.901855
1366.000000,1399.456421
1366.500000,1399.073730
1367.000000,1394.812134
1367.500000,1387.988403
1368.000000,1381.557007
1368.500000,1378.222656
1369.000000,1378.030884
1369.500000,1379.831177
1370.000000,1381.169800
1370.500000,1380.984619
1371.000000,1380.007812
1371.500000,1379.327026
1372.000000,1379.338257
1372.500000,1379.464111
1373.000000,1378.873901
1373.500000,1377.428833
1374.000000,1375.422607
1374.500000,1373.248657
1375.000000,1370.453491
1375.500000,1366.420776
1376.000000,1360.710693
1376.500000,1354.083618
1377.000000,1347.866943
1377.500000,1343.111328
1378.000000,1340.010986
1378.500000,1338.688110
1379.000000,1338.754639
1379.500000,1340.145264
1380.000000,1341.616577
1380.500000,1341.124146
1381.000000,1337.240479
1381.500000,1329.852539
1382.000000,1321.341553
1382.500000,1315.150024
1383.000000,1313.874878
1383.500000,1316.504272
1384.000000,1320.499390
1384.500000,1323.013794
1385.000000,1322.841553
1385.500000,1321.218750
1386.000000,1319.398315
1386.500000,1317.791260
1387.000000,1315.788940
1387.500000,1312.805786
1388.000000,1309.393799
1388.500000,1307.139038
1389.000000,1307.160645
1389.500000,1310.107788
1390.000000,1314.249634
1390.500000,1317.585571
1391.000000,1318.750732
1391.500000,1317.263306
1392.000000,1313.750732
1392.500000,1309.526001
1393.000000,1306.007935
1393.500000,1304.231445
1394.000000,1305.348145
1394.500000,1308.695312
1395.000000,1313.387451
1395.500000,1317.447998
1396.000000,1318.817017
1396.500000,1316.721313
1397.000000,1312.227173
1397.500000,1307.693481
1398.000000,1305.681519
1398.500000,1308.259766
1399.000000,1314.270020
1399.500000,1322.048706
1400.000000,1329.038452
1400.500000,1333.669556
1401.000000,1336.064453
1401.500000,1336.850830
1402.000000,1336.526733
1402.500000,1335.262085
1403.000000,1333.207764
1403.500000,1331.196167
1404.000000,1330.392090
1404.500000,1330.858643
1405.000000,1331.797729
1405.500000,1331.775513
1406.000000,1330.148438
1406.500000,1328.053467
1407.000000,1327.591187
1407.500000,1330.254517
1408.000000,1334.987793
1408.500000,1339.217896
1409.000000,1340.858032
1409.500000,1339.294189
1410.000000,1336.708008
1410.500000,1335.138062
1411.000000,1335.015625
1411.500000,1334.911499
1412.000000,1332.760620
1412.500000,1327.915649
1413.000000,1321.321045
1413.500000,1315.365967
1414.000000,1312.170044
1414.500000,1311.205811
1415.000000,1310.969238
1415.500000,1309.777954
1416.000000,1307.179810
1416.500000,1304.298584
1417.000000,1302.875854
1417.500000,1304.155762
1418.000000,1307.371948
1418.500000,1310.694702
1419.000000,1311.959839
1419.500000,1309.377075
1420.000000,1303.891602
1420.500000,1297.365112
1421.000000,1291.836182
1421.500000,1288.066772
1422.000000,1285.375977
1422.500000,1282.425293
1423.000000,1278.692993
1423.500000,1275.269897
1424.000000,1274.535278
1424.500000,1277.318115
1425.000000,1283.372559
1425.500000,1289.887207
1426.000000,1293.857666
1426.500000,1294.084595
1427.000000,1291.695312
1427.500000,1288.593628
1428.000000,1286.274902
1428.500000,1284.970459
1429.000000,1283.815308
1429.500000,1282.575439
1430.000000,1282.060303
1430.500000,1283.777222
1431.000000,1288.227173
1431.500000,1294.115479
1432.000000,1298.955322
1432.500000,1300.844971
1433.000000,1298.778931
1433.500000,1294.612549
1434.000000,1290.608032
1434.500000,1288.895630
1435.000000,1291.094604
1435.500000,1296.863770
1436.000000,1305.154907
1436.500000,1314.363525
1437.000000,1323.062256
1437.500000,1330.591309
1438.000000,1337.260376
1438.500000,1343.344238
1439.000000,1349.082275
1439.500000,1354.065308
1440.000000,1357.985840
1440.500000,1360.698364
1441.000000,1362.595947
1441.500000,1364.164062
1442.000000,1365.582275
1442.500000,1366.885986
1443.000000,1368.460083
1443.500000,1371.136597
1444.000000,1376.389648
1444.500000,1384.156128
1445.000000,1393.478271
1445.500000,1402.066284
1446.000000,1407.896118
1446.500000,1410.581543
1447.000000,1412.094971
1447.500000,1415.310425
1448.000000,1421.511719
1448.500000,1430.645874
1449.000000,1439.994141
1449.500000,1446.996826
1450.000000,1451.013550
1450.500000,1453.033569
1451.000000,1455.187134
1451.500000,1458.976685
1452.000000,1464.559326
1452.500000,1470.693970
1453.000000,1476.574951
1453.500000,1482.264648
1454.000000,1487.951538
1454.500000,1492.990601
1455.000000,1495.391724
1455.500000,1493.669556
1456.000000,1488.158813
1456.500000,1481.749146
1457.000000,1478.650757
1457.500000,1481.890503
1458.000000,1489.485718
1458.500000,1498.388184
1459.000000,1505.251343
1459.500000,1508.644897
1460.000000,1509.730469
1460.500000,1509.578247
1461.000000,1508.135742
1461.500000,1504.494385
1462.000000,1498.054565
1462.500000,1490.694580
1463.000000,1485.127808
1463.500000,1482.428101
1464.000000,1482.242065
1464.500000,1482.204468
1465.000000,1480.654785
1465.500000,1477.778809
1466.000000,1474.916992
1466.500000,1472.959717
1467.000000,1471.217896
1467.500000,1468.244751
1468.000000,1463.943726
1468.500000,1459.581421
1469.000000,1456.914673
1469.500000,1456.795532
1470.000000,1457.837158
1470.500000,1457.923706
1471.000000,1455.737793
1471.500000,1451.735352
1472.000000,1447.267090
1472.500000,1443.374512
1473.000000,1440.353271
1473.500000,1437.848999
1474.000000,1436.004639
1474.500000,1434.934082
1475.000000,1434.460449
1475.500000,1433.673584
1476.000000,1431.425903
1476.500000,1427.026978
1477.000000,1421.084351
1477.500000,1414.109741
1478.000000,1406.767334
1478.500000,1399.321655
1479.000000,1392.187378
1479.500000,1386.017334
1480.000000,1381.028442
1480.500000,1376.792603
1481.000000,1372.391602
1481.500000,1367.402588
1482.000000,1362.354370
1482.500000,1358.181885
1483.000000,1355.633301
1483.500000,1353.973755
1484.000000,1352.270874
1484.500000,1349.819824
1485.000000,1346.417603
1485.500000,1342.230835
1486.000000,1337.628906
1486.500000,1333.361572
1487.000000,1330.609131
1487.500000,1331.062012
1488.000000,1334.211304
1488.500000,1338.762939
1489.000000,1342.456299
1489.500000,1344.211426
1490.000000,1345.053589
1490.500000,1346.668823
1491.000000,1349.655029
1491.500000,1353.359253
1492.000000,1357.511841
1492.500000,1362.646484
1493.000000,1369.707764
1493.500000,1377.323242
1494.000000,1382.646118
1494.500000,1384.946899
1495.000000,1388.822510
1495.500000,1402.075439
1496.000000,1428.814087
1496.500000,1465.561279
1497.000000,1499.119019
1497.500000,1513.478760
1498.000000,1507.546875
1498.500000,1485.983398
1499.000000,1464.353027
1499.500000,1452.433472
1500.000000,1449.955200
1500.500000,1451.101562
1501.000000,1451.009521
1501.500000,1449.487305
1502.000000,1449.688110
1502.500000,1453.475464
1503.000000,1460.613770
1503.500000,1467.865723
1504.000000,1473.423950
1504.500000,1477.379395
1505.000000,1480.302734
1505.500000,1482.346802
1506.000000,1483.420288
1506.500000,1483.794189
1507.000000,1484.569336
1507.500000,1487.031494
1508.000000,1490.991577
1508.500000,1496.233887
1509.000000,1502.285278
1509.500000,1509.055786
1510.000000,1515.971558
1510.500000,1521.673828
1511.000000,1524.483398
1511.500000,1524.326416
1512.000000,1522.396851
1512.500000,1520.812622
1513.000000,1520.453491
1513.500000,1520.333618
1514.000000,1518.956543
1514.500000,1515.927246
1515.000000,1512.257080
1515.500000,1509.586792
1516.000000,1508.411499
1516.500000,1507.773682
1517.000000,1506.039307
1517.500000,1501.786255
1518.000000,1495.716064
1518.500000,1488.827515
1519.000000,1482.297485
1519.500000,1476.461914
1520.000000,1470.792114
1520.500000,1464.755493
1521.000000,1458.457153
1521.500000,1452.597412
1522.000000,1448.030762
1522.500000,1444.572632
1523.000000,1441.718994
1523.500000,1438.709961
1524.000000,1435.420288
1524.500000,1432.260620
1525.000000,1429.530396
1525.500000,1427.131226
1526.000000,1424.852905
1526.500000,1422.989502
1527.000000,1421.999146
1527.500000,1422.048462
1528.000000,1421.630981
1528.500000,1418.374756
1529.000000,1411.458862
1529.500000,1401.957275
1530.000000,1392.986206
1530.500000,1387.609375
1531.000000,1387.452271
1531.500000,1390.686523
1532.000000,1394.664551
1532.500000,1397.028320
1533.000000,1396.827759
1533.500000,1395.227539
1534.000000,1393.659424
1534.500000,1393.018921
1535.000000,1392.965332
1535.500000,1392.339111
1536.000000,1390.803833
1536.500000,1389.874634
1537.000000,1391.603882
1537.500000,1397.210083
1538.000000,1403.521729
1538.500000,1405.784302
1539.000000,1402.570435
1539.500000,1399.193726
1540.000000,1405.865723
1540.500000,1427.942017
1541.000000,1461.791016
1541.500000,1491.848999
1542.000000,1498.259521
1542.500000,1479.177734
1543.000000,1439.878540
1543.500000,1400.627319
1544.000000,1376.844971
1544.500000,1370.776733
1545.000000,1374.781860
1545.500000,1379.324951
1546.000000,1378.992920
1546.500000,1373.445068
1547.000000,1366.729248
1547.500000,1361.611816
1548.000000,1358.485474
1548.500000,1357.199585
1549.000000,1357.198608
1549.500000,1358.116943
1550.000000,1359.553223
1550.500000,1361.207764
1551.000000,1363.180908
1551.500000,1365.409668
1552.000000,1367.187012
1552.500000,1367.655518
1553.000000,1366.426270
1553.500000,1365.052612
1554.000000,1366.065308
1554.500000,1370.884277
1555.000000,1377.755859
1555.500000,1382.931030
1556.000000,1383.722534
1556.500000,1379.268921
1557.000000,1373.321655
1557.500000,1370.204224
1558.000000,1372.024414
1558.500000,1378.191772
1559.000000,1384.983398
1559.500000,1388.963379
1560.000000,1388.619629
1560.500000,1385.431274
1561.000000,1381.959473
1561.500000,1380.531616
1562.000000,1382.423096
1562.500000,1385.945312
1563.000000,1389.738037
1563.500000,1393.007690
1564.000000,1395.909790
1564.500000,1398.949585
1565.000000,1402.218262
1565.500000,1405.184937
1566.000000,1407.273315
1566.500000,1407.841431
1567.000000,1406.993042
1567.500000,1404.469238
1568.000000,1400.935913
1568.500000,1397.768188
1569.000000,1397.143311
1569.500000,1400.675659
1570.000000,1408.280518
1570.500000,1417.509399
1571.000000,1425.519653
1571.500000,1430.916626
1572.000000,1433.601318
1572.500000,1435.704590
1573.000000,1438.911743
1573.500000,1443.538208
1574.000000,1449.053955
1574.500000,1454.654663
1575.000000,1459.687988
1575.500000,1463.396729
1576.000000,1465.133057
1576.500000,1463.789307
1577.000000,1460.189819
1577.500000,1455.331177
1578.000000,1450.952148
1578.500000,1448.156616
1579.000000,1446.731079
1579.500000,1445.565796
1580.000000,1443.708374
1580.500000,1441.328125
1581.000000,1439.451050
1581.500000,1438.935913
1582.000000,1440.160767
1582.500000,1441.878784
1583.000000,1442.200562
1583.500000,1439.928345
1584.000000,1434.939697
1584.500000,1428.317993
1585.000000,1421.870728
1585.500000,1417.303711
1586.000000,1415.119995
1586.500000,1416.088623
1587.000000,1419.163818
1587.500000,1424.263550
1588.000000,1430.694824
1588.500000,1437.674316
1589.000000,1443.962280
1589.500000,1448.298584
1590.000000,1449.891724
1590.500000,1449.909912
1591.000000,1450.019531
1591.500000,1451.728149
1592.000000,1455.828003
1592.500000,1461.095459
1593.000000,1465.805908
1593.500000,1468.652222
1594.000000,1469.473145
1594.500000,1468.753052
1595.000000,1467.063354
1595.500000,1464.067017
1596.000000,1459.415405
1596.500000,1452.224976
1597.000000,1443.439453
1597.500000,1434.072754
1598.000000,1425.282593
1598.500000,1417.690308
1599.000000,1411.216309
1599.500000,1405.409180
1600.000000,1399.878662
1600.500000,1394.130371
1601.000000,1387.197510
1601.500000,1378.302002
1602.000000,1366.384888
1602.500000,1352.443115
1603.000000,1338.744751
1603.500000,1328.147827
1604.000000,1322.130127
1604.500000,1320.335449
1605.000000,1320.520386
1605.500000,1321.068848
1606.000000,1321.328003
1606.500000,1321.451050
1607.000000,1321.265503
1607.500000,1319.729004
1608.000000,1316.323853
1608.500000,1311.718628
1609.000000,1307.797485
1609.500000,1306.189331
1610.000000,1306.941284
1610.500000,1308.307373
1611.000000,1309.079834
1611.500000,1309.427612
1612.000000,1310.227051
1612.500000,1311.892700
1613.000000,1314.212158
1613.500000,1317.115479
1614.000000,1321.478149
1614.500000,1328.255493
1615.000000,1336.250977
1615.500000,1341.746338
1616.000000,1341.220215
1616.500000,1332.870850
1617.000000,1321.328735
1617.500000,1311.928589
1618.000000,1307.880737
1618.500000,1308.568726
1619.000000,1310.194092
1619.500000,1309.143677
1620.000000,1304.661865
1620.500000,1299.258789
1621.000000,1295.900513
1621.500000,1295.422119
1622.000000,1297.077637
1622.500000,1297.884033
1623.000000,1295.034302
1623.500000,1287.855591
1624.000000,1278.212402
1624.500000,1269.500000
1625.000000,1264.490234
1625.500000,1264.591553
1626.000000,1266.240601
1626.500000,1265.714844
1627.000000,1261.314697
1627.500000,1253.453247
1628.000000,1245.026245
1628.500000,1238.993530
1629.000000,1236.262695
1629.500000,1235.455566
1630.000000,1234.719727
1630.500000,1232.658569
1631.000000,1228.704956
1631.500000,1224.065186
1632.000000,1220.206177
1632.500000,1217.786377
1633.000000,1216.299438
1633.500000,1214.216187
1634.000000,1210.241455
1634.500000,1204.272339
1635.000000,1198.237915
1635.500000,1194.485107
1636.000000,1193.321533
1636.500000,1194.068237
1637.000000,1194.687622
1637.500000,1193.750488
1638.000000,1191.339844
1638.500000,1188.294434
1639.000000,1185.056030
1639.500000,1181.432495
1640.000000,1176.805786
1640.500000,1171.201904
1641.000000,1165.034180
1641.500000,1159.027344
1642.000000,1153.509155
1642.500000,1148.458984
1643.000000,1144.064087
1643.500000,1140.911133
1644.000000,1139.397461
1644.500000,1139.186279
1645.000000,1138.753296
1645.500000,1136.032593
1646.000000,1130.699341
1646.500000,1123.442627
1647.000000,1116.794922
1647.500000,1112.703735
1648.000000,1111.206543
1648.500000,1110.858765
1649.000000,1109.948975
1649.500000,1107.634766
1650.000000,1103.974731
1650.500000,1099.642578
1651.000000,1094.470825
1651.500000,1088.310913
1652.000000,1081.089111
1652.500000,1073.569214
1653.000000,1066.794312
1653.500000,1061.424561
1654.000000,1057.470947
1654.500000,1054.866821
1655.000000,1053.009888
1655.500000,1051.081543
1656.000000,1048.010254
1656.500000,1042.885376
1657.000000,1036.418213
1657.500000,1030.327393
1658.000000,1026.363281
1658.500000,1024.489136
1659.000000,1022.459900
1659.500000,1017.884155
1660.000000,1009.583801
1660.500000,1000.045593
1661.000000,992.843506
1661.500000,989.587402
1662.000000,989.170044
1662.500000,988.404236
1663.000000,984.841248
1663.500000,978.362183
1664.000000,971.268677
1664.500000,966.035950
1665.000000,962.996155
1665.500000,961.645813
1666.000000,960.670593
1666.500000,959.795166
1667.000000,959.223999
1667.500000,958.783325
1668.000000,957.662109
1668.500000,955.259460
1669.000000,951.974670
1669.500000,949.440674
1670.000000,949.487854
1670.500000,951.345032
1671.000000,953.256287
1671.500000,953.360229
1672.000000,951.066162
1672.500000,947.827454
1673.000000,945.485168
1673.500000,944.491150
1674.000000,943.644104
1674.500000,941.287048
1675.000000,937.094543
1675.500000,931.609314
1676.000000,926.257019
1676.500000,921.493347
1677.000000,916.895081
1677.500000,912.012146
1678.000000,907.152893
1678.500000,903.342590
1679.000000,901.554626
1679.500000,901.397949
1680.000000,901.977966
1680.500000,901.892639
1681.000000,900.117676
1681.500000,897.062866
1682.000000,893.445984
1682.500000,890.198303
1683.000000,888.066956
1683.500000,887.582275
1684.000000,888.427002
1684.500000,889.915039
1685.000000,890.863586
1685.500000,889.955444
1686.000000,887.061401
1686.500000,882.645935
1687.000000,878.279724
1687.500000,875.279480
1688.000000,874.142456
1688.500000,874.201355
1689.000000,874.220032
1689.500000,873.043274
1690.000000,869.772705
1690.500000,864.914001
1691.000000,858.868774
1691.500000,852.603271
1692.000000,847.059204
1692.500000,842.810059
1693.000000,839.891113
1693.500000,837.885498
1694.000000,835.928162
1694.500000,833.318298
1695.000000,830.229370
1695.500000,827.167114
1696.000000,824.547913
1696.500000,822.425598
1697.000000,820.643005
1697.500000,819.611572
1698.000000,820.438782
1698.500000,823.832886
1699.000000,829.662415
1699.500000,835.578003
1700.000000,838.128784
1700.500000,836.502502
1701.000000,830.881165
1701.500000,823.795532
1702.000000,817.486206
1702.500000,813.125183
1703.000000,810.367676
1703.500000,808.545227
1704.000000,806.743164
1704.500000,804.000244
1705.000000,799.894287
1705.500000,794.788940
1706.000000,790.420959
1706.500000,788.795166
1707.000000,790.292297
1707.500000,793.269958
1708.000000,794.913757
1708.500000,794.003418
1709.000000,791.156860
1709.500000,788.557373
1710.000000,787.594482
1710.500000,787.464783
1711.000000,786.887024
1711.500000,785.648560
1712.000000,784.535461
1712.500000,784.046082
1713.000000,783.147156
1713.500000,779.999634
1714.000000,774.639465
1714.500000,768.922974
1715.000000,765.646240
1715.500000,766.726074
1716.000000,769.645996
1716.500000,771.209412
1717.000000,769.612366
1717.500000,765.665649
1718.000000,761.896851
1718.500000,760.136963
1719.000000,760.453674
1719.500000,761.110657
1720.000000,760.714661
1720.500000,759.225891
1721.000000,757.406738
1721.500000,755.991455
1722.000000,755.041138
1722.500000,754.113037
1723.000000,752.787659
1723.500000,751.144165
1724.000000,749.707764
1724.500000,749.084045
1725.000000,749.170471
1725.500000,749.519043
1726.000000,749.392578
1726.500000,748.454346
1727.000000,747.025513
1727.500000,745.755798
1728.000000,745.141479
1728.500000,744.987427
1729.000000,744.782471
1729.500000,744.170349
1730.000000,743.141907
1730.500000,742.240601
1731.000000,742.258911
1731.500000,743.727539
1732.000000,746.878601
1732.500000,751.277588
1733.000000,755.481262
1733.500000,757.448425
1734.000000,756.492798
1734.500000,752.368042
1735.000000,747.152161
1735.500000,742.726746
1736.000000,739.751526
1736.500000,737.598083
1737.000000,735.356934
1737.500000,733.132874
1738.000000,732.618774
1738.500000,735.181458
1739.000000,741.305786
1739.500000,748.266968
1740.000000,752.334656
1740.500000,751.184021
1741.000000,744.912354
1741.500000,736.803955
1742.000000,730.439087
1742.500000,727.893921
1743.000000,728.162964
1743.500000,728.697144
1744.000000,727.575439
1744.500000,724.324646
1745.000000,720.566162
1745.500000,717.889343
1746.000000,716.556702
1746.500000,716.037231
1747.000000,715.767151
1747.500000,715.773987
1748.000000,716.514343
1748.500000,717.719299
1749.000000,718.320618
1749.500000,717.297668
1750.000000,713.910217
1750.500000,709.396606
1751.000000,705.498901
1751.500000,703.272888
1752.000000,702.512085
1752.500000,702.048340
1753.000000,700.789673
1753.500000,698.713684
1754.000000,696.847717
1754.500000,696.208801
1755.000000,696.500183
1755.500000,696.587219
1756.000000,695.611145
1756.500000,693.789124
1757.000000,692.309631
1757.500000,692.150452
1758.000000,693.014954
1758.500000,693.512268
1759.000000,692.262939
1759.500000,689.556702
1760.000000,686.288086
1760.500000,683.409851
1761.000000,681.070251
1761.500000,679.029724
1762.000000,677.457825
1762.500000,677.021484
1763.000000,677.783020
1763.500000,679.173584
1764.000000,680.086609
1764.500000,680.070801
1765.000000,680.129578
1765.500000,681.077087
1766.000000,682.329529
1766.500000,682.087463
1767.000000,679.081055
1767.500000,674.835693
1768.000000,672.082092
1768.500000,672.123840
1769.000000,674.105164
1769.500000,674.651672
1770.000000,671.928223
1770.500000,667.632996
1771.000000,664.868408
1771.500000,665.475586
1772.000000,667.782166
1772.500000,669.045044
1773.000000,668.101379
1773.500000,665.734009
1774.000000,664.188904
1774.500000,664.386292
1775.000000,665.230591
1775.500000,665.353699
1776.000000,664.163635
1776.500000,662.103638
1777.000000,659.842346
1777.500000,657.895386
1778.000000,656.835266
1778.500000,656.884094
1779.000000,657.915405
1779.500000,658.853210
1780.000000,658.555420
1780.500000,656.843018
1781.000000,654.602173
1781.500000,652.878967
1782.000000,651.770386
1782.500000,650.400452
1783.000000,647.819641
1783.500000,643.809998
1784.000000,639.584412
1784.500000,636.585205
1785.000000,635.604919
1785.500000,636.574951
1786.000000,638.288147
1786.500000,639.404785
1787.000000,638.950562
1787.500000,637.037598
1788.000000,634.373962
1788.500000,631.955200
1789.000000,630.666382
1789.500000,630.952942
1790.000000,633.232300
1790.500000,636.735168
1791.000000,639.830078
1791.500000,640.470764
1792.000000,638.028564
1792.500000,634.126343
1793.000000,631.596741
1793.500000,632.771912
1794.000000,636.430481
1794.500000,640.292847
1795.000000,642.693787
1795.500000,643.673828
1796.000000,644.369385
1796.500000,645.436462
1797.000000,646.483337
1797.500000,647.009460
1798.000000,647.019226
1798.500000,647.106873
1799.000000,647.567322
1799.500000,648.175354
1800.000000,648.850525
1800.500000,649.904663
1801.000000,651.654602
1801.500000,653.647766
1802.000000,654.772400
1802.500000,653.789185
1803.000000,651.064270
1803.500000,648.173035
1804.000000,647.002380
1804.500000,648.901184
1805.000000,653.021057
1805.500000,657.373108
1806.000000,660.169495
1806.500000,660.925903
1807.000000,659.998901
1807.500000,658.307373
1808.000000,656.069641
1808.500000,653.497498
1809.000000,651.071167
1809.500000,649.427307
1810.000000,648.590210
