440.000000,9216.870117
440.500000,9204.452148
441.000000,9195.943359
441.500000,9192.568359
442.000000,9192.264648
442.500000,9192.730469
443.000000,9191.594727
443.500000,9187.918945
444.000000,9183.140625
444.500000,9178.094727
445.000000,9172.948242
445.500000,9167.298828
446.000000,9161.142578
446.500000,9155.877930
447.000000,9153.434570
447.500000,9153.838867
448.000000,9155.601562
448.500000,9153.781250
449.000000,9142.657227
449.500000,9120.896484
450.000000,9089.512695
450.500000,9052.761719
451.000000,9017.568359
451.500000,8989.640625
452.000000,8969.534180
452.500000,8958.295898
453.000000,8952.261719
453.500000,8949.511719
454.000000,8947.132812
454.500000,8943.778320
455.000000,8938.956055
455.500000,8932.812500
456.000000,8925.907227
456.500000,8919.137695
457.000000,8912.906250
457.500000,8907.001953
458.000000,8901.184570
458.500000,8895.609375
459.000000,8891.784180
459.500000,8891.406250
460.000000,8895.838867
460.500000,8905.094727
461.000000,8916.804688
461.500000,8926.666016
462.000000,8931.824219
462.500000,8930.095703
463.000000,8923.928711
463.500000,8916.042969
464.000000,8910.407227
464.500000,8908.767578
465.000000,8910.061523
465.500000,8911.695312
466.000000,8910.653320
466.500000,8905.259766
467.000000,8896.027344
467.500000,8886.226562
468.000000,8878.998047
468.500000,8875.923828
469.000000,8877.533203
469.500000,8880.647461
470.000000,8881.448242
470.500000,8877.067383
471.000000,8867.152344
471.500000,8852.574219
472.000000,8837.689453
472.500000,8826.772461
473.000000,8821.032227
473.500000,8821.363281
474.000000,8825.876953
474.500000,8832.010742
475.000000,8836.951172
475.500000,8838.893555
476.000000,8836.236328
476.500000,8829.209961
477.000000,8817.652344
477.500000,8805.143555
478.000000,8795.322266
478.500000,8790.582031
479.000000,8792.475586
479.500000,8799.173828
480.000000,8805.583008
480.500000,8806.527344
481.000000,8800.249023
481.500000,8786.501953
482.000000,8770.054688
482.500000,8757.471680
483.000000,8752.018555
483.500000,8755.396484
484.000000,8765.135742
484.500000,8777.726562
485.000000,8788.707031
485.500000,8794.800781
486.000000,8793.842773
486.500000,8786.560547
487.000000,8772.517578
487.500000,8754.979492
488.000000,8737.767578
488.500000,8724.797852
489.000000,8719.296875
489.500000,8722.024414
490.000000,8731.550781
490.500000,8745.036133
491.000000,8758.236328
491.500000,8768.970703
492.000000,8777.357422
492.500000,8783.928711
493.000000,8790.137695
493.500000,8796.464844
494.000000,8802.388672
494.500000,8807.082031
495.000000,8810.041992
495.500000,8811.655273
496.000000,8812.945312
496.500000,8814.938477
497.000000,8817.820312
497.500000,8820.578125
498.000000,8821.421875
498.500000,8818.679688
499.000000,8811.662109
499.500000,8801.585938
500.000000,8790.438477
500.500000,8780.170898
501.000000,8771.791016
501.500000,8764.991211
502.000000,8757.560547
502.500000,8747.542969
503.000000,8734.861328
503.500000,8720.731445
504.000000,8708.589844
504.500000,8702.172852
505.000000,8703.404297
505.500000,8711.204102
506.000000,8724.022461
506.500000,8737.943359
507.000000,8749.147461
507.500000,8756.445312
508.000000,8758.834961
508.500000,8757.137695
509.000000,8752.104492
509.500000,8745.059570
510.000000,8738.083008
510.500000,8733.250000
511.000000,8731.544922
511.500000,8733.947266
512.000000,8738.667969
512.500000,8742.934570
513.000000,8743.994141
513.500000,8740.083008
514.000000,8731.686523
514.500000,8720.726562
515.000000,8710.002930
515.500000,8701.793945
516.000000,8696.906250
516.500000,8693.962891
517.000000,8691.632812
517.500000,8688.492188
518.000000,8683.879883
518.500000,8678.946289
519.000000,8675.401367
519.500000,8674.982422
520.000000,8678.651367
520.500000,8687.274414
521.000000,8699.219727
521.500000,8712.456055
522.000000,8724.502930
522.500000,8732.755859
523.000000,8736.039062
523.500000,8732.695312
524.000000,8723.421875
524.500000,8709.845703
525.000000,8693.583984
525.500000,8676.966797
526.000000,8662.327148
526.500000,8650.948242
527.000000,8643.189453
527.500000,8636.988281
528.000000,8630.007812
528.500000,8620.106445
529.000000,8606.079102
529.500000,8589.052734
530.000000,8572.371094
530.500000,8558.909180
531.000000,8549.090820
531.500000,8542.016602
532.000000,8533.557617
532.500000,8519.332031
533.000000,8499.299805
533.500000,8475.973633
534.000000,8454.519531
534.500000,8440.501953
535.000000,8439.199219
535.500000,8447.894531
536.000000,8463.542969
536.500000,8480.423828
537.000000,8494.863281
537.500000,8505.884766
538.000000,8514.339844
538.500000,8522.550781
539.000000,8531.555664
539.500000,8541.141602
540.000000,8550.258789
540.500000,8557.522461
541.000000,8562.603516
541.500000,8565.283203
542.000000,8566.094727
542.500000,8564.708008
543.000000,8561.364258
543.500000,8556.656250
544.000000,8552.466797
544.500000,8550.770508
545.000000,8552.836914
545.500000,8557.474609
546.000000,8562.186523
546.500000,8563.050781
547.000000,8556.349609
547.500000,8543.363281
548.000000,8526.455078
548.500000,8509.803711
549.000000,8497.276367
549.500000,8491.487305
550.000000,8490.669922
550.500000,8492.314453
551.000000,8493.284180
551.500000,8491.060547
552.000000,8485.337891
552.500000,8476.002930
553.000000,8465.045898
553.500000,8454.148438
554.000000,8444.794922
554.500000,8437.914062
555.000000,8434.254883
555.500000,8433.072266
556.000000,8433.468750
556.500000,8434.239258
557.000000,8435.308594
557.500000,8437.380859
558.000000,8442.132812
558.500000,8451.118164
559.000000,8463.888672
559.500000,8478.718750
560.000000,8492.892578
560.500000,8503.755859
561.000000,8511.064453
561.500000,8515.717773
562.000000,8521.166992
562.500000,8529.832031
563.000000,8541.925781
563.500000,8555.895508
564.000000,8568.791992
564.500000,8577.792969
565.000000,8582.049805
565.500000,8583.834961
566.000000,8585.476562
566.500000,8588.882812
567.000000,8594.663086
567.500000,8600.833008
568.000000,8604.363281
568.500000,8603.348633
569.000000,8597.576172
569.500000,8587.909180
570.000000,8576.865234
570.500000,8566.977539
571.000000,8559.410156
571.500000,8554.879883
572.000000,8552.547852
572.500000,8551.678711
573.000000,8551.032227
573.500000,8549.116211
574.000000,8544.870117
574.500000,8538.365234
575.000000,8530.179688
575.500000,8521.984375
576.000000,8515.624023
576.500000,8511.613281
577.000000,8508.859375
577.500000,8504.789062
578.000000,8496.895508
578.500000,8484.160156
579.000000,8467.927734
579.500000,8451.529297
580.000000,8439.062500
580.500000,8433.774414
581.000000,8433.983398
581.500000,8437.661133
582.000000,8440.641602
582.500000,8438.924805
583.000000,8430.897461
583.500000,8417.841797
584.000000,8401.812500
584.500000,8385.639648
585.000000,8372.008789
585.500000,8362.412109
586.000000,8359.448242
586.500000,8361.730469
587.000000,8368.372070
587.500000,8376.365234
588.000000,8382.324219
588.500000,8383.427734
589.000000,8379.252930
589.500000,8372.430664
590.000000,8366.938477
590.500000,8366.134766
591.000000,8369.193359
591.500000,8373.445312
592.000000,8373.936523
592.500000,8367.332031
593.000000,8355.361328
593.500000,8342.640625
594.000000,8334.427734
594.500000,8333.021484
595.000000,8338.248047
595.500000,8344.001953
596.000000,8344.543945
596.500000,8339.062500
597.000000,8329.173828
597.500000,8319.540039
598.000000,8314.577148
598.500000,8316.232422
599.000000,8321.418945
599.500000,8326.788086
600.000000,8330.026367
600.500000,8330.168945
601.000000,8328.905273
601.500000,8327.870117
602.000000,8327.851562
602.500000,8328.644531
603.000000,8329.881836
603.500000,8331.563477
604.000000,8334.046875
604.500000,8337.287109
605.000000,8340.485352
605.500000,8342.686523
606.000000,8343.786133
606.500000,8345.398438
607.000000,8350.354492
607.500000,8360.788086
608.000000,8377.475586
608.500000,8397.605469
609.000000,8417.329102
609.500000,8433.782227
610.000000,8446.956055
610.500000,8457.732422
611.000000,8468.381836
611.500000,8479.434570
612.000000,8489.497070
612.500000,8496.757812
613.000000,8500.815430
613.500000,8503.423828
614.000000,8507.803711
614.500000,8516.716797
615.000000,8530.927734
615.500000,8546.869141
616.000000,8560.868164
616.500000,8570.661133
617.000000,8575.606445
617.500000,8577.981445
618.000000,8581.146484
618.500000,8587.016602
619.000000,8595.022461
619.500000,8603.675781
620.000000,8611.287109
620.500000,8616.947266
621.000000,8621.780273
621.500000,8627.550781
622.000000,8635.162109
622.500000,8644.493164
623.000000,8654.546875
623.500000,8664.238281
624.000000,8673.163086
624.500000,8682.153320
625.000000,8692.725586
625.500000,8705.250000
626.000000,8719.809570
626.500000,8735.352539
627.000000,8751.132812
627.500000,8767.166992
628.000000,8784.477539
628.500000,8804.018555
629.000000,8825.130859
629.500000,8845.625977
630.000000,8862.536133
630.500000,8871.547852
631.000000,8872.118164
631.500000,8865.333008
632.000000,8855.285156
632.500000,8845.344727
633.000000,8837.583984
633.500000,8832.221680
634.000000,8828.833984
634.500000,8826.708008
635.000000,8826.961914
635.500000,8830.418945
636.000000,8838.465820
636.500000,8850.081055
637.000000,8863.371094
637.500000,8875.554688
638.000000,8884.646484
638.500000,8890.804688
639.000000,8896.185547
639.500000,8903.346680
640.000000,8913.583008
640.500000,8927.697266
641.000000,8943.880859
641.500000,8959.816406
642.000000,8973.883789
642.500000,8985.981445
643.000000,8997.444336
643.500000,9010.363281
644.000000,9026.786133
644.500000,9046.241211
645.000000,9065.743164
645.500000,9080.776367
646.000000,9085.854492
646.500000,9079.336914
647.000000,9060.829102
647.500000,9033.106445
648.000000,9000.695312
648.500000,8967.684570
649.000000,8936.498047
649.500000,8908.942383
650.000000,8885.175781
650.500000,8866.914062
651.000000,8854.169922
651.500000,8847.815430
652.000000,8846.291992
652.500000,8847.733398
653.000000,8850.828125
653.500000,8854.492188
654.000000,8857.811523
654.500000,8859.387695
655.000000,8855.191406
655.500000,8843.239258
656.000000,8822.035156
656.500000,8795.090820
657.000000,8768.170898
657.500000,8747.764648
658.000000,8737.457031
658.500000,8737.689453
659.000000,8741.313477
659.500000,8741.303711
660.000000,8734.991211
660.500000,8722.290039
661.000000,8707.957031
661.500000,8697.124023
662.000000,8692.930664
662.500000,8694.300781
663.000000,8697.714844
663.500000,8699.742188
664.000000,8698.268555
664.500000,8694.128906
665.000000,8688.650391
665.500000,8683.840820
666.000000,8680.690430
666.500000,8678.455078
667.000000,8675.570312
667.500000,8670.202148
668.000000,8661.312500
668.500000,8648.474609
669.000000,8633.769531
669.500000,8620.662109
670.000000,8611.709961
670.500000,8608.867188
671.000000,8610.628906
671.500000,8614.803711
672.000000,8618.949219
672.500000,8622.101562
673.000000,8625.439453
673.500000,8630.844727
674.000000,8639.438477
674.500000,8649.580078
675.000000,8659.091797
675.500000,8666.569336
676.000000,8672.605469
676.500000,8680.787109
677.000000,8695.624023
677.500000,8719.559570
678.000000,8751.083008
678.500000,8787.736328
679.000000,8824.910156
679.500000,8858.748047
680.000000,8887.496094
680.500000,8908.708008
681.000000,8922.079102
681.500000,8926.038086
682.000000,8920.259766
682.500000,8906.209961
683.000000,8885.521484
683.500000,8861.458984
684.000000,8834.561523
684.500000,8804.572266
685.000000,8768.372070
685.500000,8724.976562
686.000000,8673.503906
686.500000,8616.068359
687.000000,8556.040039
687.500000,8497.375000
688.000000,8443.198242
688.500000,8396.021484
689.000000,8355.048828
689.500000,8320.567383
690.000000,8289.706055
690.500000,8260.477539
691.000000,8230.948242
691.500000,8200.846680
692.000000,8171.864746
692.500000,8146.036621
693.000000,8124.894531
693.500000,8107.100586
694.000000,8090.659668
694.500000,8072.912598
695.000000,8052.643555
695.500000,8031.952148
696.000000,8014.371094
696.500000,8002.326660
697.000000,7996.209961
697.500000,7994.865234
698.000000,7995.692383
698.500000,7997.637207
699.000000,8000.961914
699.500000,8007.501953
700.000000,8017.130859
700.500000,8028.664551
701.000000,8039.326172
701.500000,8046.486816
702.000000,8049.087402
702.500000,8048.596191
703.000000,8047.642578
703.500000,8048.380371
704.000000,8051.445312
704.500000,8055.228027
705.000000,8058.023926
705.500000,8059.038574
706.000000,8058.719727
706.500000,8058.912598
707.000000,8061.575684
707.500000,8067.484375
708.000000,8075.397461
708.500000,8083.521973
709.000000,8089.975098
709.500000,8093.238770
710.000000,8093.989746
710.500000,8093.576660
711.000000,8094.036621
711.500000,8096.432617
712.000000,8100.561523
712.500000,8105.053223
713.000000,8108.260254
713.500000,8109.458008
714.000000,8108.408203
714.500000,8106.744141
715.000000,8106.331055
715.500000,8108.187988
716.000000,8112.611328
716.500000,8118.812988
717.000000,8125.277344
717.500000,8130.200195
718.000000,8132.384277
718.500000,8130.419922
719.000000,8126.236816
719.500000,8122.785156
720.000000,8123.769531
720.500000,8133.407227
721.000000,8153.010742
721.500000,8181.399414
722.000000,8215.250000
722.500000,8249.497070
723.000000,8280.766602
723.500000,8309.362305
724.000000,8336.762695
724.500000,8365.070312
725.000000,8395.262695
725.500000,8426.553711
726.000000,8457.605469
726.500000,8487.671875
727.000000,8517.414062
727.500000,8547.747070
728.000000,8578.397461
728.500000,8607.318359
729.000000,8632.484375
729.500000,8651.585938
730.000000,8666.070312
730.500000,8679.003906
731.000000,8694.336914
731.500000,8713.389648
732.000000,8734.407227
732.500000,8753.242188
733.000000,8764.458008
733.500000,8766.461914
734.000000,8756.502930
734.500000,8737.193359
735.000000,8709.343750
735.500000,8675.524414
736.000000,8637.341797
736.500000,8596.793945
737.000000,8556.305664
737.500000,8517.879883
738.000000,8481.698242
738.500000,8446.695312
739.000000,8410.191406
739.500000,8370.211914
740.000000,8327.843750
740.500000,8286.184570
741.000000,8249.398438
741.500000,8220.717773
742.000000,8201.873047
742.500000,8190.046875
743.000000,8182.118164
743.500000,8173.274414
744.000000,8160.867188
744.500000,8145.441895
745.000000,8128.688965
745.500000,8113.294922
746.000000,8101.693848
746.500000,8095.494141
747.000000,8094.729492
747.500000,8099.958008
748.000000,8109.460938
748.500000,8123.529785
749.000000,8140.690430
749.500000,8160.507812
750.000000,8181.872559
750.500000,8204.253906
751.000000,8227.606445
751.500000,8252.495117
752.000000,8279.777344
752.500000,8309.355469
753.000000,8341.277344
753.500000,8374.349609
754.000000,8407.612305
754.500000,8439.839844
755.000000,8469.194336
755.500000,8493.595703
756.000000,8510.383789
756.500000,8518.225586
757.000000,8519.229492
757.500000,8516.666016
758.000000,8516.036133
758.500000,8522.919922
759.000000,8537.754883
759.500000,8559.305664
760.000000,8581.920898
760.500000,8599.502930
761.000000,8609.021484
761.500000,8611.554688
762.000000,8609.950195
762.500000,8608.778320
763.000000,8612.183594
763.500000,8621.031250
764.000000,8636.136719
764.500000,8655.231445
765.000000,8675.639648
765.500000,8694.330078
766.000000,8708.796875
766.500000,8717.008789
767.000000,8719.005859
767.500000,8713.976562
768.000000,8703.716797
768.500000,8687.796875
769.000000,8667.421875
769.500000,8642.949219
770.000000,8616.012695
770.500000,8588.101562
771.000000,8560.302734
771.500000,8532.740234
772.000000,8504.583008
772.500000,8475.042969
773.000000,8443.733398
773.500000,8412.328125
774.000000,8383.537109
774.500000,8358.958984
775.000000,8339.530273
775.500000,8324.634766
776.000000,8313.266602
776.500000,8305.221680
777.000000,8300.122070
777.500000,8298.371094
778.000000,8298.321289
778.500000,8297.409180
779.000000,8293.378906
779.500000,8284.843750
780.000000,8272.993164
780.500000,8260.179688
781.000000,8248.860352
781.500000,8240.224609
782.000000,8234.542969
782.500000,8230.601562
783.000000,8228.205078
783.500000,8227.240234
784.000000,8228.275391
784.500000,8230.731445
785.000000,8233.234375
785.500000,8233.991211
786.000000,8231.918945
786.500000,8226.959961
787.000000,8220.792969
787.500000,8215.131836
788.000000,8210.489258
788.500000,8206.232422
789.000000,8201.213867
789.500000,8194.897461
790.000000,8188.165527
790.500000,8182.889648
791.000000,8181.032715
791.500000,8182.928223
792.000000,8187.948242
792.500000,8193.236328
793.000000,8196.033203
793.500000,8195.288086
794.000000,8189.912598
794.500000,8180.368652
795.000000,8166.918945
795.500000,8150.385742
796.000000,8132.578613
796.500000,8116.325684
797.000000,8104.592285
797.500000,8100.400391
798.000000,8101.524414
798.500000,8105.076172
799.000000,8106.584961
799.500000,8103.041992
800.000000,8095.216309
800.500000,8087.067871
801.000000,8083.815918
801.500000,8088.111816
802.000000,8100.043945
802.500000,8113.979980
803.000000,8125.424805
803.500000,8133.055176
804.000000,8138.156738
804.500000,8144.242676
805.000000,8154.075195
805.500000,8167.788086
806.000000,8182.604980
806.500000,8194.732422
807.000000,8202.550781
807.500000,8205.929688
808.000000,8207.581055
808.500000,8208.960938
809.000000,8210.408203
809.500000,8210.938477
810.000000,8209.398438
810.500000,8205.506836
811.000000,8200.037109
811.500000,8194.829102
812.000000,8191.747559
812.500000,8190.965332
813.000000,8192.284180
813.500000,8193.979492
814.000000,8193.879883
814.500000,8190.046875
815.000000,8181.065430
815.500000,8166.838379
816.000000,8149.442383
816.500000,8131.584961
817.000000,8115.781738
817.500000,8103.028320
818.000000,8091.353516
818.500000,8078.210449
819.000000,8061.931641
819.500000,8042.372070
820.000000,8021.473145
820.500000,8001.988281
821.000000,7986.192383
821.500000,7973.996094
822.000000,7964.543945
822.500000,7955.435059
823.000000,7945.361328
823.500000,7934.180664
824.000000,7922.437500
824.500000,7911.268066
825.000000,7902.009766
825.500000,7895.997559
826.000000,7893.580566
826.500000,7894.898438
827.000000,7897.748535
827.500000,7899.280762
828.000000,7897.630859
828.500000,7891.951172
829.000000,7884.240723
829.500000,7877.626465
830.000000,7875.077148
830.500000,7877.647949
831.000000,7884.903809
831.500000,7893.981445
832.000000,7902.387695
832.500000,7908.887695
833.000000,7913.298340
833.500000,7916.393066
834.000000,7918.199707
834.500000,7918.255859
835.000000,7915.789062
835.500000,7910.181152
836.000000,7902.071777
836.500000,7892.297363
837.000000,7882.562500
837.500000,7874.645996
838.000000,7869.270508
838.500000,7866.766602
839.000000,7865.806152
839.500000,7863.984863
840.000000,7858.309082
840.500000,7846.974609
841.000000,7829.586426
841.500000,7810.012207
842.000000,7794.292969
842.500000,7786.978516
843.000000,7792.723145
843.500000,7807.822754
844.000000,7826.889160
844.500000,7844.134277
845.000000,7856.658203
845.500000,7865.052246
846.000000,7872.972656
846.500000,7883.974121
847.000000,7898.408203
847.500000,7914.728027
848.000000,7929.638184
848.500000,7940.806152
849.000000,7949.287598
849.500000,7957.919922
850.000000,7969.302734
850.500000,7983.952637
851.000000,8000.919434
851.500000,8017.817871
852.000000,8032.556152
852.500000,8044.669922
853.000000,8053.270508
853.500000,8057.889160
854.000000,8056.451172
854.500000,8047.139648
855.000000,8030.205566
855.500000,8006.875488
856.000000,7980.949219
856.500000,7955.489746
857.000000,7932.203125
857.500000,7911.716797
858.000000,7892.923828
858.500000,7875.160645
859.000000,7858.114746
859.500000,7841.868652
860.000000,7826.308594
860.500000,7810.756836
861.000000,7794.683594
861.500000,7778.467285
862.000000,7763.536621
862.500000,7751.002930
863.000000,7741.640137
863.500000,7734.169434
864.000000,7726.685059
864.500000,7717.827148
865.000000,7708.140137
865.500000,7700.133301
866.000000,7696.168457
866.500000,7697.538574
867.000000,7701.017578
867.500000,7702.655273
868.000000,7699.799316
868.500000,7692.189941
869.000000,7683.239258
869.500000,7677.651855
870.000000,7679.075684
870.500000,7686.893555
871.000000,7698.640137
871.500000,7709.527832
872.000000,7715.826660
872.500000,7718.030273
873.000000,7717.389160
873.500000,7715.970703
874.000000,7714.792480
874.500000,7713.919922
875.000000,7713.106934
875.500000,7712.398926
876.000000,7711.956543
876.500000,7711.507812
877.000000,7710.065918
877.500000,7706.084473
878.000000,7699.790527
878.500000,7693.668457
879.000000,7691.707031
879.500000,7697.150879
880.000000,7711.042480
880.500000,7729.468262
881.000000,7747.028809
881.500000,7759.100098
882.000000,7762.483887
882.500000,7760.352539
883.000000,7757.259277
883.500000,7758.208984
884.000000,7766.216797
884.500000,7780.677734
885.000000,7797.910645
885.500000,7814.219727
886.000000,7827.063477
886.500000,7834.147461
887.000000,7836.666016
887.500000,7835.368652
888.000000,7832.570312
888.500000,7830.240723
889.000000,7829.599609
889.500000,7830.487305
890.000000,7831.480469
890.500000,7830.486328
891.000000,7825.390137
891.500000,7816.873535
892.000000,7805.749023
892.500000,7794.080078
893.000000,7783.141602
893.500000,7773.211426
894.000000,7763.941895
894.500000,7755.065430
895.000000,7746.753906
895.500000,7739.669922
896.000000,7733.719238
896.500000,7728.064453
897.000000,7721.053223
897.500000,7711.471191
898.000000,7700.477051
898.500000,7690.926270
899.000000,7685.966797
899.500000,7686.634766
900.000000,7691.560547
900.500000,7696.293457
901.000000,7695.982910
901.500000,7689.993164
902.000000,7679.684082
902.500000,7669.759277
903.000000,7663.882812
903.500000,7661.794434
904.000000,7659.124023
904.500000,7650.333496
905.000000,7633.595215
905.500000,7609.706543
906.000000,7584.447754
906.500000,7563.194824
907.000000,7547.682617
907.500000,7537.794434
908.000000,7530.796875
908.500000,7525.023926
909.000000,7520.596191
909.500000,7518.560547
910.000000,7519.669922
910.500000,7522.082520
911.000000,7522.447754
911.500000,7518.754395
912.000000,7509.748047
912.500000,7497.316895
913.000000,7483.492676
913.500000,7470.135742
914.000000,7458.300781
914.500000,7448.703613
915.000000,7441.506348
915.500000,7437.387695
916.000000,7435.431152
916.500000,7434.718750
917.000000,7433.757812
917.500000,7431.989746
918.000000,7430.350098
918.500000,7430.466797
919.000000,7433.457520
919.500000,7438.990723
920.000000,7446.478516
920.500000,7455.030762
921.000000,7465.027832
921.500000,7476.428223
922.000000,7488.612305
922.500000,7499.515137
923.000000,7506.717285
923.500000,7509.796387
924.000000,7511.494141
924.500000,7516.823730
925.000000,7529.287109
925.500000,7549.998047
926.000000,7573.537109
926.500000,7594.312988
927.000000,7609.544922
927.500000,7619.757812
928.000000,7629.212402
928.500000,7642.099121
929.000000,7660.079590
929.500000,7681.080078
930.000000,7702.060059
930.500000,7720.913574
931.000000,7737.033691
931.500000,7751.814453
932.000000,7765.330078
932.500000,7776.387695
933.000000,7783.068848
933.500000,7785.177246
934.000000,7785.134766
934.500000,7786.547852
935.000000,7791.785156
935.500000,7801.912109
936.000000,7814.308105
936.500000,7827.210449
937.000000,7840.283691
937.500000,7855.536621
938.000000,7875.229004
938.500000,7899.801270
939.000000,7926.885254
939.500000,7952.028809
940.000000,7971.014160
940.500000,7984.828613
941.000000,7996.670898
941.500000,8010.983398
942.000000,8030.166504
942.500000,8052.359863
943.000000,8073.716309
943.500000,8090.936523
944.000000,8104.021484
944.500000,8115.794434
945.000000,8130.449707
945.500000,8151.882812
946.000000,8178.493652
946.500000,8207.582031
947.000000,8234.885742
947.500000,8257.322266
948.000000,8274.292969
948.500000,8286.835938
949.000000,8295.832031
949.500000,8302.178711
950.000000,8305.745117
950.500000,8307.813477
951.000000,8309.898438
951.500000,8313.455078
952.000000,8318.722656
952.500000,8323.604492
953.000000,8324.424805
953.500000,8317.652344
954.000000,8302.806641
954.500000,8281.152344
955.000000,8257.778320
955.500000,8237.380859
956.000000,8221.526367
956.500000,8209.711914
957.000000,8198.169922
957.500000,8183.502441
958.000000,8164.538574
958.500000,8142.676270
959.000000,8120.477539
959.500000,8100.238770
960.000000,8083.356934
960.500000,8068.675293
961.000000,8055.066406
961.500000,8041.182617
962.000000,8026.326660
962.500000,8010.417480
963.000000,7993.558594
963.500000,7975.967773
964.000000,7958.217773
964.500000,7941.239746
965.000000,7925.700684
965.500000,7912.022461
966.000000,7898.763184
966.500000,7883.730957
967.000000,7865.166016
967.500000,7842.162598
968.000000,7815.743652
968.500000,7788.463867
969.000000,7763.229004
969.500000,7741.709961
970.000000,7725.399902
970.500000,7712.571777
971.000000,7701.862305
971.500000,7691.102051
972.000000,7678.961426
972.500000,7665.487305
973.000000,7651.965820
973.500000,7640.272949
974.000000,7631.352051
974.500000,7625.062988
975.000000,7618.792969
975.500000,7609.299316
976.000000,7595.454102
976.500000,7577.304199
977.000000,7557.659180
977.500000,7539.744141
978.000000,7525.769043
978.500000,7515.705078
979.000000,7508.479492
979.500000,7501.993164
980.000000,7495.302734
980.500000,7488.664551
981.000000,7483.206543
981.500000,7479.621094
982.000000,7478.066895
982.500000,7477.693848
983.000000,7477.376465
983.500000,7476.377441
984.000000,7474.872559
984.500000,7474.022461
985.000000,7475.328613
985.500000,7481.399414
986.000000,7492.900879
986.500000,7510.559082
987.000000,7532.141602
987.500000,7553.734863
988.000000,7570.383789
988.500000,7578.732910
989.000000,7576.903809
989.500000,7569.354980
990.000000,7562.046387
990.500000,7561.082520
991.000000,7571.117188
991.500000,7589.673340
992.000000,7611.291992
992.500000,7629.094238
993.000000,7639.178711
993.500000,7642.132324
994.000000,7644.192383
994.500000,7653.624023
995.000000,7673.315430
995.500000,7704.381836
996.000000,7740.658203
996.500000,7776.171875
997.000000,7806.642090
997.500000,7830.942871
998.000000,7850.271973
998.500000,7866.685059
999.000000,7879.505859
999.500000,7887.012207
1000.000000,7883.797852
1000.500000,7869.224609
1001.000000,7841.755371
1001.500000,7805.187012
1002.000000,7762.953125
1002.500000,7717.701172
1003.000000,7670.098633
1003.500000,7618.959961
1004.000000,7564.498535
1004.500000,7508.485840
1005.000000,7455.336426
1005.500000,7410.853027
1006.000000,7375.817383
1006.500000,7348.939941
1007.000000,7325.271484
1007.500000,7300.209473
1008.000000,7271.881348
1008.500000,7242.290039
1009.000000,7215.689941
1009.500000,7195.087891
1010.000000,7183.583984
1010.500000,7179.114746
1011.000000,7180.566895
1011.500000,7185.642578
1012.000000,7193.269043
1012.500000,7202.908691
1013.000000,7214.002930
1013.500000,7226.130859
1014.000000,7238.629883
1014.500000,7251.177734
1015.000000,7263.606445
1015.500000,7275.820801
1016.000000,7287.985840
1016.500000,7301.025391
1017.000000,7317.014648
1017.500000,7338.990723
1018.000000,7370.208984
1018.500000,7410.383301
1019.000000,7458.559570
1019.500000,7508.991211
1020.000000,7556.068359
1020.500000,7596.362793
1021.000000,7627.135254
1021.500000,7648.723633
1022.000000,7660.522461
1022.500000,7660.434082
1023.000000,7646.790039
1023.500000,7616.361816
1024.000000,7573.936035
1024.500000,7525.415039
1025.000000,7481.810059
1025.500000,7454.154785
1026.000000,7445.014160
1026.500000,7452.274414
1027.000000,7466.950195
1027.500000,7478.794434
1028.000000,7480.732422
1028.500000,7473.356445
1029.000000,7459.871094
1029.500000,7446.632812
1030.000000,7437.030273
1030.500000,7429.663574
1031.000000,7420.960938
1031.500000,7407.915527
1032.000000,7390.008301
1032.500000,7369.436523
1033.000000,7349.869629
1033.500000,7334.519043
1034.000000,7323.596680
1034.500000,7317.143555
1035.000000,7312.997559
1035.500000,7310.205566
1036.000000,7307.894531
1036.500000,7305.397949
1037.000000,7301.762695
1037.500000,7295.867188
1038.000000,7286.471680
1038.500000,7273.909668
1039.000000,7258.632324
1039.500000,7242.809082
1040.000000,7228.606445
1040.500000,7217.483887
1041.000000,7210.746094
1041.500000,7208.251953
1042.000000,7209.017578
1042.500000,7211.454590
1043.000000,7213.496582
1043.500000,7213.377441
1044.000000,7211.042969
1044.500000,7207.274902
1045.000000,7204.434082
1045.500000,7205.313477
1046.000000,7211.369141
1046.500000,7223.207031
1047.000000,7239.742188
1047.500000,7258.170410
1048.000000,7274.888184
1048.500000,7286.781250
1049.000000,7289.898438
1049.500000,7285.734375
1050.000000,7276.067383
1050.500000,7266.081543
1051.000000,7260.493164
1051.500000,7261.197754
1052.000000,7266.487305
1052.500000,7272.285645
1053.000000,7274.375000
1053.500000,7269.516602
1054.000000,7259.069336
1054.500000,7243.620117
1055.000000,7224.985840
1055.500000,7202.704102
1056.000000,7176.736816
1056.500000,7148.067383
1057.000000,7119.647461
1057.500000,7095.203613
1058.000000,7078.275879
1058.500000,7068.176758
1059.000000,7064.738770
1059.500000,7065.101562
1060.000000,7069.444336
1060.500000,7077.949707
1061.000000,7091.115234
1061.500000,7107.247559
1062.000000,7122.760254
1062.500000,7134.005371
1063.000000,7140.365234
1063.500000,7143.274414
1064.000000,7147.123535
1064.500000,7155.954590
1065.000000,7169.801270
1065.500000,7186.323730
1066.000000,7200.959961
1066.500000,7210.004395
1067.000000,7212.702148
1067.500000,7212.544922
1068.000000,7214.798828
1068.500000,7223.208008
1069.000000,7240.334961
1069.500000,7261.997559
1070.000000,7282.878418
1070.500000,7297.627930
1071.000000,7302.598145
1071.500000,7297.694824
1072.000000,7285.585449
1072.500000,7268.705078
1073.000000,7249.981445
1073.500000,7230.791992
1074.000000,7212.230957
1074.500000,7195.506836
1075.000000,7181.278320
1075.500000,7170.416992
1076.000000,7162.862793
1076.500000,7158.098145
1077.000000,7155.275391
1077.500000,7152.934570
1078.000000,7149.551758
1078.500000,7144.339844
1079.000000,7137.087402
1079.500000,7129.554688
1080.000000,7124.126953
1080.500000,7122.160645
1081.000000,7123.347168
1081.500000,7125.342285
1082.000000,7125.282715
1082.500000,7121.451172
1083.000000,7115.259766
1083.500000,7109.224609
1084.000000,7105.666504
1084.500000,7105.913574
1085.000000,7108.554688
1085.500000,7111.442871
1086.000000,7112.190918
1086.500000,7109.042969
1087.000000,7101.046875
1087.500000,7089.583496
1088.000000,7077.113281
1088.500000,7067.422852
1089.000000,7064.954590
1089.500000,7069.764648
1090.000000,7080.492188
1090.500000,7092.555176
1091.000000,7101.733398
1091.500000,7106.041504
1092.000000,7106.663086
1092.500000,7105.539551
1093.000000,7104.346680
1093.500000,7102.506348
1094.000000,7098.506348
1094.500000,7090.647949
1095.000000,7080.051758
1095.500000,7069.807129
1096.000000,7064.116699
1096.500000,7065.995117
1097.000000,7076.281738
1097.500000,7090.803223
1098.000000,7103.615723
1098.500000,7109.638672
1099.000000,7105.076172
1099.500000,7093.930176
1100.000000,7082.589355
1100.500000,7077.962891
1101.000000,7083.557617
1101.500000,7097.807129
1102.000000,7114.607422
1102.500000,7128.202148
1103.000000,7136.650879
1103.500000,7140.067383
1104.000000,7141.862793
1104.500000,7143.964844
1105.000000,7147.031250
1105.500000,7151.363770
1106.000000,7157.906250
1106.500000,7168.156738
1107.000000,7183.650879
1107.500000,7203.213379
1108.000000,7225.275879
1108.500000,7247.186035
1109.000000,7267.616211
1109.500000,7286.895996
1110.000000,7305.876953
1110.500000,7325.490234
1111.000000,7346.516113
1111.500000,7369.785156
1112.000000,7395.527832
1112.500000,7423.729980
1113.000000,7452.783203
1113.500000,7481.378906
1114.000000,7509.614746
1114.500000,7539.466797
1115.000000,7572.960449
1115.500000,7610.434570
1116.000000,7649.065918
1116.500000,7684.549805
1117.000000,7713.839844
1117.500000,7739.195312
1118.000000,7765.678711
1118.500000,7798.020996
1119.000000,7839.269043
1119.500000,7886.414551
1120.000000,7935.758789
1120.500000,7984.363281
1121.000000,8031.767578
1121.500000,8078.886719
1122.000000,8126.229492
1122.500000,8172.986328
1123.000000,8218.345703
1123.500000,8262.447266
1124.000000,8307.325195
1124.500000,8355.504883
1125.000000,8407.606445
1125.500000,8462.358398
1126.000000,8517.094727
1126.500000,8569.366211
1127.000000,8617.415039
1127.500000,8661.714844
1128.000000,8701.975586
1128.500000,8739.781250
1129.000000,8776.254883
1129.500000,8813.515625
1130.000000,8854.033203
1130.500000,8899.562500
1131.000000,8950.542969
1131.500000,9006.639648
1132.000000,9065.691406
1132.500000,9126.205078
1133.000000,9186.706055
1133.500000,9247.118164
1134.000000,9308.714844
1134.500000,9374.360352
1135.000000,9446.595703
1135.500000,9527.224609
1136.000000,9616.129883
1136.500000,9709.957031
1137.000000,9804.513672
1137.500000,9895.042969
1138.000000,9975.334961
1138.500000,10043.903320
1139.000000,10097.333984
1139.500000,10137.986328
1140.000000,10168.672852
1140.500000,10193.578125
1141.000000,10215.538086
1141.500000,10233.501953
1142.000000,10244.842773
1142.500000,10244.287109
1143.000000,10233.746094
1143.500000,10216.158203
1144.000000,10198.816406
1144.500000,10187.039062
1145.000000,10181.185547
1145.500000,10177.652344
1146.000000,10172.092773
1146.500000,10163.367188
1147.000000,10154.355469
1147.500000,10149.947266
1148.000000,10155.291016
1148.500000,10168.492188
1149.000000,10186.081055
1149.500000,10202.522461
1150.000000,10214.193359
1150.500000,10220.552734
1151.000000,10223.350586
1151.500000,10223.773438
1152.000000,10222.540039
1152.500000,10219.053711
1153.000000,10214.422852
1153.500000,10211.312500
1154.000000,10212.875000
1154.500000,10221.665039
1155.000000,10236.398438
1155.500000,10252.789062
1156.000000,10265.686523
1156.500000,10272.476562
1157.000000,10272.450195
1157.500000,10269.381836
1158.000000,10266.485352
1158.500000,10266.194336
1159.000000,10270.588867
1159.500000,10280.575195
1160.000000,10296.771484
1160.500000,10317.505859
1161.000000,10337.427734
1161.500000,10348.390625
1162.000000,10346.372070
1162.500000,10328.543945
1163.000000,10303.927734
1163.500000,10281.035156
1164.000000,10264.526367
1164.500000,10251.230469
1165.000000,10230.994141
1165.500000,10193.577148
1166.000000,10133.213867
1166.500000,10056.685547
1167.000000,9972.041016
1167.500000,9889.375000
1168.000000,9813.674805
1168.500000,9743.363281
1169.000000,9676.079102
1169.500000,9609.567383
1170.000000,9543.025391
1170.500000,9475.860352
1171.000000,9406.892578
1171.500000,9334.306641
1172.000000,9258.580078
1172.500000,9181.572266
1173.000000,9106.742188
1173.500000,9037.068359
1174.000000,8972.069336
1174.500000,8909.636719
1175.000000,8847.205078
1175.500000,8784.056641
1176.000000,8722.075195
1176.500000,8664.050781
1177.000000,8613.583984
1177.500000,8569.610352
1178.000000,8531.278320
1178.500000,8495.306641
1179.000000,8459.822266
1179.500000,8423.958984
1180.000000,8387.424805
1180.500000,8349.610352
1181.000000,8309.853516
1181.500000,8267.892578
1182.000000,8225.976562
1182.500000,8188.958496
1183.000000,8160.313477
1183.500000,8143.529297
1184.000000,8136.245605
1184.500000,8134.493652
1185.000000,8133.937012
1185.500000,8132.241699
1186.000000,8129.304688
1186.500000,8126.025879
1187.000000,8122.426758
1187.500000,8118.151855
1188.000000,8113.599609
1188.500000,8110.786621
1189.000000,8112.625488
1189.500000,8119.968262
1190.000000,8130.837891
1190.500000,8141.787109
1191.000000,8150.515137
1191.500000,8157.423340
1192.000000,8165.357422
1192.500000,8176.604004
1193.000000,8189.628906
1193.500000,8200.940430
1194.000000,8207.968750
1194.500000,8211.315430
1195.000000,8214.863281
1195.500000,8222.679688
1196.000000,8236.688477
1196.500000,8253.919922
1197.000000,8270.698242
1197.500000,8284.821289
1198.000000,8296.373047
1198.500000,8307.682617
1199.000000,8320.522461
1199.500000,8334.929688
1200.000000,8349.710938
1200.500000,8363.870117
1201.000000,8377.547852
1201.500000,8391.648438
1202.000000,8406.704102
1202.500000,8422.497070
1203.000000,8437.876953
1203.500000,8451.743164
1204.000000,8464.054688
1204.500000,8475.728516
1205.000000,8488.150391
1205.500000,8502.160156
1206.000000,8517.710938
1206.500000,8533.288086
1207.000000,8546.711914
1207.500000,8557.060547
1208.000000,8563.747070
1208.500000,8568.074219
1209.000000,8571.293945
1209.500000,8574.348633
1210.000000,8577.748047
1210.500000,8582.324219
1211.000000,8589.353516
1211.500000,8601.625000
1212.000000,8619.219727
1212.500000,8641.641602
1213.000000,8664.655273
1213.500000,8683.333984
1214.000000,8694.683594
1214.500000,8698.812500
1215.000000,8698.820312
1215.500000,8699.622070
1216.000000,8705.151367
1216.500000,8714.973633
1217.000000,8726.072266
1217.500000,8732.910156
1218.000000,8729.416992
1218.500000,8714.523438
1219.000000,8690.214844
1219.500000,8662.016602
1220.000000,8635.980469
1220.500000,8615.850586
1221.000000,8600.229492
1221.500000,8585.616211
1222.000000,8567.564453
1222.500000,8542.451172
1223.000000,8510.940430
1223.500000,8474.568359
1224.000000,8436.250977
1224.500000,8398.520508
1225.000000,8362.965820
1225.500000,8329.559570
1226.000000,8297.433594
1226.500000,8264.730469
1227.000000,8229.893555
1227.500000,8193.428711
1228.000000,8157.132812
1228.500000,8123.345215
1229.000000,8093.679688
1229.500000,8068.329590
1230.000000,8046.581543
1230.500000,8029.458008
1231.000000,8017.942383
1231.500000,8015.624512
1232.000000,8020.755859
1232.500000,8031.114746
1233.000000,8041.293945
1233.500000,8047.090332
1234.000000,8047.888184
1234.500000,8046.642578
1235.000000,8047.655762
1235.500000,8053.414062
1236.000000,8064.731445
1236.500000,8078.516113
1237.000000,8092.365723
1237.500000,8105.115723
1238.000000,8117.403320
1238.500000,8130.749023
1239.000000,8145.933594
1239.500000,8162.163574
1240.000000,8177.420898
1240.500000,8189.561035
1241.000000,8198.652344
1241.500000,8205.519531
1242.000000,8212.460938
1242.500000,8220.899414
1243.000000,8230.681641
1243.500000,8240.879883
1244.000000,8250.593750
1244.500000,8259.548828
1245.000000,8267.598633
1245.500000,8274.454102
1246.000000,8279.125000
1246.500000,8282.204102
1247.000000,8285.704102
1247.500000,8292.485352
1248.000000,8304.566406
1248.500000,8319.935547
1249.000000,8333.686523
1249.500000,8340.938477
1250.000000,8341.473633
1250.500000,8338.744141
1251.000000,8338.726562
1251.500000,8345.422852
1252.000000,8355.926758
1252.500000,8365.262695
1253.000000,8369.816406
1253.500000,8370.188477
1254.000000,8370.919922
1254.500000,8376.493164
1255.000000,8388.562500
1255.500000,8404.200195
1256.000000,8421.027344
1256.500000,8438.011719
1257.000000,8456.477539
1257.500000,8477.225586
1258.000000,8499.418945
1258.500000,8520.359375
1259.000000,8537.451172
1259.500000,8549.331055
1260.000000,8556.794922
1260.500000,8559.425781
1261.000000,8557.689453
1261.500000,8550.065430
1262.000000,8537.885742
1262.500000,8522.288086
1263.000000,8505.014648
1263.500000,8486.094727
1264.000000,8464.162109
1264.500000,8438.449219
1265.000000,8409.681641
1265.500000,8381.130859
1266.000000,8356.383789
1266.500000,8335.504883
1267.000000,8317.061523
1267.500000,8298.270508
1268.000000,8278.232422
1268.500000,8258.579102
1269.000000,8241.683594
1269.500000,8228.497070
1270.000000,8217.043945
1270.500000,8204.755859
1271.000000,8190.604492
1271.500000,8175.572754
1272.000000,8162.109375
1272.500000,8152.240723
1273.000000,8145.774414
1273.500000,8141.512207
1274.000000,8138.440918
1274.500000,8136.423340
1275.000000,8136.492676
1275.500000,8139.083008
1276.000000,8145.190430
1276.500000,8154.246582
1277.000000,8166.653320
1277.500000,8181.579102
1278.000000,8197.431641
1278.500000,8211.348633
1279.000000,8220.540039
1279.500000,8223.539062
1280.000000,8223.219727
1280.500000,8224.892578
1281.000000,8233.652344
1281.500000,8253.708008
1282.000000,8281.267578
1282.500000,8309.723633
1283.000000,8330.910156
1283.500000,8339.391602
1284.000000,8334.974609
1284.500000,8324.585938
1285.000000,8316.574219
1285.500000,8316.296875
1286.000000,8325.852539
1286.500000,8339.227539
1287.000000,8350.261719
1287.500000,8355.508789
1288.000000,8355.380859
1288.500000,8353.062500
1289.000000,8350.879883
1289.500000,8347.708008
1290.000000,8340.566406
1290.500000,8325.670898
1291.000000,8305.401367
1291.500000,8284.271484
1292.000000,8268.321289
1292.500000,8262.338867
1293.000000,8265.882812
1293.500000,8275.299805
1294.000000,8286.261719
1294.500000,8295.432617
1295.000000,8301.576172
1295.500000,8306.337891
1296.000000,8311.652344
1296.500000,8318.333984
1297.000000,8325.332031
1297.500000,8330.326172
1298.000000,8331.884766
1298.500000,8331.649414
1299.000000,8334.171875
1299.500000,8344.793945
1300.000000,8363.465820
1300.500000,8387.569336
1301.000000,8410.060547
1301.500000,8425.672852
1302.000000,8434.704102
1302.500000,8439.512695
1303.000000,8442.451172
1303.500000,8443.233398
1304.000000,8440.258789
1304.500000,8434.822266
1305.000000,8431.264648
1305.500000,8433.073242
1306.000000,8439.711914
1306.500000,8443.013672
1307.000000,8432.048828
1307.500000,8403.304688
1308.000000,8362.139648
1308.500000,8320.779297
1309.000000,8289.917969
1309.500000,8273.801758
1310.000000,8264.884766
1310.500000,8255.049805
1311.000000,8240.145508
1311.500000,8221.179688
1312.000000,8202.514648
1312.500000,8186.087402
1313.000000,8169.931152
1313.500000,8150.938965
1314.000000,8128.301270
1314.500000,8104.998535
1315.000000,8085.110840
1315.500000,8069.739746
1316.000000,8058.494141
1316.500000,8048.335938
1317.000000,8036.687012
1317.500000,8021.576172
1318.000000,8000.972168
1318.500000,7972.836914
1319.000000,7937.801270
1319.500000,7898.158203
1320.000000,7859.643066
1320.500000,7828.197754
1321.000000,7804.203125
1321.500000,7785.759766
1322.000000,7767.710938
1322.500000,7746.358887
1323.000000,7721.237793
1323.500000,7694.084961
1324.000000,7666.270508
1324.500000,7638.384766
1325.000000,7610.968262
1325.500000,7585.565918
1326.000000,7565.774902
1326.500000,7552.875488
1327.000000,7546.289551
1327.500000,7541.617676
1328.000000,7533.998535
1328.500000,7521.291504
1329.000000,7506.512695
1329.500000,7495.812012
1330.000000,7493.444824
1330.500000,7502.828613
1331.000000,7519.824707
1331.500000,7540.583496
1332.000000,7561.487305
1332.500000,7581.420410
1333.000000,7600.618164
1333.500000,7619.165527
1334.000000,7636.028809
1334.500000,7650.413086
1335.000000,7661.426758
1335.500000,7670.606934
1336.000000,7679.380859
1336.500000,7689.007812
1337.000000,7699.831055
1337.500000,7711.127930
1338.000000,7721.394531
1338.500000,7728.316406
1339.000000,7730.120605
1339.500000,7724.348145
1340.000000,7713.564941
1340.500000,7701.481934
1341.000000,7692.978516
1341.500000,7690.978516
1342.000000,7693.058105
1342.500000,7693.588379
1343.000000,7687.175781
1343.500000,7673.292480
1344.000000,7655.308105
1344.500000,7639.553711
1345.000000,7631.375488
1345.500000,7629.699707
1346.000000,7632.594727
1346.500000,7636.760254
1347.000000,7640.898438
1347.500000,7644.971680
1348.000000,7648.890137
1348.500000,7651.998047
1349.000000,7654.152832
1349.500000,7656.188477
1350.000000,7659.448242
1350.500000,7664.584961
1351.000000,7670.182129
1351.500000,7674.484375
1352.000000,7677.358887
1352.500000,7680.884766
1353.000000,7687.811523
1353.500000,7698.324707
1354.000000,7709.711426
1354.500000,7717.666992
1355.000000,7718.663574
1355.500000,7715.727051
1356.000000,7714.300293
1356.500000,7719.144043
1357.000000,7731.939941
1357.500000,7749.888184
1358.000000,7767.817383
1358.500000,7781.145020
1359.000000,7788.753418
1359.500000,7790.202637
1360.000000,7788.389160
1360.500000,7784.541992
1361.000000,7779.694336
1361.500000,7773.738770
1362.000000,7766.565430
1362.500000,7758.654297
1363.000000,7751.357910
1363.500000,7746.000977
1364.000000,7743.313477
1364.500000,7741.584473
1365.000000,7737.892090
1365.500000,7730.254395
1366.000000,7718.091797
1366.500000,7704.515625
1367.000000,7694.277344
1367.500000,7691.343262
1368.000000,7695.762207
1368.500000,7704.459961
1369.000000,7711.237793
1369.500000,7709.557129
1370.000000,7699.618652
1370.500000,7684.096191
1371.000000,7669.164062
1371.500000,7659.473145
1372.000000,7655.649902
1372.500000,7655.037109
1373.000000,7654.870117
1373.500000,7654.925781
1374.000000,7659.282715
1374.500000,7671.704590
1375.000000,7696.159180
1375.500000,7728.047363
1376.000000,7760.105469
1376.500000,7784.039062
1377.000000,7795.558105
1377.500000,7797.524902
1378.000000,7798.830566
1378.500000,7809.941406
1379.000000,7835.240234
1379.500000,7878.070312
1380.000000,7930.686035
1380.500000,7987.968750
1381.000000,8045.986816
1381.500000,8105.803223
1382.000000,8171.049316
1382.500000,8244.106445
1383.000000,8324.699219
1383.500000,8408.643555
1384.000000,8494.024414
1384.500000,8581.999023
1385.000000,8677.617188
1385.500000,8782.200195
1386.000000,8894.248047
1386.500000,9007.757812
1387.000000,9117.689453
1387.500000,9223.008789
1388.000000,9326.294922
1388.500000,9427.939453
1389.000000,9523.938477
1389.500000,9602.197266
1390.000000,9657.885742
1390.500000,9688.519531
1391.000000,9703.881836
1391.500000,9712.235352
1392.000000,9716.055664
1392.500000,9709.876953
1393.000000,9682.140625
1393.500000,9629.614258
1394.000000,9548.301758
1394.500000,9450.128906
1395.000000,9340.452148
1395.500000,9224.748047
1396.000000,9102.227539
1396.500000,8971.691406
1397.000000,8834.501953
1397.500000,8695.125977
1398.000000,8560.331055
1398.500000,8438.444336
1399.000000,8331.714844
1399.500000,8244.667969
1400.000000,8171.714355
1400.500000,8108.624023
1401.000000,8048.463867
1401.500000,7987.345703
1402.000000,7925.726074
1402.500000,7867.530762
1403.000000,7817.127441
1403.500000,7773.696289
1404.000000,7735.303711
1404.500000,7697.958008
1405.000000,7661.971191
1405.500000,7630.468262
1406.000000,7607.718262
1406.500000,7593.820312
1407.000000,7584.335938
1407.500000,7573.495117
1408.000000,7558.639160
1408.500000,7541.749023
1409.000000,7527.995605
1409.500000,7520.975586
1410.000000,7517.866699
1410.500000,7513.729980
1411.000000,7504.682129
1411.500000,7490.655273
1412.000000,7475.191406
1412.500000,7462.581543
1413.000000,7455.813965
1413.500000,7454.199707
1414.000000,7458.296387
1414.500000,7466.950684
1415.000000,7480.549805
1415.500000,7497.364746
1416.000000,7515.107910
1416.500000,7531.534180
1417.000000,7545.839355
1417.500000,7558.312500
1418.000000,7569.699219
1418.500000,7579.572754
1419.000000,7588.006836
1419.500000,7596.156738
1420.000000,7606.876953
1420.500000,7622.753906
1421.000000,7642.232422
1421.500000,7660.082031
1422.000000,7669.913086
1422.500000,7669.538574
1423.000000,7659.941406
1423.500000,7647.638672
1424.000000,7637.048340
1424.500000,7628.375488
1425.000000,7618.532715
1425.500000,7604.263672
1426.000000,7584.930664
1426.500000,7563.181152
1427.000000,7542.212402
1427.500000,7523.616211
1428.000000,7506.460938
1428.500000,7489.082520
1429.000000,7470.180664
1429.500000,7448.743652
1430.000000,7424.901367
1430.500000,7398.630371
1431.000000,7370.765137
1431.500000,7342.717773
1432.000000,7315.635742
1432.500000,7289.305664
1433.000000,7262.149414
1433.500000,7232.635742
1434.000000,7199.622070
1434.500000,7164.623535
1435.000000,7129.203125
1435.500000,7094.347656
1436.000000,7059.778320
1436.500000,7024.781250
1437.000000,6989.585938
1437.500000,6955.626465
1438.000000,6924.077637
1438.500000,6896.229980
1439.000000,6871.318359
1439.500000,6849.960938
1440.000000,6832.265137
1440.500000,6818.619629
1441.000000,6807.400391
1441.500000,6795.351074
1442.000000,6779.477539
1442.500000,6760.715820
1443.000000,6743.059570
1443.500000,6730.620605
1444.000000,6726.095703
1444.500000,6725.810059
1445.000000,6725.417969
1445.500000,6722.414062
1446.000000,6718.168945
1446.500000,6716.147461
1447.000000,6717.741211
1447.500000,6720.473145
1448.000000,6720.340820
1448.500000,6715.173828
1449.000000,6708.733398
1449.500000,6706.469238
1450.000000,6710.897949
1450.500000,6720.578125
1451.000000,6730.495117
1451.500000,6736.406738
1452.000000,6737.190918
1452.500000,6735.914551
1453.000000,6735.643066
1453.500000,6737.887207
1454.000000,6743.980957
1454.500000,6753.827637
1455.000000,6767.536133
1455.500000,6783.005859
1456.000000,6796.713379
1456.500000,6805.624023
1457.000000,6810.343262
1457.500000,6814.616211
1458.000000,6822.206055
1458.500000,6834.612305
1459.000000,6848.818848
1459.500000,6862.665039
1460.000000,6876.677734
1460.500000,6893.645020
1461.000000,6914.622070
1461.500000,6935.942871
1462.000000,6950.307617
1462.500000,6955.027344
1463.000000,6951.828125
1463.500000,6949.538086
1464.000000,6955.494629
1464.500000,6969.292969
1465.000000,6986.035645
1465.500000,6999.146484
1466.000000,7005.336914
1466.500000,7005.028809
1467.000000,7001.266113
1467.500000,6995.466309
1468.000000,6988.940918
1468.500000,6983.857910
1469.000000,6983.002441
1469.500000,6989.483398
1470.000000,7002.104492
1470.500000,7016.731445
1471.000000,7027.537109
1471.500000,7029.865234
1472.000000,7021.031738
1472.500000,7003.775391
1473.000000,6980.077148
1473.500000,6955.766602
1474.000000,6936.560547
1474.500000,6925.551758
1475.000000,6923.448242
1475.500000,6926.192383
1476.000000,6927.865723
1476.500000,6924.042480
1477.000000,6915.554688
1477.500000,6905.692871
1478.000000,6898.641113
1478.500000,6897.113770
1479.000000,6899.052734
1479.500000,6900.869141
1480.000000,6898.872070
1480.500000,6891.719238
1481.000000,6882.080566
1481.500000,6875.760254
1482.000000,6878.517578
1482.500000,6889.839355
1483.000000,6906.327637
1483.500000,6919.865234
1484.000000,6923.376465
1484.500000,6916.821777
1485.000000,6904.553711
1485.500000,6894.446289
1486.000000,6892.147949
1486.500000,6898.990723
1487.000000,6910.166504
1487.500000,6919.464355
1488.000000,6922.495605
1488.500000,6917.080566
1489.000000,6907.725098
1489.500000,6900.333008
1490.000000,6899.239746
1490.500000,6903.592773
1491.000000,6908.692871
1491.500000,6909.921387
1492.000000,6905.916504
1492.500000,6900.779297
1493.000000,6899.770020
1493.500000,6904.160645
1494.000000,6912.380859
1494.500000,6920.029785
1495.000000,6924.360840
1495.500000,6925.249023
1496.000000,6923.848145
1496.500000,6921.081055
1497.000000,6918.703125
1497.500000,6920.686035
1498.000000,6929.962402
1498.500000,6949.086914
1499.000000,6972.062500
1499.500000,6989.840820
1500.000000,6996.371094
1500.500000,6992.875000
1501.000000,6987.331055
1501.500000,6989.101562
1502.000000,7004.125977
1502.500000,7027.619141
1503.000000,7053.294434
1503.500000,7075.590332
1504.000000,7093.556641
1504.500000,7109.847656
1505.000000,7127.061035
1505.500000,7146.767578
1506.000000,7169.934082
1506.500000,7198.630371
1507.000000,7233.432129
1507.500000,7275.052246
1508.000000,7319.419434
1508.500000,7363.544922
1509.000000,7406.193848
1509.500000,7448.950684
1510.000000,7494.929688
1510.500000,7546.432617
1511.000000,7604.115723
1511.500000,7665.925293
1512.000000,7730.401367
1512.500000,7795.920898
1513.000000,7861.771973
1513.500000,7927.145996
1514.000000,7991.626953
1514.500000,8056.160645
1515.000000,8123.280273
1515.500000,8196.342773
1516.000000,8276.567383
1516.500000,8364.020508
1517.000000,8455.354492
1517.500000,8548.088867
1518.000000,8639.674805
1518.500000,8728.103516
1519.000000,8812.575195
1519.500000,8891.883789
1520.000000,8965.435547
1520.500000,9032.313477
1521.000000,9089.471680
1521.500000,9135.635742
1522.000000,9167.987305
1522.500000,9192.116211
1523.000000,9214.335938
1523.500000,9241.625000
1524.000000,9275.696289
1524.500000,9310.463867
1525.000000,9337.717773
1525.500000,9352.526367
1526.000000,9357.636719
1526.500000,9357.665039
1527.000000,9356.866211
1527.500000,9352.520508
1528.000000,9339.553711
1528.500000,9312.452148
1529.000000,9273.269531
1529.500000,9226.566406
1530.000000,9178.168945
1530.500000,9131.863281
1531.000000,9088.564453
1531.500000,9046.062500
1532.000000,8999.937500
1532.500000,8947.067383
1533.000000,8884.309570
1533.500000,8815.127930
1534.000000,8745.226562
1534.500000,8680.402344
1535.000000,8621.929688
1535.500000,8565.409180
1536.000000,8504.561523
1536.500000,8437.333008
1537.000000,8369.640625
1537.500000,8310.726562
1538.000000,8263.509766
1538.500000,8225.982422
1539.000000,8188.691406
1539.500000,8142.625488
1540.000000,8086.261230
1540.500000,8025.968262
1541.000000,7971.405762
1541.500000,7929.100586
1542.000000,7905.093262
1542.500000,7893.447266
1543.000000,7888.763672
1543.500000,7882.131836
1544.000000,7867.493652
1544.500000,7844.085449
1545.000000,7815.358398
1545.500000,7786.359375
1546.000000,7760.931641
1546.500000,7740.679688
1547.000000,7723.294922
1547.500000,7707.253906
1548.000000,7692.183105
1548.500000,7679.320801
1549.000000,7668.810547
1549.500000,7658.893555
1550.000000,7646.527344
1550.500000,7630.086914
1551.000000,7610.595215
1551.500000,7591.949707
1552.000000,7576.954102
1552.500000,7563.895996
1553.000000,7549.096680
1553.500000,7530.228516
1554.000000,7508.760742
1554.500000,7490.164062
1555.000000,7478.715332
1555.500000,7473.882812
1556.000000,7469.532227
1556.500000,7458.894043
1557.000000,7441.383789
1557.500000,7420.318848
1558.000000,7402.782227
1558.500000,7393.756348
1559.000000,7391.782227
1559.500000,7392.389648
1560.000000,7390.824219
1560.500000,7384.841797
1561.000000,7374.457031
1561.500000,7363.017578
1562.000000,7354.806641
1562.500000,7351.449219
1563.000000,7352.463867
1563.500000,7353.127441
1564.000000,7347.571777
1564.500000,7332.872559
1565.000000,7312.191406
1565.500000,7293.864258
1566.000000,7285.590820
1566.500000,7292.605469
1567.000000,7308.383789
1567.500000,7325.117188
1568.000000,7335.012695
1568.500000,7334.130371
1569.000000,7325.586914
1569.500000,7316.452148
1570.000000,7312.841797
1570.500000,7315.808105
1571.000000,7322.255371
1571.500000,7325.399414
1572.000000,7318.620605
1572.500000,7303.637695
1573.000000,7286.941406
1573.500000,7276.318848
1574.000000,7274.412598
1574.500000,7276.024902
1575.000000,7272.012695
1575.500000,7255.747559
1576.000000,7231.655762
1576.500000,7210.697754
1577.000000,7200.383789
1577.500000,7201.392578
1578.000000,7203.386719
1578.500000,7195.488281
1579.000000,7175.086426
1579.500000,7150.315918
1580.000000,7134.332031
1580.500000,7132.493652
1581.000000,7142.763184
1581.500000,7153.518555
1582.000000,7155.609375
1582.500000,7149.736816
1583.000000,7142.161621
1583.500000,7139.763672
1584.000000,7143.154297
1584.500000,7147.451172
1585.000000,7147.652832
1585.500000,7143.089355
1586.000000,7139.038574
1586.500000,7143.298828
1587.000000,7155.922852
1587.500000,7174.402832
1588.000000,7192.628906
1588.500000,7205.965820
1589.000000,7212.493652
1589.500000,7211.640137
1590.000000,7201.540039
1590.500000,7182.869629
1591.000000,7154.771484
1591.500000,7121.280273
1592.000000,7084.769043
1592.500000,7047.368164
1593.000000,7008.575684
1593.500000,6967.369629
1594.000000,6923.904785
1594.500000,6879.800293
1595.000000,6837.093750
1595.500000,6797.293457
1596.000000,6760.163086
1596.500000,6726.667480
1597.000000,6696.821777
1597.500000,6671.899414
1598.000000,6650.941895
1598.500000,6631.846680
1599.000000,6611.518066
1599.500000,6587.496582
1600.000000,6558.395508
1600.500000,6525.984863
1601.000000,6491.945312
1601.500000,6458.854004
1602.000000,6429.317383
1602.500000,6404.193848
1603.000000,6383.937500
1603.500000,6366.656738
1604.000000,6349.992676
1604.500000,6332.246582
1605.000000,6313.125977
1605.500000,6293.532227
1606.000000,6275.281250
1606.500000,6260.957031
1607.000000,6250.301758
1607.500000,6241.823730
1608.000000,6231.588379
1608.500000,6215.327637
1609.000000,6191.515625
1609.500000,6163.637207
1610.000000,6138.449219
1610.500000,6119.938965
1611.000000,6107.931641
1611.500000,6094.978516
1612.000000,6073.300293
1612.500000,6042.448242
1613.000000,6009.088379
1613.500000,5983.468262
1614.000000,5970.778320
1614.500000,5968.854492
1615.000000,5968.645996
1615.500000,5962.312012
1616.000000,5949.732910
1616.500000,5936.308105
1617.000000,5927.943848
1617.500000,5926.186035
1618.000000,5925.634277
1618.500000,5918.092773
1619.000000,5897.011719
1619.500000,5863.517578
1620.000000,5823.109375
1620.500000,5783.948730
1621.000000,5752.250488
1621.500000,5727.243652
1622.000000,5706.650879
1622.500000,5686.491699
1623.000000,5665.952637
1623.500000,5647.084961
1624.000000,5632.172852
1624.500000,5621.551758
1625.000000,5611.983398
1625.500000,5598.568848
1626.000000,5579.639160
1626.500000,5554.902344
1627.000000,5528.056641
1627.500000,5503.014648
1628.000000,5482.818359
1628.500000,5468.942383
1629.000000,5459.369141
1629.500000,5449.643555
1630.000000,5435.035645
1630.500000,5414.474609
1631.000000,5388.566895
1631.500000,5361.765137
1632.000000,5336.726562
1632.500000,5313.225098
1633.000000,5290.291504
1633.500000,5268.465332
1634.000000,5250.244141
1634.500000,5238.579590
1635.000000,5231.536133
1635.500000,5224.389160
1636.000000,5212.644043
1636.500000,5193.968262
1637.000000,5171.677246
1637.500000,5150.299316
1638.000000,5133.413574
1638.500000,5121.933105
1639.000000,5115.071289
1639.500000,5110.047363
1640.000000,5103.136719
1640.500000,5090.627441
1641.000000,5068.278809
1641.500000,5038.401855
1642.000000,5003.803711
1642.500000,4969.486328
1643.000000,4939.535156
1643.500000,4916.335938
1644.000000,4899.494629
1644.500000,4887.027832
1645.000000,4874.444336
1645.500000,4855.848145
1646.000000,4829.021484
1646.500000,4793.122070
1647.000000,4754.478516
1647.500000,4720.098145
1648.000000,4694.235840
1648.500000,4677.181641
1649.000000,4666.575684
1649.500000,4657.903320
1650.000000,4647.715820
1650.500000,4634.790527
1651.000000,4618.796875
1651.500000,4601.565918
1652.000000,4584.857422
1652.500000,4569.580078
1653.000000,4554.976074
1653.500000,4539.435059
1654.000000,4522.020508
1654.500000,4502.702637
1655.000000,4482.617676
1655.500000,4462.628906
1656.000000,4443.300781
1656.500000,4425.458984
1657.000000,4409.485352
1657.500000,4395.149902
1658.000000,4380.827148
1658.500000,4364.620117
1659.000000,4346.194336
1659.500000,4327.236328
1660.000000,4309.285645
1660.500000,4291.805664
1661.000000,4272.390137
1661.500000,4250.097168
1662.000000,4227.111328
1662.500000,4207.613770
1663.000000,4194.524902
1663.500000,4187.070801
1664.000000,4180.784180
1664.500000,4171.697754
1665.000000,4159.856934
1665.500000,4147.375000
1666.000000,4136.741699
1666.500000,4128.894531
1667.000000,4122.167480
1667.500000,4114.054688
1668.000000,4102.672852
1668.500000,4087.547607
1669.000000,4069.526611
1669.500000,4051.649414
1670.000000,4037.943115
1670.500000,4028.966797
1671.000000,4023.468994
1671.500000,4016.979004
1672.000000,4005.146484
1672.500000,3986.585205
1673.000000,3963.399902
1673.500000,3939.137451
1674.000000,3917.131348
1674.500000,3900.420166
1675.000000,3889.358643
1675.500000,3884.562988
1676.000000,3882.093994
1676.500000,3878.381104
1677.000000,3871.165039
1677.500000,3860.538818
1678.000000,3848.647705
1678.500000,3837.324951
1679.000000,3826.469482
1679.500000,3815.340332
1680.000000,3804.696533
1680.500000,3796.515381
1681.000000,3792.882568
1681.500000,3791.440186
1682.000000,3788.641846
1682.500000,3782.448730
1683.000000,3774.115723
1683.500000,3766.666260
1684.000000,3761.183838
1684.500000,3755.824707
1685.000000,3748.654053
1685.500000,3740.204834
1686.000000,3733.484375
1686.500000,3729.969727
1687.000000,3725.982666
1687.500000,3716.281982
1688.000000,3699.128418
1688.500000,3679.228516
1689.000000,3664.472168
1689.500000,3657.639160
1690.000000,3656.364258
1690.500000,3653.337158
1691.000000,3643.481201
1691.500000,3627.730713
1692.000000,3609.793457
1692.500000,3593.373779
1693.000000,3579.944092
1693.500000,3570.010254
1694.000000,3562.962891
1694.500000,3558.049805
1695.000000,3552.217773
1695.500000,3541.899658
1696.000000,3526.588867
1696.500000,3507.782471
1697.000000,3489.552734
1697.500000,3475.046631
1698.000000,3464.546387
1698.500000,3456.021484
1699.000000,3447.671631
1699.500000,3438.765869
1700.000000,3429.836914
1700.500000,3421.534424
1701.000000,3413.716553
1701.500000,3405.254150
1702.000000,3394.660645
1702.500000,3381.266113
1703.000000,3366.261230
1703.500000,3351.462158
1704.000000,3338.149170
1704.500000,3326.712402
1705.000000,3316.187744
1705.500000,3306.676270
1706.000000,3298.922363
1706.500000,3293.624023
1707.000000,3289.194580
1707.500000,3282.058350
1708.000000,3269.454834
1708.500000,3253.368408
1709.000000,3238.620117
1709.500000,3229.466064
1710.000000,3228.454346
1710.500000,3231.273193
1711.000000,3233.262207
1711.500000,3231.987305
1712.000000,3227.254639
1712.500000,3219.974365
1713.000000,3210.849121
1713.500000,3200.285156
1714.000000,3189.691650
1714.500000,3181.305420
1715.000000,3175.772705
1715.500000,3172.477783
1716.000000,3168.783447
1716.500000,3163.409912
1717.000000,3157.264893
1717.500000,3152.297852
1718.000000,3149.768311
1718.500000,3148.715576
1719.000000,3148.197021
1719.500000,3148.122803
1720.000000,3149.588379
1720.500000,3152.380615
1721.000000,3154.075195
1721.500000,3151.522949
1722.000000,3142.799072
1722.500000,3128.988525
1723.000000,3114.044678
1723.500000,3102.227783
1724.000000,3095.121338
1724.500000,3094.173096
1725.000000,3097.292969
1725.500000,3102.858154
1726.000000,3107.388428
1726.500000,3107.593506
1727.000000,3102.229736
1727.500000,3092.872559
1728.000000,3083.037598
1728.500000,3076.030518
1729.000000,3073.077393
1729.500000,3072.100098
1730.000000,3071.515381
1730.500000,3070.786133
1731.000000,3070.560547
1731.500000,3070.686768
1732.000000,3069.355225
1732.500000,3064.170654
1733.000000,3054.843994
1733.500000,3044.248047
1734.000000,3036.705322
1734.500000,3035.587402
1735.000000,3038.305420
1735.500000,3039.944824
1736.000000,3036.029541
1736.500000,3025.636230
1737.000000,3011.940430
1737.500000,2999.592285
1738.000000,2992.127441
1738.500000,2988.636719
1739.000000,2986.593750
1739.500000,2982.769287
1740.000000,2975.089844
1740.500000,2965.094238
1741.000000,2956.547852
1741.500000,2952.805664
1742.000000,2954.327148
1742.500000,2957.664307
1743.000000,2957.119141
1743.500000,2949.468262
1744.000000,2938.423584
1744.500000,2929.576904
1745.000000,2925.764893
1745.500000,2925.193848
1746.000000,2922.503662
1746.500000,2915.681152
1747.000000,2907.883301
1747.500000,2904.123291
1748.000000,2906.144043
1748.500000,2908.733398
1749.000000,2905.800049
1749.500000,2897.098633
1750.000000,2886.029785
1750.500000,2877.903076
1751.000000,2874.035645
1751.500000,2871.903320
1752.000000,2869.261719
1752.500000,2866.940186
1753.000000,2867.367188
1753.500000,2871.298828
1754.000000,2875.396240
1754.500000,2875.255127
1755.000000,2870.211670
1755.500000,2862.772949
1756.000000,2856.210938
1756.500000,2850.730225
1757.000000,2843.516113
1757.500000,2832.201660
1758.000000,2818.171875
1758.500000,2806.054199
1759.000000,2800.771973
1759.500000,2801.200439
1760.000000,2803.626221
1760.500000,2803.168457
1761.000000,2797.292969
1761.500000,2786.372314
1762.000000,2771.896484
1762.500000,2755.578369
1763.000000,2739.688232
1763.500000,2727.292969
1764.000000,2719.858398
1764.500000,2718.898926
1765.000000,2721.005371
1765.500000,2723.483887
1766.000000,2724.367920
1766.500000,2722.802490
1767.000000,2718.593994
1767.500000,2712.576904
1768.000000,2705.909180
1768.500000,2700.239990
1769.000000,2696.624756
1769.500000,2693.351074
1770.000000,2687.990967
1770.500000,2679.883545
1771.000000,2670.358398
1771.500000,2661.968750
1772.000000,2655.903076
1772.500000,2652.039551
1773.000000,2649.638428
1773.500000,2649.014648
1774.000000,2649.373291
1774.500000,2648.611572
1775.000000,2644.888428
1775.500000,2637.851562
1776.000000,2630.003418
1776.500000,2623.866211
1777.000000,2619.386230
1777.500000,2614.571289
1778.000000,2608.101318
1778.500000,2601.253418
1779.000000,2595.905029
1779.500000,2591.644531
1780.000000,2586.709717
1780.500000,2580.236816
1781.000000,2574.009277
1781.500000,2570.594482
1782.000000,2570.297363
1782.500000,2570.900879
1783.000000,2569.179443
1783.500000,2563.575439
1784.000000,2556.362305
1784.500000,2550.379639
1785.000000,2547.720703
1785.500000,2548.386963
1786.000000,2549.465088
1786.500000,2547.192383
1787.000000,2538.951416
1787.500000,2526.763184
1788.000000,2515.771240
1788.500000,2509.689941
1789.000000,2509.554199
1789.500000,2510.950684
1790.000000,2509.948730
1790.500000,2506.113281
1791.000000,2500.990234
1791.500000,2495.564941
1792.000000,2489.001953
1792.500000,2480.322510
1793.000000,2471.080078
1793.500000,2464.918457
1794.000000,2463.950195
1794.500000,2468.134766
1795.000000,2473.624512
1795.500000,2476.776855
1796.000000,2475.684082
1796.500000,2471.191895
1797.000000,2465.860840
1797.500000,2461.656494
1798.000000,2458.535400
1798.500000,2454.309570
1799.000000,2447.155273
1799.500000,2438.587402
1800.000000,2431.495850
1800.500000,2427.848877
1801.000000,2426.981689
1801.500000,2426.741211
1802.000000,2425.894287
1802.500000,2423.980225
1803.000000,2420.169922
1803.500000,2411.933105
1804.000000,2399.569336
1804.500000,2384.894287
1805.000000,2371.739258
1805.500000,2362.265625
1806.000000,2356.191650
1806.500000,2353.230957
1807.000000,2354.523682
1807.500000,2359.187744
1808.000000,2363.898926
1808.500000,2365.440186
1809.000000,2363.401611
1809.500000,2361.320312
1810.000000,2360.442627
