440.00000,8770.10645
440.50000,8774.11035
441.00000,8774.76367
441.50000,8774.56445
442.00000,8778.55859
442.50000,8788.99414
443.00000,8804.82422
443.50000,8822.06738
444.00000,8834.63477
444.50000,8835.16016
445.00000,8823.83594
445.50000,8798.10156
446.00000,8762.01367
446.50000,8716.83398
447.00000,8667.23535
447.50000,8618.07813
448.00000,8572.92676
448.50000,8534.05078
449.00000,8503.29980
449.50000,8479.44922
450.00000,8461.86816
450.50000,8448.39941
451.00000,8438.94531
451.50000,8432.07227
452.00000,8426.37402
452.50000,8420.01465
453.00000,8412.33398
453.50000,8403.96191
454.00000,8396.64648
454.50000,8393.10742
455.00000,8392.98633
455.50000,8395.14551
456.00000,8397.04980
456.50000,8396.77246
457.00000,8394.36133
457.50000,8392.04980
458.00000,8392.33496
458.50000,8396.60547
459.00000,8405.70020
459.50000,8418.99414
460.00000,8437.42969
460.50000,8460.72559
461.00000,8490.59473
461.50000,8525.73535
462.00000,8563.90234
462.50000,8600.10742
463.00000,8630.44629
463.50000,8653.22559
464.00000,8670.23047
464.50000,8683.88770
465.00000,8698.01660
465.50000,8714.24609
466.00000,8731.71582
466.50000,8749.33691
467.00000,8766.34961
467.50000,8783.31641
468.00000,8801.63477
468.50000,8821.78027
469.00000,8842.95605
469.50000,8862.87500
470.00000,8876.89160
470.50000,8883.56055
471.00000,8881.19336
471.50000,8871.89941
472.00000,8857.34473
472.50000,8840.26465
473.00000,8823.10742
473.50000,8807.10938
474.00000,8792.35254
474.50000,8778.56738
475.00000,8764.88770
475.50000,8750.56445
476.00000,8735.89648
476.50000,8722.08984
477.00000,8710.83789
477.50000,8704.28613
478.00000,8704.10840
478.50000,8708.67090
479.00000,8715.14355
479.50000,8719.58691
480.00000,8716.98047
480.50000,8705.35059
481.00000,8683.32324
481.50000,8654.90430
482.00000,8623.42480
482.50000,8592.78711
483.00000,8566.38574
483.50000,8547.06934
484.00000,8534.01953
484.50000,8527.65820
485.00000,8525.84570
485.50000,8528.19727
486.00000,8533.29590
486.50000,8541.38770
487.00000,8553.25000
487.50000,8570.68457
488.00000,8595.36230
488.50000,8627.81641
489.00000,8667.54297
489.50000,8711.09668
490.00000,8757.48633
490.50000,8805.83008
491.00000,8858.02148
491.50000,8916.06152
492.00000,8980.55664
492.50000,9049.30176
493.00000,9118.42480
493.50000,9183.77441
494.00000,9243.34668
494.50000,9299.19238
495.00000,9356.82129
495.50000,9422.18945
496.00000,9496.81445
496.50000,9580.86035
497.00000,9668.50098
497.50000,9752.29004
498.00000,9826.45508
498.50000,9887.86035
499.00000,9932.08496
499.50000,9958.81348
500.00000,9962.89746
500.50000,9947.53125
501.00000,9908.51074
501.50000,9848.96777
502.00000,9769.33105
502.50000,9673.81641
503.00000,9568.94824
503.50000,9458.82520
504.00000,9348.06641
504.50000,9240.42969
505.00000,9137.72852
505.50000,9040.71289
506.00000,8947.30371
506.50000,8856.78223
507.00000,8769.03125
507.50000,8686.37500
508.00000,8613.28711
508.50000,8551.35059
509.00000,8502.42090
509.50000,8462.48535
510.00000,8429.15332
510.50000,8397.70898
511.00000,8367.55566
511.50000,8340.82031
512.00000,8321.64063
512.50000,8313.23633
513.00000,8316.83984
513.50000,8332.18164
514.00000,8353.67676
514.50000,8378.83008
515.00000,8404.66504
515.50000,8429.55371
516.00000,8452.32910
516.50000,8471.50586
517.00000,8486.42285
517.50000,8496.59668
518.00000,8502.07617
518.50000,8503.89941
519.00000,8501.81641
519.50000,8496.40820
520.00000,8485.64941
520.50000,8469.53418
521.00000,8447.01660
521.50000,8419.59766
522.00000,8389.53125
522.50000,8359.12988
523.00000,8329.50977
523.50000,8301.12793
524.00000,8274.13379
524.50000,8251.00684
525.00000,8234.44238
525.50000,8230.41113
526.00000,8240.43945
526.50000,8266.94336
527.00000,8307.07031
527.50000,8355.01074
528.00000,8403.33789
528.50000,8447.00293
529.00000,8482.20020
529.50000,8509.46777
530.00000,8526.88672
530.50000,8535.83594
531.00000,8534.38867
531.50000,8522.15430
532.00000,8497.86621
532.50000,8462.12109
533.00000,8417.13184
533.50000,8366.16211
534.00000,8312.94434
534.50000,8259.39063
535.00000,8207.02051
535.50000,8157.75195
536.00000,8113.42578
536.50000,8076.88086
537.00000,8049.63525
537.50000,8032.70264
538.00000,8026.38379
538.50000,8028.40869
539.00000,8037.51172
539.50000,8049.62012
540.00000,8063.31641
540.50000,8077.24854
541.00000,8090.97363
541.50000,8104.46191
542.00000,8117.54932
542.50000,8129.39941
543.00000,8138.41846
543.50000,8141.81348
544.00000,8138.16602
544.50000,8123.59912
545.00000,8100.54980
545.50000,8070.58105
546.00000,8037.68994
546.50000,8004.94434
547.00000,7974.56836
547.50000,7947.74268
548.00000,7924.32617
548.50000,7903.67139
549.00000,7886.38037
549.50000,7872.15332
550.00000,7861.55176
550.50000,7852.91357
551.00000,7843.72607
551.50000,7831.69873
552.00000,7815.38623
552.50000,7795.03320
553.00000,7772.72461
553.50000,7751.51318
554.00000,7733.27832
554.50000,7719.00830
555.00000,7707.04492
555.50000,7696.15967
556.00000,7685.19189
556.50000,7674.52734
557.00000,7665.68652
557.50000,7660.07129
558.00000,7658.35254
558.50000,7659.36279
559.00000,7661.60889
559.50000,7663.25830
560.00000,7664.14111
560.50000,7665.68701
561.00000,7669.96875
561.50000,7677.93848
562.00000,7689.18457
562.50000,7700.91797
563.00000,7709.40820
563.50000,7711.55127
564.00000,7707.57617
564.50000,7697.52783
565.00000,7685.02344
565.50000,7673.21094
566.00000,7664.14990
566.50000,7658.84375
567.00000,7656.93018
567.50000,7657.29590
568.00000,7658.44141
568.50000,7658.33691
569.00000,7654.92920
569.50000,7648.05225
570.00000,7637.41406
570.50000,7625.00781
571.00000,7613.18848
571.50000,7604.62061
572.00000,7600.63867
572.50000,7601.14355
573.00000,7604.65674
573.50000,7609.79736
574.00000,7615.01758
574.50000,7619.58691
575.00000,7624.00977
575.50000,7629.22754
576.00000,7636.05273
576.50000,7645.29004
577.00000,7657.07080
577.50000,7670.89551
578.00000,7685.50244
578.50000,7699.54590
579.00000,7711.93018
579.50000,7722.85010
580.00000,7733.13672
580.50000,7744.91211
581.00000,7760.74170
581.50000,7781.44531
582.00000,7806.76025
582.50000,7835.02881
583.00000,7863.42627
583.50000,7888.72510
584.00000,7909.61865
584.50000,7925.36963
585.00000,7938.04102
585.50000,7948.84277
586.00000,7959.17285
586.50000,7969.25195
587.00000,7978.08447
587.50000,7984.34277
588.00000,7986.71191
588.50000,7985.32275
589.00000,7979.85107
589.50000,7971.70117
590.00000,7961.20557
590.50000,7949.60840
591.00000,7937.74805
591.50000,7926.77441
592.00000,7917.93848
592.50000,7912.10938
593.00000,7908.65625
593.50000,7905.17627
594.00000,7898.91846
594.50000,7886.73730
595.00000,7869.31738
595.50000,7848.07080
596.00000,7827.53418
596.50000,7812.81836
597.00000,7806.41309
597.50000,7808.00879
598.00000,7816.08887
598.50000,7826.88330
599.00000,7837.64795
599.50000,7846.94482
600.00000,7855.33984
600.50000,7864.61377
601.00000,7876.85107
601.50000,7893.18164
602.00000,7913.86279
602.50000,7938.03613
603.00000,7962.96680
603.50000,7985.72754
604.00000,8004.29395
604.50000,8015.44189
605.00000,8019.44873
605.50000,8015.36279
606.00000,8006.10840
606.50000,7995.83691
607.00000,7989.04736
607.50000,7989.54736
608.00000,8000.50098
608.50000,8020.34814
609.00000,8047.34180
609.50000,8074.77686
610.00000,8098.15771
610.50000,8116.03662
611.00000,8128.37695
611.50000,8137.61133
612.00000,8146.53711
612.50000,8157.10547
613.00000,8169.65088
613.50000,8184.72119
614.00000,8202.43945
614.50000,8224.52148
615.00000,8250.94238
615.50000,8281.86523
616.00000,8314.54590
616.50000,8346.94043
617.00000,8378.44922
617.50000,8410.32910
618.00000,8444.94629
618.50000,8483.02930
619.00000,8521.55273
619.50000,8554.04102
620.00000,8571.47852
620.50000,8571.58496
621.00000,8553.85352
621.50000,8525.23828
622.00000,8495.99121
622.50000,8474.50488
623.00000,8461.98047
623.50000,8456.40723
624.00000,8451.51270
624.50000,8441.95117
625.00000,8426.70117
625.50000,8407.99023
626.00000,8391.07129
626.50000,8379.91895
627.00000,8375.83105
627.50000,8376.84766
628.00000,8379.64160
628.50000,8379.82031
629.00000,8373.41211
629.50000,8361.25586
630.00000,8343.75195
630.50000,8323.60840
631.00000,8302.64258
631.50000,8281.73340
632.00000,8260.03125
632.50000,8235.54102
633.00000,8207.19629
633.50000,8174.32520
634.00000,8139.08350
634.50000,8103.87939
635.00000,8071.12744
635.50000,8042.37500
636.00000,8016.17285
636.50000,7990.67236
637.00000,7964.48193
637.50000,7937.61963
638.00000,7911.66064
638.50000,7888.83740
639.00000,7872.34717
639.50000,7861.03516
640.00000,7854.28613
640.50000,7849.41016
641.00000,7844.22266
641.50000,7837.31738
642.00000,7828.52295
642.50000,7819.09082
643.00000,7810.87939
643.50000,7805.90381
644.00000,7804.42188
644.50000,7806.87793
645.00000,7811.53662
645.50000,7816.83740
646.00000,7821.42383
646.50000,7825.15918
647.00000,7828.72021
647.50000,7832.89111
648.00000,7837.96777
648.50000,7843.24951
649.00000,7847.34717
649.50000,7849.96582
650.00000,7851.76416
650.50000,7854.35059
651.00000,7859.20850
651.50000,7866.51123
652.00000,7874.93994
652.50000,7882.24951
653.00000,7887.31104
653.50000,7890.48828
654.00000,7893.74561
654.50000,7898.71631
655.00000,7905.00146
655.50000,7910.13867
656.00000,7910.12598
656.50000,7902.01074
657.00000,7885.74707
657.50000,7864.47168
658.00000,7841.82617
658.50000,7821.48193
659.00000,7806.79736
659.50000,7798.02441
660.00000,7796.31006
660.50000,7801.07520
661.00000,7812.81982
661.50000,7830.68750
662.00000,7852.56543
662.50000,7875.88379
663.00000,7897.96094
663.50000,7917.81201
664.00000,7936.94922
664.50000,7957.13867
665.00000,7978.97656
665.50000,8001.45801
666.00000,8021.91211
666.50000,8036.90186
667.00000,8044.76904
667.50000,8047.28076
668.00000,8046.33936
668.50000,8044.59766
669.00000,8042.88281
669.50000,8040.57422
670.00000,8035.79346
670.50000,8027.83203
671.00000,8017.77246
671.50000,8008.19336
672.00000,8001.99512
672.50000,8001.69141
673.00000,8006.96484
673.50000,8017.24219
674.00000,8028.94727
674.50000,8039.24561
675.00000,8047.07715
675.50000,8052.52979
676.00000,8057.19922
676.50000,8062.92383
677.00000,8070.84912
677.50000,8080.25586
678.00000,8088.65479
678.50000,8093.75635
679.00000,8093.05615
679.50000,8087.77295
680.00000,8079.40381
680.50000,8071.01758
681.00000,8065.21094
681.50000,8062.63379
682.00000,8062.05371
682.50000,8062.28271
683.00000,8062.73340
683.50000,8064.36719
684.00000,8068.45752
684.50000,8077.03516
685.00000,8089.66211
685.50000,8104.80859
686.00000,8120.53320
686.50000,8135.97754
687.00000,8151.87451
687.50000,8170.03125
688.00000,8193.08301
688.50000,8221.35059
689.00000,8254.25977
689.50000,8288.58496
690.00000,8322.21387
690.50000,8354.31836
691.00000,8385.42480
691.50000,8416.77344
692.00000,8448.74805
692.50000,8478.87695
693.00000,8502.78027
693.50000,8512.16504
694.00000,8504.98242
694.50000,8476.05469
695.00000,8430.11621
695.50000,8371.62695
696.00000,8308.62891
696.50000,8248.08496
697.00000,8193.28418
697.50000,8143.74609
698.00000,8098.97412
698.50000,8057.64307
699.00000,8022.16162
699.50000,7994.56543
700.00000,7979.99707
700.50000,7977.21436
701.00000,7983.57764
701.50000,7994.56592
702.00000,8006.24121
702.50000,8017.76318
703.00000,8031.20166
703.50000,8051.56104
704.00000,8079.51074
704.50000,8111.96582
705.00000,8140.98096
705.50000,8156.90771
706.00000,8153.90234
706.50000,8131.03564
707.00000,8091.68701
707.50000,8045.01904
708.00000,7998.87744
708.50000,7957.13818
709.00000,7921.44727
709.50000,7890.05957
710.00000,7863.04590
710.50000,7840.80371
711.00000,7825.36475
711.50000,7818.92529
712.00000,7821.22412
712.50000,7832.51953
713.00000,7850.91162
713.50000,7877.59766
714.00000,7910.31641
714.50000,7947.38379
715.00000,7983.13721
715.50000,8007.54639
716.00000,8012.24414
716.50000,7992.28174
717.00000,7946.12549
717.50000,7881.85400
718.00000,7806.73926
718.50000,7731.99805
719.00000,7666.77588
719.50000,7614.27539
720.00000,7575.88135
720.50000,7548.54395
721.00000,7529.87842
721.50000,7517.67822
722.00000,7509.96826
722.50000,7506.80908
723.00000,7508.08643
723.50000,7517.30615
724.00000,7534.05713
724.50000,7559.60303
725.00000,7590.90039
725.50000,7624.10254
726.00000,7654.41992
726.50000,7678.01318
727.00000,7692.38086
727.50000,7698.60742
728.00000,7697.35547
728.50000,7691.02246
729.00000,7678.63135
729.50000,7660.83154
730.00000,7637.38379
730.50000,7610.32178
731.00000,7582.52637
731.50000,7557.15820
732.00000,7535.52295
732.50000,7517.48633
733.00000,7501.21094
733.50000,7485.97852
734.00000,7471.77832
734.50000,7460.23145
735.00000,7452.39160
735.50000,7448.83691
736.00000,7447.90039
736.50000,7447.36133
737.00000,7446.28223
737.50000,7445.56348
738.00000,7447.94238
738.50000,7454.99658
739.00000,7468.04980
739.50000,7484.01025
740.00000,7498.08643
740.50000,7506.36621
741.00000,7507.52148
741.50000,7503.30469
742.00000,7497.99268
742.50000,7495.85303
743.00000,7498.58545
743.50000,7507.00146
744.00000,7518.01660
744.50000,7529.12744
745.00000,7538.86279
745.50000,7546.81250
746.00000,7553.24854
746.50000,7558.48682
747.00000,7562.57764
747.50000,7566.03564
748.00000,7570.20459
748.50000,7577.09863
749.00000,7589.54785
749.50000,7607.69238
750.00000,7631.23291
750.50000,7657.50635
751.00000,7683.31055
751.50000,7705.68164
752.00000,7723.12256
752.50000,7733.99072
753.00000,7739.73877
753.50000,7739.83691
754.00000,7735.81641
754.50000,7727.86523
755.00000,7717.39795
755.50000,7705.48340
756.00000,7692.84961
756.50000,7679.13037
757.00000,7662.05078
757.50000,7639.66016
758.00000,7608.83057
758.50000,7571.39209
759.00000,7529.98193
759.50000,7490.99756
760.00000,7462.39941
760.50000,7449.54736
761.00000,7455.11865
761.50000,7476.11230
762.00000,7503.51660
762.50000,7529.43408
763.00000,7548.69824
763.50000,7558.01807
764.00000,7561.00537
764.50000,7560.83643
765.00000,7560.68506
765.50000,7560.52637
766.00000,7557.29443
766.50000,7547.68555
767.00000,7529.22510
767.50000,7503.91162
768.00000,7473.73389
768.50000,7442.77539
769.00000,7413.35205
769.50000,7385.97070
770.00000,7360.89307
770.50000,7338.59131
771.00000,7320.78223
771.50000,7309.46680
772.00000,7304.08838
772.50000,7302.64795
773.00000,7300.18604
773.50000,7291.14063
774.00000,7274.45020
774.50000,7251.16553
775.00000,7227.65234
775.50000,7209.80127
776.00000,7200.53369
776.50000,7198.41504
777.00000,7199.99561
777.50000,7200.59766
778.00000,7197.05127
778.50000,7190.37402
779.00000,7183.17236
779.50000,7178.76074
780.00000,7178.93945
780.50000,7182.82568
781.00000,7187.83594
781.50000,7190.56934
782.00000,7188.35400
782.50000,7178.43457
783.00000,7162.18945
783.50000,7141.00391
784.00000,7119.85156
784.50000,7103.29346
785.00000,7093.11719
785.50000,7088.61523
786.00000,7086.20752
786.50000,7081.35254
787.00000,7070.61377
787.50000,7055.05078
788.00000,7038.03711
788.50000,7025.12988
789.00000,7020.98877
789.50000,7025.00684
790.00000,7035.53564
790.50000,7049.32324
791.00000,7064.02734
791.50000,7078.94043
792.00000,7094.34033
792.50000,7110.70996
793.00000,7127.51563
793.50000,7143.48682
794.00000,7157.72510
794.50000,7169.46582
795.00000,7178.87109
795.50000,7186.07520
796.00000,7191.29297
796.50000,7195.08789
797.00000,7198.18848
797.50000,7201.71387
798.00000,7206.54590
798.50000,7211.76318
799.00000,7215.20654
799.50000,7214.75586
800.00000,7208.43506
800.50000,7196.20996
801.00000,7179.15088
801.50000,7157.87646
802.00000,7132.73828
802.50000,7101.24561
803.00000,7063.08057
803.50000,7017.96387
804.00000,6970.18408
804.50000,6924.99316
805.00000,6887.05273
805.50000,6859.23633
806.00000,6841.35742
806.50000,6830.03271
807.00000,6822.60107
807.50000,6816.79248
808.00000,6813.66309
808.50000,6814.39502
809.00000,6820.92578
809.50000,6831.98535
810.00000,6844.96924
810.50000,6856.01904
811.00000,6861.97900
811.50000,6861.29883
812.00000,6856.14355
812.50000,6849.64941
813.00000,6845.35742
813.50000,6844.82227
814.00000,6845.96875
814.50000,6845.43213
815.00000,6840.34766
815.50000,6829.84082
816.00000,6815.93848
816.50000,6802.88818
817.00000,6795.08984
817.50000,6793.46533
818.00000,6797.08545
818.50000,6801.68701
819.00000,6804.91846
819.50000,6807.06006
820.00000,6810.75684
820.50000,6819.21631
821.00000,6833.91553
821.50000,6854.10889
822.00000,6875.88525
822.50000,6895.19385
823.00000,6910.62646
823.50000,6922.62158
824.00000,6933.45313
824.50000,6943.67871
825.00000,6951.76270
825.50000,6954.36426
826.00000,6948.36670
826.50000,6934.24463
827.00000,6914.46826
827.50000,6894.94922
828.00000,6881.45459
828.50000,6873.63037
829.00000,6868.81104
829.50000,6862.02295
830.00000,6849.75098
830.50000,6832.47510
831.00000,6814.64600
831.50000,6802.76904
832.00000,6800.94043
832.50000,6813.29297
833.00000,6836.00439
833.50000,6866.60449
834.00000,6900.25098
834.50000,6934.52783
835.00000,6967.59082
835.50000,6997.67090
836.00000,7022.83545
836.50000,7042.48389
837.00000,7056.43994
837.50000,7067.80273
838.00000,7079.64355
838.50000,7093.84082
839.00000,7109.44580
839.50000,7122.91357
840.00000,7130.35645
840.50000,7130.17090
841.00000,7124.03418
841.50000,7114.98096
842.00000,7106.61670
842.50000,7101.02637
843.00000,7097.48438
843.50000,7094.95459
844.00000,7092.40430
844.50000,7089.83789
845.00000,7087.47803
845.50000,7085.04297
846.00000,7081.94092
846.50000,7078.35449
847.00000,7076.13330
847.50000,7077.81494
848.00000,7087.32764
848.50000,7103.88232
849.00000,7125.63672
849.50000,7147.51563
850.00000,7165.30859
850.50000,7178.01953
851.00000,7187.75635
851.50000,7197.53760
852.00000,7209.67139
852.50000,7225.62012
853.00000,7244.32227
853.50000,7265.43945
854.00000,7288.03516
854.50000,7311.50537
855.00000,7334.78955
855.50000,7357.04346
856.00000,7379.00049
856.50000,7403.47266
857.00000,7435.56006
857.50000,7476.92578
858.00000,7528.89648
858.50000,7585.25635
859.00000,7638.60547
859.50000,7682.55176
860.00000,7713.51318
860.50000,7732.62207
861.00000,7744.68018
861.50000,7753.55664
862.00000,7761.56494
862.50000,7768.38916
863.00000,7773.50977
863.50000,7776.04980
864.00000,7776.18115
864.50000,7773.47754
865.00000,7767.51416
865.50000,7757.96484
866.00000,7745.26855
866.50000,7731.77686
867.00000,7720.85352
867.50000,7714.08789
868.00000,7712.29395
868.50000,7712.78809
869.00000,7712.86084
869.50000,7710.61768
870.00000,7706.02441
870.50000,7701.09180
871.00000,7698.72070
871.50000,7701.69873
872.00000,7709.62256
872.50000,7721.11963
873.00000,7731.76270
873.50000,7737.59131
874.00000,7738.06689
874.50000,7735.05908
875.00000,7733.18164
875.50000,7737.18066
876.00000,7750.08301
876.50000,7770.00732
877.00000,7793.78223
877.50000,7816.47363
878.00000,7834.73828
878.50000,7849.05029
879.00000,7860.59326
879.50000,7870.56885
880.00000,7877.87207
880.50000,7879.96875
881.00000,7875.16357
881.50000,7862.19580
882.00000,7843.61572
882.50000,7820.55859
883.00000,7795.16602
883.50000,7766.91992
884.00000,7735.33154
884.50000,7699.72314
885.00000,7660.92090
885.50000,7620.83643
886.00000,7581.06250
886.50000,7542.22217
887.00000,7504.27783
887.50000,7466.64355
888.00000,7429.11621
888.50000,7391.68848
889.00000,7354.32715
889.50000,7316.65332
890.00000,7277.91406
890.50000,7237.24365
891.00000,7194.16260
891.50000,7147.84766
892.00000,7098.79053
892.50000,7046.72266
893.00000,6993.09033
893.50000,6939.53809
894.00000,6888.20898
894.50000,6841.38867
895.00000,6800.23828
895.50000,6764.67871
896.00000,6734.35986
896.50000,6707.61035
897.00000,6684.10986
897.50000,6662.88623
898.00000,6644.83936
898.50000,6630.42578
899.00000,6621.82324
899.50000,6620.33594
900.00000,6626.69824
900.50000,6639.89502
901.00000,6656.26807
901.50000,6671.81201
902.00000,6683.77295
902.50000,6690.80664
903.00000,6695.83008
903.50000,6702.44629
904.00000,6713.48291
904.50000,6730.41357
905.00000,6752.08838
905.50000,6776.26514
906.00000,6801.20947
906.50000,6825.44824
907.00000,6847.40381
907.50000,6866.42969
908.00000,6881.37744
908.50000,6893.36426
909.00000,6903.91748
909.50000,6914.98730
910.00000,6927.29248
910.50000,6939.56934
911.00000,6949.22510
911.50000,6953.06494
912.00000,6951.75293
912.50000,6946.65332
913.00000,6941.38477
913.50000,6938.40967
914.00000,6937.91455
914.50000,6938.25293
915.00000,6936.43408
915.50000,6929.51221
916.00000,6914.81396
916.50000,6893.17383
917.00000,6865.81787
917.50000,6837.91895
918.00000,6815.19238
918.50000,6800.74902
919.00000,6795.03125
919.50000,6793.44971
920.00000,6790.39209
920.50000,6782.19043
921.00000,6769.96240
921.50000,6757.94141
922.00000,6750.56641
922.50000,6750.51221
923.00000,6753.56836
923.50000,6753.29443
924.00000,6744.35645
924.50000,6724.61572
925.00000,6697.22119
925.50000,6668.50684
926.00000,6644.36963
926.50000,6626.37842
927.00000,6614.99268
927.50000,6607.21094
928.00000,6602.13184
928.50000,6598.97168
929.00000,6598.20947
929.50000,6600.20898
930.00000,6605.39648
930.50000,6614.48486
931.00000,6627.63477
931.50000,6645.77734
932.00000,6667.56787
932.50000,6691.95068
933.00000,6716.45020
933.50000,6739.08008
934.00000,6759.20508
934.50000,6776.73584
935.00000,6791.76953
935.50000,6804.17432
936.00000,6812.97852
936.50000,6818.32715
937.00000,6820.08447
937.50000,6820.41260
938.00000,6821.43506
938.50000,6824.79102
939.00000,6831.12061
939.50000,6839.06934
940.00000,6846.04102
940.50000,6849.17383
941.00000,6847.46533
941.50000,6841.63184
942.00000,6835.78809
942.50000,6834.98584
943.00000,6841.31982
943.50000,6855.39746
944.00000,6873.09766
944.50000,6889.10205
945.00000,6899.26514
945.50000,6903.35107
946.00000,6904.02393
946.50000,6906.01074
947.00000,6912.67676
947.50000,6921.88818
948.00000,6928.29980
948.50000,6926.41748
949.00000,6912.38428
949.50000,6889.00977
950.00000,6863.13574
950.50000,6841.25781
951.00000,6825.55225
951.50000,6814.40527
952.00000,6802.03760
952.50000,6782.85156
953.00000,6756.79883
953.50000,6726.71729
954.00000,6698.67334
954.50000,6678.09326
955.00000,6667.24707
955.50000,6663.99316
956.00000,6665.37012
956.50000,6667.59521
957.00000,6669.23828
957.50000,6670.64307
958.00000,6672.29199
958.50000,6673.47803
959.00000,6672.06396
959.50000,6666.08545
960.00000,6655.19727
960.50000,6640.95020
961.00000,6626.77686
961.50000,6615.68115
962.00000,6607.50781
962.50000,6600.04395
963.00000,6589.59326
963.50000,6572.94775
964.00000,6550.59668
964.50000,6525.42920
965.00000,6501.37354
965.50000,6480.90234
966.00000,6464.57959
966.50000,6450.24854
967.00000,6436.72314
967.50000,6424.00244
968.00000,6413.59326
968.50000,6405.86475
969.00000,6399.54541
969.50000,6391.48291
970.00000,6378.49707
970.50000,6358.62842
971.00000,6333.52686
971.50000,6304.92578
972.00000,6275.48389
972.50000,6245.81641
973.00000,6215.53711
973.50000,6184.02686
974.00000,6151.71094
974.50000,6119.87256
975.00000,6089.89502
975.50000,6062.22314
976.00000,6036.79639
976.50000,6012.78809
977.00000,5990.34717
977.50000,5969.20264
978.00000,5949.12695
978.50000,5928.96631
979.00000,5907.29150
979.50000,5883.36768
980.00000,5857.83984
980.50000,5832.48486
981.00000,5809.32813
981.50000,5790.49707
982.00000,5775.47949
982.50000,5764.00830
983.00000,5754.26025
983.50000,5745.25342
984.00000,5736.68408
984.50000,5729.34229
985.00000,5724.85205
985.50000,5724.27637
986.00000,5728.21533
986.50000,5734.53271
987.00000,5740.67285
987.50000,5744.41943
988.00000,5744.78271
988.50000,5743.42188
989.00000,5742.68408
989.50000,5744.11230
990.00000,5747.24316
990.50000,5750.21631
991.00000,5751.37451
991.50000,5750.33301
992.00000,5749.28076
992.50000,5751.37500
993.00000,5758.30420
993.50000,5771.32275
994.00000,5789.82910
994.50000,5813.22363
995.00000,5841.09521
995.50000,5871.76465
996.00000,5902.51904
996.50000,5929.87988
997.00000,5949.37451
997.50000,5960.99268
998.00000,5964.39063
998.50000,5962.03906
999.00000,5955.17383
999.50000,5944.39600
1000.00000,5930.31396
1000.50000,5913.86328
1001.00000,5897.25049
1001.50000,5882.46729
1002.00000,5869.41064
1002.50000,5856.56152
1003.00000,5841.83984
1003.50000,5824.34766
1004.00000,5805.73828
1004.50000,5788.89648
1005.00000,5776.00244
1005.50000,5766.41211
1006.00000,5758.08057
1006.50000,5748.58545
1007.00000,5737.23828
1007.50000,5725.70361
1008.00000,5715.85645
1008.50000,5708.09326
1009.00000,5701.47070
1009.50000,5694.60010
1010.00000,5687.16064
1010.50000,5680.37549
1011.00000,5675.79932
1011.50000,5674.82715
1012.00000,5675.84033
1012.50000,5676.34961
1013.00000,5673.79004
1013.50000,5666.42725
1014.00000,5655.03418
1014.50000,5642.04297
1015.00000,5630.54883
1015.50000,5622.72900
1016.00000,5619.92383
1016.50000,5620.04688
1017.00000,5620.43701
1017.50000,5618.25049
1018.00000,5611.59424
1018.50000,5601.54443
1019.00000,5590.33447
1019.50000,5580.00391
1020.00000,5571.08789
1020.50000,5562.87549
1021.00000,5554.38623
1021.50000,5545.94824
1022.00000,5539.17822
1022.50000,5536.55957
1023.00000,5538.19824
1023.50000,5542.71045
1024.00000,5547.03467
1024.50000,5548.71094
1025.00000,5547.34375
1025.50000,5545.40674
1026.00000,5546.86426
1026.50000,5553.97119
1027.00000,5568.76025
1027.50000,5588.31494
1028.00000,5608.96777
1028.50000,5625.88330
1029.00000,5634.46777
1029.50000,5631.83545
1030.00000,5618.52051
1030.50000,5595.77686
1031.00000,5568.80713
1031.50000,5542.07568
1032.00000,5518.94775
1032.50000,5501.64600
1033.00000,5488.81250
1033.50000,5478.00537
1034.00000,5465.76318
1034.50000,5449.36035
1035.00000,5427.80957
1035.50000,5403.59277
1036.00000,5380.90430
1036.50000,5363.52051
1037.00000,5355.02100
1037.50000,5353.34180
1038.00000,5355.96533
1038.50000,5359.41846
1039.00000,5362.31934
1039.50000,5365.57861
1040.00000,5370.88574
1040.50000,5379.20654
1041.00000,5388.90234
1041.50000,5397.38379
1042.00000,5403.08887
1042.50000,5405.57520
1043.00000,5406.64453
1043.50000,5408.04199
1044.00000,5410.69775
1044.50000,5414.67529
1045.00000,5420.10254
1045.50000,5427.22998
1046.00000,5436.83740
1046.50000,5448.02100
1047.00000,5459.22070
1047.50000,5468.66211
1048.00000,5475.44531
1048.50000,5480.72656
1049.00000,5486.44043
1049.50000,5493.90039
1050.00000,5502.61914
1050.50000,5510.85303
1051.00000,5516.95850
1051.50000,5519.52393
1052.00000,5519.51611
1052.50000,5517.47363
1053.00000,5514.29883
1053.50000,5510.29395
1054.00000,5505.72559
1054.50000,5500.96484
1055.00000,5496.31055
1055.50000,5491.75391
1056.00000,5487.07080
1056.50000,5482.31592
1057.00000,5478.22070
1057.50000,5475.54248
1058.00000,5474.56787
1058.50000,5473.92334
1059.00000,5471.19385
1059.50000,5464.33203
1060.00000,5453.83789
1060.50000,5442.24023
1061.00000,5433.41748
1061.50000,5431.47070
1062.00000,5435.69434
1062.50000,5444.76172
1063.00000,5455.06006
1063.50000,5464.14600
1064.00000,5471.25049
1064.50000,5476.96680
1065.00000,5481.99463
1065.50000,5486.57275
1066.00000,5489.74512
1066.50000,5490.72314
1067.00000,5488.44873
1067.50000,5483.98340
1068.00000,5479.36133
1068.50000,5477.43457
1069.00000,5480.62256
1069.50000,5489.75830
1070.00000,5502.65820
1070.50000,5516.02100
1071.00000,5526.31152
1071.50000,5530.22266
1072.00000,5528.71924
1072.50000,5523.13623
1073.00000,5516.84814
1073.50000,5513.13916
1074.00000,5514.49902
1074.50000,5521.83301
1075.00000,5535.13916
1075.50000,5551.56592
1076.00000,5568.01123
1076.50000,5581.63867
1077.00000,5590.49805
1077.50000,5595.93945
1078.00000,5599.80908
1078.50000,5603.74023
1079.00000,5607.51465
1079.50000,5609.21973
1080.00000,5607.28125
1080.50000,5601.08984
1081.00000,5593.27148
1081.50000,5586.80859
1082.00000,5582.98291
1082.50000,5580.97900
1083.00000,5577.93408
1083.50000,5571.64307
1084.00000,5562.89795
1084.50000,5555.53223
1085.00000,5554.67871
1085.50000,5561.93896
1086.00000,5577.55322
1086.50000,5595.77881
1087.00000,5611.38818
1087.50000,5621.73730
1088.00000,5627.09180
1088.50000,5631.13818
1089.00000,5637.85791
1089.50000,5649.08105
1090.00000,5662.47412
1090.50000,5672.80908
1091.00000,5675.46680
1091.50000,5665.30371
1092.00000,5645.24365
1092.50000,5619.32275
1093.00000,5594.73193
1093.50000,5577.59912
1094.00000,5570.52100
1094.50000,5571.16992
1095.00000,5575.04590
1095.50000,5576.40186
1096.00000,5570.33008
1096.50000,5557.73096
1097.00000,5540.53809
1097.50000,5523.56934
1098.00000,5511.08301
1098.50000,5505.01563
1099.00000,5504.94873
1099.50000,5509.17383
1100.00000,5514.97510
1100.50000,5520.93018
1101.00000,5526.79639
1101.50000,5533.64795
1102.00000,5542.60791
1102.50000,5554.96191
1103.00000,5570.49756
1103.50000,5588.23975
1104.00000,5606.39404
1104.50000,5623.00977
1105.00000,5636.40088
1105.50000,5646.75537
1106.00000,5654.45654
1106.50000,5661.47607
1107.00000,5669.04541
1107.50000,5677.35645
1108.00000,5685.69482
1108.50000,5693.25928
1109.00000,5700.30469
1109.50000,5708.50439
1110.00000,5719.66748
1110.50000,5735.12354
1111.00000,5752.70068
1111.50000,5769.22949
1112.00000,5782.54980
1112.50000,5793.14160
1113.00000,5805.24121
1113.50000,5824.28271
1114.00000,5853.44141
1114.50000,5890.59424
1115.00000,5931.18262
1115.50000,5969.61768
1116.00000,6002.12012
1116.50000,6029.94971
1117.00000,6053.90723
1117.50000,6075.06836
1118.00000,6092.61523
1118.50000,6106.28857
1119.00000,6117.89355
1119.50000,6131.21045
1120.00000,6149.49219
1120.50000,6174.58838
1121.00000,6202.87402
1121.50000,6229.91650
1122.00000,6252.64307
1122.50000,6270.30225
1123.00000,6285.49561
1123.50000,6301.06104
1124.00000,6318.25488
1124.50000,6336.03467
1125.00000,6352.06445
1125.50000,6364.85693
1126.00000,6373.23926
1126.50000,6379.30566
1127.00000,6385.79395
1127.50000,6395.96436
1128.00000,6412.79980
1128.50000,6436.78467
1129.00000,6465.63477
1129.50000,6495.71436
1130.00000,6523.45117
1130.50000,6546.65820
1131.00000,6566.77100
1131.50000,6584.94971
1132.00000,6602.09619
1132.50000,6617.03760
1133.00000,6628.42139
1133.50000,6635.83887
1134.00000,6640.54297
1134.50000,6644.74170
1135.00000,6649.52832
1135.50000,6654.35742
1136.00000,6657.86572
1136.50000,6659.96777
1137.00000,6661.57422
1137.50000,6663.86719
1138.00000,6666.41016
1138.50000,6666.66895
1139.00000,6661.57764
1139.50000,6648.96924
1140.00000,6630.82715
1140.50000,6609.50098
1141.00000,6588.11719
1141.50000,6567.33203
1142.00000,6545.92285
1142.50000,6522.20508
1143.00000,6496.02686
1143.50000,6468.83789
1144.00000,6442.92529
1144.50000,6419.88916
1145.00000,6400.61426
1145.50000,6383.71582
1146.00000,6367.86426
1146.50000,6351.33252
1147.00000,6332.99023
1147.50000,6313.14209
1148.00000,6293.21387
1148.50000,6275.50879
1149.00000,6262.09521
1149.50000,6254.53711
1150.00000,6251.63330
1150.50000,6252.37109
1151.00000,6254.18311
1151.50000,6255.69434
1152.00000,6256.39453
1152.50000,6256.35645
1153.00000,6255.99072
1153.50000,6255.56543
1154.00000,6255.04980
1154.50000,6254.13379
1155.00000,6252.08691
1155.50000,6248.43896
1156.00000,6242.23193
1156.50000,6233.90137
1157.00000,6224.15430
1157.50000,6215.00635
1158.00000,6209.37158
1158.50000,6210.25928
1159.00000,6219.44482
1159.50000,6238.08203
1160.00000,6262.99512
1160.50000,6290.93994
1161.00000,6317.18945
1161.50000,6338.11719
1162.00000,6353.79590
1162.50000,6365.58301
1163.00000,6376.20752
1163.50000,6387.48877
1164.00000,6399.49512
1164.50000,6410.82080
1165.00000,6419.45020
1165.50000,6425.00635
1166.00000,6427.41357
1166.50000,6428.53760
1167.00000,6429.76709
1167.50000,6431.74707
1168.00000,6433.95752
1168.50000,6434.99219
1169.00000,6433.54688
1169.50000,6428.88867
1170.00000,6422.37061
1170.50000,6416.08008
1171.00000,6412.15771
1171.50000,6412.57861
1172.00000,6416.94629
1172.50000,6424.62402
1173.00000,6434.25195
1173.50000,6444.64600
1174.00000,6454.78711
1174.50000,6463.66699
1175.00000,6469.85449
1175.50000,6473.13281
1176.00000,6472.94189
1176.50000,6470.42871
1177.00000,6465.93945
1177.50000,6459.67383
1178.00000,6451.06250
1178.50000,6439.62158
1179.00000,6425.79004
1179.50000,6410.39111
1180.00000,6394.71533
1180.50000,6379.20801
1181.00000,6363.38477
1181.50000,6346.00342
1182.00000,6326.30176
1182.50000,6303.68945
1183.00000,6278.52100
1183.50000,6251.70996
1184.00000,6224.52051
1184.50000,6198.48682
1185.00000,6175.41943
1185.50000,6155.58740
1186.00000,6139.60596
1186.50000,6126.33301
1187.00000,6115.52783
1187.50000,6106.72119
1188.00000,6099.43994
1188.50000,6092.37451
1189.00000,6083.55029
1189.50000,6071.24072
1190.00000,6056.69238
1190.50000,6043.68945
1191.00000,6036.35596
1191.50000,6038.26758
1192.00000,6046.52197
1192.50000,6055.38818
1193.00000,6058.77393
1193.50000,6054.78320
1194.00000,6046.85303
1194.50000,6042.23535
1195.00000,6047.97314
1195.50000,6062.69971
1196.00000,6081.86133
1196.50000,6097.29541
1197.00000,6102.96240
1197.50000,6099.39648
1198.00000,6090.83398
1198.50000,6082.30322
1199.00000,6076.17432
1199.50000,6071.47559
1200.00000,6065.49219
1200.50000,6056.44775
1201.00000,6046.29883
1201.50000,6038.52930
1202.00000,6035.44824
1202.50000,6037.14160
1203.00000,6040.59180
1203.50000,6041.98828
1204.00000,6038.78857
1204.50000,6031.71680
1205.00000,6022.20557
1205.50000,6012.42627
1206.00000,6003.08203
1206.50000,5994.13770
1207.00000,5986.40332
1207.50000,5981.93066
1208.00000,5983.74951
1208.50000,5993.94482
1209.00000,6011.00049
1209.50000,6032.06250
1210.00000,6052.86279
1210.50000,6071.52734
1211.00000,6090.08740
1211.50000,6112.86133
1212.00000,6142.50293
1212.50000,6179.04053
1213.00000,6218.29785
1213.50000,6254.48877
1214.00000,6282.84473
1214.50000,6303.35791
1215.00000,6316.46436
1215.50000,6325.51270
1216.00000,6330.17871
1216.50000,6329.81885
1217.00000,6322.25342
1217.50000,6307.94141
1218.00000,6289.27490
1218.50000,6269.69385
1219.00000,6251.79199
1219.50000,6236.40088
1220.00000,6222.22021
1220.50000,6208.22900
1221.00000,6194.23340
1221.50000,6181.26172
1222.00000,6170.39453
1222.50000,6162.44531
1223.00000,6157.37061
1223.50000,6154.68555
1224.00000,6154.45459
1224.50000,6156.63086
1225.00000,6162.62109
1225.50000,6172.74609
1226.00000,6188.97412
1226.50000,6210.88281
1227.00000,6237.86719
1227.50000,6266.82764
1228.00000,6293.60303
1228.50000,6314.32227
1229.00000,6328.10693
1229.50000,6335.38330
1230.00000,6339.87012
1230.50000,6343.44873
1231.00000,6346.29004
1231.50000,6345.93848
1232.00000,6340.26270
1232.50000,6328.19434
1233.00000,6311.37744
1233.50000,6293.34277
1234.00000,6277.59033
1234.50000,6265.75928
1235.00000,6258.81396
1235.50000,6254.52783
1236.00000,6250.94092
1236.50000,6246.09912
1237.00000,6239.42822
1237.50000,6232.66650
1238.00000,6229.28809
1238.50000,6233.09766
1239.00000,6244.44141
1239.50000,6261.93799
1240.00000,6280.41650
1240.50000,6295.54492
1241.00000,6306.53418
1241.50000,6314.41895
1242.00000,6321.73779
1242.50000,6329.51807
1243.00000,6336.91406
1243.50000,6342.70850
1244.00000,6347.06104
1244.50000,6352.38281
1245.00000,6362.60059
1245.50000,6378.61377
1246.00000,6400.76904
1246.50000,6425.93457
1247.00000,6451.13672
1247.50000,6473.58154
1248.00000,6490.70215
1248.50000,6499.80811
1249.00000,6500.86426
1249.50000,6495.09473
1250.00000,6489.02734
1250.50000,6490.96191
1251.00000,6504.21143
1251.50000,6528.66943
1252.00000,6556.26563
1252.50000,6577.22314
1253.00000,6584.91260
1253.50000,6580.06396
1254.00000,6567.26660
1254.50000,6554.43408
1255.00000,6547.24316
1255.50000,6545.39844
1256.00000,6547.31152
1256.50000,6549.54639
1257.00000,6549.86084
1257.50000,6547.85254
1258.00000,6544.86182
1258.50000,6543.42383
1259.00000,6545.71631
1259.50000,6553.22803
1260.00000,6563.26855
1260.50000,6571.43652
1261.00000,6573.94336
1261.50000,6568.80420
1262.00000,6559.43311
1262.50000,6551.50732
1263.00000,6549.96533
1263.50000,6555.45215
1264.00000,6565.48096
1264.50000,6574.88379
1265.00000,6579.27002
1265.50000,6578.63574
1266.00000,6573.44824
1266.50000,6565.94482
1267.00000,6557.24316
1267.50000,6547.93506
1268.00000,6538.31836
1268.50000,6528.55957
1269.00000,6518.69336
1269.50000,6508.73242
1270.00000,6499.22705
1270.50000,6491.95996
1271.00000,6488.19434
1271.50000,6488.71387
1272.00000,6491.37598
1272.50000,6492.52246
1273.00000,6488.79053
1273.50000,6479.62939
1274.00000,6466.23975
1274.50000,6451.79395
1275.00000,6437.83936
1275.50000,6423.96191
1276.00000,6408.63672
1276.50000,6391.19922
1277.00000,6372.04834
1277.50000,6352.49268
1278.00000,6333.54053
1278.50000,6315.49268
1279.00000,6298.11670
1279.50000,6281.53467
1280.00000,6265.66943
1280.50000,6250.28027
1281.00000,6234.55078
1281.50000,6217.90381
1282.00000,6201.04248
1282.50000,6185.80957
1283.00000,6174.15088
1283.50000,6166.53467
1284.00000,6163.06494
1284.50000,6162.49609
1285.00000,6165.46436
1285.50000,6171.47510
1286.00000,6179.97021
1286.50000,6188.12549
1287.00000,6192.36963
1287.50000,6190.68799
1288.00000,6184.03223
1288.50000,6175.18506
1289.00000,6167.56006
1289.50000,6163.56836
1290.00000,6162.98193
1290.50000,6166.22217
1291.00000,6172.33740
1291.50000,6180.17871
1292.00000,6186.79102
1292.50000,6188.49414
1293.00000,6183.16748
1293.50000,6173.41846
1294.00000,6164.29346
1294.50000,6159.84033
1295.00000,6161.20361
1295.50000,6163.46191
1296.00000,6161.29688
1296.50000,6153.37744
1297.00000,6142.68213
1297.50000,6134.85303
1298.00000,6133.58008
1298.50000,6138.78076
1299.00000,6145.55273
1299.50000,6148.22510
1300.00000,6144.38135
1300.50000,6132.60107
1301.00000,6116.23096
1301.50000,6099.19482
1302.00000,6086.17383
1302.50000,6081.00049
1303.00000,6085.03271
1303.50000,6094.63379
1304.00000,6103.81250
1304.50000,6107.11914
1305.00000,6100.66162
1305.50000,6087.88916
1306.00000,6072.49414
1306.50000,6058.19238
1307.00000,6046.15967
1307.50000,6035.62500
1308.00000,6025.67188
1308.50000,6016.45557
1309.00000,6008.30127
1309.50000,6000.96240
1310.00000,5992.89746
1310.50000,5982.34180
1311.00000,5969.52295
1311.50000,5955.98779
1312.00000,5943.95605
1312.50000,5934.72998
1313.00000,5928.33057
1313.50000,5923.77051
1314.00000,5920.92725
1314.50000,5919.73730
1315.00000,5920.79736
1315.50000,5923.39404
1316.00000,5927.03369
1316.50000,5931.34619
1317.00000,5936.55273
1317.50000,5942.42188
1318.00000,5947.21973
1318.50000,5947.47754
1319.00000,5941.32178
1319.50000,5927.70459
1320.00000,5911.75830
1320.50000,5899.85205
1321.00000,5896.13525
1321.50000,5901.84912
1322.00000,5912.93750
1322.50000,5923.86572
1323.00000,5930.76660
1323.50000,5934.01074
1324.00000,5935.70654
1324.50000,5938.30566
1325.00000,5942.50684
1325.50000,5946.95996
1326.00000,5950.20508
1326.50000,5951.95215
1327.00000,5952.89746
1327.50000,5953.94824
1328.00000,5955.23633
1328.50000,5955.92480
1329.00000,5955.16064
1329.50000,5952.29248
1330.00000,5948.48975
1330.50000,5945.43506
1331.00000,5944.63330
1331.50000,5946.96045
1332.00000,5951.31689
1332.50000,5955.05908
1333.00000,5954.81836
1333.50000,5948.67139
1334.00000,5935.12207
1334.50000,5917.17725
1335.00000,5897.99609
1335.50000,5881.17383
1336.00000,5868.77881
1336.50000,5859.43701
1337.00000,5849.71973
1337.50000,5835.66260
1338.00000,5815.44678
1338.50000,5789.33301
1339.00000,5761.20850
1339.50000,5734.58301
1340.00000,5710.41504
1340.50000,5687.23926
1341.00000,5662.58936
1341.50000,5636.09082
1342.00000,5610.73340
1342.50000,5590.93652
1343.00000,5579.63281
1343.50000,5574.11426
1344.00000,5569.23438
1344.50000,5559.76855
1345.00000,5542.76074
1345.50000,5521.45996
1346.00000,5499.84375
1346.50000,5481.10596
1347.00000,5466.37354
1347.50000,5455.50684
1348.00000,5448.09131
1348.50000,5444.32959
1349.00000,5442.46533
1349.50000,5439.79932
1350.00000,5434.18311
1350.50000,5425.44043
1351.00000,5417.08789
1351.50000,5413.53223
1352.00000,5416.40625
1352.50000,5423.17090
1353.00000,5429.09131
1353.50000,5430.78223
1354.00000,5427.53320
1354.50000,5423.01855
1355.00000,5420.67041
1355.50000,5421.28027
1356.00000,5423.48340
1356.50000,5424.62793
1357.00000,5422.87891
1357.50000,5417.68750
1358.00000,5409.85596
1358.50000,5400.29785
1359.00000,5390.74072
1359.50000,5383.24414
1360.00000,5378.72070
1360.50000,5377.81055
1361.00000,5378.99268
1361.50000,5380.25879
1362.00000,5379.63916
1362.50000,5376.05713
1363.00000,5369.33447
1363.50000,5361.29297
1364.00000,5355.01416
1364.50000,5353.20752
1365.00000,5358.67920
1365.50000,5369.19775
1366.00000,5380.51611
1366.50000,5387.27734
1367.00000,5386.32813
1367.50000,5378.59229
1368.00000,5368.95752
1368.50000,5362.45605
1369.00000,5360.95996
1369.50000,5364.86133
1370.00000,5370.97949
1370.50000,5376.70508
1371.00000,5379.64746
1371.50000,5377.33838
1372.00000,5368.52832
1372.50000,5354.57031
1373.00000,5339.36426
1373.50000,5328.22559
1374.00000,5326.14746
1374.50000,5331.21387
1375.00000,5340.32275
1375.50000,5348.67627
1376.00000,5354.38184
1376.50000,5358.87207
1377.00000,5364.37061
1377.50000,5371.25293
1378.00000,5377.37695
1378.50000,5380.03223
1379.00000,5379.40283
1379.50000,5377.48096
1380.00000,5377.85254
1380.50000,5383.79443
1381.00000,5395.56494
1381.50000,5412.24414
1382.00000,5431.62744
1382.50000,5451.39893
1383.00000,5470.02344
1383.50000,5487.10645
1384.00000,5501.97314
1384.50000,5513.99414
1385.00000,5519.60400
1385.50000,5516.64551
1386.00000,5503.28613
1386.50000,5482.99072
1387.00000,5462.34473
1387.50000,5447.92578
1388.00000,5441.36084
1388.50000,5440.02588
1389.00000,5436.93213
1389.50000,5425.38281
1390.00000,5405.15527
1390.50000,5377.21484
1391.00000,5345.87109
1391.50000,5314.00244
1392.00000,5283.49561
1392.50000,5255.35400
1393.00000,5229.79883
1393.50000,5205.00195
1394.00000,5178.04004
1394.50000,5147.74170
1395.00000,5115.35742
1395.50000,5085.58789
1396.00000,5063.70020
1396.50000,5050.82764
1397.00000,5043.47900
1397.50000,5035.92578
1398.00000,5024.34375
1398.50000,5007.63037
1399.00000,4988.51074
1399.50000,4969.27686
1400.00000,4951.71338
1400.50000,4937.72656
1401.00000,4928.51416
1401.50000,4924.63086
1402.00000,4923.69092
1402.50000,4920.26270
1403.00000,4907.76953
1403.50000,4886.09424
1404.00000,4859.09961
1404.50000,4835.99268
1405.00000,4825.26709
1405.50000,4826.66309
1406.00000,4835.39209
1406.50000,4843.08789
1407.00000,4844.22705
1407.50000,4838.79688
1408.00000,4832.25781
1408.50000,4830.57422
1409.00000,4834.92969
1409.50000,4843.37207
1410.00000,4851.42285
1410.50000,4857.22900
1411.00000,4862.18164
1411.50000,4868.30273
1412.00000,4875.26514
1412.50000,4879.70654
1413.00000,4877.19043
1413.50000,4868.18408
1414.00000,4856.36182
1414.50000,4848.48486
1415.00000,4849.62500
1415.50000,4857.04004
1416.00000,4865.83789
1416.50000,4872.03662
1417.00000,4875.91406
1417.50000,4881.14502
1418.00000,4890.88135
1418.50000,4905.91553
1419.00000,4922.13672
1419.50000,4934.74756
1420.00000,4941.86182
1420.50000,4943.45898
1421.00000,4942.64453
1421.50000,4942.06543
1422.00000,4942.85449
1422.50000,4944.43701
1423.00000,4945.19727
1423.50000,4943.63770
1424.00000,4938.09277
1424.50000,4929.80518
1425.00000,4920.75586
1425.50000,4913.92285
1426.00000,4911.77100
1426.50000,4914.16650
1427.00000,4918.56299
1427.50000,4921.95898
1428.00000,4922.56982
1428.50000,4919.74365
1429.00000,4915.12451
1429.50000,4909.65234
1430.00000,4903.81738
1430.50000,4897.29932
1431.00000,4890.24805
1431.50000,4884.14600
1432.00000,4881.83301
1432.50000,4885.38037
1433.00000,4896.18945
1433.50000,4911.34814
1434.00000,4927.25049
1434.50000,4939.91211
1435.00000,4946.53516
1435.50000,4948.39746
1436.00000,4948.36670
1436.50000,4950.03125
1437.00000,4955.61377
1437.50000,4965.17334
1438.00000,4976.53223
1438.50000,4988.23486
1439.00000,4999.90869
1439.50000,5012.45850
1440.00000,5026.23633
1440.50000,5040.19189
1441.00000,5051.99609
1441.50000,5059.91553
1442.00000,5064.94629
1442.50000,5071.41504
1443.00000,5084.47217
1443.50000,5104.37402
1444.00000,5128.99561
1444.50000,5152.41797
1445.00000,5170.30176
1445.50000,5182.91357
1446.00000,5192.51807
1446.50000,5201.20264
1447.00000,5208.41064
1447.50000,5211.12207
1448.00000,5208.54053
1448.50000,5202.27832
1449.00000,5197.51709
1449.50000,5199.45654
1450.00000,5208.55615
1450.50000,5223.12549
1451.00000,5238.59570
1451.50000,5250.48340
1452.00000,5255.53711
1452.50000,5253.37598
1453.00000,5245.11816
1453.50000,5235.57568
1454.00000,5229.50000
1454.50000,5228.48047
1455.00000,5231.62500
1455.50000,5234.62695
1456.00000,5233.95459
1456.50000,5229.60400
1457.00000,5224.82471
1457.50000,5222.72754
1458.00000,5222.21484
1458.50000,5218.19775
1459.00000,5207.23389
1459.50000,5188.13428
1460.00000,5166.41650
1460.50000,5148.20313
1461.00000,5136.49414
1461.50000,5129.93115
1462.00000,5124.69775
1462.50000,5117.54297
1463.00000,5107.91260
1463.50000,5097.73291
1464.00000,5088.73291
1464.50000,5081.36523
1465.00000,5075.75928
1465.50000,5071.40918
1466.00000,5067.89063
1466.50000,5064.81396
1467.00000,5062.43311
1467.50000,5062.56201
1468.00000,5066.66895
1468.50000,5075.92920
1469.00000,5086.98926
1469.50000,5095.27979
1470.00000,5098.29004
1470.50000,5097.10742
1471.00000,5097.11621
1471.50000,5103.69580
1472.00000,5118.56445
1472.50000,5137.10059
1473.00000,5153.49756
1473.50000,5165.18359
1474.00000,5172.11328
1474.50000,5177.54492
1475.00000,5183.06104
1475.50000,5188.53271
1476.00000,5193.08984
1476.50000,5196.65479
1477.00000,5200.04004
1477.50000,5203.43896
1478.00000,5205.72461
1478.50000,5204.34766
1479.00000,5198.84277
1479.50000,5189.10498
1480.00000,5177.52490
1480.50000,5166.41016
1481.00000,5157.51660
1481.50000,5151.48389
1482.00000,5147.38623
1482.50000,5142.89258
1483.00000,5135.32080
1483.50000,5124.42529
1484.00000,5111.78076
1484.50000,5101.19629
1485.00000,5095.95117
1485.50000,5095.33057
1486.00000,5095.83398
1486.50000,5093.73975
1487.00000,5088.76123
1487.50000,5083.69238
1488.00000,5081.82617
1488.50000,5085.15820
1489.00000,5090.90723
1489.50000,5096.08008
1490.00000,5099.03271
1490.50000,5100.32910
1491.00000,5102.02588
1491.50000,5105.42773
1492.00000,5110.91162
1492.50000,5118.28369
1493.00000,5128.53857
1493.50000,5141.93164
1494.00000,5159.05664
1494.50000,5178.03369
1495.00000,5196.82227
1495.50000,5214.17920
1496.00000,5230.40527
1496.50000,5246.71289
1497.00000,5263.90186
1497.50000,5281.67236
1498.00000,5298.87207
1498.50000,5314.47754
1499.00000,5329.31250
1499.50000,5345.34326
1500.00000,5364.13037
1500.50000,5386.11523
1501.00000,5409.79346
1501.50000,5433.03271
1502.00000,5454.58398
1502.50000,5475.15869
1503.00000,5496.51660
1503.50000,5519.73584
1504.00000,5544.40332
1504.50000,5568.53662
1505.00000,5590.72900
1505.50000,5611.60547
1506.00000,5633.29395
1506.50000,5658.12549
1507.00000,5686.99121
1507.50000,5720.40674
1508.00000,5757.31934
1508.50000,5797.92627
1509.00000,5840.56787
1509.50000,5883.01904
1510.00000,5922.49512
1510.50000,5957.35059
1511.00000,5989.20068
1511.50000,6021.69873
1512.00000,6057.32178
1512.50000,6093.49365
1513.00000,6123.28516
1513.50000,6142.65039
1514.00000,6149.28174
1514.50000,6150.13867
1515.00000,6152.56494
1515.50000,6160.78369
1516.00000,6173.30469
1516.50000,6184.49951
1517.00000,6190.51465
1517.50000,6191.30664
1518.00000,6191.33447
1518.50000,6194.72217
1519.00000,6201.43213
1519.50000,6208.88916
1520.00000,6213.43408
1520.50000,6213.41846
1521.00000,6210.72656
1521.50000,6208.46191
1522.00000,6208.66797
1522.50000,6210.69775
1523.00000,6212.47705
1523.50000,6212.19336
1524.00000,6209.34326
1524.50000,6206.05127
1525.00000,6204.56006
1525.50000,6205.19238
1526.00000,6206.27881
1526.50000,6205.49219
1527.00000,6202.22656
1527.50000,6197.98633
1528.00000,6195.53564
1528.50000,6196.61377
1529.00000,6198.76367
1529.50000,6198.76025
1530.00000,6195.41992
1530.50000,6190.54248
1531.00000,6187.81787
1531.50000,6189.31543
1532.00000,6193.95459
1532.50000,6197.89990
1533.00000,6198.94141
1533.50000,6199.35742
1534.00000,6203.35107
1534.50000,6212.39893
1535.00000,6224.60010
1535.50000,6235.08008
1536.00000,6240.51660
1536.50000,6242.51221
1537.00000,6246.25293
1537.50000,6255.95801
1538.00000,6270.09619
1538.50000,6284.66406
1539.00000,6295.63525
1539.50000,6301.71289
1540.00000,6305.76709
1540.50000,6310.89307
1541.00000,6317.96045
1541.50000,6325.84229
1542.00000,6333.22656
1542.50000,6339.45850
1543.00000,6342.89697
1543.50000,6341.37256
1544.00000,6329.41748
1544.50000,6307.17480
1545.00000,6276.85693
1545.50000,6244.60791
1546.00000,6215.45850
1546.50000,6190.52393
1547.00000,6166.84961
1547.50000,6141.42773
1548.00000,6114.71631
1548.50000,6089.90088
1549.00000,6068.75439
1549.50000,6050.88916
1550.00000,6033.57031
1550.50000,6015.65527
1551.00000,5999.14014
1551.50000,5987.30615
1552.00000,5981.10791
1552.50000,5976.60352
1553.00000,5968.81299
1553.50000,5956.66992
1554.00000,5943.00928
1554.50000,5933.59180
1555.00000,5933.20166
1555.50000,5940.21729
1556.00000,5948.82520
1556.50000,5952.74316
1557.00000,5948.90234
1557.50000,5936.14453
1558.00000,5918.88574
1558.50000,5901.84570
1559.00000,5889.83203
1559.50000,5885.94385
1560.00000,5888.45313
1560.50000,5893.14795
1561.00000,5894.80908
1561.50000,5890.57275
1562.00000,5880.67480
1562.50000,5869.77441
1563.00000,5862.87842
1563.50000,5860.77441
1564.00000,5861.82959
1564.50000,5861.28369
1565.00000,5854.59912
1565.50000,5840.80078
1566.00000,5823.25195
1566.50000,5808.41016
1567.00000,5800.56396
1567.50000,5800.40234
1568.00000,5801.14941
1568.50000,5793.76025
1569.00000,5774.82178
1569.50000,5745.43799
1570.00000,5714.88086
1570.50000,5691.32373
1571.00000,5677.03369
1571.50000,5667.58838
1572.00000,5657.12402
1572.50000,5642.67969
1573.00000,5624.70215
1573.50000,5606.86963
1574.00000,5590.54492
1574.50000,5574.38916
1575.00000,5556.54102
1575.50000,5536.69238
1576.00000,5516.04346
1576.50000,5495.62939
1577.00000,5475.18896
1577.50000,5454.01221
1578.00000,5432.91113
1578.50000,5414.59375
1579.00000,5400.62744
1579.50000,5391.00391
1580.00000,5382.27295
1580.50000,5370.68359
1581.00000,5355.18115
1581.50000,5337.88867
1582.00000,5321.58398
1582.50000,5307.35791
1583.00000,5294.56787
1583.50000,5281.04883
1584.00000,5265.21875
1584.50000,5246.87158
1585.00000,5225.23828
1585.50000,5199.30908
1586.00000,5168.51514
1586.50000,5133.58740
1587.00000,5098.15625
1587.50000,5066.80469
1588.00000,5041.03076
1588.50000,5021.41064
1589.00000,5004.80957
1589.50000,4988.82813
1590.00000,4971.97021
1590.50000,4954.16260
1591.00000,4936.32129
1591.50000,4919.61182
1592.00000,4905.60352
1592.50000,4894.90137
1593.00000,4888.54980
1593.50000,4884.64893
1594.00000,4880.48584
1594.50000,4873.15039
1595.00000,4860.82324
1595.50000,4844.11133
1596.00000,4825.44580
1596.50000,4807.65234
1597.00000,4792.85645
1597.50000,4782.66406
1598.00000,4775.98535
1598.50000,4772.20166
1599.00000,4768.98535
1599.50000,4763.49121
1600.00000,4753.10498
1600.50000,4736.03564
1601.00000,4713.32373
1601.50000,4688.70703
1602.00000,4666.52686
1602.50000,4649.24854
1603.00000,4638.18262
1603.50000,4629.73633
1604.00000,4619.65283
1604.50000,4605.05322
1605.00000,4585.12305
1605.50000,4561.42773
1606.00000,4536.12402
1606.50000,4509.97168
1607.00000,4482.52930
1607.50000,4453.03467
1608.00000,4423.06006
1608.50000,4395.92578
1609.00000,4373.88135
1609.50000,4357.32373
1610.00000,4342.55566
1610.50000,4324.90918
1611.00000,4302.74951
1611.50000,4279.06738
1612.00000,4258.63184
1612.50000,4243.09961
1613.00000,4230.50146
1613.50000,4214.69434
1614.00000,4191.22314
1614.50000,4162.49023
1615.00000,4134.82617
1615.50000,4114.93262
1616.00000,4105.09131
1616.50000,4103.34326
1617.00000,4102.67480
1617.50000,4097.42041
1618.00000,4086.72974
1618.50000,4071.30786
1619.00000,4054.84961
1619.50000,4040.87964
1620.00000,4031.70630
1620.50000,4027.44287
1621.00000,4026.49341
1621.50000,4025.45703
1622.00000,4020.74976
1622.50000,4011.56665
1623.00000,3998.82910
1623.50000,3987.11523
1624.00000,3980.45435
1624.50000,3979.47534
1625.00000,3982.01074
1625.50000,3983.56348
1626.00000,3979.49243
1626.50000,3966.91382
1627.00000,3947.26001
1627.50000,3921.21045
1628.00000,3892.41602
1628.50000,3863.14697
1629.00000,3835.17920
1629.50000,3808.64258
1630.00000,3782.04956
1630.50000,3753.92163
1631.00000,3724.17017
1631.50000,3694.56934
1632.00000,3667.21802
1632.50000,3641.48267
1633.00000,3614.49219
1633.50000,3584.19727
1634.00000,3550.97217
1634.50000,3518.62085
1635.00000,3491.11499
1635.50000,3468.94409
1636.00000,3448.71362
1636.50000,3427.95752
1637.00000,3407.35059
1637.50000,3391.01660
1638.00000,3380.99268
1638.50000,3377.23340
1639.00000,3374.85181
1639.50000,3369.94116
1640.00000,3361.01855
1640.50000,3348.59570
1641.00000,3333.63013
1641.50000,3317.64429
1642.00000,3302.20752
1642.50000,3288.19116
1643.00000,3274.75146
1643.50000,3258.85352
1644.00000,3237.00708
1644.50000,3210.49341
1645.00000,3185.03223
1645.50000,3166.12036
1646.00000,3153.96411
1646.50000,3143.84375
1647.00000,3129.13818
1647.50000,3105.98779
1648.00000,3079.22095
1648.50000,3053.23682
1649.00000,3030.04028
1649.50000,3009.01538
1650.00000,2989.07568
1650.50000,2970.79785
1651.00000,2955.14038
1651.50000,2940.68115
1652.00000,2924.21997
1652.50000,2904.22607
1653.00000,2881.90820
1653.50000,2861.68237
1654.00000,2846.53345
1654.50000,2835.44800
1655.00000,2826.01196
1655.50000,2816.73633
1656.00000,2807.89111
1656.50000,2799.79565
1657.00000,2791.16235
1657.50000,2779.84961
1658.00000,2766.41577
1658.50000,2753.40210
1659.00000,2743.75781
1659.50000,2737.76587
1660.00000,2732.69775
1660.50000,2725.66919
1661.00000,2715.61328
1661.50000,2703.87817
1662.00000,2691.75854
1662.50000,2679.91284
1663.00000,2669.00391
1663.50000,2660.15869
1664.00000,2655.18164
1664.50000,2653.84668
1665.00000,2653.63477
1665.50000,2651.47192
1666.00000,2646.41821
1666.50000,2639.43896
1667.00000,2632.60864
1667.50000,2626.42065
1668.00000,2619.23535
1668.50000,2608.91064
1669.00000,2595.37744
1669.50000,2579.95630
1670.00000,2565.09424
1670.50000,2552.90527
1671.00000,2544.28296
1671.50000,2538.23022
1672.00000,2533.71948
1672.50000,2529.30908
1673.00000,2524.56787
1673.50000,2519.84277
1674.00000,2515.18115
1674.50000,2509.78271
1675.00000,2502.66382
1675.50000,2494.19751
1676.00000,2487.04053
1676.50000,2484.51245
1677.00000,2486.19556
1677.50000,2489.38330
1678.00000,2489.75195
1678.50000,2484.73999
1679.00000,2476.92212
1679.50000,2470.45190
1680.00000,2467.51440
1680.50000,2467.05859
1681.00000,2466.39771
1681.50000,2463.37598
1682.00000,2457.20679
1682.50000,2449.03857
1683.00000,2439.27197
1683.50000,2429.11499
1684.00000,2420.65552
1684.50000,2416.13257
1685.00000,2416.13379
1685.50000,2419.03027
1686.00000,2421.46558
1686.50000,2420.56006
1687.00000,2416.48706
1687.50000,2410.81421
1688.00000,2405.46094
1688.50000,2400.52490
1689.00000,2394.70728
1689.50000,2386.54199
1690.00000,2376.27051
1690.50000,2365.76245
1691.00000,2356.77979
1691.50000,2349.35596
1692.00000,2342.15942
1692.50000,2333.71924
1693.00000,2324.76001
1693.50000,2318.12549
1694.00000,2317.00220
1694.50000,2321.28955
1695.00000,2327.36719
1695.50000,2329.87402
1696.00000,2326.21143
1696.50000,2315.94263
1697.00000,2302.77710
1697.50000,2290.02783
1698.00000,2280.12817
1698.50000,2274.33716
1699.00000,2271.62622
1699.50000,2269.73169
1700.00000,2265.46240
1700.50000,2256.84937
1701.00000,2244.80664
1701.50000,2232.93140
1702.00000,2224.76074
1702.50000,2220.27734
1703.00000,2218.11133
1703.50000,2215.56519
1704.00000,2211.46436
1704.50000,2205.71216
1705.00000,2198.12891
1705.50000,2188.25903
1706.00000,2176.96753
1706.50000,2166.22119
1707.00000,2157.59595
1707.50000,2151.63867
1708.00000,2146.52930
1708.50000,2141.02246
1709.00000,2135.64453
1709.50000,2131.91992
1710.00000,2130.40454
1710.50000,2129.70532
1711.00000,2127.52319
1711.50000,2123.13940
1712.00000,2116.61572
1712.50000,2109.14355
1713.00000,2101.17383
1713.50000,2093.64941
1714.00000,2088.57104
1714.50000,2087.60205
1715.00000,2090.50391
1715.50000,2094.55640
1716.00000,2095.79346
1716.50000,2092.28271
1717.00000,2086.83960
1717.50000,2083.17090
1718.00000,2082.89258
1718.50000,2084.93726
1719.00000,2085.72168
1719.50000,2082.95337
1720.00000,2076.93164
1720.50000,2069.96948
1721.00000,2064.53296
1721.50000,2061.52734
1722.00000,2061.15552
1722.50000,2062.03345
1723.00000,2063.04468
1723.50000,2062.99414
1724.00000,2061.16357
1724.50000,2057.88647
1725.00000,2053.91016
1725.50000,2049.71606
1726.00000,2045.24805
1726.50000,2040.15625
1727.00000,2034.90930
1727.50000,2030.73389
1728.00000,2028.31909
1728.50000,2027.34412
1729.00000,2025.70850
1729.50000,2021.44177
1730.00000,2014.27869
1730.50000,2006.09607
1731.00000,1999.64636
1731.50000,1996.33167
1732.00000,1996.30237
1732.50000,1997.26184
1733.00000,1997.01685
1733.50000,1994.07910
1734.00000,1988.16394
1734.50000,1980.76270
1735.00000,1973.70984
1735.50000,1968.10693
1736.00000,1963.42432
1736.50000,1958.41345
1737.00000,1952.90466
1737.50000,1948.64478
1738.00000,1947.65137
1738.50000,1951.43750
1739.00000,1957.94995
1739.50000,1963.94861
1740.00000,1967.07129
1740.50000,1967.02051
1741.00000,1964.13440
1741.50000,1959.69116
1742.00000,1953.87988
1742.50000,1947.46008
1743.00000,1941.40869
1743.50000,1936.72229
1744.00000,1933.70715
1744.50000,1931.74902
1745.00000,1930.09302
1745.50000,1928.40381
1746.00000,1926.82166
1746.50000,1925.80469
1747.00000,1925.48401
1747.50000,1925.72388
1748.00000,1925.55713
1748.50000,1923.36133
1749.00000,1918.62695
1749.50000,1912.25830
1750.00000,1906.41016
1750.50000,1903.02026
1751.00000,1902.81116
1751.50000,1903.90894
1752.00000,1905.00049
1752.50000,1905.62915
1753.00000,1905.92395
1753.50000,1905.82642
1754.00000,1904.83374
1754.50000,1902.96582
1755.00000,1901.16052
1755.50000,1900.55774
1756.00000,1900.80957
1756.50000,1900.34839
1757.00000,1898.11450
1757.50000,1893.99414
1758.00000,1889.45972
1758.50000,1885.27344
1759.00000,1880.87891
1759.50000,1875.43579
1760.00000,1869.29138
1760.50000,1864.40308
1761.00000,1862.81287
1761.50000,1863.66504
1762.00000,1864.18408
1762.50000,1860.64807
1763.00000,1850.39526
1763.50000,1835.78857
1764.00000,1821.13892
1764.50000,1811.18823
1765.00000,1808.67615
1765.50000,1812.76270
1766.00000,1819.35388
1766.50000,1825.05090
1767.00000,1827.96790
1767.50000,1826.91309
1768.00000,1823.19897
1768.50000,1817.93884
1769.00000,1812.94250
1769.50000,1810.16943
1770.00000,1810.64014
1770.50000,1812.98352
1771.00000,1814.74658
1771.50000,1813.67444
1772.00000,1807.97766
1772.50000,1800.30432
1773.00000,1794.16650
1773.50000,1792.41870
1774.00000,1795.92932
1774.50000,1802.03101
1775.00000,1806.23120
1775.50000,1805.62683
1776.00000,1801.20483
1776.50000,1794.96362
1777.00000,1789.00989
1777.50000,1782.90710
1778.00000,1775.69983
1778.50000,1767.82410
1779.00000,1761.69666
1779.50000,1759.25110
1780.00000,1760.38013
1780.50000,1762.93250
1781.00000,1765.16284
1781.50000,1766.45581
1782.00000,1766.30957
1782.50000,1764.30481
1783.00000,1759.82959
1783.50000,1754.36914
1784.00000,1750.72058
1784.50000,1750.50708
1785.00000,1752.56348
1785.50000,1753.81238
1786.00000,1751.70801
1786.50000,1745.31738
1787.00000,1736.94324
1787.50000,1728.84949
1788.00000,1723.21716
1788.50000,1721.32727
1789.00000,1722.59277
1789.50000,1725.21985
1790.00000,1726.96338
1790.50000,1726.57654
1791.00000,1723.95581
1791.50000,1720.18286
1792.00000,1715.68335
1792.50000,1710.81982
1793.00000,1705.56531
1793.50000,1699.71655
1794.00000,1693.11328
1794.50000,1686.84290
1795.00000,1683.71521
1795.50000,1686.73682
1796.00000,1694.36670
1796.50000,1701.79089
1797.00000,1703.36377
1797.50000,1697.68909
1798.00000,1690.00916
1798.50000,1685.36353
1799.00000,1684.58472
1799.50000,1684.39929
1800.00000,1682.63672
1800.50000,1680.49329
1801.00000,1679.94812
1801.50000,1680.19702
1802.00000,1679.18994
1802.50000,1677.62488
1803.00000,1678.75269
1803.50000,1683.81396
1804.00000,1688.73840
1804.50000,1687.90356
1805.00000,1680.25171
1805.50000,1669.23254
1806.00000,1660.13147
1806.50000,1654.77917
1807.00000,1651.47046
1807.50000,1650.47559
1808.00000,1652.23853
1808.50000,1654.98914
1809.00000,1654.88794
1809.50000,1649.97009
1810.00000,1642.42017
