440.00000,10138.86914
440.50000,10144.49121
441.00000,10148.10449
441.50000,10152.87207
442.00000,10161.39648
442.50000,10172.95313
443.00000,10185.51172
443.50000,10196.96777
444.00000,10206.56641
444.50000,10215.68457
445.00000,10226.39453
445.50000,10239.86230
446.00000,10254.75098
446.50000,10268.67090
447.00000,10278.91309
447.50000,10284.46875
448.00000,10285.48730
448.50000,10282.56348
449.00000,10275.29980
449.50000,10263.92969
450.00000,10248.78516
450.50000,10232.39844
451.00000,10217.41504
451.50000,10205.80273
452.00000,10198.18945
452.50000,10191.43945
453.00000,10182.27637
453.50000,10168.57227
454.00000,10151.07031
454.50000,10132.93750
455.00000,10118.52930
455.50000,10111.34570
456.00000,10110.34766
456.50000,10114.51563
457.00000,10120.64258
457.50000,10126.35742
458.00000,10131.18652
458.50000,10135.98438
459.00000,10142.43945
459.50000,10152.40039
460.00000,10168.33008
460.50000,10189.20605
461.00000,10214.67578
461.50000,10241.88184
462.00000,10267.45703
462.50000,10288.61035
463.00000,10305.67188
463.50000,10320.87012
464.00000,10337.54980
464.50000,10358.80176
465.00000,10383.32813
465.50000,10405.75684
466.00000,10420.73242
466.50000,10422.35840
467.00000,10410.39746
467.50000,10387.61816
468.00000,10361.98926
468.50000,10339.46875
469.00000,10323.36914
469.50000,10312.35059
470.00000,10303.33691
470.50000,10291.53516
471.00000,10274.05176
471.50000,10251.51367
472.00000,10225.37598
472.50000,10198.89746
473.00000,10175.93652
473.50000,10159.57227
474.00000,10150.77832
474.50000,10151.26465
475.00000,10158.50879
475.50000,10170.25293
476.00000,10181.54883
476.50000,10189.28418
477.00000,10192.64258
477.50000,10192.42676
478.00000,10191.11914
478.50000,10190.92480
479.00000,10191.68652
479.50000,10191.33105
480.00000,10186.00293
480.50000,10173.63770
481.00000,10153.28906
481.50000,10129.00000
482.00000,10104.97656
482.50000,10085.55371
483.00000,10074.24219
483.50000,10073.52441
484.00000,10080.24609
484.50000,10092.15137
485.00000,10104.26855
485.50000,10110.75879
486.00000,10107.13672
486.50000,10090.54688
487.00000,10064.16797
487.50000,10032.90332
488.00000,10003.13281
488.50000,9980.70215
489.00000,9968.34277
489.50000,9961.82422
490.00000,9958.13965
490.50000,9954.28516
491.00000,9950.72949
491.50000,9951.10449
492.00000,9959.07910
492.50000,9974.50586
493.00000,9993.71289
493.50000,10010.89941
494.00000,10020.20215
494.50000,10019.12109
495.00000,10012.65332
495.50000,10005.18066
496.00000,10000.64258
496.50000,10000.49902
497.00000,10001.91211
497.50000,10000.99121
498.00000,9995.93359
498.50000,9987.58887
499.00000,9977.95996
499.50000,9969.46973
500.00000,9962.33691
500.50000,9954.53320
501.00000,9943.73926
501.50000,9929.44922
502.00000,9912.83984
502.50000,9897.65234
503.00000,9887.20215
503.50000,9883.47559
504.00000,9885.29883
504.50000,9891.35938
505.00000,9898.09961
505.50000,9902.96680
506.00000,9905.46582
506.50000,9905.70508
507.00000,9904.76563
507.50000,9903.65039
508.00000,9902.63770
508.50000,9900.88672
509.00000,9896.70117
509.50000,9889.18750
510.00000,9876.91211
510.50000,9861.49805
511.00000,9845.68848
511.50000,9832.63574
512.00000,9825.15723
512.50000,9824.58691
513.00000,9830.82129
513.50000,9843.29395
514.00000,9859.08105
514.50000,9876.92383
515.00000,9894.86230
515.50000,9910.81348
516.00000,9922.65039
516.50000,9927.83691
517.00000,9926.01367
517.50000,9917.51270
518.00000,9903.66602
518.50000,9887.22070
519.00000,9870.98340
519.50000,9857.05273
520.00000,9847.29297
520.50000,9841.36719
521.00000,9839.50195
521.50000,9840.39551
522.00000,9842.41016
522.50000,9843.97266
523.00000,9844.37012
523.50000,9843.67188
524.00000,9842.88965
524.50000,9843.60059
525.00000,9846.03906
525.50000,9849.55859
526.00000,9852.42969
526.50000,9852.71484
527.00000,9849.47070
527.50000,9843.34277
528.00000,9836.85254
528.50000,9832.53906
529.00000,9832.72559
529.50000,9837.16895
530.00000,9845.68262
530.50000,9855.46289
531.00000,9864.57520
531.50000,9872.29785
532.00000,9878.82031
532.50000,9885.14258
533.00000,9892.60547
533.50000,9901.98242
534.00000,9912.69531
534.50000,9923.85547
535.00000,9934.13281
535.50000,9941.91699
536.00000,9946.55371
536.50000,9948.01660
537.00000,9947.36230
537.50000,9946.04199
538.00000,9945.79590
538.50000,9948.19824
539.00000,9955.16016
539.50000,9965.50586
540.00000,9978.20605
540.50000,9990.53906
541.00000,9999.41406
541.50000,10002.55762
542.00000,9999.19043
542.50000,9991.65527
543.00000,9983.70996
543.50000,9979.46875
544.00000,9981.03418
544.50000,9990.13281
545.00000,10001.98438
545.50000,10011.08789
546.00000,10013.46094
546.50000,10006.50195
547.00000,9992.11133
547.50000,9975.81543
548.00000,9964.67578
548.50000,9961.66504
549.00000,9967.43359
549.50000,9976.61719
550.00000,9982.62695
550.50000,9979.88281
551.00000,9965.99414
551.50000,9944.71973
552.00000,9920.74902
552.50000,9898.75195
553.00000,9881.38672
553.50000,9869.63184
554.00000,9860.82324
554.50000,9854.29297
555.00000,9849.60449
555.50000,9848.13867
556.00000,9850.54102
556.50000,9857.21484
557.00000,9866.18555
557.50000,9875.29590
558.00000,9882.79883
558.50000,9888.08203
559.00000,9890.89355
559.50000,9892.30469
560.00000,9892.96289
560.50000,9893.41113
561.00000,9893.85938
561.50000,9894.37109
562.00000,9894.76855
562.50000,9894.38281
563.00000,9892.43750
563.50000,9888.02246
564.00000,9881.40234
564.50000,9872.78223
565.00000,9863.56641
565.50000,9854.66113
566.00000,9845.94141
566.50000,9836.45020
567.00000,9825.27441
567.50000,9812.33887
568.00000,9798.97754
568.50000,9788.19531
569.00000,9783.76855
569.50000,9785.95801
570.00000,9795.36621
570.50000,9808.53223
571.00000,9822.02148
571.50000,9832.28809
572.00000,9838.24219
572.50000,9841.13086
573.00000,9843.76758
573.50000,9849.19531
574.00000,9858.60352
574.50000,9872.30371
575.00000,9886.11426
575.50000,9895.92188
576.00000,9899.41602
576.50000,9895.44629
577.00000,9885.85156
577.50000,9874.52441
578.00000,9865.45020
578.50000,9860.05664
579.00000,9858.75586
579.50000,9859.50977
580.00000,9860.97363
580.50000,9862.28516
581.00000,9863.86230
581.50000,9866.30273
582.00000,9869.66113
582.50000,9873.28906
583.00000,9876.24707
583.50000,9877.90527
584.00000,9879.10254
584.50000,9881.33008
585.00000,9885.21582
585.50000,9890.64941
586.00000,9895.96387
586.50000,9898.59961
587.00000,9896.39551
587.50000,9889.40332
588.00000,9878.36816
588.50000,9865.60645
589.00000,9853.39551
589.50000,9843.88086
590.00000,9840.59863
590.50000,9843.92773
591.00000,9854.76074
591.50000,9871.13379
592.00000,9889.64551
592.50000,9905.77539
593.00000,9915.19824
593.50000,9915.63184
594.00000,9909.88770
594.50000,9899.87012
595.00000,9888.89063
595.50000,9878.14551
596.00000,9867.26855
596.50000,9855.35352
597.00000,9842.85742
597.50000,9831.66309
598.00000,9824.34473
598.50000,9821.66504
599.00000,9823.62695
599.50000,9826.53320
600.00000,9827.00488
600.50000,9824.25195
601.00000,9818.90625
601.50000,9812.97754
602.00000,9807.92773
602.50000,9803.49414
603.00000,9797.89844
603.50000,9789.82129
604.00000,9780.35742
604.50000,9772.11523
605.00000,9767.64355
605.50000,9769.14746
606.00000,9774.43262
606.50000,9779.36426
607.00000,9780.46387
607.50000,9776.50586
608.00000,9768.29785
608.50000,9759.30566
609.00000,9753.95898
609.50000,9753.62695
610.00000,9759.58789
610.50000,9770.27637
611.00000,9784.62207
611.50000,9800.66016
612.00000,9815.94238
612.50000,9827.40137
613.00000,9833.24316
613.50000,9831.34570
614.00000,9823.29395
614.50000,9809.86328
615.00000,9794.57129
615.50000,9780.68555
616.00000,9770.57129
616.50000,9766.06738
617.00000,9768.01465
617.50000,9775.85547
618.00000,9788.67871
618.50000,9803.40234
619.00000,9816.64746
619.50000,9826.79395
620.00000,9833.13965
620.50000,9837.36133
621.00000,9841.12109
621.50000,9845.54004
622.00000,9850.22656
622.50000,9853.63281
623.00000,9854.91211
623.50000,9853.94043
624.00000,9852.15234
624.50000,9850.82422
625.00000,9850.29590
625.50000,9849.46289
626.00000,9846.75293
626.50000,9841.15820
627.00000,9832.75391
627.50000,9822.41504
628.00000,9810.48926
628.50000,9796.83301
629.00000,9780.03223
629.50000,9760.62305
630.00000,9739.74512
630.50000,9720.07227
631.00000,9704.46680
631.50000,9694.10254
632.00000,9687.99023
632.50000,9683.14063
633.00000,9677.16016
633.50000,9669.35742
634.00000,9661.30469
634.50000,9655.62109
635.00000,9653.74609
635.50000,9656.02344
636.00000,9659.75684
636.50000,9662.42969
637.00000,9662.71875
637.50000,9661.33594
638.00000,9660.50879
638.50000,9662.88086
639.00000,9671.20605
639.50000,9683.48535
640.00000,9697.76758
640.50000,9711.15039
641.00000,9721.66895
641.50000,9729.27832
642.00000,9735.49902
642.50000,9742.11914
643.00000,9749.19922
643.50000,9754.68848
644.00000,9756.27637
644.50000,9750.91797
645.00000,9739.87207
645.50000,9726.03125
646.00000,9714.90137
646.50000,9710.41895
647.00000,9713.64746
647.50000,9722.19043
648.00000,9732.89551
648.50000,9742.32617
649.00000,9747.98633
649.50000,9750.78613
650.00000,9750.93457
650.50000,9748.73730
651.00000,9743.40918
651.50000,9734.53027
652.00000,9722.74316
652.50000,9710.14551
653.00000,9699.85840
653.50000,9694.74219
654.00000,9694.41211
654.50000,9698.41309
655.00000,9703.84863
655.50000,9708.08398
656.00000,9709.07813
656.50000,9706.30371
657.00000,9700.66895
657.50000,9694.23145
658.00000,9689.40918
658.50000,9687.77832
659.00000,9690.98340
659.50000,9697.31152
660.00000,9704.16504
660.50000,9708.70215
661.00000,9708.90625
661.50000,9704.53223
662.00000,9696.74902
662.50000,9687.00293
663.00000,9676.98438
663.50000,9667.71484
664.00000,9659.50000
664.50000,9652.77246
665.00000,9647.09375
665.50000,9641.48047
666.00000,9634.20313
666.50000,9623.23242
667.00000,9608.27734
667.50000,9592.03223
668.00000,9578.57715
668.50000,9570.72656
669.00000,9570.94434
669.50000,9575.74121
670.00000,9580.37305
670.50000,9579.58496
671.00000,9571.25977
671.50000,9557.08398
672.00000,9540.93652
672.50000,9526.62988
673.00000,9516.12012
673.50000,9510.52832
674.00000,9508.01758
674.50000,9507.45508
675.00000,9507.47754
675.50000,9506.97852
676.00000,9504.88965
676.50000,9500.50684
677.00000,9494.18164
677.50000,9488.18750
678.00000,9485.87305
678.50000,9488.24023
679.00000,9495.41113
679.50000,9503.70313
680.00000,9508.95508
680.50000,9508.41113
681.00000,9500.86816
681.50000,9488.58887
682.00000,9475.12012
682.50000,9463.09668
683.00000,9453.81738
683.50000,9448.66895
684.00000,9447.13965
684.50000,9449.64551
685.00000,9454.28711
685.50000,9457.84473
686.00000,9456.95801
686.50000,9449.43750
687.00000,9435.51953
687.50000,9419.11621
688.00000,9405.57422
688.50000,9398.98926
689.00000,9401.30566
689.50000,9407.91699
690.00000,9414.49219
690.50000,9417.49609
691.00000,9415.69727
691.50000,9410.62988
692.00000,9405.23438
692.50000,9401.90723
693.00000,9400.55469
693.50000,9400.54199
694.00000,9400.85742
694.50000,9401.55762
695.00000,9403.09570
695.50000,9405.80469
696.00000,9408.72070
696.50000,9409.70898
697.00000,9406.92480
697.50000,9400.70801
698.00000,9392.84082
698.50000,9386.76074
699.00000,9386.53125
699.50000,9392.65527
700.00000,9404.53711
700.50000,9417.62988
701.00000,9427.81836
701.50000,9432.37305
702.00000,9430.96582
702.50000,9424.21680
703.00000,9414.88867
703.50000,9405.04004
704.00000,9396.56055
704.50000,9390.94727
705.00000,9388.65234
705.50000,9390.47461
706.00000,9396.18164
706.50000,9404.75879
707.00000,9414.50195
707.50000,9422.98633
708.00000,9427.77344
708.50000,9428.74219
709.00000,9425.35156
709.50000,9419.05957
710.00000,9410.38672
710.50000,9400.01172
711.00000,9387.95020
711.50000,9373.96289
712.00000,9358.33887
712.50000,9341.73438
713.00000,9325.57520
713.50000,9312.22559
714.00000,9303.11035
714.50000,9300.70605
715.00000,9304.64941
715.50000,9314.01758
716.00000,9325.06445
716.50000,9334.10352
717.00000,9338.41602
717.50000,9338.18652
718.00000,9334.97363
718.50000,9332.59668
719.00000,9335.24316
719.50000,9344.03223
720.00000,9358.02051
720.50000,9373.43555
721.00000,9386.18457
721.50000,9392.96191
722.00000,9392.84180
722.50000,9385.91211
723.00000,9375.63672
723.50000,9365.75879
724.00000,9359.32422
724.50000,9358.29297
725.00000,9361.40137
725.50000,9366.61133
726.00000,9371.37012
726.50000,9374.22461
727.00000,9375.45508
727.50000,9377.17578
728.00000,9381.63672
728.50000,9388.59473
729.00000,9396.88184
729.50000,9404.39648
730.00000,9409.94043
730.50000,9414.19141
731.00000,9418.75977
731.50000,9424.53223
732.00000,9429.75293
732.50000,9430.59180
733.00000,9425.21777
733.50000,9412.58887
734.00000,9397.38379
734.50000,9384.63867
735.00000,9377.36914
735.50000,9374.81055
736.00000,9371.15430
736.50000,9360.95703
737.00000,9342.43848
737.50000,9320.31934
738.00000,9302.20605
738.50000,9293.52734
739.00000,9298.20605
739.50000,9310.87695
740.00000,9324.25293
740.50000,9332.24902
741.00000,9333.17480
741.50000,9328.88184
742.00000,9322.99121
742.50000,9317.68750
743.00000,9313.10645
743.50000,9308.10352
744.00000,9301.96582
744.50000,9295.27441
745.00000,9289.30371
745.50000,9284.79102
746.00000,9281.45313
746.50000,9278.63770
747.00000,9276.41016
747.50000,9275.69141
748.00000,9278.60645
748.50000,9284.92773
749.00000,9292.92188
749.50000,9299.23438
750.00000,9300.64551
750.50000,9296.36914
751.00000,9287.48633
751.50000,9276.18066
752.00000,9264.60840
752.50000,9253.42383
753.00000,9242.08789
753.50000,9230.18555
754.00000,9218.34375
754.50000,9207.95410
755.00000,9199.98535
755.50000,9194.83398
756.00000,9191.79688
756.50000,9189.71875
757.00000,9187.96387
757.50000,9186.46387
758.00000,9185.47754
758.50000,9184.83496
759.00000,9184.30957
759.50000,9183.93457
760.00000,9184.62500
760.50000,9187.76367
761.00000,9194.62598
761.50000,9204.81641
762.00000,9215.66406
762.50000,9224.04297
763.00000,9228.65918
763.50000,9229.38379
764.00000,9229.45117
764.50000,9232.59082
765.00000,9240.94043
765.50000,9254.87305
766.00000,9271.71973
766.50000,9288.43066
767.00000,9303.30371
767.50000,9316.63672
768.00000,9329.32520
768.50000,9342.12012
769.00000,9354.02148
769.50000,9362.81445
770.00000,9364.65723
770.50000,9358.49316
771.00000,9345.57910
771.50000,9328.88477
772.00000,9312.48340
772.50000,9299.56348
773.00000,9290.36719
773.50000,9284.29004
774.00000,9278.79199
774.50000,9272.22266
775.00000,9264.78906
775.50000,9257.91113
776.00000,9253.00000
776.50000,9250.26074
777.00000,9248.75488
777.50000,9246.56348
778.00000,9241.63281
778.50000,9233.83203
779.00000,9222.96387
779.50000,9210.10352
780.00000,9195.29590
780.50000,9178.58594
781.00000,9160.73730
781.50000,9144.03027
782.00000,9131.71875
782.50000,9128.35645
783.00000,9133.76172
783.50000,9147.19043
784.00000,9161.78906
784.50000,9171.26563
785.00000,9173.04883
785.50000,9168.04883
786.00000,9160.57813
786.50000,9155.76953
787.00000,9157.30176
787.50000,9164.24316
788.00000,9174.58594
788.50000,9184.60547
789.00000,9193.23730
789.50000,9202.17285
790.00000,9214.29883
790.50000,9231.36035
791.00000,9252.82910
791.50000,9276.06836
792.00000,9297.19238
792.50000,9312.31250
793.00000,9321.23438
793.50000,9324.60840
794.00000,9325.78418
794.50000,9326.52734
795.00000,9327.39355
795.50000,9327.52051
796.00000,9325.43066
796.50000,9320.19727
797.00000,9311.21387
797.50000,9299.54785
798.00000,9285.58594
798.50000,9270.65918
799.00000,9255.70801
799.50000,9242.31250
800.00000,9233.03027
800.50000,9230.03418
801.00000,9234.14551
801.50000,9244.38965
802.00000,9256.46484
802.50000,9264.88770
803.00000,9266.59473
803.50000,9260.38672
804.00000,9250.41211
804.50000,9240.97559
805.00000,9235.26855
805.50000,9233.62793
806.00000,9233.21191
806.50000,9229.63184
807.00000,9218.73828
807.50000,9201.04980
808.00000,9179.61035
808.50000,9160.49805
809.00000,9149.34570
809.50000,9147.45801
810.00000,9154.18555
810.50000,9165.68848
811.00000,9177.44727
811.50000,9186.13184
812.00000,9191.10352
812.50000,9192.72559
813.00000,9193.23926
813.50000,9193.53125
814.00000,9193.84570
814.50000,9194.40625
815.00000,9196.17578
815.50000,9201.13867
816.00000,9211.42383
816.50000,9227.20898
817.00000,9247.14941
817.50000,9266.52441
818.00000,9279.07715
818.50000,9282.76465
819.00000,9275.58105
819.50000,9260.67969
820.00000,9241.54492
820.50000,9222.17285
821.00000,9205.48535
821.50000,9193.09277
822.00000,9184.26953
822.50000,9178.22754
823.00000,9172.92480
823.50000,9167.48047
824.00000,9162.13867
824.50000,9158.20215
825.00000,9156.98340
825.50000,9159.28906
826.00000,9164.96777
826.50000,9172.75293
827.00000,9181.90723
827.50000,9191.98340
828.00000,9203.76563
828.50000,9216.95801
829.00000,9230.39844
829.50000,9241.75391
830.00000,9248.22852
830.50000,9248.15820
831.00000,9241.50781
831.50000,9228.41016
832.00000,9210.62695
832.50000,9188.31055
833.00000,9163.64160
833.50000,9139.68945
834.00000,9120.45215
834.50000,9110.45410
835.00000,9110.76855
835.50000,9119.65723
836.00000,9133.21973
836.50000,9146.75879
837.00000,9157.45898
837.50000,9165.64453
838.00000,9172.26953
838.50000,9178.18164
839.00000,9181.60254
839.50000,9180.19824
840.00000,9171.93750
840.50000,9157.43945
841.00000,9139.98828
841.50000,9123.64648
842.00000,9111.36621
842.50000,9105.34766
843.00000,9103.59668
843.50000,9104.39941
844.00000,9105.00293
844.50000,9103.60254
845.00000,9099.80859
845.50000,9094.15527
846.00000,9087.69238
846.50000,9081.52930
847.00000,9076.14258
847.50000,9070.92285
848.00000,9064.59668
848.50000,9056.56738
849.00000,9047.19727
849.50000,9038.77344
850.00000,9034.32324
850.50000,9035.57129
851.00000,9041.81543
851.50000,9051.20020
852.00000,9060.82617
852.50000,9069.00098
853.00000,9076.09668
853.50000,9083.19922
854.00000,9091.04688
854.50000,9098.92480
855.00000,9104.81738
855.50000,9107.24219
856.00000,9107.16016
856.50000,9108.38770
857.00000,9116.67969
857.50000,9134.35254
858.00000,9163.75488
858.50000,9199.92578
859.00000,9237.90625
859.50000,9272.49414
860.00000,9300.69629
860.50000,9322.51758
861.00000,9340.21191
861.50000,9355.43066
862.00000,9369.08203
862.50000,9380.24512
863.00000,9388.83008
863.50000,9394.19922
864.00000,9396.77637
864.50000,9395.84961
865.00000,9390.31543
865.50000,9378.85938
866.00000,9360.81543
866.50000,9338.50586
867.00000,9315.18164
867.50000,9293.88281
868.00000,9275.53711
868.50000,9257.83594
869.00000,9237.91992
869.50000,9214.77832
870.00000,9190.11035
870.50000,9167.84766
871.00000,9151.39160
871.50000,9142.39063
872.00000,9137.49609
872.50000,9132.47852
873.00000,9124.10254
873.50000,9112.07715
874.00000,9099.43945
874.50000,9089.30566
875.00000,9082.69043
875.50000,9077.89160
876.00000,9071.63379
876.50000,9061.40039
877.00000,9045.76465
877.50000,9027.20703
878.00000,9008.49805
878.50000,8992.09863
879.00000,8978.85352
879.50000,8966.80762
880.00000,8953.09180
880.50000,8935.19629
881.00000,8912.70703
881.50000,8886.79492
882.00000,8861.09375
882.50000,8840.14063
883.00000,8825.49316
883.50000,8818.11719
884.00000,8814.69141
884.50000,8811.44141
885.00000,8805.45410
885.50000,8796.98730
886.00000,8789.12109
886.50000,8785.47559
887.00000,8789.42480
887.50000,8799.00293
888.00000,8811.08203
888.50000,8820.54492
889.00000,8823.05078
889.50000,8818.12793
890.00000,8808.13672
890.50000,8797.55762
891.00000,8790.83008
891.50000,8791.28809
892.00000,8797.01367
892.50000,8805.81152
893.00000,8814.18848
893.50000,8820.60645
894.00000,8826.15039
894.50000,8833.45020
895.00000,8844.81934
895.50000,8860.38379
896.00000,8877.90234
896.50000,8893.39258
897.00000,8902.82031
897.50000,8906.76660
898.00000,8907.45898
898.50000,8909.72266
899.00000,8916.69727
899.50000,8927.77051
900.00000,8939.61230
900.50000,8947.78809
901.00000,8949.53809
901.50000,8943.20898
902.00000,8931.35742
902.50000,8915.33301
903.00000,8897.62695
903.50000,8878.93652
904.00000,8859.72363
904.50000,8840.38477
905.00000,8821.54297
905.50000,8803.63184
906.00000,8786.77930
906.50000,8770.70605
907.00000,8755.84668
907.50000,8742.88477
908.00000,8733.81055
908.50000,8729.02930
909.00000,8728.36719
909.50000,8729.27344
910.00000,8728.25098
910.50000,8722.18457
911.00000,8710.59668
911.50000,8694.53711
912.00000,8678.05762
912.50000,8664.83691
913.00000,8655.97949
913.50000,8652.00000
914.00000,8651.28320
914.50000,8652.69434
915.00000,8655.54688
915.50000,8659.47949
916.00000,8664.00488
916.50000,8667.91699
917.00000,8669.32813
917.50000,8667.87695
918.00000,8663.91309
918.50000,8660.00098
919.00000,8658.82227
919.50000,8661.20117
920.00000,8666.08105
920.50000,8671.51855
921.00000,8676.25000
921.50000,8680.84375
922.00000,8687.03613
922.50000,8696.63770
923.00000,8708.22559
923.50000,8718.45313
924.00000,8723.69043
924.50000,8722.06934
925.00000,8715.82910
925.50000,8710.51758
926.00000,8712.38770
926.50000,8722.42871
927.00000,8739.59961
927.50000,8757.83398
928.00000,8772.03613
928.50000,8780.48340
929.00000,8783.61426
929.50000,8784.38379
930.00000,8785.56445
930.50000,8788.46875
931.00000,8792.53516
931.50000,8796.53223
932.00000,8799.64063
932.50000,8802.26660
933.00000,8806.38867
933.50000,8815.43945
934.00000,8831.19141
934.50000,8854.24609
935.00000,8882.74023
935.50000,8913.01758
936.00000,8941.92188
936.50000,8968.57715
937.00000,8994.53906
937.50000,9023.24023
938.00000,9058.49219
938.50000,9099.89453
939.00000,9144.45410
939.50000,9186.15332
940.00000,9218.54297
940.50000,9236.02344
941.00000,9237.78027
941.50000,9221.92871
942.00000,9193.76270
942.50000,9154.61035
943.00000,9110.25781
943.50000,9064.77539
944.00000,9021.79785
944.50000,8983.26465
945.00000,8949.13965
945.50000,8918.18457
946.00000,8890.58594
946.50000,8867.26660
947.00000,8852.57227
947.50000,8846.91406
948.00000,8851.04980
948.50000,8859.99023
949.00000,8868.11621
949.50000,8871.32617
950.00000,8869.69336
950.50000,8866.30176
951.00000,8864.96484
951.50000,8867.59375
952.00000,8871.71582
952.50000,8873.01953
953.00000,8868.72754
953.50000,8857.84082
954.00000,8843.51758
954.50000,8829.71875
955.00000,8818.88965
955.50000,8810.05957
956.00000,8799.54590
956.50000,8783.79590
957.00000,8759.33203
957.50000,8729.22070
958.00000,8697.87012
958.50000,8670.74707
959.00000,8652.01367
959.50000,8642.10059
960.00000,8638.35254
960.50000,8636.96875
961.00000,8634.11621
961.50000,8627.54199
962.00000,8618.43945
962.50000,8609.03516
963.00000,8601.92871
963.50000,8598.95801
964.00000,8599.63770
964.50000,8602.56543
965.00000,8606.29688
965.50000,8610.08789
966.00000,8613.80566
966.50000,8616.84961
967.00000,8616.55273
967.50000,8610.80859
968.00000,8597.05469
968.50000,8577.77246
969.00000,8558.27734
969.50000,8545.42090
970.00000,8543.55664
970.50000,8552.91504
971.00000,8566.73535
971.50000,8576.79297
972.00000,8578.20801
972.50000,8568.67676
973.00000,8553.63086
973.50000,8538.44531
974.00000,8526.52344
974.50000,8517.35840
975.00000,8507.71875
975.50000,8494.70996
976.00000,8477.68164
976.50000,8459.22070
977.00000,8441.84570
977.50000,8426.51953
978.00000,8413.49414
978.50000,8402.51758
979.00000,8394.70996
979.50000,8391.36230
980.00000,8392.14258
980.50000,8394.22168
981.00000,8392.69238
981.50000,8381.97656
982.00000,8363.20996
982.50000,8340.01953
983.00000,8320.06836
983.50000,8310.08789
984.00000,8310.89160
984.50000,8318.47363
985.00000,8326.21973
985.50000,8329.04980
986.00000,8325.52148
986.50000,8319.41992
987.00000,8315.07813
987.50000,8314.76953
988.00000,8318.63770
988.50000,8323.50781
989.00000,8325.75488
989.50000,8323.32031
990.00000,8317.23633
990.50000,8311.09668
991.00000,8309.43359
991.50000,8316.94238
992.00000,8331.63770
992.50000,8349.45605
993.00000,8363.17773
993.50000,8366.61523
994.00000,8359.81348
994.50000,8348.38770
995.00000,8341.03516
995.50000,8343.80469
996.00000,8358.00977
996.50000,8376.22852
997.00000,8390.35840
997.50000,8396.70020
998.00000,8395.79004
998.50000,8393.87207
999.00000,8396.90039
999.50000,8406.69727
1000.00000,8419.69336
1000.50000,8429.73438
1001.00000,8432.59668
1001.50000,8425.74023
1002.00000,8413.68066
1002.50000,8400.58105
1003.00000,8390.15820
1003.50000,8384.04883
1004.00000,8381.42871
1004.50000,8380.79883
1005.00000,8380.94336
1005.50000,8380.87891
1006.00000,8379.55078
1006.50000,8376.23438
1007.00000,8369.91602
1007.50000,8361.49219
1008.00000,8352.18262
1008.50000,8343.58301
1009.00000,8336.37305
1009.50000,8329.68945
1010.00000,8321.60059
1010.50000,8310.08301
1011.00000,8295.35840
1011.50000,8278.89551
1012.00000,8264.02930
1012.50000,8254.29688
1013.00000,8250.22559
1013.50000,8250.91211
1014.00000,8253.22168
1014.50000,8254.05469
1015.00000,8251.70020
1015.50000,8246.82227
1016.00000,8240.70898
1016.50000,8234.75977
1017.00000,8229.10156
1017.50000,8223.10938
1018.00000,8216.77832
1018.50000,8211.75195
1019.00000,8210.88574
1019.50000,8216.10059
1020.00000,8226.11914
1020.50000,8237.26563
1021.00000,8244.92578
1021.50000,8245.42676
1022.00000,8241.57227
1022.50000,8238.15527
1023.00000,8240.13086
1023.50000,8249.57227
1024.00000,8262.89355
1024.50000,8273.34473
1025.00000,8274.56250
1025.50000,8265.98633
1026.00000,8250.23730
1026.50000,8234.89551
1027.00000,8226.83105
1027.50000,8227.26855
1028.00000,8235.33398
1028.50000,8246.50879
1029.00000,8256.85449
1029.50000,8264.08691
1030.00000,8267.89844
1030.50000,8268.26074
1031.00000,8266.16016
1031.50000,8261.73828
1032.00000,8256.27637
1032.50000,8250.69629
1033.00000,8245.69824
1033.50000,8241.39258
1034.00000,8237.48047
1034.50000,8234.03125
1035.00000,8232.03418
1035.50000,8232.60352
1036.00000,8237.04102
1036.50000,8244.08301
1037.00000,8252.10352
1037.50000,8259.20215
1038.00000,8265.01758
1038.50000,8271.27637
1039.00000,8280.61523
1039.50000,8294.70898
1040.00000,8312.41992
1040.50000,8330.82031
1041.00000,8346.27441
1041.50000,8354.99805
1042.00000,8357.58203
1042.50000,8354.16016
1043.00000,8347.11230
1043.50000,8338.17773
1044.00000,8329.41797
1044.50000,8323.35254
1045.00000,8323.19727
1045.50000,8330.22754
1046.00000,8345.16797
1046.50000,8363.25195
1047.00000,8378.94824
1047.50000,8388.12988
1048.00000,8388.90625
1048.50000,8384.73633
1049.00000,8380.98633
1049.50000,8381.79688
1050.00000,8386.59961
1050.50000,8390.46094
1051.00000,8387.25391
1051.50000,8370.62207
1052.00000,8344.37109
1052.50000,8314.86328
1053.00000,8291.40918
1053.50000,8281.15723
1054.00000,8284.77930
1054.50000,8297.26367
1055.00000,8312.43066
1055.50000,8325.42969
1056.00000,8334.86621
1056.50000,8343.16016
1057.00000,8352.51953
1057.50000,8363.14844
1058.00000,8373.24023
1058.50000,8380.46484
1059.00000,8383.67285
1059.50000,8383.65820
1060.00000,8382.75684
1060.50000,8382.74902
1061.00000,8383.74609
1061.50000,8384.47852
1062.00000,8383.39551
1062.50000,8379.26758
1063.00000,8372.83789
1063.50000,8365.41113
1064.00000,8358.39746
1064.50000,8352.58691
1065.00000,8348.32324
1065.50000,8345.47656
1066.00000,8344.75098
1066.50000,8346.23242
1067.00000,8350.30664
1067.50000,8355.51465
1068.00000,8359.54102
1068.50000,8360.14648
1069.00000,8356.47363
1069.50000,8349.89844
1070.00000,8343.82715
1070.50000,8341.80664
1071.00000,8344.25098
1071.50000,8350.18848
1072.00000,8356.08594
1072.50000,8359.46875
1073.00000,8360.39160
1073.50000,8360.34668
1074.00000,8360.65234
1074.50000,8360.71484
1075.00000,8358.03613
1075.50000,8351.14063
1076.00000,8339.95117
1076.50000,8328.48340
1077.00000,8321.12695
1077.50000,8318.83789
1078.00000,8319.44336
1078.50000,8318.25684
1079.00000,8312.24902
1079.50000,8302.61328
1080.00000,8294.57715
1080.50000,8294.05273
1081.00000,8300.95313
1081.50000,8312.08789
1082.00000,8320.64355
1082.50000,8321.90723
1083.00000,8317.33691
1083.50000,8311.77441
1084.00000,8309.96094
1084.50000,8312.51367
1085.00000,8316.21582
1085.50000,8316.52539
1086.00000,8310.03418
1086.50000,8299.28320
1087.00000,8287.72852
1087.50000,8278.71875
1088.00000,8273.34570
1088.50000,8269.96973
1089.00000,8266.27637
1089.50000,8260.85742
1090.00000,8254.08594
1090.50000,8247.35449
1091.00000,8242.42383
1091.50000,8241.71191
1092.00000,8245.67773
1092.50000,8254.87305
1093.00000,8267.19922
1093.50000,8279.39453
1094.00000,8287.81348
1094.50000,8290.45313
1095.00000,8286.87891
1095.50000,8280.19727
1096.00000,8273.60352
1096.50000,8269.70020
1097.00000,8270.28223
1097.50000,8274.56543
1098.00000,8281.41113
1098.50000,8288.89844
1099.00000,8295.22949
1099.50000,8299.24121
1100.00000,8301.35156
1100.50000,8302.81543
1101.00000,8305.35449
1101.50000,8310.02539
1102.00000,8315.74316
1102.50000,8320.66992
1103.00000,8323.45508
1103.50000,8324.07910
1104.00000,8323.78516
1104.50000,8323.76758
1105.00000,8323.89160
1105.50000,8322.94824
1106.00000,8319.40820
1106.50000,8314.17188
1107.00000,8309.36328
1107.50000,8307.42871
1108.00000,8309.89453
1108.50000,8315.91016
1109.00000,8323.29492
1109.50000,8330.03027
1110.00000,8335.32031
1110.50000,8339.38574
1111.00000,8343.48340
1111.50000,8348.89160
1112.00000,8355.96680
1112.50000,8364.46680
1113.00000,8372.86621
1113.50000,8378.99902
1114.00000,8381.08984
1114.50000,8379.38281
1115.00000,8375.67188
1115.50000,8373.12891
1116.00000,8374.58203
1116.50000,8379.23633
1117.00000,8385.04004
1117.50000,8388.94238
1118.00000,8388.89063
1118.50000,8385.09766
1119.00000,8379.34863
1119.50000,8373.68066
1120.00000,8369.57227
1120.50000,8367.95898
1121.00000,8367.91406
1121.50000,8367.69434
1122.00000,8364.84473
1122.50000,8356.98535
1123.00000,8344.98438
1123.50000,8333.09473
1124.00000,8327.97656
1124.50000,8334.15918
1125.00000,8353.27637
1125.50000,8378.11230
1126.00000,8399.70898
1126.50000,8412.12402
1127.00000,8413.04492
1127.50000,8408.33398
1128.00000,8404.97949
1128.50000,8407.66016
1129.00000,8416.37402
1129.50000,8428.43945
1130.00000,8440.48340
1130.50000,8451.31641
1131.00000,8461.70410
1131.50000,8471.98730
1132.00000,8481.17090
1132.50000,8487.01367
1133.00000,8488.61426
1133.50000,8486.92578
1134.00000,8484.20410
1134.50000,8482.16797
1135.00000,8480.48438
1135.50000,8477.50293
1136.00000,8471.88574
1136.50000,8465.44922
1137.00000,8461.62012
1137.50000,8462.55469
1138.00000,8467.68555
1138.50000,8473.03809
1139.00000,8474.31250
1139.50000,8469.77246
1140.00000,8462.82813
1140.50000,8458.89160
1141.00000,8460.82715
1141.50000,8468.82129
1142.00000,8477.89355
1142.50000,8483.18750
1143.00000,8483.25977
1143.50000,8480.59473
1144.00000,8479.71484
1144.50000,8483.45020
1145.00000,8491.58105
1145.50000,8499.45898
1146.00000,8500.88477
1146.50000,8493.84375
1147.00000,8478.11719
1147.50000,8459.11328
1148.00000,8443.44434
1148.50000,8436.30566
1149.00000,8438.58398
1149.50000,8447.84180
1150.00000,8457.94629
1150.50000,8463.79590
1151.00000,8465.16895
1151.50000,8464.59375
1152.00000,8466.37988
1152.50000,8472.52148
1153.00000,8480.20117
1153.50000,8483.78320
1154.00000,8478.59375
1154.50000,8466.02344
1155.00000,8451.78516
1155.50000,8443.65918
1156.00000,8448.37695
1156.50000,8462.47070
1157.00000,8479.89355
1157.50000,8492.99902
1158.00000,8498.19336
1158.50000,8498.34570
1159.00000,8500.57813
1159.50000,8511.84961
1160.00000,8532.29980
1160.50000,8558.04883
1161.00000,8579.87793
1161.50000,8588.33398
1162.00000,8581.96680
1162.50000,8562.78711
1163.00000,8538.69922
1163.50000,8518.05762
1164.00000,8506.76660
1164.50000,8505.16406
1165.00000,8512.18652
1165.50000,8522.70605
1166.00000,8533.16992
1166.50000,8540.94434
1167.00000,8543.90918
1167.50000,8541.79492
1168.00000,8534.84766
1168.50000,8524.53906
1169.00000,8513.17969
1169.50000,8502.51758
1170.00000,8492.82129
1170.50000,8483.00000
1171.00000,8471.81836
1171.50000,8459.39160
1172.00000,8448.40527
1172.50000,8443.17090
1173.00000,8446.18164
1173.50000,8456.30859
1174.00000,8468.88574
1174.50000,8477.66504
1175.00000,8477.67969
1175.50000,8471.06348
1176.00000,8462.05664
1176.50000,8456.30566
1177.00000,8456.53516
1177.50000,8459.94434
1178.00000,8461.30566
1178.50000,8456.61914
1179.00000,8446.74121
1179.50000,8436.46973
1180.00000,8431.69043
1180.50000,8437.76563
1181.00000,8451.60352
1181.50000,8469.18164
1182.00000,8484.87891
1182.50000,8495.64551
1183.00000,8502.20703
1183.50000,8507.20508
1184.00000,8512.76367
1184.50000,8519.10938
1185.00000,8524.75000
1185.50000,8528.05664
1186.00000,8527.21582
1186.50000,8522.61523
1187.00000,8514.27539
1187.50000,8503.43164
1188.00000,8491.79980
1188.50000,8481.83105
1189.00000,8475.73340
1189.50000,8475.08301
1190.00000,8477.95508
1190.50000,8481.51367
1191.00000,8482.58398
1191.50000,8479.34668
1192.00000,8473.33887
1192.50000,8467.06348
1193.00000,8462.72656
1193.50000,8460.97461
1194.00000,8461.32422
1194.50000,8462.43555
1195.00000,8462.93848
1195.50000,8461.22852
1196.00000,8454.05273
1196.50000,8440.32813
1197.00000,8420.09863
1197.50000,8398.16406
1198.00000,8381.48633
1198.50000,8375.70898
1199.00000,8380.39355
1199.50000,8391.34668
1200.00000,8401.11816
1200.50000,8404.77441
1201.00000,8404.32715
1201.50000,8403.77344
1202.00000,8406.28223
1202.50000,8411.20020
1203.00000,8414.54102
1203.50000,8412.87988
1204.00000,8405.93555
1204.50000,8397.75000
1205.00000,8393.06152
1205.50000,8393.35156
1206.00000,8398.72363
1206.50000,8406.64551
1207.00000,8416.31250
1207.50000,8427.72949
1208.00000,8440.86230
1208.50000,8454.29395
1209.00000,8465.65430
1209.50000,8472.82031
1210.00000,8476.75391
1210.50000,8479.06445
1211.00000,8481.73145
1211.50000,8484.74414
1212.00000,8486.67285
1212.50000,8486.33594
1213.00000,8484.55859
1213.50000,8483.82324
1214.00000,8486.45703
1214.50000,8491.76758
1215.00000,8496.35742
1215.50000,8495.83105
1216.00000,8485.34277
1216.50000,8466.13184
1217.00000,8441.28516
1217.50000,8416.85645
1218.00000,8398.30371
1218.50000,8388.43457
1219.00000,8385.68066
1219.50000,8387.86035
1220.00000,8391.62402
1220.50000,8396.45996
1221.00000,8403.04883
1221.50000,8412.57031
1222.00000,8423.64941
1222.50000,8432.61914
1223.00000,8435.21191
1223.50000,8429.56152
1224.00000,8416.52441
1224.50000,8401.16992
1225.00000,8388.44531
1225.50000,8380.44531
1226.00000,8377.89160
1226.50000,8378.44727
1227.00000,8380.73828
1227.50000,8384.08594
1228.00000,8388.62793
1228.50000,8394.56250
1229.00000,8401.46094
1229.50000,8408.71289
1230.00000,8415.54590
1230.50000,8421.06836
1231.00000,8424.97656
1231.50000,8426.79785
1232.00000,8426.88867
1232.50000,8425.44336
1233.00000,8422.07715
1233.50000,8415.49707
1234.00000,8403.47363
1234.50000,8386.27539
1235.00000,8365.42676
1235.50000,8345.74121
1236.00000,8331.96094
1236.50000,8324.58301
1237.00000,8321.79297
1237.50000,8319.98340
1238.00000,8317.63965
1238.50000,8316.58887
1239.00000,8319.54102
1239.50000,8327.85254
1240.00000,8337.91406
1240.50000,8344.82031
1241.00000,8346.76367
1241.50000,8345.36816
1242.00000,8345.52148
1242.50000,8350.52832
1243.00000,8358.91113
1243.50000,8365.20508
1244.00000,8363.64063
1244.50000,8354.29883
1245.00000,8340.03711
1245.50000,8327.08105
1246.00000,8319.14355
1246.50000,8315.01074
1247.00000,8311.99805
1247.50000,8308.39160
1248.00000,8305.49902
1248.50000,8306.49023
1249.00000,8312.45020
1249.50000,8321.74121
1250.00000,8329.27051
1250.50000,8330.07129
1251.00000,8325.14063
1251.50000,8318.67480
1252.00000,8316.56836
1252.50000,8321.80371
1253.00000,8331.85547
1253.50000,8340.44629
1254.00000,8342.13867
1254.50000,8337.95898
1255.00000,8332.73926
1255.50000,8332.12305
1256.00000,8337.91699
1256.50000,8345.10059
1257.00000,8347.17969
1257.50000,8341.70313
1258.00000,8332.53320
1258.50000,8327.12012
1259.00000,8330.02148
1259.50000,8341.13672
1260.00000,8352.83105
1260.50000,8357.19727
1261.00000,8352.83789
1261.50000,8342.22559
1262.00000,8331.67578
1262.50000,8325.93848
1263.00000,8326.41895
1263.50000,8331.55176
1264.00000,8340.00488
1264.50000,8349.76270
1265.00000,8358.55371
1265.50000,8363.67188
1266.00000,8361.82422
1266.50000,8354.23047
1267.00000,8345.25000
1267.50000,8341.31445
1268.00000,8346.55371
1268.50000,8360.72949
1269.00000,8377.85059
1269.50000,8392.03418
1270.00000,8402.03027
1270.50000,8410.74219
1271.00000,8423.57813
1271.50000,8444.64355
1272.00000,8472.20117
1272.50000,8500.76953
1273.00000,8523.83691
1273.50000,8538.21191
1274.00000,8543.57129
1274.50000,8544.62109
1275.00000,8544.07227
1275.50000,8542.55957
1276.00000,8537.28125
1276.50000,8526.82813
1277.00000,8513.35449
1277.50000,8504.03223
1278.00000,8506.89941
1278.50000,8526.39746
1279.00000,8555.78125
1279.50000,8583.54199
1280.00000,8599.32227
1280.50000,8596.98828
1281.00000,8584.60742
1281.50000,8572.29199
1282.00000,8567.30957
1282.50000,8569.14844
1283.00000,8571.75000
1283.50000,8569.50586
1284.00000,8560.94336
1284.50000,8550.26855
1285.00000,8541.06055
1285.50000,8532.96094
1286.00000,8522.07129
1286.50000,8505.43848
1287.00000,8483.84180
1287.50000,8463.12012
1288.00000,8450.14746
1288.50000,8449.03906
1289.00000,8455.70508
1289.50000,8462.92480
1290.00000,8463.09277
1290.50000,8450.70117
1291.00000,8429.33984
1291.50000,8404.88379
1292.00000,8384.45117
1292.50000,8372.25781
1293.00000,8368.35938
1293.50000,8368.63770
1294.00000,8369.78613
1294.50000,8370.48730
1295.00000,8372.05957
1295.50000,8375.68164
1296.00000,8380.59277
1296.50000,8383.06250
1297.00000,8378.37988
1297.50000,8364.86719
1298.00000,8346.00293
1298.50000,8328.75195
1299.00000,8319.64746
1299.50000,8324.04980
1300.00000,8337.60742
1300.50000,8355.28613
1301.00000,8370.36621
1301.50000,8378.83301
1302.00000,8381.03027
1302.50000,8379.17578
1303.00000,8375.10938
1303.50000,8369.51367
1304.00000,8361.77539
1304.50000,8352.71680
1305.00000,8344.45117
1305.50000,8339.02734
1306.00000,8337.04199
1306.50000,8335.50586
1307.00000,8330.14355
1307.50000,8318.79102
1308.00000,8303.87012
1308.50000,8290.83984
1309.00000,8283.80957
1309.50000,8283.79395
1310.00000,8284.79883
1310.50000,8280.20313
1311.00000,8268.29980
1311.50000,8251.90430
1312.00000,8237.37402
1312.50000,8229.12305
1313.00000,8227.06445
1313.50000,8226.93359
1314.00000,8225.53223
1314.50000,8223.44629
1315.00000,8224.23730
1315.50000,8229.80762
1316.00000,8239.62793
1316.50000,8249.15820
1317.00000,8253.23145
1317.50000,8248.92188
1318.00000,8237.19824
1318.50000,8220.83301
1319.00000,8204.70215
1319.50000,8193.71387
1320.00000,8189.30713
1320.50000,8192.23535
1321.00000,8198.50293
1321.50000,8203.53613
1322.00000,8204.21973
1322.50000,8201.14160
1323.00000,8198.32910
1323.50000,8199.92188
1324.00000,8207.58496
1324.50000,8217.28223
1325.00000,8223.63086
1325.50000,8224.25000
1326.00000,8219.82422
1326.50000,8214.85742
1327.00000,8213.08887
1327.50000,8214.85547
1328.00000,8217.05176
1328.50000,8215.97363
1329.00000,8211.03223
1329.50000,8203.99219
1330.00000,8198.70703
1330.50000,8198.04395
1331.00000,8201.29199
1331.50000,8206.65918
1332.00000,8212.22949
1332.50000,8217.47363
1333.00000,8222.59375
1333.50000,8227.31836
1334.00000,8230.28320
1334.50000,8230.92383
1335.00000,8229.49609
1335.50000,8228.17383
1336.00000,8228.48242
1336.50000,8229.46875
1337.00000,8228.11914
1337.50000,8221.97266
1338.00000,8212.40430
1338.50000,8204.26758
1339.00000,8202.19141
1339.50000,8208.66211
1340.00000,8217.55176
1340.50000,8221.14941
1341.00000,8216.26563
1341.50000,8205.25488
1342.00000,8195.26758
1342.50000,8191.85596
1343.00000,8195.21973
1343.50000,8199.55566
1344.00000,8198.58398
1344.50000,8191.69873
1345.00000,8181.75244
1345.50000,8174.01025
1346.00000,8171.21338
1346.50000,8171.69092
1347.00000,8172.58301
1347.50000,8172.66846
1348.00000,8173.17529
1348.50000,8175.60547
1349.00000,8178.63916
1349.50000,8178.28369
1350.00000,8172.36133
1350.50000,8160.57813
1351.00000,8147.19287
1351.50000,8136.23145
1352.00000,8128.54443
1352.50000,8121.47070
1353.00000,8111.86230
1353.50000,8100.10254
1354.00000,8090.66846
1354.50000,8087.98779
1355.00000,8094.66260
1355.50000,8104.91016
1356.00000,8110.46094
1356.50000,8106.42188
1357.00000,8094.04688
1357.50000,8079.74561
1358.00000,8070.10645
1358.50000,8067.91602
1359.00000,8069.17920
1359.50000,8068.89502
1360.00000,8064.82617
1360.50000,8057.93750
1361.00000,8051.64014
1361.50000,8047.85889
1362.00000,8045.70898
1362.50000,8043.30273
1363.00000,8040.63916
1363.50000,8040.33057
1364.00000,8046.26465
1364.50000,8057.35889
1365.00000,8069.67383
1365.50000,8077.02490
1366.00000,8074.50000
1366.50000,8063.14746
1367.00000,8047.57031
1367.50000,8033.01904
1368.00000,8021.93457
1368.50000,8013.49805
1369.00000,8004.47363
1369.50000,7992.42627
1370.00000,7978.47363
1370.50000,7965.51563
1371.00000,7956.18164
1371.50000,7951.47070
1372.00000,7950.06201
1372.50000,7949.71289
1373.00000,7948.85010
1373.50000,7946.87451
1374.00000,7942.89697
1374.50000,7936.05322
1375.00000,7923.67432
1375.50000,7905.51367
1376.00000,7882.58887
1376.50000,7859.16357
1377.00000,7840.29834
1377.50000,7829.38721
1378.00000,7824.78857
1378.50000,7823.19580
1379.00000,7820.09229
1379.50000,7812.25732
1380.00000,7800.28125
1380.50000,7784.95752
1381.00000,7768.08887
1381.50000,7750.91406
1382.00000,7734.70801
1382.50000,7721.06348
1383.00000,7712.27686
1383.50000,7709.05371
1384.00000,7712.86279
1384.50000,7720.88184
1385.00000,7730.63281
1385.50000,7738.67041
1386.00000,7742.39453
1386.50000,7742.19336
1387.00000,7741.47168
1387.50000,7745.38818
1388.00000,7756.73096
1388.50000,7774.81885
1389.00000,7792.33594
1389.50000,7799.56982
1390.00000,7793.91846
1390.50000,7777.07129
1391.00000,7759.33057
1391.50000,7749.81201
1392.00000,7751.45166
1392.50000,7759.67139
1393.00000,7767.35547
1393.50000,7769.58447
1394.00000,7764.78271
1394.50000,7757.25146
1395.00000,7750.49609
1395.50000,7746.13867
1396.00000,7744.04785
1396.50000,7743.12549
1397.00000,7742.71826
1397.50000,7742.60205
1398.00000,7742.35889
1398.50000,7741.13770
1399.00000,7738.49951
1399.50000,7734.13867
1400.00000,7729.00195
1400.50000,7724.24365
1401.00000,7720.96777
1401.50000,7719.83350
1402.00000,7720.31982
1402.50000,7720.44824
1403.00000,7717.11230
1403.50000,7708.98975
1404.00000,7695.70361
1404.50000,7681.05713
1405.00000,7669.25293
1405.50000,7662.80908
1406.00000,7662.70898
1406.50000,7667.25000
1407.00000,7673.96191
1407.50000,7680.57129
1408.00000,7685.11230
1408.50000,7685.21094
1409.00000,7680.59912
1409.50000,7671.46240
1410.00000,7661.07471
1410.50000,7652.43213
1411.00000,7646.79736
1411.50000,7643.30811
1412.00000,7639.71582
1412.50000,7634.25439
1413.00000,7626.35156
1413.50000,7617.03467
1414.00000,7606.89893
1414.50000,7596.57861
1415.00000,7587.03223
1415.50000,7579.89404
1416.00000,7577.57568
1416.50000,7580.96631
1417.00000,7588.65088
1417.50000,7597.28564
1418.00000,7602.71289
1418.50000,7600.71387
1419.00000,7591.63379
1419.50000,7576.24951
1420.00000,7559.51123
1420.50000,7546.68066
1421.00000,7540.77588
1421.50000,7541.52686
1422.00000,7545.49365
1422.50000,7548.14160
1423.00000,7546.52490
1423.50000,7541.48486
1424.00000,7534.37305
1424.50000,7526.68311
1425.00000,7517.74170
1425.50000,7506.90771
1426.00000,7495.04492
1426.50000,7485.27441
1427.00000,7480.42578
1427.50000,7481.18359
1428.00000,7484.60303
1428.50000,7487.70557
1429.00000,7489.25928
1429.50000,7489.96680
1430.00000,7491.14014
1430.50000,7492.47266
1431.00000,7492.21826
1431.50000,7489.01416
1432.00000,7483.83008
1432.50000,7479.43896
1433.00000,7477.70361
1433.50000,7477.24121
1434.00000,7474.64600
1434.50000,7468.02734
1435.00000,7457.88232
1435.50000,7448.67578
1436.00000,7445.56201
1436.50000,7450.55518
1437.00000,7460.89551
1437.50000,7470.51465
1438.00000,7474.31592
1438.50000,7469.61523
1439.00000,7460.87988
1439.50000,7454.08545
1440.00000,7454.10889
1440.50000,7463.70801
1441.00000,7480.50000
1441.50000,7500.27295
1442.00000,7518.52783
1442.50000,7531.80127
1443.00000,7536.95850
1443.50000,7534.56738
1444.00000,7525.05615
1444.50000,7514.31201
1445.00000,7509.39355
1445.50000,7514.56494
1446.00000,7529.90723
1446.50000,7548.92383
1447.00000,7562.40918
1447.50000,7562.56299
1448.00000,7550.77441
1448.50000,7531.05713
1449.00000,7511.55322
1449.50000,7498.59668
1450.00000,7494.29541
1450.50000,7500.20605
1451.00000,7514.34033
1451.50000,7532.89844
1452.00000,7550.44043
1452.50000,7561.86475
1453.00000,7564.04883
1453.50000,7560.47314
1454.00000,7554.65918
1454.50000,7549.93750
1455.00000,7546.70947
1455.50000,7543.54443
1456.00000,7540.01172
1456.50000,7537.83740
1457.00000,7539.41113
1457.50000,7545.68066
1458.00000,7553.47021
1458.50000,7558.66943
1459.00000,7560.45801
1459.50000,7561.42920
1460.00000,7566.53271
1460.50000,7579.64209
1461.00000,7599.09912
1461.50000,7619.05566
1462.00000,7632.46436
1462.50000,7635.85693
1463.00000,7629.48779
1463.50000,7619.59912
1464.00000,7611.33447
1464.50000,7607.32520
1465.00000,7608.55371
1465.50000,7613.76709
1466.00000,7622.89160
1466.50000,7636.97119
1467.00000,7656.99609
1467.50000,7683.11719
1468.00000,7710.85645
1468.50000,7733.79248
1469.00000,7747.91260
1469.50000,7749.94580
1470.00000,7744.14502
1470.50000,7735.72852
1471.00000,7729.56934
1471.50000,7726.82715
1472.00000,7724.68799
1472.50000,7718.71338
1473.00000,7705.22021
1473.50000,7685.44775
1474.00000,7660.45703
1474.50000,7633.61914
1475.00000,7607.36182
1475.50000,7584.04297
1476.00000,7566.08984
1476.50000,7554.49072
1477.00000,7546.95361
1477.50000,7539.02588
1478.00000,7527.26123
1478.50000,7511.12744
1479.00000,7495.59619
1479.50000,7486.87061
1480.00000,7486.27686
1480.50000,7490.87744
1481.00000,7493.93701
1481.50000,7490.39990
1482.00000,7480.74414
1482.50000,7470.13623
1483.00000,7463.56689
1483.50000,7461.91260
1484.00000,7464.73877
1484.50000,7469.64209
1485.00000,7476.06396
1485.50000,7483.30713
1486.00000,7489.06348
1486.50000,7489.71240
1487.00000,7483.65283
1487.50000,7472.48291
1488.00000,7462.22656
1488.50000,7459.50439
1489.00000,7464.07764
1489.50000,7472.33740
1490.00000,7477.37109
1490.50000,7474.31104
1491.00000,7465.03223
1491.50000,7454.77783
1492.00000,7448.17578
1492.50000,7445.91699
1493.00000,7446.29150
1493.50000,7446.13330
1494.00000,7444.08594
1494.50000,7441.38916
1495.00000,7439.88330
1495.50000,7439.90723
1496.00000,7440.00977
1496.50000,7437.95020
1497.00000,7432.65479
1497.50000,7424.70898
1498.00000,7417.15039
1498.50000,7414.35352
1499.00000,7418.11963
1499.50000,7429.87354
1500.00000,7446.35938
1500.50000,7464.22949
1501.00000,7480.47705
1501.50000,7493.94385
1502.00000,7505.23438
1502.50000,7516.27344
1503.00000,7528.55176
1503.50000,7541.82813
1504.00000,7554.38330
1504.50000,7564.50391
1505.00000,7571.43652
1505.50000,7577.28516
1506.00000,7586.09619
1506.50000,7601.99316
1507.00000,7625.71680
1507.50000,7655.11719
1508.00000,7683.73242
1508.50000,7705.23096
1509.00000,7719.46875
1509.50000,7727.92822
1510.00000,7734.85693
1510.50000,7742.38232
1511.00000,7750.06006
1511.50000,7756.30713
1512.00000,7760.27734
1512.50000,7762.97217
1513.00000,7764.61865
1513.50000,7764.33740
1514.00000,7759.62061
1514.50000,7750.67383
1515.00000,7739.35498
1515.50000,7728.87939
1516.00000,7720.36865
1516.50000,7711.30713
1517.00000,7698.34375
1517.50000,7680.16553
1518.00000,7660.47217
1518.50000,7644.50830
1519.00000,7634.13379
1519.50000,7628.51660
1520.00000,7623.45654
1520.50000,7616.47217
1521.00000,7608.81055
1521.50000,7603.56641
1522.00000,7602.91504
1522.50000,7605.27148
1523.00000,7607.36865
1523.50000,7606.28906
1524.00000,7600.69873
1524.50000,7593.31055
1525.00000,7587.82178
1525.50000,7586.50586
1526.00000,7589.09912
1526.50000,7592.71729
1527.00000,7593.51123
1527.50000,7588.54688
1528.00000,7579.41895
1528.50000,7569.35889
1529.00000,7561.74951
1529.50000,7557.66016
1530.00000,7555.22705
1530.50000,7552.66895
1531.00000,7549.93701
1531.50000,7548.73877
1532.00000,7551.03955
1532.50000,7556.11621
1533.00000,7561.54541
1533.50000,7564.58789
1534.00000,7562.85205
1534.50000,7556.57227
1535.00000,7546.02148
1535.50000,7532.92041
1536.00000,7519.76514
1536.50000,7509.28906
1537.00000,7502.23145
1537.50000,7497.46973
1538.00000,7491.91211
1538.50000,7483.20459
1539.00000,7472.63574
1539.50000,7463.19531
1540.00000,7457.14014
1540.50000,7453.55029
1541.00000,7448.99219
1541.50000,7440.92822
1542.00000,7429.43408
1542.50000,7417.53613
1543.00000,7407.92432
1543.50000,7400.17773
1544.00000,7392.23047
1544.50000,7382.86426
1545.00000,7373.56689
1545.50000,7367.28857
1546.00000,7365.43799
1546.50000,7365.91455
1547.00000,7363.77686
1547.50000,7353.94775
1548.00000,7338.03760
1548.50000,7320.98438
1549.00000,7308.77051
1549.50000,7305.15088
1550.00000,7307.93896
1550.50000,7313.14941
1551.00000,7317.56299
1551.50000,7320.76416
1552.00000,7323.63232
1552.50000,7325.62354
1553.00000,7323.07324
1553.50000,7314.22021
1554.00000,7298.95752
1554.50000,7282.85547
1555.00000,7272.41650
1555.50000,7269.50342
1556.00000,7270.19580
1556.50000,7268.53271
1557.00000,7261.39697
1557.50000,7249.31006
1558.00000,7236.71973
1558.50000,7226.48486
1559.00000,7217.64209
1559.50000,7207.96338
1560.00000,7197.33154
1560.50000,7188.77588
1561.00000,7186.49414
1561.50000,7192.05469
1562.00000,7204.17090
1562.50000,7216.98145
1563.00000,7223.91846
1563.50000,7222.73389
1564.00000,7211.41895
1564.50000,7193.12842
1565.00000,7171.40039
1565.50000,7150.68262
1566.00000,7134.55078
1566.50000,7124.15674
1567.00000,7117.40234
1567.50000,7111.87451
1568.00000,7105.06787
1568.50000,7095.34033
1569.00000,7083.12842
1569.50000,7069.10107
1570.00000,7054.86475
1570.50000,7041.83545
1571.00000,7030.58105
1571.50000,7020.18018
1572.00000,7008.70508
1572.50000,6994.98193
1573.00000,6979.75439
1573.50000,6967.25928
1574.00000,6963.29248
1574.50000,6969.11133
1575.00000,6982.63135
1575.50000,6996.96045
1576.00000,7004.58154
1576.50000,7000.33252
1577.00000,6986.76758
1577.50000,6968.91748
1578.00000,6953.11865
1578.50000,6943.40088
1579.00000,6938.53467
1579.50000,6935.68018
1580.00000,6930.73926
1580.50000,6921.12305
1581.00000,6907.28711
1581.50000,6892.50537
1582.00000,6880.95166
1582.50000,6874.17871
1583.00000,6870.80176
1583.50000,6864.20410
1584.00000,6847.16211
1584.50000,6820.40283
1585.00000,6790.73535
1585.50000,6768.75586
1586.00000,6760.68555
1586.50000,6764.20508
1587.00000,6766.79639
1587.50000,6755.91406
1588.00000,6732.96533
1588.50000,6706.40918
1589.00000,6688.38184
1589.50000,6685.38721
1590.00000,6691.67188
1590.50000,6695.75293
1591.00000,6689.49561
1591.50000,6674.13477
1592.00000,6655.23779
1592.50000,6639.30371
1593.00000,6630.26074
1593.50000,6626.68408
1594.00000,6627.86475
1594.50000,6631.56787
1595.00000,6635.43262
1595.50000,6636.30078
1596.00000,6632.05273
1596.50000,6622.93652
1597.00000,6612.93457
1597.50000,6606.44727
1598.00000,6604.01367
1598.50000,6604.42969
1599.00000,6604.84570
1599.50000,6603.92627
1600.00000,6602.05566
1600.50000,6599.95410
1601.00000,6597.51123
1601.50000,6594.07813
1602.00000,6589.08643
1602.50000,6583.02686
1603.00000,6576.19775
1603.50000,6568.73682
1604.00000,6559.82373
1604.50000,6548.77100
1605.00000,6534.69873
1605.50000,6517.26270
1606.00000,6496.97803
1606.50000,6475.12061
1607.00000,6454.22412
1607.50000,6437.25146
1608.00000,6424.72656
1608.50000,6417.48340
1609.00000,6413.98633
1609.50000,6413.09033
1610.00000,6412.48926
1610.50000,6409.09424
1611.00000,6400.44824
1611.50000,6387.37207
1612.00000,6373.50488
1612.50000,6364.04150
1613.00000,6363.66211
1613.50000,6369.11182
1614.00000,6373.80029
1614.50000,6371.57275
1615.00000,6359.85010
1615.50000,6341.30469
1616.00000,6321.35107
1616.50000,6304.54541
1617.00000,6291.91406
1617.50000,6283.36816
1618.00000,6277.13477
1618.50000,6272.86572
1619.00000,6269.43359
1619.50000,6264.72705
1620.00000,6255.74121
1620.50000,6240.69141
1621.00000,6220.38672
1621.50000,6199.37158
1622.00000,6183.42041
1622.50000,6174.59473
1623.00000,6172.51758
1623.50000,6170.93018
1624.00000,6165.97314
1624.50000,6158.39355
1625.00000,6152.23242
1625.50000,6151.08643
1626.00000,6153.95703
1626.50000,6155.11963
1627.00000,6149.57520
1627.50000,6134.24316
1628.00000,6114.03125
1628.50000,6094.54639
1629.00000,6080.90723
1629.50000,6075.67432
1630.00000,6077.19531
1630.50000,6082.10254
1631.00000,6086.35400
1631.50000,6086.76660
1632.00000,6081.31445
1632.50000,6072.26904
1633.00000,6061.43164
1633.50000,6049.36279
1634.00000,6033.42676
1634.50000,6011.25732
1635.00000,5982.57617
1635.50000,5951.91846
1636.00000,5926.14893
1636.50000,5911.21338
1637.00000,5906.54346
1637.50000,5910.58984
1638.00000,5916.19385
1638.50000,5916.83740
1639.00000,5909.69092
1639.50000,5894.37500
1640.00000,5874.65430
1640.50000,5855.59131
1641.00000,5841.12451
1641.50000,5831.40576
1642.00000,5825.00244
1642.50000,5819.77783
1643.00000,5815.52832
1643.50000,5811.94092
1644.00000,5807.51074
1644.50000,5799.79688
1645.00000,5787.85498
1645.50000,5773.76172
1646.00000,5761.54980
1646.50000,5754.58008
1647.00000,5751.97705
1647.50000,5751.21143
1648.00000,5749.31787
1648.50000,5745.54150
1649.00000,5740.87256
1649.50000,5736.00586
1650.00000,5730.93701
1650.50000,5725.54590
1651.00000,5720.33887
1651.50000,5716.05469
1652.00000,5713.20703
1652.50000,5711.07275
1653.00000,5708.42822
1653.50000,5703.97705
1654.00000,5696.20654
1654.50000,5684.82471
1655.00000,5670.90576
1655.50000,5657.49658
1656.00000,5648.47021
1656.50000,5645.95801
1657.00000,5647.15234
1657.50000,5648.14355
1658.00000,5645.71143
1658.50000,5638.12451
1659.00000,5626.30225
1659.50000,5610.51465
1660.00000,5590.98633
1660.50000,5569.35010
1661.00000,5549.43213
1661.50000,5535.11377
1662.00000,5528.56982
1662.50000,5524.47656
1663.00000,5517.08643
1663.50000,5504.11084
1664.00000,5486.81543
1664.50000,5469.65430
1665.00000,5455.61426
1665.50000,5444.72607
1666.00000,5435.98486
1666.50000,5430.18652
1667.00000,5427.97900
1667.50000,5429.70166
1668.00000,5431.29492
1668.50000,5428.70361
1669.00000,5421.46729
1669.50000,5412.13477
1670.00000,5404.38330
1670.50000,5398.88525
1671.00000,5392.42285
1671.50000,5382.10742
1672.00000,5368.16699
1672.50000,5355.99805
1673.00000,5352.54492
1673.50000,5356.98877
1674.00000,5362.62500
1674.50000,5360.66211
1675.00000,5346.86914
1675.50000,5325.50391
1676.00000,5308.00488
1676.50000,5304.09766
1677.00000,5311.07910
1677.50000,5321.15869
1678.00000,5324.55176
1678.50000,5316.75635
1679.00000,5303.98242
1679.50000,5294.40723
1680.00000,5291.21338
1680.50000,5291.05029
1681.00000,5287.93506
1681.50000,5279.00488
1682.00000,5266.11865
1682.50000,5254.61816
1683.00000,5248.63818
1683.50000,5248.03906
1684.00000,5251.50684
1684.50000,5255.91797
1685.00000,5258.14355
1685.50000,5255.68213
1686.00000,5248.43896
1686.50000,5238.35303
1687.00000,5230.11182
1687.50000,5227.39697
1688.00000,5227.92432
1688.50000,5226.93164
1689.00000,5220.54443
1689.50000,5209.38135
1690.00000,5199.98389
1690.50000,5198.46631
1691.00000,5206.06836
1691.50000,5215.89600
1692.00000,5218.28271
1692.50000,5210.08789
1693.00000,5195.06104
1693.50000,5182.95166
1694.00000,5180.93701
1694.50000,5187.70410
1695.00000,5195.04443
1695.50000,5194.21240
1696.00000,5184.09229
1696.50000,5168.44971
1697.00000,5154.28320
1697.50000,5145.56396
1698.00000,5139.80859
1698.50000,5133.82324
1699.00000,5127.00635
1699.50000,5121.84668
1700.00000,5121.23193
1700.50000,5124.87158
1701.00000,5128.97998
1701.50000,5129.41650
1702.00000,5123.18262
1702.50000,5112.85107
1703.00000,5102.40723
1703.50000,5096.22852
1704.00000,5096.80469
1704.50000,5102.56104
1705.00000,5108.84326
1705.50000,5109.27539
1706.00000,5100.82031
1706.50000,5084.37500
1707.00000,5067.00635
1707.50000,5056.38330
1708.00000,5054.66064
1708.50000,5059.48779
1709.00000,5063.75439
1709.50000,5062.95947
1710.00000,5057.44678
1710.50000,5051.10107
1711.00000,5046.81445
1711.50000,5042.87988
1712.00000,5034.96436
1712.50000,5022.07227
1713.00000,5006.47363
1713.50000,4994.07568
1714.00000,4988.61475
1714.50000,4988.25391
1715.00000,4988.47998
1715.50000,4985.98193
1716.00000,4981.37061
1716.50000,4977.56152
1717.00000,4975.83350
1717.50000,4975.09033
1718.00000,4972.87354
1718.50000,4967.93799
1719.00000,4962.23145
1719.50000,4958.55859
1720.00000,4958.47705
1720.50000,4961.04004
1721.00000,4963.55908
1721.50000,4963.02441
1722.00000,4957.27246
1722.50000,4948.74707
1723.00000,4941.56445
1723.50000,4940.05518
1724.00000,4945.39990
1724.50000,4953.08057
1725.00000,4956.92725
1725.50000,4952.91309
1726.00000,4943.19580
1726.50000,4933.04199
1727.00000,4926.61133
1727.50000,4924.97363
1728.00000,4925.34375
1728.50000,4925.86230
1729.00000,4925.93408
1729.50000,4924.92676
1730.00000,4920.65918
1730.50000,4910.93652
1731.00000,4895.17676
1731.50000,4878.60693
1732.00000,4868.79102
1732.50000,4867.72607
1733.00000,4874.01953
1733.50000,4879.75781
1734.00000,4877.28955
1734.50000,4865.18652
1735.00000,4847.89014
1735.50000,4832.54736
1736.00000,4824.98730
1736.50000,4827.91260
1737.00000,4835.93604
1737.50000,4843.99609
1738.00000,4848.19775
1738.50000,4847.41992
1739.00000,4844.73535
1739.50000,4843.42090
1740.00000,4844.56152
1740.50000,4846.45215
1741.00000,4846.14453
1741.50000,4842.84912
1742.00000,4837.84619
1742.50000,4833.99707
1743.00000,4832.98633
1743.50000,4833.38428
1744.00000,4832.15137
1744.50000,4827.42969
1745.00000,4819.99463
1745.50000,4812.60107
1746.00000,4808.39941
1746.50000,4809.30566
1747.00000,4813.18262
1747.50000,4816.82178
1748.00000,4816.33398
1748.50000,4808.34766
1749.00000,4795.02637
1749.50000,4781.72412
1750.00000,4774.75049
1750.50000,4776.36182
1751.00000,4783.24414
1751.50000,4786.53662
1752.00000,4778.57129
1752.50000,4761.89697
1753.00000,4743.34180
1753.50000,4731.82129
1754.00000,4730.68604
1754.50000,4736.31689
1755.00000,4742.13428
1755.50000,4743.41748
1756.00000,4741.17822
1756.50000,4738.93213
1757.00000,4739.50049
1757.50000,4743.60693
1758.00000,4748.39941
1758.50000,4750.50244
1759.00000,4748.54102
1759.50000,4743.36865
1760.00000,4737.52637
1760.50000,4733.57227
1761.00000,4732.12500
1761.50000,4731.23828
1762.00000,4728.62695
1762.50000,4723.93359
1763.00000,4718.54932
1763.50000,4714.15771
1764.00000,4710.44775
1764.50000,4705.28418
1765.00000,4697.12402
1765.50000,4688.00000
1766.00000,4682.19629
1766.50000,4683.74902
1767.00000,4689.87695
1767.50000,4694.50049
1768.00000,4692.91699
1768.50000,4685.09277
1769.00000,4676.31104
1769.50000,4672.18848
1770.00000,4674.06641
1770.50000,4678.01611
1771.00000,4680.21240
1771.50000,4679.59375
1772.00000,4676.58398
1772.50000,4672.82959
1773.00000,4668.61084
1773.50000,4664.44922
1774.00000,4661.72021
1774.50000,4661.46387
1775.00000,4662.03223
1775.50000,4660.07617
1776.00000,4653.78564
1776.50000,4643.76318
1777.00000,4635.08105
1777.50000,4632.08252
1778.00000,4634.23828
1778.50000,4638.56885
1779.00000,4641.01367
1779.50000,4640.40918
1780.00000,4638.55957
1780.50000,4638.21875
1781.00000,4640.75195
1781.50000,4643.64990
1782.00000,4642.36816
1782.50000,4634.96387
1783.00000,4621.21729
1783.50000,4605.36572
1784.00000,4592.40283
1784.50000,4585.29883
1785.00000,4584.32080
1785.50000,4589.21777
1786.00000,4597.41211
1786.50000,4606.28418
1787.00000,4612.84131
1787.50000,4614.29688
1788.00000,4611.35547
1788.50000,4606.81543
1789.00000,4603.71484
1789.50000,4603.17676
1790.00000,4604.29346
1790.50000,4604.84521
1791.00000,4602.84521
1791.50000,4598.01172
1792.00000,4590.22412
1792.50000,4581.53857
1793.00000,4574.09082
1793.50000,4568.38623
1794.00000,4563.08643
1794.50000,4556.45996
1795.00000,4549.27002
1795.50000,4544.82373
1796.00000,4544.69531
1796.50000,4547.83496
1797.00000,4549.24805
1797.50000,4545.80859
1798.00000,4539.49170
1798.50000,4533.64795
1799.00000,4530.21533
1799.50000,4528.45166
1800.00000,4527.56299
1800.50000,4527.95752
1801.00000,4530.60107
1801.50000,4534.15576
1802.00000,4536.41455
1802.50000,4536.68945
1803.00000,4534.85498
1803.50000,4530.40625
1804.00000,4522.28662
1804.50000,4512.08252
1805.00000,4505.18506
1805.50000,4508.12744
1806.00000,4518.42627
1806.50000,4527.23389
1807.00000,4527.64844
1807.50000,4519.31396
1808.00000,4511.41260
1808.50000,4511.12012
1809.00000,4517.19629
1809.50000,4523.55518
1810.00000,4524.97412
