440.00000,17848.69727
440.50000,17838.09766
441.00000,17825.46289
441.50000,17815.58203
442.00000,17813.64648
442.50000,17818.93945
443.00000,17827.62695
443.50000,17834.49414
444.00000,17835.60742
444.50000,17830.16016
445.00000,17822.53516
445.50000,17814.87109
446.00000,17807.06641
446.50000,17795.45703
447.00000,17775.10742
447.50000,17743.60547
448.00000,17701.62695
448.50000,17652.21094
449.00000,17598.21680
449.50000,17542.99414
450.00000,17487.91797
450.50000,17433.26563
451.00000,17378.98828
451.50000,17324.68750
452.00000,17269.76953
452.50000,17214.35352
453.00000,17159.81055
453.50000,17108.95313
454.00000,17064.79688
454.50000,17032.58789
455.00000,17009.78711
455.50000,16994.68750
456.00000,16981.96875
456.50000,16968.00391
457.00000,16951.21680
457.50000,16933.26758
458.00000,16917.02539
458.50000,16904.55469
459.00000,16897.32031
459.50000,16894.97070
460.00000,16898.32031
460.50000,16906.69531
461.00000,16922.05859
461.50000,16943.88477
462.00000,16971.88086
462.50000,17002.51367
463.00000,17030.87891
463.50000,17052.10938
464.00000,17062.94141
464.50000,17057.87500
465.00000,17037.63281
465.50000,17002.39258
466.00000,16958.51367
466.50000,16910.27148
467.00000,16863.13867
467.50000,16822.02539
468.00000,16788.50195
468.50000,16762.52539
469.00000,16745.44531
469.50000,16736.99219
470.00000,16741.94922
470.50000,16758.36328
471.00000,16786.77344
471.50000,16823.67188
472.00000,16867.52734
472.50000,16917.48828
473.00000,16974.90234
473.50000,17042.16406
474.00000,17119.51367
474.50000,17208.01172
475.00000,17303.60156
475.50000,17402.66602
476.00000,17499.40820
476.50000,17587.42188
477.00000,17660.57031
477.50000,17709.17969
478.00000,17720.51172
478.50000,17692.17578
479.00000,17621.36133
479.50000,17520.27539
480.00000,17394.85938
480.50000,17261.89844
481.00000,17132.75000
481.50000,17012.82227
482.00000,16906.03906
482.50000,16814.24805
483.00000,16740.35938
483.50000,16689.84375
484.00000,16658.69922
484.50000,16646.03711
485.00000,16642.39648
485.50000,16640.16602
486.00000,16631.23828
486.50000,16611.13672
487.00000,16581.10938
487.50000,16542.83203
488.00000,16498.34180
488.50000,16449.60938
489.00000,16398.28711
489.50000,16347.40723
490.00000,16301.27539
490.50000,16262.48828
491.00000,16235.39844
491.50000,16219.40625
492.00000,16211.52539
492.50000,16208.13184
493.00000,16206.64941
493.50000,16206.41406
494.00000,16208.47656
494.50000,16215.11621
495.00000,16226.09375
495.50000,16241.56250
496.00000,16259.52246
496.50000,16278.98242
497.00000,16299.94727
497.50000,16324.00781
498.00000,16353.22070
498.50000,16388.28516
499.00000,16429.18164
499.50000,16472.01172
500.00000,16510.61719
500.50000,16541.17578
501.00000,16559.09375
501.50000,16565.33984
502.00000,16561.75586
502.50000,16554.11133
503.00000,16548.30664
503.50000,16547.67578
504.00000,16551.99219
504.50000,16559.56445
505.00000,16565.83398
505.50000,16566.86523
506.00000,16562.99023
506.50000,16555.89258
507.00000,16549.40625
507.50000,16548.08789
508.00000,16555.89844
508.50000,16572.89648
509.00000,16600.46289
509.50000,16636.60742
510.00000,16682.41602
510.50000,16734.52539
511.00000,16788.61328
511.50000,16838.48242
512.00000,16877.45117
512.50000,16901.15039
513.00000,16908.63867
513.50000,16901.88477
514.00000,16889.53125
514.50000,16875.98438
515.00000,16863.54883
515.50000,16851.27930
516.00000,16836.00000
516.50000,16815.32227
517.00000,16791.31055
517.50000,16768.93945
518.00000,16755.22461
518.50000,16756.15234
519.00000,16781.57617
519.50000,16827.50000
520.00000,16897.61328
520.50000,16985.76758
521.00000,17092.27148
521.50000,17213.54102
522.00000,17347.35742
522.50000,17489.69922
523.00000,17635.95898
523.50000,17780.14258
524.00000,17915.14648
524.50000,18025.54883
525.00000,18106.99219
525.50000,18148.48242
526.00000,18154.79688
526.50000,18126.94727
527.00000,18073.95117
527.50000,18004.26953
528.00000,17923.83984
528.50000,17834.97266
529.00000,17736.02930
529.50000,17629.40039
530.00000,17519.14063
530.50000,17415.98828
531.00000,17332.53125
531.50000,17274.16211
532.00000,17244.52930
532.50000,17241.10156
533.00000,17258.39258
533.50000,17291.91602
534.00000,17337.04883
534.50000,17395.03906
535.00000,17460.98633
535.50000,17528.51172
536.00000,17584.56445
536.50000,17613.79688
537.00000,17609.38086
537.50000,17570.27930
538.00000,17500.89063
538.50000,17414.35156
539.00000,17322.04492
539.50000,17233.75586
540.00000,17155.29883
540.50000,17087.55273
541.00000,17034.78320
541.50000,16999.53516
542.00000,16985.14844
542.50000,16989.69727
543.00000,17007.92578
543.50000,17035.04883
544.00000,17065.12695
544.50000,17097.02539
545.00000,17132.76953
545.50000,17176.79688
546.00000,17229.30664
546.50000,17288.79102
547.00000,17350.35547
547.50000,17408.75195
548.00000,17462.93555
548.50000,17516.80078
549.00000,17576.25195
549.50000,17644.15430
550.00000,17722.31055
550.50000,17803.81445
551.00000,17878.33008
551.50000,17937.82031
552.00000,17975.56641
552.50000,17988.71094
553.00000,17979.13867
553.50000,17945.95508
554.00000,17897.67773
554.50000,17835.01563
555.00000,17763.56836
555.50000,17684.81836
556.00000,17602.41406
556.50000,17519.80664
557.00000,17440.83008
557.50000,17368.79883
558.00000,17306.75586
558.50000,17254.62109
559.00000,17213.30859
559.50000,17178.89648
560.00000,17149.29297
560.50000,17122.38281
561.00000,17098.46680
561.50000,17077.79492
562.00000,17060.41602
562.50000,17044.65625
563.00000,17027.32031
563.50000,17005.79688
564.00000,16980.19922
564.50000,16951.52539
565.00000,16923.33008
565.50000,16899.48047
566.00000,16880.65625
566.50000,16866.91211
567.00000,16857.29883
567.50000,16851.19727
568.00000,16848.99609
568.50000,16850.33398
569.00000,16853.89453
569.50000,16856.65039
570.00000,16855.04297
570.50000,16848.14453
571.00000,16836.66992
571.50000,16825.95508
572.00000,16823.09180
572.50000,16833.42969
573.00000,16858.00000
573.50000,16896.81836
574.00000,16943.63477
574.50000,16993.25195
575.00000,17040.08203
575.50000,17081.17969
576.00000,17116.84375
576.50000,17148.02930
577.00000,17177.10547
577.50000,17207.38086
578.00000,17242.42578
578.50000,17284.06641
579.00000,17334.81445
579.50000,17392.33203
580.00000,17454.24805
580.50000,17514.26563
581.00000,17565.32617
581.50000,17604.35547
582.00000,17630.83398
582.50000,17647.60156
583.00000,17660.94531
583.50000,17678.37305
584.00000,17705.61133
584.50000,17749.70703
585.00000,17810.75586
585.50000,17894.86133
586.00000,18002.03125
586.50000,18135.59570
587.00000,18293.31641
587.50000,18465.40234
588.00000,18641.29883
588.50000,18808.46484
589.00000,18951.82227
589.50000,19067.46875
590.00000,19146.33008
590.50000,19201.97070
591.00000,19244.38281
591.50000,19287.93945
592.00000,19345.91602
592.50000,19428.35742
593.00000,19537.26367
593.50000,19666.93359
594.00000,19801.09375
594.50000,19920.60938
595.00000,20010.83594
595.50000,20049.52734
596.00000,20027.04883
596.50000,19936.18359
597.00000,19785.60938
597.50000,19590.30859
598.00000,19365.25195
598.50000,19133.05273
599.00000,18913.75195
599.50000,18718.47461
600.00000,18553.66992
600.50000,18411.37500
601.00000,18287.08008
601.50000,18174.33984
602.00000,18070.75586
602.50000,17978.26367
603.00000,17897.13086
603.50000,17827.61914
604.00000,17764.24609
604.50000,17701.98633
605.00000,17636.01172
605.50000,17563.51172
606.00000,17486.96094
606.50000,17410.67773
607.00000,17338.25391
607.50000,17271.68359
608.00000,17212.51953
608.50000,17160.28711
609.00000,17118.61914
609.50000,17086.72070
610.00000,17067.81641
610.50000,17060.33008
611.00000,17064.28906
611.50000,17077.50000
612.00000,17098.30664
612.50000,17124.61914
613.00000,17152.54883
613.50000,17177.18164
614.00000,17194.04297
614.50000,17196.28516
615.00000,17184.65430
615.50000,17159.85352
616.00000,17130.46680
616.50000,17102.83398
617.00000,17080.12891
617.50000,17061.12109
618.00000,17041.56641
618.50000,17016.43359
619.00000,16981.53125
619.50000,16940.48438
620.00000,16896.57422
620.50000,16854.11133
621.00000,16815.92383
621.50000,16782.44922
622.00000,16753.23633
622.50000,16727.96289
623.00000,16706.95117
623.50000,16692.42969
624.00000,16684.27344
624.50000,16683.70898
625.00000,16688.13672
625.50000,16695.00195
626.00000,16700.63086
626.50000,16702.06836
627.00000,16697.76367
627.50000,16688.77930
628.00000,16678.59375
628.50000,16674.05078
629.00000,16685.68750
629.50000,16714.58008
630.00000,16762.85742
630.50000,16822.41211
631.00000,16884.59570
631.50000,16940.80273
632.00000,16986.32813
632.50000,17023.44336
633.00000,17057.88672
633.50000,17093.00781
634.00000,17128.50586
634.50000,17159.81250
635.00000,17182.33398
635.50000,17191.50586
636.00000,17191.33789
636.50000,17187.37500
637.00000,17185.17188
637.50000,17187.60938
638.00000,17194.83984
638.50000,17203.66016
639.00000,17210.83789
639.50000,17215.56250
640.00000,17217.65234
640.50000,17217.85547
641.00000,17216.02539
641.50000,17211.84961
642.00000,17205.29883
642.50000,17197.49609
643.00000,17190.20703
643.50000,17184.37305
644.00000,17179.05664
644.50000,17171.95898
645.00000,17161.31445
645.50000,17146.23438
646.00000,17129.98828
646.50000,17117.13477
647.00000,17111.26758
647.50000,17112.60156
648.00000,17119.03320
648.50000,17124.97461
649.00000,17122.55664
649.50000,17109.27734
650.00000,17081.85547
650.50000,17042.09180
651.00000,16990.18164
651.50000,16927.62500
652.00000,16856.30859
652.50000,16778.52148
653.00000,16700.18750
653.50000,16628.23633
654.00000,16566.79492
654.50000,16521.66797
655.00000,16490.52539
655.50000,16471.74414
656.00000,16459.85547
656.50000,16450.33594
657.00000,16441.50977
657.50000,16433.65430
658.00000,16427.92578
658.50000,16424.16211
659.00000,16421.09570
659.50000,16415.85938
660.00000,16405.56641
660.50000,16390.32617
661.00000,16371.17285
661.50000,16350.38281
662.00000,16330.20215
662.50000,16312.41113
663.00000,16298.21777
663.50000,16290.13867
664.00000,16289.01855
664.50000,16298.41211
665.00000,16317.59863
665.50000,16346.82129
666.00000,16383.56738
666.50000,16426.23633
667.00000,16474.58008
667.50000,16528.90625
668.00000,16590.29297
668.50000,16655.34570
669.00000,16717.26758
669.50000,16767.57422
670.00000,16792.64844
670.50000,16788.30469
671.00000,16756.16797
671.50000,16704.50391
672.00000,16644.77344
672.50000,16586.54297
673.00000,16535.08984
673.50000,16492.34961
674.00000,16453.68945
674.50000,16415.68359
675.00000,16377.45508
675.50000,16341.26465
676.00000,16310.34570
676.50000,16287.09961
677.00000,16271.24902
677.50000,16258.29199
678.00000,16242.62109
678.50000,16222.00488
679.00000,16196.70801
679.50000,16171.49902
680.00000,16151.76074
680.50000,16139.80176
681.00000,16134.65723
681.50000,16130.22168
682.00000,16119.97656
682.50000,16099.30469
683.00000,16069.24805
683.50000,16030.90137
684.00000,15989.05664
684.50000,15945.55762
685.00000,15900.90527
685.50000,15854.36328
686.00000,15806.46680
686.50000,15759.65137
687.00000,15718.00977
687.50000,15684.96680
688.00000,15664.81152
688.50000,15656.47461
689.00000,15659.82520
689.50000,15670.02930
690.00000,15685.57520
690.50000,15704.61719
691.00000,15727.16895
691.50000,15754.16504
692.00000,15786.80078
692.50000,15826.45605
693.00000,15870.07227
693.50000,15913.04395
694.00000,15949.47070
694.50000,15971.47559
695.00000,15977.80371
695.50000,15968.72363
696.00000,15951.43652
696.50000,15936.28320
697.00000,15931.71094
697.50000,15940.20215
698.00000,15962.59570
698.50000,15992.60840
699.00000,16025.91016
699.50000,16058.21680
700.00000,16088.29980
700.50000,16118.14355
701.00000,16150.32227
701.50000,16186.40918
702.00000,16225.76758
702.50000,16266.04785
703.00000,16303.74512
703.50000,16334.41602
704.00000,16358.21777
704.50000,16376.68555
705.00000,16393.80469
705.50000,16412.22852
706.00000,16432.13086
706.50000,16451.04688
707.00000,16465.39453
707.50000,16474.17773
708.00000,16481.41211
708.50000,16495.23633
709.00000,16526.76367
709.50000,16577.32813
710.00000,16645.91016
710.50000,16720.73438
711.00000,16786.23047
711.50000,16826.23633
712.00000,16835.28125
712.50000,16812.64258
713.00000,16770.67773
713.50000,16717.77734
714.00000,16665.21094
714.50000,16618.94922
715.00000,16578.83008
715.50000,16540.89648
716.00000,16498.58008
716.50000,16446.69336
717.00000,16381.79980
717.50000,16305.53711
718.00000,16219.05371
718.50000,16127.86523
719.00000,16035.62012
719.50000,15945.82520
720.00000,15861.03223
720.50000,15782.09277
721.00000,15709.96191
721.50000,15645.15430
722.00000,15587.16699
722.50000,15536.67969
723.00000,15492.66211
723.50000,15458.47266
724.00000,15433.40430
724.50000,15420.49707
725.00000,15418.39648
725.50000,15426.15918
726.00000,15440.90527
726.50000,15459.95801
727.00000,15482.31348
727.50000,15507.72070
728.00000,15536.64941
728.50000,15567.19531
729.00000,15596.38770
729.50000,15621.42676
730.00000,15640.20996
730.50000,15654.26465
731.00000,15666.94141
731.50000,15681.65625
732.00000,15698.16699
732.50000,15711.73438
733.00000,15716.81738
733.50000,15705.36426
734.00000,15679.21973
734.50000,15640.03809
735.00000,15596.05078
735.50000,15554.79199
736.00000,15520.38672
736.50000,15492.15723
737.00000,15468.17773
737.50000,15446.48340
738.00000,15428.65332
738.50000,15416.96973
739.00000,15416.75781
739.50000,15428.26855
740.00000,15450.88184
740.50000,15479.07910
741.00000,15508.52344
741.50000,15536.94727
742.00000,15564.51074
742.50000,15592.63281
743.00000,15622.19141
743.50000,15652.97266
744.00000,15683.33496
744.50000,15712.62402
745.00000,15742.30957
745.50000,15774.80273
746.00000,15810.84180
746.50000,15847.39746
747.00000,15877.17969
747.50000,15893.06836
748.00000,15885.26367
748.50000,15858.69629
749.00000,15820.21582
749.50000,15781.79297
750.00000,15752.21094
750.50000,15734.10938
751.00000,15726.01563
751.50000,15725.24707
752.00000,15730.41016
752.50000,15746.50293
753.00000,15776.01270
753.50000,15823.48633
754.00000,15882.31641
754.50000,15945.54883
755.00000,16003.88184
755.50000,16049.78027
756.00000,16079.85840
756.50000,16093.67578
757.00000,16088.43164
757.50000,16065.77051
758.00000,16020.87695
758.50000,15959.47363
759.00000,15885.43750
759.50000,15809.63672
760.00000,15742.24316
760.50000,15689.20898
761.00000,15651.87305
761.50000,15626.24219
762.00000,15605.25000
762.50000,15584.87402
763.00000,15563.16309
763.50000,15539.77148
764.00000,15515.53027
764.50000,15490.65332
765.00000,15465.09766
765.50000,15438.52930
766.00000,15410.90332
766.50000,15382.46289
767.00000,15353.65039
767.50000,15325.52148
768.00000,15300.59082
768.50000,15280.92969
769.00000,15270.61035
769.50000,15269.79492
770.00000,15278.51855
770.50000,15292.62500
771.00000,15308.65430
771.50000,15325.46875
772.00000,15344.33105
772.50000,15368.72559
773.00000,15399.44629
773.50000,15435.89355
774.00000,15471.80762
774.50000,15497.55078
775.00000,15507.34375
775.50000,15498.38867
776.00000,15472.91895
776.50000,15436.85645
777.00000,15394.95215
777.50000,15352.03516
778.00000,15311.16895
778.50000,15274.29980
779.00000,15246.16895
779.50000,15229.15820
780.00000,15226.19238
780.50000,15235.73242
781.00000,15253.21191
781.50000,15272.33594
782.00000,15286.71191
782.50000,15290.45117
783.00000,15283.41895
783.50000,15263.33594
784.00000,15233.81152
784.50000,15196.17676
785.00000,15153.42676
785.50000,15108.13867
786.00000,15062.71191
786.50000,15018.46484
787.00000,14975.15234
787.50000,14931.04492
788.00000,14883.56152
788.50000,14832.60449
789.00000,14779.89160
789.50000,14729.18652
790.00000,14684.70996
790.50000,14648.66309
791.00000,14620.88477
791.50000,14599.44922
792.00000,14580.27148
792.50000,14560.25000
793.00000,14538.51855
793.50000,14517.78516
794.00000,14502.69922
794.50000,14499.60449
795.00000,14510.38086
795.50000,14533.81348
796.00000,14564.33789
796.50000,14594.21680
797.00000,14617.48730
797.50000,14634.47656
798.00000,14650.36035
798.50000,14673.13574
799.00000,14710.35742
799.50000,14761.89551
800.00000,14826.02930
800.50000,14897.94043
801.00000,14973.40527
801.50000,15050.02930
802.00000,15125.94141
802.50000,15197.79492
803.00000,15262.21289
803.50000,15313.46582
804.00000,15352.11328
804.50000,15378.60645
805.00000,15397.75879
805.50000,15413.52441
806.00000,15427.53809
806.50000,15438.42871
807.00000,15441.32715
807.50000,15432.63672
808.00000,15406.79590
808.50000,15367.77637
809.00000,15317.48242
809.50000,15262.76465
810.00000,15209.61426
810.50000,15162.02637
811.00000,15120.22656
811.50000,15081.02148
812.00000,15038.99316
812.50000,14988.79492
813.00000,14932.55469
813.50000,14875.88672
814.00000,14826.33398
814.50000,14791.17871
815.00000,14771.50000
815.50000,14765.48340
816.00000,14769.84180
816.50000,14781.33203
817.00000,14800.83398
817.50000,14828.39258
818.00000,14864.94336
818.50000,14905.30371
819.00000,14944.26953
819.50000,14977.68457
820.00000,15003.89844
820.50000,15025.04590
821.00000,15044.81543
821.50000,15065.60156
822.00000,15086.90332
822.50000,15105.01172
823.00000,15116.58887
823.50000,15118.29688
824.00000,15112.04199
824.50000,15099.49121
825.00000,15083.74414
825.50000,15066.91113
826.00000,15050.06250
826.50000,15033.61523
827.00000,15017.92773
827.50000,15003.21582
828.00000,14990.09863
828.50000,14978.19531
829.00000,14967.42383
829.50000,14957.61621
830.00000,14949.26074
830.50000,14943.06934
831.00000,14939.39941
831.50000,14938.09473
832.00000,14937.77246
832.50000,14937.27051
833.00000,14936.50293
833.50000,14937.47656
834.00000,14942.41992
834.50000,14953.20898
835.00000,14968.37305
835.50000,14983.98730
836.00000,14995.02148
836.50000,14998.47656
837.00000,14992.84180
837.50000,14981.95898
838.00000,14969.13184
838.50000,14957.57813
839.00000,14948.23145
839.50000,14940.34473
840.00000,14933.71680
840.50000,14928.87598
841.00000,14926.28125
841.50000,14925.43359
842.00000,14923.99805
842.50000,14918.60938
843.00000,14908.61426
843.50000,14894.76953
844.00000,14881.08301
844.50000,14870.59766
845.00000,14862.50488
845.50000,14852.60059
846.00000,14835.43164
846.50000,14808.80469
847.00000,14772.69824
847.50000,14733.11230
848.00000,14695.98242
848.50000,14664.75293
849.00000,14641.06934
849.50000,14622.75781
850.00000,14607.74805
850.50000,14594.99707
851.00000,14584.11816
851.50000,14574.52734
852.00000,14564.26855
852.50000,14549.91113
853.00000,14529.86133
853.50000,14502.31250
854.00000,14469.73633
854.50000,14435.45410
855.00000,14403.90430
855.50000,14378.68359
856.00000,14361.55371
856.50000,14351.00586
857.00000,14345.26758
857.50000,14340.47266
858.00000,14333.80957
858.50000,14324.66406
859.00000,14314.00977
859.50000,14304.36914
860.00000,14297.95996
860.50000,14294.99805
861.00000,14292.83301
861.50000,14287.12500
862.00000,14275.18945
862.50000,14254.16406
863.00000,14226.79785
863.50000,14195.32910
864.00000,14164.02539
864.50000,14136.78516
865.00000,14116.03223
865.50000,14102.39746
866.00000,14094.77832
866.50000,14089.33691
867.00000,14081.87891
867.50000,14070.55469
868.00000,14055.48047
868.50000,14040.33887
869.00000,14029.30957
869.50000,14024.38477
870.00000,14025.35156
870.50000,14029.87305
871.00000,14035.20020
871.50000,14040.19238
872.00000,14045.18066
872.50000,14050.78809
873.00000,14056.32617
873.50000,14060.29297
874.00000,14062.73926
874.50000,14066.27930
875.00000,14075.42480
875.50000,14093.94238
876.00000,14122.74121
876.50000,14156.69043
877.00000,14188.99414
877.50000,14214.62891
878.00000,14230.95996
878.50000,14242.37793
879.00000,14253.08105
879.50000,14264.44629
880.00000,14273.01367
880.50000,14272.78320
881.00000,14260.00586
881.50000,14232.94922
882.00000,14197.70215
882.50000,14160.28516
883.00000,14127.12109
883.50000,14103.07129
884.00000,14088.27637
884.50000,14082.58691
885.00000,14084.07227
885.50000,14089.55078
886.00000,14095.15430
886.50000,14096.58594
887.00000,14088.61426
887.50000,14071.09570
888.00000,14043.72266
888.50000,14012.11816
889.00000,13982.20801
889.50000,13959.29102
890.00000,13946.66016
890.50000,13944.49316
891.00000,13949.23047
891.50000,13957.26367
892.00000,13964.77734
892.50000,13970.51270
893.00000,13976.05566
893.50000,13984.77832
894.00000,13999.82227
894.50000,14024.55664
895.00000,14060.13379
895.50000,14105.62305
896.00000,14159.48340
896.50000,14217.53027
897.00000,14276.18066
897.50000,14331.77051
898.00000,14379.61914
898.50000,14418.48633
899.00000,14445.61328
899.50000,14461.12598
900.00000,14465.79785
900.50000,14461.64258
901.00000,14452.52148
901.50000,14441.01563
902.00000,14429.01660
902.50000,14415.92480
903.00000,14400.45508
903.50000,14381.02148
904.00000,14358.68945
904.50000,14336.14063
905.00000,14316.39941
905.50000,14300.12793
906.00000,14285.40137
906.50000,14268.64551
907.00000,14246.35254
907.50000,14219.29883
908.00000,14189.29590
908.50000,14159.95898
909.00000,14133.93945
909.50000,14111.92480
910.00000,14093.94727
910.50000,14080.57520
911.00000,14072.54395
911.50000,14072.00977
912.00000,14077.25293
912.50000,14086.85547
913.00000,14097.44531
913.50000,14107.56348
914.00000,14117.54688
914.50000,14128.89551
915.00000,14142.80762
915.50000,14159.35254
916.00000,14178.48828
916.50000,14200.33887
917.00000,14227.89746
917.50000,14262.80566
918.00000,14308.34375
918.50000,14362.26953
919.00000,14421.24316
919.50000,14480.67578
920.00000,14537.44238
920.50000,14589.61035
921.00000,14635.75098
921.50000,14670.51758
922.00000,14690.04004
922.50000,14683.29297
923.00000,14650.88965
923.50000,14590.52246
924.00000,14511.12402
924.50000,14422.08594
925.00000,14333.01465
925.50000,14250.53027
926.00000,14179.06934
926.50000,14118.28223
927.00000,14072.24805
927.50000,14039.85938
928.00000,14023.95410
928.50000,14019.67285
929.00000,14021.30371
929.50000,14020.97754
930.00000,14013.08105
930.50000,13996.43945
931.00000,13975.73438
931.50000,13956.97656
932.00000,13943.54785
932.50000,13935.41406
933.00000,13926.90723
933.50000,13911.69824
934.00000,13888.41113
934.50000,13859.86621
935.00000,13832.01172
935.50000,13810.06543
936.00000,13796.84668
936.50000,13789.73535
937.00000,13785.99414
937.50000,13781.96875
938.00000,13776.04004
938.50000,13768.46582
939.00000,13759.54688
939.50000,13748.92773
940.00000,13734.74902
940.50000,13713.48926
941.00000,13682.18848
941.50000,13636.33887
942.00000,13578.59766
942.50000,13510.99707
943.00000,13441.97070
943.50000,13380.32813
944.00000,13331.66406
944.50000,13297.87207
945.00000,13275.45605
945.50000,13257.47754
946.00000,13238.95410
946.50000,13218.99414
947.00000,13201.55957
947.50000,13191.16797
948.00000,13192.08203
948.50000,13200.83398
949.00000,13210.38574
949.50000,13212.05078
950.00000,13200.98145
950.50000,13177.23828
951.00000,13147.74414
951.50000,13120.35254
952.00000,13100.64258
952.50000,13092.62109
953.00000,13092.59570
953.50000,13096.45313
954.00000,13098.96094
954.50000,13096.77148
955.00000,13089.38184
955.50000,13079.25195
956.00000,13069.93555
956.50000,13064.50488
957.00000,13066.22363
957.50000,13073.91699
958.00000,13086.72559
958.50000,13101.91895
959.00000,13118.05566
959.50000,13134.69922
960.00000,13152.12500
960.50000,13170.22559
961.00000,13187.36523
961.50000,13199.46973
962.00000,13203.59473
962.50000,13194.90918
963.00000,13175.13770
963.50000,13145.99219
964.00000,13112.42090
964.50000,13078.39258
965.00000,13045.89258
965.50000,13014.67871
966.00000,12983.75488
966.50000,12952.66504
967.00000,12922.60352
967.50000,12895.12500
968.00000,12872.46582
968.50000,12855.07520
969.00000,12844.02441
969.50000,12840.46387
970.00000,12846.45117
970.50000,12865.81738
971.00000,12898.99609
971.50000,12948.53613
972.00000,13009.03613
972.50000,13077.31934
973.00000,13147.34863
973.50000,13215.50293
974.00000,13280.78809
974.50000,13344.39453
975.00000,13408.51563
975.50000,13474.62598
976.00000,13542.54102
976.50000,13610.06543
977.00000,13673.80273
977.50000,13732.01367
978.00000,13781.88867
978.50000,13823.03418
979.00000,13853.43750
979.50000,13871.21484
980.00000,13874.65820
980.50000,13861.04980
981.00000,13833.06250
981.50000,13791.54688
982.00000,13743.89160
982.50000,13695.63867
983.00000,13651.68262
983.50000,13614.95703
984.00000,13584.25391
984.50000,13555.92773
985.00000,13524.90137
985.50000,13487.21484
986.00000,13440.27734
986.50000,13387.20801
987.00000,13332.38867
987.50000,13282.21191
988.00000,13243.45703
988.50000,13217.75488
989.00000,13204.54590
989.50000,13199.38184
990.00000,13196.61328
990.50000,13192.67383
991.00000,13187.58398
991.50000,13185.15039
992.00000,13189.62598
992.50000,13206.72656
993.00000,13235.95703
993.50000,13276.86328
994.00000,13326.15723
994.50000,13381.44238
995.00000,13441.45020
995.50000,13504.15527
996.00000,13566.37793
996.50000,13623.81934
997.00000,13669.57715
997.50000,13701.96973
998.00000,13716.93359
998.50000,13715.45898
999.00000,13696.74707
999.50000,13661.34180
1000.00000,13612.46191
1000.50000,13554.55664
1001.00000,13496.06250
1001.50000,13445.05371
1002.00000,13403.12012
1002.50000,13368.68848
1003.00000,13334.49316
1003.50000,13294.76953
1004.00000,13249.64453
1004.50000,13205.39941
1005.00000,13171.14160
1005.50000,13151.11035
1006.00000,13144.88379
1006.50000,13141.23730
1007.00000,13126.70801
1007.50000,13094.88867
1008.00000,13041.61914
1008.50000,12973.06836
1009.00000,12896.65527
1009.50000,12819.79492
1010.00000,12747.17578
1010.50000,12680.83496
1011.00000,12619.14355
1011.50000,12561.00098
1012.00000,12504.29590
1012.50000,12448.95801
1013.00000,12395.73242
1013.50000,12346.68555
1014.00000,12303.27051
1014.50000,12265.95996
1015.00000,12234.23242
1015.50000,12205.85254
1016.00000,12179.47363
1016.50000,12153.90527
1017.00000,12129.65527
1017.50000,12107.64551
1018.00000,12090.14258
1018.50000,12078.65918
1019.00000,12074.79590
1019.50000,12079.02734
1020.00000,12089.77441
1020.50000,12105.19531
1021.00000,12122.17578
1021.50000,12139.64258
1022.00000,12158.42285
1022.50000,12181.92969
1023.00000,12212.23535
1023.50000,12250.11719
1024.00000,12292.23926
1024.50000,12333.33887
1025.00000,12369.07617
1025.50000,12399.75000
1026.00000,12429.23340
1026.50000,12463.29395
1027.00000,12506.83984
1027.50000,12556.97656
1028.00000,12607.83301
1028.50000,12652.44531
1029.00000,12687.00488
1029.50000,12712.99121
1030.00000,12735.57227
1030.50000,12758.06543
1031.00000,12779.91113
1031.50000,12795.98535
1032.00000,12804.23535
1032.50000,12804.91602
1033.00000,12804.57422
1033.50000,12810.12012
1034.00000,12824.09863
1034.50000,12842.95898
1035.00000,12859.48730
1035.50000,12867.87891
1036.00000,12864.71387
1036.50000,12854.60547
1037.00000,12841.65625
1037.50000,12830.02734
1038.00000,12821.79980
1038.50000,12817.63965
1039.00000,12819.14746
1039.50000,12828.56738
1040.00000,12846.36133
1040.50000,12872.04980
1041.00000,12901.33203
1041.50000,12931.89551
1042.00000,12963.92383
1042.50000,13002.56250
1043.00000,13052.81641
1043.50000,13119.56250
1044.00000,13202.52148
1044.50000,13298.28711
1045.00000,13404.94629
1045.50000,13521.07715
1046.00000,13650.96875
1046.50000,13793.27832
1047.00000,13946.24316
1047.50000,14099.18848
1048.00000,14237.99414
1048.50000,14351.75781
1049.00000,14433.68555
1049.50000,14483.37305
1050.00000,14508.29590
1050.50000,14510.63672
1051.00000,14495.48145
1051.50000,14455.41406
1052.00000,14390.95898
1052.50000,14296.79004
1053.00000,14180.33691
1053.50000,14050.77930
1054.00000,13919.99609
1054.50000,13796.57129
1055.00000,13683.76855
1055.50000,13577.67773
1056.00000,13474.00781
1056.50000,13369.18164
1057.00000,13263.27051
1057.50000,13158.96582
1058.00000,13059.40332
1058.50000,12965.33105
1059.00000,12875.91699
1059.50000,12790.17969
1060.00000,12708.27930
1060.50000,12634.07227
1061.00000,12570.45020
1061.50000,12524.33691
1062.00000,12494.03027
1062.50000,12479.82910
1063.00000,12475.00391
1063.50000,12473.05762
1064.00000,12467.69629
1064.50000,12455.02441
1065.00000,12433.49707
1065.50000,12406.34277
1066.00000,12377.27246
1066.50000,12350.57422
1067.00000,12329.05078
1067.50000,12311.41992
1068.00000,12295.12695
1068.50000,12277.23145
1069.00000,12256.71582
1069.50000,12235.23633
1070.00000,12216.20996
1070.50000,12203.44922
1071.00000,12196.86719
1071.50000,12195.61133
1072.00000,12195.32031
1072.50000,12192.34766
1073.00000,12185.18750
1073.50000,12174.43848
1074.00000,12163.03223
1074.50000,12154.69434
1075.00000,12152.54395
1075.50000,12155.52734
1076.00000,12159.67969
1076.50000,12158.03613
1077.00000,12142.03125
1077.50000,12111.31836
1078.00000,12069.72656
1078.50000,12027.89453
1079.00000,11996.37207
1079.50000,11980.45605
1080.00000,11975.29102
1080.50000,11972.57324
1081.00000,11964.46387
1081.50000,11948.37500
1082.00000,11930.57422
1082.50000,11918.81445
1083.00000,11916.61914
1083.50000,11922.80469
1084.00000,11932.74609
1084.50000,11943.00586
1085.00000,11953.59766
1085.50000,11965.70801
1086.00000,11978.93066
1086.50000,11989.75977
1087.00000,11993.29199
1087.50000,11989.54297
1088.00000,11981.83301
1088.50000,11975.95996
1089.00000,11975.26172
1089.50000,11978.64453
1090.00000,11981.83301
1090.50000,11982.08789
1091.00000,11981.52734
1091.50000,11985.69336
1092.00000,11997.54004
1092.50000,12017.35938
1093.00000,12040.16895
1093.50000,12061.49023
1094.00000,12080.64746
1094.50000,12101.27246
1095.00000,12128.62012
1095.50000,12163.63086
1096.00000,12205.26074
1096.50000,12247.92676
1097.00000,12287.96289
1097.50000,12324.95020
1098.00000,12360.16406
1098.50000,12395.09766
1099.00000,12429.63574
1099.50000,12461.94824
1100.00000,12489.97559
1100.50000,12510.18164
1101.00000,12521.60547
1101.50000,12520.04199
1102.00000,12506.99512
1102.50000,12483.54492
1103.00000,12455.40039
1103.50000,12428.00098
1104.00000,12403.87109
1104.50000,12380.75977
1105.00000,12353.41504
1105.50000,12319.19238
1106.00000,12278.87793
1106.50000,12240.55957
1107.00000,12214.59961
1107.50000,12205.35547
1108.00000,12213.81641
1108.50000,12234.38086
1109.00000,12260.25977
1109.50000,12287.12109
1110.00000,12313.25684
1110.50000,12338.66113
1111.00000,12363.81055
1111.50000,12389.28125
1112.00000,12416.55469
1112.50000,12449.24219
1113.00000,12490.31934
1113.50000,12541.30469
1114.00000,12599.97168
1114.50000,12660.34863
1115.00000,12716.08105
1115.50000,12764.52148
1116.00000,12804.23145
1116.50000,12839.27246
1117.00000,12871.28027
1117.50000,12900.53516
1118.00000,12923.83301
1118.50000,12937.23633
1119.00000,12938.16406
1119.50000,12925.88867
1120.00000,12905.40039
1120.50000,12881.99121
1121.00000,12861.82910
1121.50000,12849.38379
1122.00000,12843.06152
1122.50000,12838.97070
1123.00000,12831.48633
1123.50000,12817.02539
1124.00000,12796.62695
1124.50000,12776.35547
1125.00000,12764.36328
1125.50000,12763.90820
1126.00000,12776.57520
1126.50000,12794.56152
1127.00000,12811.33398
1127.50000,12823.54688
1128.00000,12832.95996
1128.50000,12845.08301
1129.00000,12864.42383
1129.50000,12891.62988
1130.00000,12921.34863
1130.50000,12946.74609
1131.00000,12964.63867
1131.50000,12973.83105
1132.00000,12978.41992
1132.50000,12980.70215
1133.00000,12980.95703
1133.50000,12977.21094
1134.00000,12967.81445
1134.50000,12954.37109
1135.00000,12940.57031
1135.50000,12930.40527
1136.00000,12926.83789
1136.50000,12927.53125
1137.00000,12929.81836
1137.50000,12931.17383
1138.00000,12931.49023
1138.50000,12932.89551
1139.00000,12938.04004
1139.50000,12948.90039
1140.00000,12964.29492
1140.50000,12982.23145
1141.00000,12998.80273
1141.50000,13009.47656
1142.00000,13012.28711
1142.50000,13005.60840
1143.00000,12991.78125
1143.50000,12975.23438
1144.00000,12961.56348
1144.50000,12955.17871
1145.00000,12959.93262
1145.50000,12973.98730
1146.00000,12997.00195
1146.50000,13024.69141
1147.00000,13054.72461
1147.50000,13084.40820
1148.00000,13111.34570
1148.50000,13133.62598
1149.00000,13150.42871
1149.50000,13161.57324
1150.00000,13169.40918
1150.50000,13176.20020
1151.00000,13184.44922
1151.50000,13196.10645
1152.00000,13211.16211
1152.50000,13229.66113
1153.00000,13251.10352
1153.50000,13275.49707
1154.00000,13303.48047
1154.50000,13335.42090
1155.00000,13372.76953
1155.50000,13415.17969
1156.00000,13464.02051
1156.50000,13517.93164
1157.00000,13576.64063
1157.50000,13638.33398
1158.00000,13701.57813
1158.50000,13765.30176
1159.00000,13829.05664
1159.50000,13892.73242
1160.00000,13955.93555
1160.50000,14017.13574
1161.00000,14075.12891
1161.50000,14128.18555
1162.00000,14177.58984
1162.50000,14226.07324
1163.00000,14277.72949
1163.50000,14335.91211
1164.00000,14401.45703
1164.50000,14470.21484
1165.00000,14534.40625
1165.50000,14586.39941
1166.00000,14615.28125
1166.50000,14622.55859
1167.00000,14610.50781
1167.50000,14591.49707
1168.00000,14579.84766
1168.50000,14588.03125
1169.00000,14621.10938
1169.50000,14680.67871
1170.00000,14757.03125
1170.50000,14844.29785
1171.00000,14933.68457
1171.50000,15020.40430
1172.00000,15101.71387
1172.50000,15174.42969
1173.00000,15236.46289
1173.50000,15286.02930
1174.00000,15320.88770
1174.50000,15341.20410
1175.00000,15341.83984
1175.50000,15323.25391
1176.00000,15278.85059
1176.50000,15213.45020
1177.00000,15129.56738
1177.50000,15036.00098
1178.00000,14940.02930
1178.50000,14846.31543
1179.00000,14756.32617
1179.50000,14670.90820
1180.00000,14590.47363
1180.50000,14519.19727
1181.00000,14457.63184
1181.50000,14407.79199
1182.00000,14366.24512
1182.50000,14330.50684
1183.00000,14298.95020
1183.50000,14272.42285
1184.00000,14253.39258
1184.50000,14241.71582
1185.00000,14236.39551
1185.50000,14232.82520
1186.00000,14227.75293
1186.50000,14220.35938
1187.00000,14211.31934
1187.50000,14201.92773
1188.00000,14192.49707
1188.50000,14182.75000
1189.00000,14172.92480
1189.50000,14163.96191
1190.00000,14155.75977
1190.50000,14144.93457
1191.00000,14126.42285
1191.50000,14092.58594
1192.00000,14043.68359
1192.50000,13984.13184
1193.00000,13923.41309
1193.50000,13869.16113
1194.00000,13822.69434
1194.50000,13777.20508
1195.00000,13722.47461
1195.50000,13654.24316
1196.00000,13570.02734
1196.50000,13476.79395
1197.00000,13379.51172
1197.50000,13281.99316
1198.00000,13185.83301
1198.50000,13092.48047
1199.00000,13003.88379
1199.50000,12922.75195
1200.00000,12847.54395
1200.50000,12775.48926
1201.00000,12701.86719
1201.50000,12624.59570
1202.00000,12546.34082
1202.50000,12472.41406
1203.00000,12407.22559
1203.50000,12351.92773
1204.00000,12306.21875
1204.50000,12268.09082
1205.00000,12240.68457
1205.50000,12224.92188
1206.00000,12224.75293
1206.50000,12235.26367
1207.00000,12249.74414
1207.50000,12259.40820
1208.00000,12258.38867
1208.50000,12246.16895
1209.00000,12228.13281
1209.50000,12210.35156
1210.00000,12197.04980
1210.50000,12190.59180
1211.00000,12188.60352
1211.50000,12189.76563
1212.00000,12192.39746
1212.50000,12195.49707
1213.00000,12197.71289
1213.50000,12197.49121
1214.00000,12193.98145
1214.50000,12189.25391
1215.00000,12188.10938
1215.50000,12194.50781
1216.00000,12212.34082
1216.50000,12238.04004
1217.00000,12266.61035
1217.50000,12292.62695
1218.00000,12314.11621
1218.50000,12333.21875
1219.00000,12354.00000
1219.50000,12379.58789
1220.00000,12409.10840
1220.50000,12440.88086
1221.00000,12472.33984
1221.50000,12502.12109
1222.00000,12529.81934
1222.50000,12554.47852
1223.00000,12574.83887
1223.50000,12590.10840
1224.00000,12599.87109
1224.50000,12605.80762
1225.00000,12608.46680
1225.50000,12609.09082
1226.00000,12607.75488
1226.50000,12605.63086
1227.00000,12604.66211
1227.50000,12607.13281
1228.00000,12615.12402
1228.50000,12630.34570
1229.00000,12652.95508
1229.50000,12684.23730
1230.00000,12721.42969
1230.50000,12760.74316
1231.00000,12795.15625
1231.50000,12815.88672
1232.00000,12819.60547
1232.50000,12805.97559
1233.00000,12779.67188
1233.50000,12747.38770
1234.00000,12713.60938
1234.50000,12681.09277
1235.00000,12652.12402
1235.50000,12628.18848
1236.00000,12613.56543
1236.50000,12609.44629
1237.00000,12617.50293
1237.50000,12636.12500
1238.00000,12663.42188
1238.50000,12698.77344
1239.00000,12741.37598
1239.50000,12793.30273
1240.00000,12853.44727
1240.50000,12922.41992
1241.00000,12995.84082
1241.50000,13068.89063
1242.00000,13136.24023
1242.50000,13193.93555
1243.00000,13241.82227
1243.50000,13283.40234
1244.00000,13321.42773
1244.50000,13356.61426
1245.00000,13383.50488
1245.50000,13398.37305
1246.00000,13396.55664
1246.50000,13383.71387
1247.00000,13368.10547
1247.50000,13358.32324
1248.00000,13357.70215
1248.50000,13363.46582
1249.00000,13368.63477
1249.50000,13367.41602
1250.00000,13360.35352
1250.50000,13350.87207
1251.00000,13344.45508
1251.50000,13344.99902
1252.00000,13351.84277
1252.50000,13362.47656
1253.00000,13374.41797
1253.50000,13387.78613
1254.00000,13407.25684
1254.50000,13438.37109
1255.00000,13492.31836
1255.50000,13568.49707
1256.00000,13670.10742
1256.50000,13789.72266
1257.00000,13921.83203
1257.50000,14059.35938
1258.00000,14195.49121
1258.50000,14322.32715
1259.00000,14432.60449
1259.50000,14513.36816
1260.00000,14563.07910
1260.50000,14571.77051
1261.00000,14546.70410
1261.50000,14487.71680
1262.00000,14402.20410
1262.50000,14294.95703
1263.00000,14170.88379
1263.50000,14036.11133
1264.00000,13894.04395
1264.50000,13748.75195
1265.00000,13601.78223
1265.50000,13455.05078
1266.00000,13311.20020
1266.50000,13173.00977
1267.00000,13044.31445
1267.50000,12926.97559
1268.00000,12820.87012
1268.50000,12725.36719
1269.00000,12637.75684
1269.50000,12559.13477
1270.00000,12489.69141
1270.50000,12435.59180
1271.00000,12398.09180
1271.50000,12380.69824
1272.00000,12380.13086
1272.50000,12391.86719
1273.00000,12411.17188
1273.50000,12434.77051
1274.00000,12463.42285
1274.50000,12497.76270
1275.00000,12540.08984
1275.50000,12588.41699
1276.00000,12643.04004
1276.50000,12704.06348
1277.00000,12774.57910
1277.50000,12856.78711
1278.00000,12950.12695
1278.50000,13051.91016
1279.00000,13156.57910
1279.50000,13260.50684
1280.00000,13362.22559
1280.50000,13460.22363
1281.00000,13552.80762
1281.50000,13634.18164
1282.00000,13699.47754
1282.50000,13744.29980
1283.00000,13766.38672
1283.50000,13768.38477
1284.00000,13750.08301
1284.50000,13717.47266
1285.00000,13671.14453
1285.50000,13616.93164
1286.00000,13557.58203
1286.50000,13497.96777
1287.00000,13444.57422
1287.50000,13405.29590
1288.00000,13387.14160
1288.50000,13395.45996
1289.00000,13423.41113
1289.50000,13462.66602
1290.00000,13499.48340
1290.50000,13524.43750
1291.00000,13538.06250
1291.50000,13543.33691
1292.00000,13544.48926
1292.50000,13541.77832
1293.00000,13532.53906
1293.50000,13516.34766
1294.00000,13495.69434
1294.50000,13476.35645
1295.00000,13462.49512
1295.50000,13451.39551
1296.00000,13435.79688
1296.50000,13408.08691
1297.00000,13362.16211
1297.50000,13297.93066
1298.00000,13220.48242
1298.50000,13135.82520
1299.00000,13051.57715
1299.50000,12974.44824
1300.00000,12906.43457
1300.50000,12849.47363
1301.00000,12799.31543
1301.50000,12751.39746
1302.00000,12700.91406
1302.50000,12645.58203
1303.00000,12586.81543
1303.50000,12529.70117
1304.00000,12481.17480
1304.50000,12443.16992
1305.00000,12416.45410
1305.50000,12393.99902
1306.00000,12370.10840
1306.50000,12343.14844
1307.00000,12317.91992
1307.50000,12303.13965
1308.00000,12304.65137
1308.50000,12322.99121
1309.00000,12348.55566
1309.50000,12372.83984
1310.00000,12393.78906
1310.50000,12418.67969
1311.00000,12457.61230
1311.50000,12518.74805
1312.00000,12598.02051
1312.50000,12684.35840
1313.00000,12767.01465
1313.50000,12842.49023
1314.00000,12913.92285
1314.50000,12986.52441
1315.00000,13059.85254
1315.50000,13127.89063
1316.00000,13182.05566
1316.50000,13220.71191
1317.00000,13246.18848
1317.50000,13262.95215
1318.00000,13272.61816
1318.50000,13270.71387
1319.00000,13255.30273
1319.50000,13225.57520
1320.00000,13192.60254
1320.50000,13168.86816
1321.00000,13159.92773
1321.50000,13163.11719
1322.00000,13165.75195
1322.50000,13154.10449
1323.00000,13120.03320
1323.50000,13069.11719
1324.00000,13008.13770
1324.50000,12945.33594
1325.00000,12881.42676
1325.50000,12813.39355
1326.00000,12737.07715
1326.50000,12653.60254
1327.00000,12567.89160
1327.50000,12486.83789
1328.00000,12415.32813
1328.50000,12356.30566
1329.00000,12306.53711
1329.50000,12263.74805
1330.00000,12222.45410
1330.50000,12179.03906
1331.00000,12132.51855
1331.50000,12085.22559
1332.00000,12042.91211
1332.50000,12011.75586
1333.00000,11996.01660
1333.50000,11992.81543
1334.00000,11998.37500
1334.50000,12005.60352
1335.00000,12011.17773
1335.50000,12015.79297
1336.00000,12022.78027
1336.50000,12035.21191
1337.00000,12054.59082
1337.50000,12079.68262
1338.00000,12106.77637
1338.50000,12131.34180
1339.00000,12149.76172
1339.50000,12156.51855
1340.00000,12151.57715
1340.50000,12132.81055
1341.00000,12103.97070
1341.50000,12069.36328
1342.00000,12036.14160
1342.50000,12012.12109
1343.00000,12004.14844
1343.50000,12011.45508
1344.00000,12030.55762
1344.50000,12050.12402
1345.00000,12059.41504
1345.50000,12056.00586
1346.00000,12042.76563
1346.50000,12029.50781
1347.00000,12024.98242
1347.50000,12031.45605
1348.00000,12042.13184
1348.50000,12045.35352
1349.00000,12033.58594
1349.50000,11999.66504
1350.00000,11950.37891
1350.50000,11889.61719
1351.00000,11823.72949
1351.50000,11754.35254
1352.00000,11680.08203
1352.50000,11598.31641
1353.00000,11507.51172
1353.50000,11411.83398
1354.00000,11319.41211
1354.50000,11238.74707
1355.00000,11179.60156
1355.50000,11138.90430
1356.00000,11110.75488
1356.50000,11084.34570
1357.00000,11053.66309
1357.50000,11020.04590
1358.00000,10990.34473
1358.50000,10972.31348
1359.00000,10965.36621
1359.50000,10965.51465
1360.00000,10963.53223
1360.50000,10953.24023
1361.00000,10936.20996
1361.50000,10918.79199
1362.00000,10908.90039
1362.50000,10910.98047
1363.00000,10925.30273
1363.50000,10945.46582
1364.00000,10965.44141
1364.50000,10981.81543
1365.00000,10994.64746
1365.50000,11008.34082
1366.00000,11028.89844
1366.50000,11060.27441
1367.00000,11104.00586
1367.50000,11158.54102
1368.00000,11218.67871
1368.50000,11279.30859
1369.00000,11336.00098
1369.50000,11384.84180
1370.00000,11426.95410
1370.50000,11463.19043
1371.00000,11496.55176
1371.50000,11528.27637
1372.00000,11558.11523
1372.50000,11584.91113
1373.00000,11607.17285
1373.50000,11624.92871
1374.00000,11636.38477
1374.50000,11640.86133
1375.00000,11633.39746
1375.50000,11612.87305
1376.00000,11577.43457
1376.50000,11530.05273
1377.00000,11474.16406
1377.50000,11411.58496
1378.00000,11343.00586
1378.50000,11266.57813
1379.00000,11184.15625
1379.50000,11098.22949
1380.00000,11013.94043
1380.50000,10936.13867
1381.00000,10866.63965
1381.50000,10806.42383
1382.00000,10754.81543
1382.50000,10710.05664
1383.00000,10670.97363
1383.50000,10635.26270
1384.00000,10602.62109
1384.50000,10572.17773
1385.00000,10543.72363
1385.50000,10515.46582
1386.00000,10485.24805
1386.50000,10452.53125
1387.00000,10419.53809
1387.50000,10390.42676
1388.00000,10367.66211
1388.50000,10351.62598
1389.00000,10338.29785
1389.50000,10325.37207
1390.00000,10313.11816
1390.50000,10304.22363
1391.00000,10298.61816
1391.50000,10292.50879
1392.00000,10281.03711
1392.50000,10263.93359
1393.00000,10247.37012
1393.50000,10240.03613
1394.00000,10249.79004
1394.50000,10270.04688
1395.00000,10290.64063
1395.50000,10301.49805
1396.00000,10298.90527
1396.50000,10288.97461
1397.00000,10280.99609
1397.50000,10280.70215
1398.00000,10286.96680
1398.50000,10296.94336
1399.00000,10307.35156
1399.50000,10317.35352
1400.00000,10326.63477
1400.50000,10333.45215
1401.00000,10336.15430
1401.50000,10334.74512
1402.00000,10332.72656
1402.50000,10335.23926
1403.00000,10346.22559
1403.50000,10362.67871
1404.00000,10379.30566
1404.50000,10391.42773
1405.00000,10397.47852
1405.50000,10401.19141
1406.00000,10406.66211
1406.50000,10415.61230
1407.00000,10426.61719
1407.50000,10436.84961
1408.00000,10444.27148
1408.50000,10447.12109
1409.00000,10445.00977
1409.50000,10435.41211
1410.00000,10419.75781
1410.50000,10401.74023
1411.00000,10388.79004
1411.50000,10388.01563
1412.00000,10401.03125
1412.50000,10421.71094
1413.00000,10441.81152
1413.50000,10456.23438
1414.00000,10464.99512
1414.50000,10474.06641
1415.00000,10487.49609
1415.50000,10503.12891
1416.00000,10516.02441
1416.50000,10523.32813
1417.00000,10527.07324
1417.50000,10532.13770
1418.00000,10541.42578
1418.50000,10553.74902
1419.00000,10563.93848
1419.50000,10567.03027
1420.00000,10564.05469
1420.50000,10558.12598
1421.00000,10553.09277
1421.50000,10549.58301
1422.00000,10545.44238
1422.50000,10538.37402
1423.00000,10527.61035
1423.50000,10515.50000
1424.00000,10505.20996
1424.50000,10498.30371
1425.00000,10494.83887
1425.50000,10491.66113
1426.00000,10484.24609
1426.50000,10469.20898
1427.00000,10446.87109
1427.50000,10420.84961
1428.00000,10397.63770
1428.50000,10384.60645
1429.00000,10382.99121
1429.50000,10394.10742
1430.00000,10412.51855
1430.50000,10433.88867
1431.00000,10453.72949
1431.50000,10468.87695
1432.00000,10477.99121
1432.50000,10482.45117
1433.00000,10483.86719
1433.50000,10484.48047
1434.00000,10484.69238
1434.50000,10484.04883
1435.00000,10482.65918
1435.50000,10483.31543
1436.00000,10491.76465
1436.50000,10512.81543
1437.00000,10546.70605
1437.50000,10587.89941
1438.00000,10626.86914
1438.50000,10655.82422
1439.00000,10675.61719
1439.50000,10688.71191
1440.00000,10699.68652
1440.50000,10707.62891
1441.00000,10707.55762
1441.50000,10692.70508
1442.00000,10658.85156
1442.50000,10609.05664
1443.00000,10547.95020
1443.50000,10483.39453
1444.00000,10420.72559
1444.50000,10363.51465
1445.00000,10315.86328
1445.50000,10277.92773
1446.00000,10248.04297
1446.50000,10220.82617
1447.00000,10189.86621
1447.50000,10150.30078
1448.00000,10103.43945
1448.50000,10052.11523
1449.00000,10001.00684
1449.50000,9953.31348
1450.00000,9910.35742
1450.50000,9874.65234
1451.00000,9847.64746
1451.50000,9829.36328
1452.00000,9816.32422
1452.50000,9801.14355
1453.00000,9776.01367
1453.50000,9741.13770
1454.00000,9700.87598
1454.50000,9665.40527
1455.00000,9644.81152
1455.50000,9640.84766
1456.00000,9650.48828
1456.50000,9665.81738
1457.00000,9679.21777
1457.50000,9687.05957
1458.00000,9692.06836
1458.50000,9700.17969
1459.00000,9716.01270
1459.50000,9744.33203
1460.00000,9783.42383
1460.50000,9831.57715
1461.00000,9884.65137
1461.50000,9938.76660
1462.00000,9991.03906
1462.50000,10040.91992
1463.00000,10091.39648
1463.50000,10148.02539
1464.00000,10220.25293
1464.50000,10309.63086
1465.00000,10417.05957
1465.50000,10534.16992
1466.00000,10651.38184
1466.50000,10760.15723
1467.00000,10855.17090
1467.50000,10928.87891
1468.00000,10978.26563
1468.50000,10988.09570
1469.00000,10960.01465
1469.50000,10890.12793
1470.00000,10796.30762
1470.50000,10696.77539
1471.00000,10608.20801
1471.50000,10537.03125
1472.00000,10479.22168
1472.50000,10423.45508
1473.00000,10362.43652
1473.50000,10297.12695
1474.00000,10231.97754
1474.50000,10170.51758
1475.00000,10112.68359
1475.50000,10055.16992
1476.00000,9996.28906
1476.50000,9938.45508
1477.00000,9886.64160
1477.50000,9844.84668
1478.00000,9810.87988
1478.50000,9782.59668
1479.00000,9756.67969
1479.50000,9734.15820
1480.00000,9716.22949
1480.50000,9703.14063
1481.00000,9691.81738
1481.50000,9678.59180
1482.00000,9662.94434
1482.50000,9648.15332
1483.00000,9638.15234
1483.50000,9631.74414
1484.00000,9622.89160
1484.50000,9604.35352
1485.00000,9569.78516
1485.50000,9522.20508
1486.00000,9469.90332
1486.50000,9423.80078
1487.00000,9390.66895
1487.50000,9373.67871
1488.00000,9367.29688
1488.50000,9367.03516
1489.00000,9366.96973
1489.50000,9365.43359
1490.00000,9364.18066
1490.50000,9366.55176
1491.00000,9373.80469
1491.50000,9384.77832
1492.00000,9397.70703
1492.50000,9411.65918
1493.00000,9427.98047
1493.50000,9447.39355
1494.00000,9469.96191
1494.50000,9493.30957
1495.00000,9516.04297
1495.50000,9538.99316
1496.00000,9563.59082
1496.50000,9588.64844
1497.00000,9609.33301
1497.50000,9618.78809
1498.00000,9617.02539
1498.50000,9607.75293
1499.00000,9601.55176
1499.50000,9606.64746
1500.00000,9621.00098
1500.50000,9638.45020
1501.00000,9652.92285
1501.50000,9663.99512
1502.00000,9676.68262
1502.50000,9696.17188
1503.00000,9724.83398
1503.50000,9756.77344
1504.00000,9785.11914
1504.50000,9807.90234
1505.00000,9828.37695
1505.50000,9853.56934
1506.00000,9889.21973
1506.50000,9936.02441
1507.00000,9988.70703
1507.50000,10041.32227
1508.00000,10090.49316
1508.50000,10136.77637
1509.00000,10183.39355
1509.50000,10231.37891
1510.00000,10278.14648
1510.50000,10318.51367
1511.00000,10348.35449
1511.50000,10366.56445
1512.00000,10373.22168
1512.50000,10371.94922
1513.00000,10363.18750
1513.50000,10349.81934
1514.00000,10333.95020
1514.50000,10319.09961
1515.00000,10307.48340
1515.50000,10298.08691
1516.00000,10287.76367
1516.50000,10274.57324
1517.00000,10261.32813
1517.50000,10255.16797
1518.00000,10260.58496
1518.50000,10280.58496
1519.00000,10306.57910
1519.50000,10329.37305
1520.00000,10343.52930
1520.50000,10351.53809
1521.00000,10362.50098
1521.50000,10383.45801
1522.00000,10415.16895
1522.50000,10449.97461
1523.00000,10479.80469
1523.50000,10503.13086
1524.00000,10523.00586
1524.50000,10544.51855
1525.00000,10566.95996
1525.50000,10584.74414
1526.00000,10593.47656
1526.50000,10595.71484
1527.00000,10601.05762
1527.50000,10619.59570
1528.00000,10649.77344
1528.50000,10681.43848
1529.00000,10701.25098
1529.50000,10700.90234
1530.00000,10686.34863
1530.50000,10667.72754
1531.00000,10653.61426
1531.50000,10644.95313
1532.00000,10636.18262
1532.50000,10620.77148
1533.00000,10595.11816
1533.50000,10563.56641
1534.00000,10529.59766
1534.50000,10495.41016
1535.00000,10459.08203
1535.50000,10417.05664
1536.00000,10366.37988
1536.50000,10306.93652
1537.00000,10241.86914
1537.50000,10172.36328
1538.00000,10099.54297
1538.50000,10022.49414
1539.00000,9942.94824
1539.50000,9863.63086
1540.00000,9787.45215
1540.50000,9715.06836
1541.00000,9644.76367
1541.50000,9575.34082
1542.00000,9508.77930
1542.50000,9448.23828
1543.00000,9397.83789
1543.50000,9354.41699
1544.00000,9314.16699
1544.50000,9273.49805
1545.00000,9233.75000
1545.50000,9198.43652
1546.00000,9169.12012
1546.50000,9143.32129
1547.00000,9116.29004
1547.50000,9086.09180
1548.00000,9056.94434
1548.50000,9036.40527
1549.00000,9026.32813
1549.50000,9026.29004
1550.00000,9031.29785
1550.50000,9038.72754
1551.00000,9049.19043
1551.50000,9064.51563
1552.00000,9084.91504
1552.50000,9107.28906
1553.00000,9129.55762
1553.50000,9152.62891
1554.00000,9181.91504
1554.50000,9222.21094
1555.00000,9278.45898
1555.50000,9348.71191
1556.00000,9427.55273
1556.50000,9509.60742
1557.00000,9591.00195
1557.50000,9671.70020
1558.00000,9754.62305
1558.50000,9844.10840
1559.00000,9939.11816
1559.50000,10033.95703
1560.00000,10120.69531
1560.50000,10193.18262
1561.00000,10251.14160
1561.50000,10299.49316
1562.00000,10339.91699
1562.50000,10369.63281
1563.00000,10374.67188
1563.50000,10352.00000
1564.00000,10297.79297
1564.50000,10225.63867
1565.00000,10147.86523
1565.50000,10071.67773
1566.00000,9993.84277
1566.50000,9905.39063
1567.00000,9803.38184
1567.50000,9689.87695
1568.00000,9574.49219
1568.50000,9463.22754
1569.00000,9355.63184
1569.50000,9250.00488
1570.00000,9148.69629
1570.50000,9061.31055
1571.00000,8998.49414
1571.50000,8961.71582
1572.00000,8946.20215
1572.50000,8936.74023
1573.00000,8923.13086
1573.50000,8905.22949
1574.00000,8888.99023
1574.50000,8878.57520
1575.00000,8872.24316
1575.50000,8862.88379
1576.00000,8844.41699
1576.50000,8815.99121
1577.00000,8784.49805
1577.50000,8756.92383
1578.00000,8734.62305
1578.50000,8715.26563
1579.00000,8693.97363
1579.50000,8667.69531
1580.00000,8637.09766
1580.50000,8604.18457
1581.00000,8570.16895
1581.50000,8535.26074
1582.00000,8499.98730
1582.50000,8466.32813
1583.00000,8438.07422
1583.50000,8415.86719
1584.00000,8398.44922
1584.50000,8381.21484
1585.00000,8360.57129
1585.50000,8336.03223
1586.00000,8310.23047
1586.50000,8286.94141
1587.00000,8268.33301
1587.50000,8254.71387
1588.00000,8243.13672
1588.50000,8231.13574
1589.00000,8216.70605
1589.50000,8197.86523
1590.00000,8173.78662
1590.50000,8144.02539
1591.00000,8109.72852
1591.50000,8073.24023
1592.00000,8036.36328
1592.50000,8000.00488
1593.00000,7963.76123
1593.50000,7926.65430
1594.00000,7888.04590
1594.50000,7848.61475
1595.00000,7809.18408
1595.50000,7770.14111
1596.00000,7731.32178
1596.50000,7692.81543
1597.00000,7655.79785
1597.50000,7623.39795
1598.00000,7596.71191
1598.50000,7576.64111
1599.00000,7559.44141
1599.50000,7540.49365
1600.00000,7516.20703
1600.50000,7486.07520
1601.00000,7453.57813
1601.50000,7422.99951
1602.00000,7396.66943
1602.50000,7372.62109
1603.00000,7347.68555
1603.50000,7320.47461
1604.00000,7293.62988
1604.50000,7272.10547
1605.00000,7259.80029
1605.50000,7255.68457
1606.00000,7254.33984
1606.50000,7249.61914
1607.00000,7238.64746
1607.50000,7221.58838
1608.00000,7202.23975
1608.50000,7182.23242
1609.00000,7161.86230
1609.50000,7140.36328
1610.00000,7117.29004
1610.50000,7092.59082
1611.00000,7066.32422
1611.50000,7039.21338
1612.00000,7013.58105
1612.50000,6992.71533
1613.00000,6981.66357
1613.50000,6978.64014
1614.00000,6977.71484
1614.50000,6970.15430
1615.00000,6949.41650
1615.50000,6916.14307
1616.00000,6878.20850
1616.50000,6846.30127
1617.00000,6826.28320
1617.50000,6820.02588
1618.00000,6819.87012
1618.50000,6819.34912
1619.00000,6814.21045
1619.50000,6803.78125
1620.00000,6790.91016
1620.50000,6777.71924
1621.00000,6763.05957
1621.50000,6744.01904
1622.00000,6717.59863
1622.50000,6686.73877
1623.00000,6658.10010
1623.50000,6637.27197
1624.00000,6625.86133
1624.50000,6617.40430
1625.00000,6603.11426
1625.50000,6577.62695
1626.00000,6543.46143
1626.50000,6509.00537
1627.00000,6481.30811
1627.50000,6463.63184
1628.00000,6450.45166
1628.50000,6436.20068
1629.00000,6417.43506
1629.50000,6394.19287
1630.00000,6368.66553
1630.50000,6342.07959
1631.00000,6314.78418
1631.50000,6287.88135
1632.00000,6264.56982
1632.50000,6246.95264
1633.00000,6235.71094
1633.50000,6226.16260
1634.00000,6212.72949
1634.50000,6192.38281
1635.00000,6165.87109
1635.50000,6138.10547
1636.00000,6114.20898
1636.50000,6097.12988
1637.00000,6085.56104
1637.50000,6078.92529
1638.00000,6075.29980
1638.50000,6074.64307
1639.00000,6075.12549
1639.50000,6073.37744
1640.00000,6065.39551
1640.50000,6048.91016
1641.00000,6025.17676
1641.50000,6000.82324
1642.00000,5983.47119
1642.50000,5974.89404
1643.00000,5973.84570
1643.50000,5972.80713
1644.00000,5964.30322
1644.50000,5945.77930
1645.00000,5920.32080
1645.50000,5893.97412
1646.00000,5872.44434
1646.50000,5858.96289
1647.00000,5850.71338
1647.50000,5842.28174
1648.00000,5828.47949
1648.50000,5806.44287
1649.00000,5779.72363
1649.50000,5754.05859
1650.00000,5734.61865
1650.50000,5721.77295
1651.00000,5711.41260
1651.50000,5698.65820
1652.00000,5681.24072
1652.50000,5662.31250
1653.00000,5647.39502
1653.50000,5639.19141
1654.00000,5637.29736
1654.50000,5637.11768
1655.00000,5633.49512
1655.50000,5623.14941
1656.00000,5606.81445
1656.50000,5588.43408
1657.00000,5572.87451
1657.50000,5564.23828
1658.00000,5561.19482
1658.50000,5562.02441
1659.00000,5563.66064
1659.50000,5564.73877
1660.00000,5564.86914
1660.50000,5563.06934
1661.00000,5557.09521
1661.50000,5545.85596
1662.00000,5529.22266
1662.50000,5511.29004
1663.00000,5495.21387
1663.50000,5481.69922
1664.00000,5469.55078
1664.50000,5456.35498
1665.00000,5440.48828
1665.50000,5421.81006
1666.00000,5401.43994
1666.50000,5381.07373
1667.00000,5362.78906
1667.50000,5349.34766
1668.00000,5339.50830
1668.50000,5331.08350
1669.00000,5321.16357
1669.50000,5308.44873
1670.00000,5293.74756
1670.50000,5277.88428
1671.00000,5259.44580
1671.50000,5236.69922
1672.00000,5209.11475
1672.50000,5181.70801
1673.00000,5162.81787
1673.50000,5155.42041
1674.00000,5157.29541
1674.50000,5160.32715
1675.00000,5157.07471
1675.50000,5144.94141
1676.00000,5128.07275
1676.50000,5112.45166
1677.00000,5100.84961
1677.50000,5092.89014
1678.00000,5084.83105
1678.50000,5073.92676
1679.00000,5060.68945
1679.50000,5047.73682
1680.00000,5037.56982
1680.50000,5031.01367
1681.00000,5027.55566
1681.50000,5025.19775
1682.00000,5021.98193
1682.50000,5016.45117
1683.00000,5006.60010
1683.50000,4992.84668
1684.00000,4977.41357
1684.50000,4965.23047
1685.00000,4960.09326
1685.50000,4961.63232
1686.00000,4963.97266
1686.50000,4959.19922
1687.00000,4944.54395
1687.50000,4922.25049
1688.00000,4900.77100
1688.50000,4887.00488
1689.00000,4882.12109
1689.50000,4883.85498
1690.00000,4887.16113
1690.50000,4887.75098
1691.00000,4882.54590
1691.50000,4871.21582
1692.00000,4853.47266
1692.50000,4833.50293
1693.00000,4815.81396
1693.50000,4802.77393
1694.00000,4794.76416
1694.50000,4789.59570
1695.00000,4785.08691
1695.50000,4779.83447
1696.00000,4772.61523
1696.50000,4760.88037
1697.00000,4744.05127
1697.50000,4723.13770
1698.00000,4704.32471
1698.50000,4694.15723
1699.00000,4693.45996
1699.50000,4698.80811
1700.00000,4704.19141
1700.50000,4705.87109
1701.00000,4704.56738
1701.50000,4703.28076
1702.00000,4703.58301
1702.50000,4704.47705
1703.00000,4704.30957
1703.50000,4702.68555
1704.00000,4699.87744
1704.50000,4696.31006
1705.00000,4692.30176
1705.50000,4688.50586
1706.00000,4685.31543
1706.50000,4681.20068
1707.00000,4673.29834
1707.50000,4657.94727
1708.00000,4637.77197
1708.50000,4619.30273
1709.00000,4608.33301
1709.50000,4605.13379
1710.00000,4603.68555
1710.50000,4597.07324
1711.00000,4583.12451
1711.50000,4568.23877
1712.00000,4558.96533
1712.50000,4555.14600
1713.00000,4552.58740
1713.50000,4545.81152
1714.00000,4533.76025
1714.50000,4519.68652
1715.00000,4506.44141
1715.50000,4494.18604
1716.00000,4481.64844
1716.50000,4469.80518
1717.00000,4461.50635
1717.50000,4459.90869
1718.00000,4462.13867
1718.50000,4462.14404
1719.00000,4455.12354
1719.50000,4441.61621
1720.00000,4426.93848
1720.50000,4416.65088
1721.00000,4412.72021
1721.50000,4410.48877
1722.00000,4404.43066
1722.50000,4393.73389
1723.00000,4380.62939
1723.50000,4369.65820
1724.00000,4362.91602
1724.50000,4358.21143
1725.00000,4352.08643
1725.50000,4342.62305
1726.00000,4331.45703
1726.50000,4322.38037
1727.00000,4317.53711
1727.50000,4317.79883
1728.00000,4320.30908
1728.50000,4321.99463
1729.00000,4320.63965
1729.50000,4316.00342
1730.00000,4309.33740
1730.50000,4302.60693
1731.00000,4297.32764
1731.50000,4293.40186
1732.00000,4289.48828
1732.50000,4283.75195
1733.00000,4274.26855
1733.50000,4261.45557
1734.00000,4247.96240
1734.50000,4238.12646
1735.00000,4235.35840
1735.50000,4240.57715
1736.00000,4249.35986
1736.50000,4254.96924
1737.00000,4253.70947
1737.50000,4244.42041
1738.00000,4232.16309
1738.50000,4222.56494
1739.00000,4218.77344
1739.50000,4220.16064
1740.00000,4223.68750
1740.50000,4225.77100
1741.00000,4223.99707
1741.50000,4219.54639
1742.00000,4214.38379
1742.50000,4209.93213
1743.00000,4205.16846
1743.50000,4197.50488
1744.00000,4185.93555
1744.50000,4173.76563
1745.00000,4166.54883
1745.50000,4168.51660
1746.00000,4176.80957
1746.50000,4184.46924
1747.00000,4186.44971
1747.50000,4181.91650
1748.00000,4176.20313
1748.50000,4174.10254
1749.00000,4175.29248
1749.50000,4176.24951
1750.00000,4173.89502
1750.50000,4168.62207
1751.00000,4163.32471
1751.50000,4160.26758
1752.00000,4159.42969
1752.50000,4158.15039
1753.00000,4153.64551
1753.50000,4145.53271
1754.00000,4135.01025
1754.50000,4123.77686
1755.00000,4113.02197
1755.50000,4103.57471
1756.00000,4096.17578
1756.50000,4092.86963
1757.00000,4093.88501
1757.50000,4099.06396
1758.00000,4104.88818
1758.50000,4107.54834
1759.00000,4105.34424
1759.50000,4098.29980
1760.00000,4087.18164
1760.50000,4073.62451
1761.00000,4060.00366
1761.50000,4049.62109
1762.00000,4046.72583
1762.50000,4049.84644
1763.00000,4053.79492
1763.50000,4052.16821
1764.00000,4042.38110
1764.50000,4027.87378
1765.00000,4015.38013
1765.50000,4009.32959
1766.00000,4008.42236
1766.50000,4010.38086
1767.00000,4012.21973
1767.50000,4012.49902
1768.00000,4011.18579
1768.50000,4008.48633
1769.00000,4005.55029
1769.50000,4003.82397
1770.00000,4003.44092
1770.50000,4002.36670
1771.00000,3997.86011
1771.50000,3989.86230
1772.00000,3980.14307
1772.50000,3972.23999
1773.00000,3968.05347
1773.50000,3966.30298
1774.00000,3964.00171
1774.50000,3957.70264
1775.00000,3946.71118
1775.50000,3932.93701
1776.00000,3920.96875
1776.50000,3915.98999
1777.00000,3916.45020
1777.50000,3917.97437
1778.00000,3916.01880
1778.50000,3909.75220
1779.00000,3902.97827
1779.50000,3899.08911
1780.00000,3897.42578
1780.50000,3894.72729
1781.00000,3889.05859
1781.50000,3882.91724
1782.00000,3879.93188
1782.50000,3880.21729
1783.00000,3881.65112
1783.50000,3881.06714
1784.00000,3877.13159
1784.50000,3870.46851
1785.00000,3862.76929
1785.50000,3856.27002
1786.00000,3852.63013
1786.50000,3851.81494
1787.00000,3850.38770
1787.50000,3844.34229
1788.00000,3833.89648
1788.50000,3823.53027
1789.00000,3817.68994
1789.50000,3816.54126
1790.00000,3816.15356
1790.50000,3812.67920
1791.00000,3806.28076
1791.50000,3800.34448
1792.00000,3797.48364
1792.50000,3797.11768
1793.00000,3798.01489
1793.50000,3799.20410
1794.00000,3799.90796
1794.50000,3798.86084
1795.00000,3795.49219
1795.50000,3790.45557
1796.00000,3784.92798
1796.50000,3778.38208
1797.00000,3770.20068
1797.50000,3762.20483
1798.00000,3758.41260
1798.50000,3761.84546
1799.00000,3769.56616
1799.50000,3774.51733
1800.00000,3772.19336
1800.50000,3764.50684
1801.00000,3754.98804
1801.50000,3746.72144
1802.00000,3741.57397
1802.50000,3741.03345
1803.00000,3746.88745
1803.50000,3754.76245
1804.00000,3755.54199
1804.50000,3744.02466
1805.00000,3725.16528
1805.50000,3709.09106
1806.00000,3700.62842
1806.50000,3696.53931
1807.00000,3691.50952
1807.50000,3687.79175
1808.00000,3690.89966
1808.50000,3699.63379
1809.00000,3705.19897
1809.50000,3701.17822
1810.00000,3690.33008
