440.00000,12089.87305
440.50000,12080.50195
441.00000,12068.47461
441.50000,12053.05664
442.00000,12035.33984
442.50000,12017.82813
443.00000,12002.53125
443.50000,11991.02051
444.00000,11984.02344
444.50000,11982.47363
445.00000,11984.28711
445.50000,11988.08203
446.00000,11991.36035
446.50000,11991.82129
447.00000,11988.88184
447.50000,11983.92871
448.00000,11978.69531
448.50000,11974.48340
449.00000,11971.78027
449.50000,11969.84277
450.00000,11968.04004
450.50000,11966.32910
451.00000,11965.04785
451.50000,11964.18457
452.00000,11962.79980
452.50000,11959.65430
453.00000,11954.30176
453.50000,11947.49121
454.00000,11941.19434
454.50000,11938.18555
455.00000,11938.28125
455.50000,11940.08496
456.00000,11940.68652
456.50000,11936.90918
457.00000,11927.07715
457.50000,11911.21484
458.00000,11890.62109
458.50000,11866.72852
459.00000,11840.52051
459.50000,11813.74609
460.00000,11788.81738
460.50000,11767.08203
461.00000,11750.03223
461.50000,11736.70508
462.00000,11725.94434
462.50000,11715.98340
463.00000,11706.40430
463.50000,11697.93848
464.00000,11691.11133
464.50000,11685.71484
465.00000,11679.41895
465.50000,11669.34180
466.00000,11655.73535
466.50000,11640.41992
467.00000,11627.48438
467.50000,11621.98535
468.00000,11624.29785
468.50000,11631.03320
469.00000,11637.83691
469.50000,11641.01367
470.00000,11638.00293
470.50000,11632.25977
471.00000,11626.59180
471.50000,11622.27246
472.00000,11618.52539
472.50000,11612.79688
473.00000,11603.23047
473.50000,11590.81738
474.00000,11578.43164
474.50000,11569.16797
475.00000,11563.79883
475.50000,11561.16211
476.00000,11557.30859
476.50000,11549.47559
477.00000,11537.44727
477.50000,11522.68848
478.00000,11508.31055
478.50000,11496.84570
479.00000,11489.38965
479.50000,11484.93555
480.00000,11482.67578
480.50000,11480.44336
481.00000,11475.65723
481.50000,11466.68652
482.00000,11452.02246
482.50000,11432.41016
483.00000,11411.04492
483.50000,11394.32129
484.00000,11386.56738
484.50000,11390.98047
485.00000,11403.08203
485.50000,11416.89551
486.00000,11423.21289
486.50000,11415.26660
487.00000,11394.53125
487.50000,11365.39551
488.00000,11334.56055
488.50000,11308.75781
489.00000,11291.86719
489.50000,11281.36328
490.00000,11275.78418
490.50000,11271.79492
491.00000,11267.78809
491.50000,11262.74902
492.00000,11256.11816
492.50000,11247.78418
493.00000,11238.33008
493.50000,11229.28906
494.00000,11223.23828
494.50000,11222.60449
495.00000,11225.82520
495.50000,11230.46875
496.00000,11232.62988
496.50000,11228.39648
497.00000,11217.47363
497.50000,11203.41211
498.00000,11190.14355
498.50000,11180.52930
499.00000,11176.05371
499.50000,11174.99707
500.00000,11175.66211
500.50000,11177.01172
501.00000,11179.69434
501.50000,11184.24414
502.00000,11190.66016
502.50000,11197.06641
503.00000,11201.14453
503.50000,11201.43164
504.00000,11198.51172
504.50000,11193.20605
505.00000,11187.19727
505.50000,11180.60352
506.00000,11172.99219
506.50000,11164.19043
507.00000,11155.44141
507.50000,11149.59180
508.00000,11150.03906
508.50000,11156.64746
509.00000,11168.18164
509.50000,11180.84180
510.00000,11191.13965
510.50000,11197.76172
511.00000,11201.43359
511.50000,11204.31836
512.00000,11207.44141
512.50000,11210.50488
513.00000,11212.08301
513.50000,11210.46680
514.00000,11206.43555
514.50000,11201.29785
515.00000,11197.08789
515.50000,11195.76953
516.00000,11197.90625
516.50000,11203.65820
517.00000,11212.19824
517.50000,11222.70215
518.00000,11233.81641
518.50000,11243.48242
519.00000,11248.27930
519.50000,11248.01270
520.00000,11242.54492
520.50000,11235.16504
521.00000,11229.04297
521.50000,11226.65430
522.00000,11228.07910
522.50000,11230.50781
523.00000,11230.76953
523.50000,11226.14453
524.00000,11216.41797
524.50000,11201.17773
525.00000,11183.22656
525.50000,11163.60547
526.00000,11143.55762
526.50000,11124.23438
527.00000,11107.12695
527.50000,11094.23047
528.00000,11086.47070
528.50000,11082.95605
529.00000,11082.71387
529.50000,11083.52148
530.00000,11084.01367
530.50000,11083.88770
531.00000,11083.46484
531.50000,11082.78516
532.00000,11081.10840
532.50000,11077.26367
533.00000,11070.35938
533.50000,11061.28809
534.00000,11052.73828
534.50000,11048.02734
535.00000,11048.16211
535.50000,11053.67383
536.00000,11061.02734
536.50000,11065.71387
537.00000,11065.08691
537.50000,11058.71973
538.00000,11048.25293
538.50000,11037.25098
539.00000,11029.29199
539.50000,11024.53027
540.00000,11022.14551
540.50000,11019.78906
541.00000,11015.79492
541.50000,11010.13965
542.00000,11004.51465
542.50000,11000.82910
543.00000,10999.63965
543.50000,11000.32617
544.00000,11000.92090
544.50000,10999.05664
545.00000,10994.60059
545.50000,10988.41602
546.00000,10982.23145
546.50000,10977.24609
547.00000,10973.61426
547.50000,10970.67383
548.00000,10967.79590
548.50000,10965.24414
549.00000,10963.99902
549.50000,10964.38477
550.00000,10966.16699
550.50000,10967.29395
551.00000,10965.54004
551.50000,10960.89941
552.00000,10955.13477
552.50000,10951.35059
553.00000,10952.15332
553.50000,10958.52539
554.00000,10965.89941
554.50000,10968.31738
555.00000,10962.57813
555.50000,10945.72656
556.00000,10921.24219
556.50000,10894.83301
557.00000,10872.85742
557.50000,10858.58398
558.00000,10852.87109
558.50000,10853.04102
559.00000,10856.86523
559.50000,10861.22461
560.00000,10864.64551
560.50000,10866.77148
561.00000,10867.04980
561.50000,10865.26270
562.00000,10861.11230
562.50000,10854.85449
563.00000,10847.91016
563.50000,10841.54590
564.00000,10836.50977
564.50000,10833.37695
565.00000,10831.49121
565.50000,10830.47656
566.00000,10829.86523
566.50000,10829.53320
567.00000,10829.14258
567.50000,10827.95898
568.00000,10824.80469
568.50000,10819.15723
569.00000,10811.53516
569.50000,10804.00977
570.00000,10798.96289
570.50000,10797.21484
571.00000,10798.50391
571.50000,10799.79492
572.00000,10797.43652
572.50000,10789.51074
573.00000,10776.92188
573.50000,10761.96191
574.00000,10748.23340
574.50000,10739.51660
575.00000,10734.62305
575.50000,10732.11426
576.00000,10729.69043
576.50000,10726.27051
577.00000,10722.43750
577.50000,10720.15527
578.00000,10720.83203
578.50000,10723.56445
579.00000,10726.26758
579.50000,10726.40723
580.00000,10721.19336
580.50000,10710.83691
581.00000,10696.73340
581.50000,10681.41797
582.00000,10666.60254
582.50000,10653.26855
583.00000,10641.77539
583.50000,10633.28613
584.00000,10628.70020
584.50000,10630.48535
585.00000,10638.04883
585.50000,10651.18457
586.00000,10666.64453
586.50000,10680.30273
587.00000,10688.17188
587.50000,10689.42578
588.00000,10684.91504
588.50000,10678.16797
589.00000,10672.81445
589.50000,10671.42480
590.00000,10676.44531
590.50000,10685.76465
591.00000,10697.67383
591.50000,10709.70605
592.00000,10719.65137
592.50000,10725.71387
593.00000,10726.99902
593.50000,10723.33301
594.00000,10716.70801
594.50000,10708.70605
595.00000,10701.58398
595.50000,10697.19141
596.00000,10695.78320
596.50000,10696.15332
597.00000,10696.16113
597.50000,10694.26172
598.00000,10689.78027
598.50000,10683.67773
599.00000,10677.21777
599.50000,10671.50195
600.00000,10666.26367
600.50000,10660.32422
601.00000,10652.56348
601.50000,10643.15332
602.00000,10633.72070
602.50000,10627.30469
603.00000,10625.65527
603.50000,10628.97559
604.00000,10634.08398
604.50000,10636.80859
605.00000,10634.04004
605.50000,10622.87207
606.00000,10605.51270
606.50000,10586.16504
607.00000,10568.87891
607.50000,10556.16211
608.00000,10548.93457
608.50000,10545.16699
609.00000,10543.06250
609.50000,10541.07520
610.00000,10540.12207
610.50000,10541.79492
611.00000,10548.03613
611.50000,10558.72070
612.00000,10571.29688
612.50000,10580.42383
613.00000,10581.75488
613.50000,10571.39844
614.00000,10552.09375
614.50000,10527.12012
615.00000,10503.84766
615.50000,10490.39355
616.00000,10488.07031
616.50000,10494.82227
617.00000,10505.04980
617.50000,10512.43555
618.00000,10512.38379
618.50000,10505.78613
619.00000,10497.30762
619.50000,10493.18555
620.00000,10497.90332
620.50000,10509.73828
621.00000,10524.48242
621.50000,10535.71289
622.00000,10537.73047
622.50000,10530.12988
623.00000,10517.52637
623.50000,10504.77734
624.00000,10495.66797
624.50000,10492.39453
625.00000,10492.73535
625.50000,10494.09180
626.00000,10494.55469
626.50000,10494.09082
627.00000,10493.58691
627.50000,10493.70020
628.00000,10494.18164
628.50000,10493.90137
629.00000,10491.98047
629.50000,10489.67383
630.00000,10489.35547
630.50000,10492.81250
631.00000,10500.92383
631.50000,10511.75879
632.00000,10521.02246
632.50000,10524.35938
633.00000,10520.72559
633.50000,10509.96289
634.00000,10495.74707
634.50000,10480.87207
635.00000,10467.65820
635.50000,10457.20605
636.00000,10448.91895
636.50000,10442.66797
637.00000,10438.75684
637.50000,10437.43359
638.00000,10438.99609
638.50000,10442.36230
639.00000,10446.41699
639.50000,10450.35352
640.00000,10454.68848
640.50000,10460.42090
641.00000,10468.44629
641.50000,10478.19336
642.00000,10487.30078
642.50000,10492.41504
643.00000,10492.46875
643.50000,10487.44238
644.00000,10480.70020
644.50000,10475.76074
645.00000,10474.84668
645.50000,10479.30859
646.00000,10487.16406
646.50000,10496.41309
647.00000,10505.83984
647.50000,10515.00488
648.00000,10523.64746
648.50000,10531.17188
649.00000,10534.89063
649.50000,10533.50586
650.00000,10525.19043
650.50000,10511.43848
651.00000,10494.30957
651.50000,10476.90137
652.00000,10461.95117
652.50000,10451.54395
653.00000,10445.14844
653.50000,10442.21387
654.00000,10440.48145
654.50000,10437.52148
655.00000,10431.04492
655.50000,10418.34570
656.00000,10399.00098
656.50000,10375.26758
657.00000,10351.09766
657.50000,10330.39160
658.00000,10316.30469
658.50000,10307.99414
659.00000,10304.34180
659.50000,10301.54590
660.00000,10297.54395
660.50000,10292.52148
661.00000,10287.91113
661.50000,10285.36426
662.00000,10285.79883
662.50000,10289.43359
663.00000,10295.23535
663.50000,10302.26855
664.00000,10309.32227
664.50000,10315.20313
665.00000,10319.11328
665.50000,10320.34863
666.00000,10319.67969
666.50000,10319.21191
667.00000,10321.63184
667.50000,10327.53711
668.00000,10335.45215
668.50000,10341.54199
669.00000,10340.59961
669.50000,10331.80273
670.00000,10315.65234
670.50000,10298.20898
671.00000,10285.23926
671.50000,10278.83691
672.00000,10276.71680
672.50000,10273.84082
673.00000,10265.25195
673.50000,10246.79590
674.00000,10221.89063
674.50000,10195.71191
675.00000,10173.05469
675.50000,10156.37402
676.00000,10144.21191
676.50000,10133.34863
677.00000,10120.60156
677.50000,10104.89453
678.00000,10087.78906
678.50000,10072.11426
679.00000,10060.85938
679.50000,10054.28906
680.00000,10052.78906
680.50000,10054.66602
681.00000,10058.22070
681.50000,10061.17969
682.00000,10061.43652
682.50000,10056.90332
683.00000,10047.51074
683.50000,10033.31641
684.00000,10017.57617
684.50000,10004.10254
685.00000,9995.96191
685.50000,9994.16211
686.00000,9996.35547
686.50000,9998.72852
687.00000,9997.32324
687.50000,9990.23242
688.00000,9976.81934
688.50000,9960.48535
689.00000,9945.37500
689.50000,9934.30859
690.00000,9929.37891
690.50000,9929.70605
691.00000,9933.68750
691.50000,9938.82520
692.00000,9942.54688
692.50000,9942.47461
693.00000,9938.62109
693.50000,9930.94043
694.00000,9921.70410
694.50000,9913.15820
695.00000,9907.36133
695.50000,9906.08594
696.00000,9909.40234
696.50000,9915.82129
697.00000,9923.33301
697.50000,9930.14648
698.00000,9934.93750
698.50000,9937.63867
699.00000,9937.77734
699.50000,9935.77539
700.00000,9930.95703
700.50000,9923.37988
701.00000,9912.85742
701.50000,9899.69043
702.00000,9884.85547
702.50000,9869.65234
703.00000,9855.81836
703.50000,9846.20117
704.00000,9841.95996
704.50000,9844.28809
705.00000,9851.06445
705.50000,9859.36719
706.00000,9865.26660
706.50000,9865.56543
707.00000,9858.83008
707.50000,9847.31152
708.00000,9834.78125
708.50000,9824.50488
709.00000,9817.71094
709.50000,9812.08496
710.00000,9804.21582
710.50000,9791.60840
711.00000,9773.81055
711.50000,9753.68359
712.00000,9736.25000
712.50000,9725.86719
713.00000,9722.66992
713.50000,9726.33984
714.00000,9732.30078
714.50000,9736.83008
715.00000,9737.53223
715.50000,9733.42969
716.00000,9726.55273
716.50000,9719.39746
717.00000,9713.90820
717.50000,9710.46582
718.00000,9708.34277
718.50000,9705.57715
719.00000,9700.15723
719.50000,9692.31348
720.00000,9684.22266
720.50000,9678.93262
721.00000,9678.66895
721.50000,9683.11719
722.00000,9688.77441
722.50000,9690.32227
723.00000,9684.20508
723.50000,9666.52344
724.00000,9643.00488
724.50000,9618.71777
725.00000,9598.82910
725.50000,9586.53613
726.00000,9581.29590
726.50000,9580.28711
727.00000,9580.57324
727.50000,9580.21777
728.00000,9579.37988
728.50000,9579.14844
729.00000,9580.40723
729.50000,9582.81543
730.00000,9585.87891
730.50000,9589.27441
731.00000,9593.62109
731.50000,9600.37695
732.00000,9610.21973
732.50000,9622.89844
733.00000,9636.36426
733.50000,9648.32910
734.00000,9657.69922
734.50000,9663.84180
735.00000,9667.71875
735.50000,9669.49219
736.00000,9668.22363
736.50000,9662.24414
737.00000,9650.14258
737.50000,9633.94141
738.00000,9617.81641
738.50000,9607.32129
739.00000,9609.20410
739.50000,9623.36230
740.00000,9647.08789
740.50000,9672.41992
741.00000,9692.86523
741.50000,9705.17676
742.00000,9710.88379
742.50000,9712.89941
743.00000,9714.94824
743.50000,9718.04688
744.00000,9719.95313
744.50000,9716.80664
745.00000,9707.45117
745.50000,9692.49414
746.00000,9674.87402
746.50000,9657.83789
747.00000,9643.46680
747.50000,9631.67188
748.00000,9622.14453
748.50000,9614.13672
749.00000,9608.57520
749.50000,9605.70117
750.00000,9605.15527
750.50000,9604.72852
751.00000,9601.63965
751.50000,9594.19043
752.00000,9583.85254
752.50000,9575.03320
753.00000,9572.14844
753.50000,9578.98242
754.00000,9592.51855
754.50000,9609.40625
755.00000,9625.27148
755.50000,9638.07031
756.00000,9648.77930
756.50000,9659.80664
757.00000,9671.92773
757.50000,9682.32715
758.00000,9685.14453
758.50000,9678.28320
759.00000,9660.04590
759.50000,9635.72168
760.00000,9610.76953
760.50000,9589.42676
761.00000,9572.28711
761.50000,9556.53125
762.00000,9539.56934
762.50000,9521.76367
763.00000,9505.92578
763.50000,9495.72656
764.00000,9490.23828
764.50000,9485.91992
765.00000,9477.09863
765.50000,9459.42090
766.00000,9435.18457
766.50000,9411.23242
767.00000,9394.49609
767.50000,9386.47363
768.00000,9385.55664
768.50000,9384.52344
769.00000,9377.08691
769.50000,9362.46484
770.00000,9343.90918
770.50000,9328.02539
771.00000,9318.91895
771.50000,9316.93555
772.00000,9318.34961
772.50000,9319.19238
773.00000,9317.03613
773.50000,9310.87012
774.00000,9302.42969
774.50000,9292.55078
775.00000,9281.62207
775.50000,9269.47559
776.00000,9256.65820
776.50000,9244.66895
777.00000,9235.37402
777.50000,9228.96387
778.00000,9224.45605
778.50000,9218.82813
779.00000,9208.78320
779.50000,9194.75684
780.00000,9179.78516
780.50000,9168.52344
781.00000,9164.69336
781.50000,9169.37305
782.00000,9178.77539
782.50000,9187.39063
783.00000,9190.20313
783.50000,9183.03320
784.00000,9169.64355
784.50000,9155.81641
785.00000,9147.70117
785.50000,9149.66309
786.00000,9162.28613
786.50000,9182.06641
787.00000,9204.60254
787.50000,9225.03711
788.00000,9239.09375
788.50000,9246.66699
789.00000,9247.53613
789.50000,9243.74512
790.00000,9236.23535
790.50000,9226.06250
791.00000,9213.84668
791.50000,9199.70801
792.00000,9183.92676
792.50000,9166.32422
793.00000,9147.51758
793.50000,9128.27637
794.00000,9109.76465
794.50000,9093.20410
795.00000,9079.04004
795.50000,9067.24414
796.00000,9057.15918
796.50000,9047.72852
797.00000,9038.11621
797.50000,9027.86719
798.00000,9016.59863
798.50000,9004.48633
799.00000,8991.30273
799.50000,8977.21484
800.00000,8962.65332
800.50000,8948.73438
801.00000,8937.11230
801.50000,8929.79395
802.00000,8927.35547
802.50000,8930.46289
803.00000,8936.49316
803.50000,8943.23633
804.00000,8948.99512
804.50000,8953.51367
805.00000,8958.00488
805.50000,8963.86523
806.00000,8971.27441
806.50000,8978.32617
807.00000,8981.38379
807.50000,8978.25586
808.00000,8968.59473
808.50000,8958.12305
809.00000,8953.87793
809.50000,8960.11523
810.00000,8978.04980
810.50000,9002.71289
811.00000,9025.84863
811.50000,9039.37207
812.00000,9041.06836
812.50000,9031.37402
813.00000,9018.85938
813.50000,9010.27051
814.00000,9008.05078
814.50000,9011.66211
815.00000,9016.65430
815.50000,9017.84473
816.00000,9011.03613
816.50000,8995.18945
817.00000,8970.19238
817.50000,8940.58691
818.00000,8911.99805
818.50000,8889.69922
819.00000,8878.93848
819.50000,8879.02734
820.00000,8886.80859
820.50000,8895.74219
821.00000,8899.40137
821.50000,8893.81738
822.00000,8881.15332
822.50000,8865.66602
823.00000,8853.13574
823.50000,8846.43945
824.00000,8843.23047
824.50000,8840.05762
825.00000,8834.16309
825.50000,8825.44727
826.00000,8816.44141
826.50000,8810.38477
827.00000,8809.56738
827.50000,8812.20215
828.00000,8814.88477
828.50000,8814.23145
829.00000,8808.54883
829.50000,8799.76465
830.00000,8791.05371
830.50000,8785.59180
831.00000,8784.77930
831.50000,8788.16113
832.00000,8792.64941
832.50000,8794.52637
833.00000,8791.66309
833.50000,8782.98438
834.00000,8771.56641
834.50000,8760.89355
835.00000,8753.92383
835.50000,8751.68750
836.00000,8752.85254
836.50000,8754.14648
837.00000,8752.37500
837.50000,8746.95410
838.00000,8738.71289
838.50000,8731.02734
839.00000,8726.69922
839.50000,8725.79688
840.00000,8726.81934
840.50000,8727.52246
841.00000,8726.66895
841.50000,8724.68652
842.00000,8723.41113
842.50000,8724.86426
843.00000,8728.59082
843.50000,8732.49121
844.00000,8733.03516
844.50000,8727.36621
845.00000,8716.38184
845.50000,8703.87695
846.00000,8695.22852
846.50000,8694.11328
847.00000,8702.45703
847.50000,8715.66992
848.00000,8727.83008
848.50000,8733.64160
849.00000,8729.84863
849.50000,8719.75195
850.00000,8709.50879
850.50000,8704.17188
851.00000,8704.25391
851.50000,8706.18945
852.00000,8704.27539
852.50000,8693.12598
853.00000,8674.87500
853.50000,8653.84570
854.00000,8636.54199
854.50000,8626.99414
855.00000,8623.08496
855.50000,8618.04395
856.00000,8605.22168
856.50000,8583.54492
857.00000,8555.69824
857.50000,8529.06738
858.00000,8510.92383
858.50000,8502.27539
859.00000,8502.21191
859.50000,8505.71875
860.00000,8508.88477
860.50000,8510.29297
861.00000,8511.00879
861.50000,8512.31250
862.00000,8513.75098
862.50000,8512.94629
863.00000,8508.48926
863.50000,8500.07715
864.00000,8491.17090
864.50000,8486.75977
865.00000,8490.43457
865.50000,8502.28516
866.00000,8518.58789
866.50000,8532.54199
867.00000,8537.40332
867.50000,8533.77148
868.00000,8523.98047
868.50000,8514.35547
869.00000,8509.60742
869.50000,8510.48047
870.00000,8514.98145
870.50000,8519.96289
871.00000,8523.67578
871.50000,8526.79297
872.00000,8531.28418
872.50000,8538.40234
873.00000,8545.47266
873.50000,8547.35938
874.00000,8540.92285
874.50000,8524.97070
875.00000,8502.89258
875.50000,8479.89355
876.00000,8460.24414
876.50000,8444.91016
877.00000,8433.09863
877.50000,8422.11230
878.00000,8410.90723
878.50000,8400.13574
879.00000,8391.46289
879.50000,8385.20020
880.00000,8380.30176
880.50000,8375.00586
881.00000,8368.23535
881.50000,8360.10254
882.00000,8352.01074
882.50000,8345.60254
883.00000,8341.23535
883.50000,8339.12207
884.00000,8338.55762
884.50000,8339.17188
885.00000,8340.35840
885.50000,8340.83789
886.00000,8338.52344
886.50000,8331.97949
887.00000,8319.73633
887.50000,8303.92676
888.00000,8287.02930
888.50000,8272.13867
889.00000,8261.31641
889.50000,8253.93555
890.00000,8247.86426
890.50000,8240.60352
891.00000,8230.99805
891.50000,8219.62891
892.00000,8208.91992
892.50000,8201.31152
893.00000,8196.63574
893.50000,8193.66211
894.00000,8189.67432
894.50000,8182.22021
895.00000,8170.52490
895.50000,8155.57813
896.00000,8138.98828
896.50000,8122.46045
897.00000,8106.82324
897.50000,8092.06543
898.00000,8078.97754
898.50000,8068.58057
899.00000,8062.99512
899.50000,8062.83838
900.00000,8067.31396
900.50000,8073.99756
901.00000,8079.64355
901.50000,8081.43701
902.00000,8079.13965
902.50000,8072.73633
903.00000,8064.63330
903.50000,8056.79004
904.00000,8050.96094
904.50000,8048.56738
905.00000,8049.54980
905.50000,8052.18945
906.00000,8053.82959
906.50000,8052.28125
907.00000,8046.27100
907.50000,8038.46680
908.00000,8032.94385
908.50000,8032.85303
909.00000,8039.57617
909.50000,8049.96973
910.00000,8058.77441
910.50000,8061.20557
911.00000,8056.58203
911.50000,8047.23291
912.00000,8039.08936
912.50000,8037.32275
913.00000,8041.92236
913.50000,8051.45166
914.00000,8061.76953
914.50000,8069.50879
915.00000,8073.31006
915.50000,8074.08252
916.00000,8073.65674
916.50000,8074.05127
917.00000,8076.55615
917.50000,8080.55908
918.00000,8084.91504
918.50000,8087.94580
919.00000,8088.11768
919.50000,8085.05420
920.00000,8079.08154
920.50000,8071.10938
921.00000,8062.73584
921.50000,8055.73535
922.00000,8051.29443
922.50000,8051.04590
923.00000,8054.31152
923.50000,8060.47314
924.00000,8067.59277
924.50000,8073.94531
925.00000,8078.56689
925.50000,8081.61719
926.00000,8083.75684
926.50000,8085.79248
927.00000,8087.89014
927.50000,8089.96191
928.00000,8092.25928
928.50000,8095.49023
929.00000,8100.75830
929.50000,8108.34473
930.00000,8117.36035
930.50000,8125.80664
931.00000,8131.55713
931.50000,8132.56885
932.00000,8129.57422
932.50000,8123.21191
933.00000,8115.81104
933.50000,8109.00830
934.00000,8103.69482
934.50000,8100.32520
935.00000,8099.08740
935.50000,8100.02490
936.00000,8103.54199
936.50000,8109.17285
937.00000,8116.43066
937.50000,8123.27783
938.00000,8126.35254
938.50000,8122.82080
939.00000,8109.39063
939.50000,8086.04248
940.00000,8055.66357
940.50000,8023.33838
941.00000,7995.10059
941.50000,7976.10791
942.00000,7965.22314
942.50000,7961.09375
943.00000,7958.95605
943.50000,7955.88477
944.00000,7950.97266
944.50000,7945.08252
945.00000,7939.82080
945.50000,7936.11816
946.00000,7933.77539
946.50000,7931.27344
947.00000,7926.58398
947.50000,7919.15039
948.00000,7908.89453
948.50000,7897.73535
949.00000,7888.14307
949.50000,7882.16260
950.00000,7880.45068
950.50000,7882.54395
951.00000,7886.40918
951.50000,7890.20996
952.00000,7892.57031
952.50000,7892.32324
953.00000,7889.65918
953.50000,7884.54541
954.00000,7877.94434
954.50000,7871.41895
955.00000,7867.11865
955.50000,7866.69678
956.00000,7871.04492
956.50000,7877.85205
957.00000,7883.45215
957.50000,7884.35986
958.00000,7877.94873
958.50000,7866.28711
959.00000,7852.59814
959.50000,7840.45508
960.00000,7831.61621
960.50000,7825.78369
961.00000,7820.89746
961.50000,7815.47900
962.00000,7809.57520
962.50000,7804.68213
963.00000,7802.19482
963.50000,7802.91260
964.00000,7805.52295
964.50000,7807.78613
965.00000,7807.62354
965.50000,7804.54639
966.00000,7799.32910
966.50000,7794.25879
967.00000,7791.47852
967.50000,7791.02295
968.00000,7792.03271
968.50000,7792.36230
969.00000,7789.97900
969.50000,7784.15332
970.00000,7775.69385
970.50000,7766.15479
971.00000,7757.18115
971.50000,7749.51025
972.00000,7742.34961
972.50000,7734.46484
973.00000,7725.26416
973.50000,7715.06006
974.00000,7705.15820
974.50000,7696.69922
975.00000,7689.69629
975.50000,7682.70264
976.00000,7673.77441
976.50000,7662.43604
977.00000,7648.99023
977.50000,7635.35889
978.00000,7622.94385
978.50000,7611.80566
979.00000,7601.02734
979.50000,7589.43018
980.00000,7576.60010
980.50000,7563.02344
981.00000,7549.74219
981.50000,7537.58496
982.00000,7526.42334
982.50000,7516.31836
983.00000,7507.48486
983.50000,7501.33008
984.00000,7499.12451
984.50000,7501.56104
985.00000,7507.91162
985.50000,7515.43848
986.00000,7520.87061
986.50000,7522.07666
987.00000,7516.39941
987.50000,7504.92090
988.00000,7488.17822
988.50000,7469.14355
989.00000,7451.19678
989.50000,7437.64795
990.00000,7430.40967
990.50000,7430.16016
991.00000,7434.19775
991.50000,7439.85498
992.00000,7444.17236
992.50000,7445.45459
993.00000,7444.52100
993.50000,7443.00000
994.00000,7442.88184
994.50000,7445.50049
995.00000,7451.18701
995.50000,7458.85303
996.00000,7467.14600
996.50000,7474.64209
997.00000,7480.14111
997.50000,7483.73291
998.00000,7485.36670
998.50000,7485.49805
999.00000,7484.13232
999.50000,7481.18066
1000.00000,7476.86084
1000.50000,7471.81104
1001.00000,7467.26758
1001.50000,7464.63184
1002.00000,7463.84424
1002.50000,7464.19727
1003.00000,7463.91260
1003.50000,7461.37402
1004.00000,7456.34424
1004.50000,7449.95313
1005.00000,7444.17334
1005.50000,7440.67432
1006.00000,7440.61230
1006.50000,7442.83984
1007.00000,7445.77686
1007.50000,7447.28955
1008.00000,7445.23193
1008.50000,7438.89258
1009.00000,7428.13379
1009.50000,7413.98291
1010.00000,7398.37500
1010.50000,7383.30566
1011.00000,7370.27246
1011.50000,7360.71436
1012.00000,7353.85547
1012.50000,7348.91992
1013.00000,7344.06787
1013.50000,7337.85010
1014.00000,7330.09473
1014.50000,7322.30322
1015.00000,7317.37061
1015.50000,7317.61768
1016.00000,7324.94092
1016.50000,7336.60791
1017.00000,7349.16602
1017.50000,7358.78809
1018.00000,7363.43115
1018.50000,7365.14648
1019.00000,7367.74072
1019.50000,7374.45605
1020.00000,7385.70752
1020.50000,7399.77588
1021.00000,7413.33008
1021.50000,7423.82910
1022.00000,7431.84082
1022.50000,7438.89697
1023.00000,7447.09277
1023.50000,7457.54492
1024.00000,7469.75000
1024.50000,7482.36523
1025.00000,7494.06543
1025.50000,7504.22803
1026.00000,7512.39453
1026.50000,7519.05078
1027.00000,7524.35693
1027.50000,7529.22754
1028.00000,7534.73779
1028.50000,7541.77197
1029.00000,7550.50000
1029.50000,7559.72754
1030.00000,7567.13428
1030.50000,7569.86865
1031.00000,7567.57666
1031.50000,7560.94238
1032.00000,7554.33057
1032.50000,7552.36328
1033.00000,7556.97168
1033.50000,7567.58594
1034.00000,7579.58984
1034.50000,7586.64893
1035.00000,7582.86914
1035.50000,7567.74023
1036.00000,7542.48877
1036.50000,7514.75195
1037.00000,7492.20703
1037.50000,7479.05713
1038.00000,7477.29248
1038.50000,7482.58496
1039.00000,7488.39551
1039.50000,7488.29932
1040.00000,7479.67188
1040.50000,7463.20947
1041.00000,7444.93652
1041.50000,7431.48047
1042.00000,7425.35400
1042.50000,7426.82520
1043.00000,7431.06738
1043.50000,7433.48145
1044.00000,7432.18018
1044.50000,7429.15479
1045.00000,7428.66064
1045.50000,7433.62256
1046.00000,7444.88770
1046.50000,7458.07861
1047.00000,7468.18262
1047.50000,7472.18311
1048.00000,7468.34521
1048.50000,7458.41992
1049.00000,7444.94238
1049.50000,7430.77344
1050.00000,7418.78076
1050.50000,7412.20557
1051.00000,7412.00732
1051.50000,7419.81787
1052.00000,7432.17725
1052.50000,7445.46045
1053.00000,7455.52490
1053.50000,7459.81348
1054.00000,7459.11084
1054.50000,7456.78174
1055.00000,7456.69873
1055.50000,7460.65430
1056.00000,7468.40723
1056.50000,7476.07568
1057.00000,7478.89600
1057.50000,7474.93750
1058.00000,7464.08154
1058.50000,7450.25293
1059.00000,7438.38330
1059.50000,7432.18896
1060.00000,7431.74951
1060.50000,7435.49023
1061.00000,7440.24121
1061.50000,7445.37549
1062.00000,7452.35840
1062.50000,7463.93262
1063.00000,7479.39648
1063.50000,7494.46338
1064.00000,7502.57959
1064.50000,7499.35596
1065.00000,7484.45410
1065.50000,7465.03613
1066.00000,7449.48096
1066.50000,7442.11719
1067.00000,7443.69775
1067.50000,7448.07568
1068.00000,7449.63965
1068.50000,7446.60303
1069.00000,7441.77002
1069.50000,7440.07129
1070.00000,7444.00439
1070.50000,7452.54785
1071.00000,7460.33008
1071.50000,7461.66504
1072.00000,7456.46582
1072.50000,7447.60156
1073.00000,7441.21338
1073.50000,7442.55029
1074.00000,7452.95947
1074.50000,7469.48340
1075.00000,7487.71973
1075.50000,7503.33008
1076.00000,7513.04199
1076.50000,7517.72754
1077.00000,7518.15088
1077.50000,7517.15771
1078.00000,7517.14160
1078.50000,7519.43457
1079.00000,7523.34473
1079.50000,7525.75684
1080.00000,7522.64600
1080.50000,7509.82813
1081.00000,7489.75195
1081.50000,7468.06836
1082.00000,7453.78027
1082.50000,7455.98779
1083.00000,7474.66602
1083.50000,7503.57471
1084.00000,7531.03613
1084.50000,7546.97607
1085.00000,7546.32861
1085.50000,7535.33936
1086.00000,7522.69727
1086.50000,7516.95313
1087.00000,7522.51660
1087.50000,7534.57715
1088.00000,7546.02441
1088.50000,7551.03271
1089.00000,7548.94678
1089.50000,7544.24658
1090.00000,7543.63135
1090.50000,7552.44287
1091.00000,7568.39209
1091.50000,7586.81641
1092.00000,7601.37500
1092.50000,7608.16748
1093.00000,7608.98926
1093.50000,7607.90918
1094.00000,7608.74609
1094.50000,7612.45459
1095.00000,7617.72754
1095.50000,7622.65723
1096.00000,7627.43311
1096.50000,7634.22949
1097.00000,7645.97021
1097.50000,7662.01221
1098.00000,7679.14258
1098.50000,7692.55908
1099.00000,7699.17578
1099.50000,7699.22168
1100.00000,7697.01270
1100.50000,7697.04590
1101.00000,7700.94336
1101.50000,7707.88721
1102.00000,7714.13965
1102.50000,7716.48291
1103.00000,7714.69873
1103.50000,7710.96680
1104.00000,7708.87256
1104.50000,7711.22168
1105.00000,7719.74805
1105.50000,7732.88916
1106.00000,7749.65527
1106.50000,7767.61475
1107.00000,7785.41064
1107.50000,7801.90234
1108.00000,7815.72510
1108.50000,7825.78564
1109.00000,7831.54297
1109.50000,7833.22314
1110.00000,7832.86475
1110.50000,7832.50391
1111.00000,7833.47754
1111.50000,7835.80176
1112.00000,7837.82861
1112.50000,7837.72803
1113.00000,7835.08398
1113.50000,7830.86768
1114.00000,7826.90479
1114.50000,7824.52930
1115.00000,7824.02832
1115.50000,7824.27051
1116.00000,7824.18994
1116.50000,7823.38428
1117.00000,7821.93750
1117.50000,7820.31592
1118.00000,7818.87891
1118.50000,7818.06299
1119.00000,7818.68457
1119.50000,7822.05566
1120.00000,7828.56885
1120.50000,7838.15967
1121.00000,7848.36865
1121.50000,7856.10791
1122.00000,7859.69873
1122.50000,7858.71191
1123.00000,7855.86084
1123.50000,7855.34082
1124.00000,7861.43213
1124.50000,7875.96387
1125.00000,7899.60645
1125.50000,7928.15039
1126.00000,7957.26709
1126.50000,7982.54150
1127.00000,8000.55078
1127.50000,8012.17529
1128.00000,8019.77295
1128.50000,8026.90918
1129.00000,8035.99658
1129.50000,8047.17188
1130.00000,8058.16357
1130.50000,8065.90088
1131.00000,8069.94727
1131.50000,8071.83691
1132.00000,8075.91895
1132.50000,8086.77197
1133.00000,8105.11963
1133.50000,8127.63721
1134.00000,8147.85791
1134.50000,8160.16504
1135.00000,8161.55322
1135.50000,8157.02637
1136.00000,8153.41260
1136.50000,8156.27539
1137.00000,8167.70117
1137.50000,8182.82031
1138.00000,8195.06152
1138.50000,8200.05371
1139.00000,8198.53809
1139.50000,8194.67871
1140.00000,8193.31152
1140.50000,8196.56445
1141.00000,8201.16895
1141.50000,8202.21191
1142.00000,8197.27539
1142.50000,8186.89844
1143.00000,8175.80518
1143.50000,8169.30469
1144.00000,8170.50391
1144.50000,8177.77637
1145.00000,8187.52979
1145.50000,8195.05957
1146.00000,8196.76758
1146.50000,8193.81348
1147.00000,8188.43457
1147.50000,8184.35986
1148.00000,8184.65137
1148.50000,8190.59668
1149.00000,8201.68262
1149.50000,8217.27148
1150.00000,8235.78223
1150.50000,8257.19238
1151.00000,8280.77539
1151.50000,8306.58887
1152.00000,8333.48535
1152.50000,8359.85059
1153.00000,8383.78027
1153.50000,8403.75098
1154.00000,8419.30078
1154.50000,8432.07129
1155.00000,8444.13477
1155.50000,8457.28027
1156.00000,8471.34473
1156.50000,8483.60547
1157.00000,8489.68555
1157.50000,8487.97559
1158.00000,8480.04102
1158.50000,8471.74121
1159.00000,8470.07813
1159.50000,8480.23438
1160.00000,8499.46387
1160.50000,8522.23438
1161.00000,8540.54004
1161.50000,8548.50781
1162.00000,8547.95996
1162.50000,8543.24316
1163.00000,8540.02637
1163.50000,8541.39355
1164.00000,8547.09180
1164.50000,8554.06836
1165.00000,8559.14648
1165.50000,8560.65039
1166.00000,8556.52539
1166.50000,8547.16797
1167.00000,8532.11523
1167.50000,8513.39941
1168.00000,8494.22559
1168.50000,8478.41895
1169.00000,8468.12891
1169.50000,8463.30957
1170.00000,8460.11230
1170.50000,8454.02539
1171.00000,8443.05273
1171.50000,8426.66016
1172.00000,8407.89648
1172.50000,8389.61523
1173.00000,8373.40332
1173.50000,8359.09180
1174.00000,8345.72559
1174.50000,8332.65039
1175.00000,8320.73730
1175.50000,8311.41895
1176.00000,8307.26465
1176.50000,8308.06641
1177.00000,8313.12207
1177.50000,8319.47656
1178.00000,8324.24707
1178.50000,8326.09961
1179.00000,8326.44922
1179.50000,8328.76270
1180.00000,8335.94043
1180.50000,8350.35352
1181.00000,8368.65039
1181.50000,8386.86523
1182.00000,8401.53320
1182.50000,8411.86426
1183.00000,8420.57520
1183.50000,8431.17188
1184.00000,8445.16602
1184.50000,8460.25488
1185.00000,8472.07129
1185.50000,8478.50488
1186.00000,8479.70313
1186.50000,8480.81152
1187.00000,8487.65039
1187.50000,8502.82813
1188.00000,8525.63184
1188.50000,8552.66895
1189.00000,8580.13574
1189.50000,8605.96484
1190.00000,8629.74609
1190.50000,8649.66895
1191.00000,8664.01270
1191.50000,8668.15918
1192.00000,8661.50586
1192.50000,8645.13379
1193.00000,8624.16309
1193.50000,8604.44043
1194.00000,8589.85742
1194.50000,8580.11914
1195.00000,8573.60156
1195.50000,8567.41016
1196.00000,8560.34570
1196.50000,8552.69043
1197.00000,8545.06934
1197.50000,8537.98145
1198.00000,8531.98145
1198.50000,8527.99219
1199.00000,8526.67773
1199.50000,8528.18457
1200.00000,8530.58887
1200.50000,8531.65039
1201.00000,8531.01367
1201.50000,8530.80469
1202.00000,8534.58008
1202.50000,8545.04785
1203.00000,8560.79297
1203.50000,8577.09668
1204.00000,8589.14063
1204.50000,8596.26855
1205.00000,8601.38477
1205.50000,8609.81445
1206.00000,8625.77637
1206.50000,8647.06836
1207.00000,8668.65723
1207.50000,8684.33789
1208.00000,8689.79883
1208.50000,8684.35254
1209.00000,8672.13379
1209.50000,8658.46191
1210.00000,8649.02441
1210.50000,8649.07422
1211.00000,8657.13379
1211.50000,8670.95313
1212.00000,8685.77539
1212.50000,8699.20410
1213.00000,8712.21289
1213.50000,8727.56348
1214.00000,8746.76270
1214.50000,8767.16895
1215.00000,8783.74512
1215.50000,8794.50098
1216.00000,8801.11719
1216.50000,8810.40625
1217.00000,8828.82910
1217.50000,8856.21582
1218.00000,8886.16797
1218.50000,8909.76758
1219.00000,8922.57715
1219.50000,8924.78906
1220.00000,8923.76367
1220.50000,8925.50781
1221.00000,8931.19629
1221.50000,8937.88672
1222.00000,8940.33789
1222.50000,8934.38770
1223.00000,8920.03809
1223.50000,8901.47754
1224.00000,8884.66211
1224.50000,8874.37598
1225.00000,8874.31641
1225.50000,8880.82715
1226.00000,8889.77734
1226.50000,8896.50293
1227.00000,8899.69141
1227.50000,8902.30859
1228.00000,8908.57715
1228.50000,8920.24512
1229.00000,8933.84082
1229.50000,8942.89258
1230.00000,8943.76855
1230.50000,8935.39551
1231.00000,8924.31934
1231.50000,8916.80664
1232.00000,8915.39941
1232.50000,8918.51953
1233.00000,8922.07715
1233.50000,8923.35059
1234.00000,8922.51074
1234.50000,8921.75488
1235.00000,8922.22461
1235.50000,8922.51074
1236.00000,8920.12598
1236.50000,8914.94141
1237.00000,8909.62012
1237.50000,8908.59082
1238.00000,8914.88477
1238.50000,8927.95313
1239.00000,8942.55273
1239.50000,8952.39941
1240.00000,8954.47461
1240.50000,8946.51758
1241.00000,8932.42871
1241.50000,8915.56445
1242.00000,8900.04883
1242.50000,8889.26172
1243.00000,8885.30664
1243.50000,8888.35840
1244.00000,8898.01270
1244.50000,8911.05957
1245.00000,8924.52441
1245.50000,8935.37988
1246.00000,8940.56641
1246.50000,8939.60059
1247.00000,8932.32324
1247.50000,8921.06152
1248.00000,8909.63867
1248.50000,8902.43945
1249.00000,8901.67090
1249.50000,8907.82520
1250.00000,8916.36719
1250.50000,8922.34277
1251.00000,8923.35059
1251.50000,8919.79004
1252.00000,8915.75977
1252.50000,8915.16211
1253.00000,8918.97363
1253.50000,8924.52637
1254.00000,8928.13770
1254.50000,8928.48730
1255.00000,8926.96973
1255.50000,8927.33105
1256.00000,8932.23730
1256.50000,8940.31641
1257.00000,8948.59863
1257.50000,8954.73535
1258.00000,8959.37793
1258.50000,8965.86523
1259.00000,8977.11914
1259.50000,8994.34277
1260.00000,9013.69336
1260.50000,9030.50488
1261.00000,9042.42383
1261.50000,9049.39941
1262.00000,9054.39746
1262.50000,9059.58984
1263.00000,9064.67676
1263.50000,9067.42480
1264.00000,9065.46191
1264.50000,9059.99023
1265.00000,9054.03125
1265.50000,9051.21680
1266.00000,9053.84082
1266.50000,9060.22754
1267.00000,9067.86133
1267.50000,9074.50000
1268.00000,9079.13770
1268.50000,9080.93359
1269.00000,9078.94824
1269.50000,9071.03027
1270.00000,9058.80859
1270.50000,9046.22168
1271.00000,9039.37695
1271.50000,9043.97754
1272.00000,9059.04980
1272.50000,9079.08984
1273.00000,9096.65820
1273.50000,9107.35547
1274.00000,9110.72656
1274.50000,9111.35645
1275.00000,9112.84082
1275.50000,9116.19141
1276.00000,9120.74414
1276.50000,9125.58398
1277.00000,9131.29102
1277.50000,9138.96680
1278.00000,9148.64941
1278.50000,9159.12207
1279.00000,9169.08594
1279.50000,9179.00781
1280.00000,9190.66992
1280.50000,9205.47949
1281.00000,9221.14844
1281.50000,9233.23145
1282.00000,9239.18359
1282.50000,9240.93164
1283.00000,9244.33789
1283.50000,9254.53906
1284.00000,9273.01563
1284.50000,9294.19336
1285.00000,9311.56055
1285.50000,9323.14453
1286.00000,9330.86816
1286.50000,9340.01758
1287.00000,9354.02051
1287.50000,9372.07520
1288.00000,9390.90918
1288.50000,9408.32324
1289.00000,9425.13379
1289.50000,9444.12598
1290.00000,9466.43262
1290.50000,9491.35938
1291.00000,9515.53125
1291.50000,9535.56641
1292.00000,9550.21582
1292.50000,9559.79785
1293.00000,9565.53320
1293.50000,9569.30176
1294.00000,9571.93848
1294.50000,9573.53418
1295.00000,9572.06445
1295.50000,9566.20703
1296.00000,9555.09961
1296.50000,9542.39844
1297.00000,9534.50098
1297.50000,9536.94043
1298.00000,9549.65723
1298.50000,9566.61914
1299.00000,9577.65430
1299.50000,9572.64258
1300.00000,9553.83984
1300.50000,9526.95508
1301.00000,9503.53223
1301.50000,9493.03027
1302.00000,9497.52246
1302.50000,9513.53027
1303.00000,9534.31250
1303.50000,9552.29688
1304.00000,9561.74512
1304.50000,9563.38770
1305.00000,9559.50586
1305.50000,9556.27832
1306.00000,9558.50586
1306.50000,9566.30762
1307.00000,9576.10352
1307.50000,9582.47461
1308.00000,9582.33594
1308.50000,9576.25293
1309.00000,9569.25098
1309.50000,9566.81348
1310.00000,9570.49805
1310.50000,9580.51270
1311.00000,9593.45801
1311.50000,9606.65820
1312.00000,9618.17383
1312.50000,9626.79297
1313.00000,9631.43359
1313.50000,9631.74121
1314.00000,9626.79395
1314.50000,9617.74121
1315.00000,9604.54492
1315.50000,9589.06836
1316.00000,9573.14355
1316.50000,9559.47363
1317.00000,9551.01367
1317.50000,9549.25488
1318.00000,9552.74902
1318.50000,9558.03418
1319.00000,9560.36230
1319.50000,9555.01074
1320.00000,9542.96875
1320.50000,9526.61230
1321.00000,9511.48730
1321.50000,9502.40820
1322.00000,9500.38281
1322.50000,9502.39355
1323.00000,9502.73926
1323.50000,9496.71680
1324.00000,9481.53027
1324.50000,9460.69824
1325.00000,9438.08008
1325.50000,9418.06543
1326.00000,9404.00195
1326.50000,9396.87598
1327.00000,9397.60840
1327.50000,9405.90234
1328.00000,9418.90039
1328.50000,9431.90820
1329.00000,9439.78027
1329.50000,9437.80859
1330.00000,9429.06641
1330.50000,9417.91016
1331.00000,9409.56934
1331.50000,9405.91699
1332.00000,9404.14941
1332.50000,9400.09473
1333.00000,9391.49512
1333.50000,9379.88867
1334.00000,9368.10156
1334.50000,9358.65527
1335.00000,9353.52734
1335.50000,9352.46289
1336.00000,9355.83398
1336.50000,9362.16016
1337.00000,9368.65723
1337.50000,9371.89941
1338.00000,9370.68457
1338.50000,9367.18457
1339.00000,9366.52637
1339.50000,9373.90527
1340.00000,9386.95508
1340.50000,9400.18848
1341.00000,9408.30469
1341.50000,9410.71387
1342.00000,9412.43262
1342.50000,9418.84375
1343.00000,9430.82129
1343.50000,9442.93750
1344.00000,9447.86914
1344.50000,9444.45117
1345.00000,9434.90820
1345.50000,9425.41797
1346.00000,9418.38867
1346.50000,9411.17969
1347.00000,9399.43164
1347.50000,9381.95117
1348.00000,9363.07520
1348.50000,9349.31348
1349.00000,9342.70313
1349.50000,9342.36133
1350.00000,9342.74414
1350.50000,9340.49609
1351.00000,9335.55859
1351.50000,9328.92285
1352.00000,9320.69824
1352.50000,9309.32422
1353.00000,9292.95508
1353.50000,9272.84961
1354.00000,9252.02246
1354.50000,9233.94531
1355.00000,9220.44824
1355.50000,9209.19922
1356.00000,9197.24121
1356.50000,9183.28516
1357.00000,9168.91602
1357.50000,9157.55176
1358.00000,9151.50977
1358.50000,9151.16309
1359.00000,9152.41699
1359.50000,9149.51758
1360.00000,9139.06836
1360.50000,9118.48340
1361.00000,9090.63379
1361.50000,9058.78613
1362.00000,9026.04395
1362.50000,8994.11133
1363.00000,8964.47559
1363.50000,8939.19336
1364.00000,8922.80664
1364.50000,8915.27930
1365.00000,8915.09082
1365.50000,8914.58691
1366.00000,8905.96875
1366.50000,8886.84766
1367.00000,8861.03711
1367.50000,8836.49805
1368.00000,8819.70117
1368.50000,8813.14453
1369.00000,8811.55664
1369.50000,8809.17871
1370.00000,8802.23828
1370.50000,8789.28613
1371.00000,8772.40918
1371.50000,8753.19531
1372.00000,8733.20605
1372.50000,8714.22754
1373.00000,8698.27637
1373.50000,8685.56250
1374.00000,8674.61328
1374.50000,8661.80762
1375.00000,8644.07617
1375.50000,8623.23340
1376.00000,8604.50586
1376.50000,8593.48730
1377.00000,8591.94141
1377.50000,8595.21973
1378.00000,8594.33203
1378.50000,8581.54883
1379.00000,8558.69629
1379.50000,8531.37500
1380.00000,8508.59473
1380.50000,8496.18359
1381.00000,8491.88477
1381.50000,8490.22949
1382.00000,8486.15039
1382.50000,8478.87598
1383.00000,8471.12012
1383.50000,8465.47559
1384.00000,8460.80273
1384.50000,8452.18066
1385.00000,8434.43359
1385.50000,8410.04688
1386.00000,8386.67773
1386.50000,8373.90039
1387.00000,8376.71680
1387.50000,8391.78125
1388.00000,8407.18164
1388.50000,8409.82910
1389.00000,8396.77246
1389.50000,8370.30176
1390.00000,8343.42090
1390.50000,8327.91016
1391.00000,8326.15234
1391.50000,8334.04688
1392.00000,8343.92188
1392.50000,8350.23242
1393.00000,8351.62598
1393.50000,8350.62793
1394.00000,8348.87207
1394.50000,8346.74805
1395.00000,8343.80273
1395.50000,8341.04102
1396.00000,8341.18848
1396.50000,8346.29785
1397.00000,8355.50781
1397.50000,8364.70898
1398.00000,8369.53027
1398.50000,8367.15918
1399.00000,8360.37109
1399.50000,8352.93652
1400.00000,8348.67871
1400.50000,8349.89453
1401.00000,8355.44824
1401.50000,8362.59863
1402.00000,8367.31152
1402.50000,8365.84961
1403.00000,8355.21289
1403.50000,8338.48340
1404.00000,8320.95508
1404.50000,8309.07617
1405.00000,8307.97559
1405.50000,8315.17773
1406.00000,8325.41406
1406.50000,8332.25879
1407.00000,8332.32324
1407.50000,8326.07324
1408.00000,8317.50586
1408.50000,8309.96582
1409.00000,8304.47070
1409.50000,8299.81445
1410.00000,8293.41602
1410.50000,8282.56738
1411.00000,8266.63574
1411.50000,8246.65820
1412.00000,8225.87109
1412.50000,8208.50586
1413.00000,8198.47070
1413.50000,8195.10938
1414.00000,8196.60547
1414.50000,8198.06738
1415.00000,8196.66895
1415.50000,8193.55469
1416.00000,8191.75195
1416.50000,8193.29004
1417.00000,8196.75977
1417.50000,8197.48340
1418.00000,8191.07275
1418.50000,8174.38818
1419.00000,8151.80225
1419.50000,8128.70557
1420.00000,8110.03760
1420.50000,8097.70850
1421.00000,8088.59521
1421.50000,8078.91162
1422.00000,8066.96924
1422.50000,8054.11768
1423.00000,8043.17529
1423.50000,8035.62305
1424.00000,8031.98926
1424.50000,8029.79248
1425.00000,8026.54443
1425.50000,8019.92773
1426.00000,8007.24609
1426.50000,7987.33154
1427.00000,7961.97217
1427.50000,7935.70215
1428.00000,7914.48828
1428.50000,7903.58594
1429.00000,7899.86475
1429.50000,7897.19092
1430.00000,7888.46729
1430.50000,7870.63037
1431.00000,7848.59668
1431.50000,7830.56104
1432.00000,7822.11670
1432.50000,7820.90820
1433.00000,7821.06152
1433.50000,7816.95264
1434.00000,7805.81445
1434.50000,7790.92480
1435.00000,7774.85693
1435.50000,7759.27979
1436.00000,7744.79639
1436.50000,7732.61035
1437.00000,7725.19922
1437.50000,7724.86230
1438.00000,7729.92285
1438.50000,7737.93750
1439.00000,7745.81445
1439.50000,7753.19824
1440.00000,7761.20654
1440.50000,7769.48584
1441.00000,7774.62451
1441.50000,7771.80859
1442.00000,7759.14893
1442.50000,7742.00195
1443.00000,7729.71973
1443.50000,7727.80566
1444.00000,7738.10156
1444.50000,7752.34033
1445.00000,7763.09912
1445.50000,7767.68311
1446.00000,7768.67090
1446.50000,7771.23975
1447.00000,7777.68359
1447.50000,7785.22363
1448.00000,7788.36426
1448.50000,7782.98779
1449.00000,7772.86963
1449.50000,7764.35645
1450.00000,7762.94434
1450.50000,7770.71777
1451.00000,7783.49951
1451.50000,7795.30127
1452.00000,7802.18066
1452.50000,7805.21973
1453.00000,7808.86230
1453.50000,7816.89111
1454.00000,7830.81934
1454.50000,7846.54199
1455.00000,7859.01074
1455.50000,7865.26416
1456.00000,7865.45850
1456.50000,7863.60254
1457.00000,7864.98438
1457.50000,7873.79980
1458.00000,7888.81592
1458.50000,7906.43652
1459.00000,7921.37109
1459.50000,7929.73340
1460.00000,7932.95605
1460.50000,7934.70215
1461.00000,7939.50049
1461.50000,7949.58301
1462.00000,7963.95361
1462.50000,7979.14893
1463.00000,7992.83496
1463.50000,8005.65186
1464.00000,8019.84473
1464.50000,8036.40430
1465.00000,8054.32568
1465.50000,8070.71826
1466.00000,8083.39697
1466.50000,8093.01270
1467.00000,8102.63037
1467.50000,8115.13818
1468.00000,8129.63721
1468.50000,8142.29053
1469.00000,8149.68701
1469.50000,8149.70313
1470.00000,8145.77539
1470.50000,8142.36914
1471.00000,8142.72754
1471.50000,8146.84180
1472.00000,8152.08691
1472.50000,8155.32617
1473.00000,8154.48730
1473.50000,8149.78613
1474.00000,8139.88477
1474.50000,8125.39600
1475.00000,8107.49902
1475.50000,8091.05908
1476.00000,8082.75830
1476.50000,8086.87695
1477.00000,8100.51855
1477.50000,8115.64990
1478.00000,8124.71729
1478.50000,8124.74023
1479.00000,8122.53467
1479.50000,8126.10156
1480.00000,8137.66602
1480.50000,8152.79248
1481.00000,8162.70215
1481.50000,8162.19043
1482.00000,8155.25781
1482.50000,8152.30273
1483.00000,8163.60449
1483.50000,8188.00439
1484.00000,8220.00195
1484.50000,8248.39258
1485.00000,8264.68652
1485.50000,8268.69043
1486.00000,8265.05957
1486.50000,8261.41992
1487.00000,8263.00488
1487.50000,8272.01465
1488.00000,8285.84375
1488.50000,8302.04102
1489.00000,8317.79980
1489.50000,8331.96680
1490.00000,8344.53809
1490.50000,8354.53711
1491.00000,8360.31348
1491.50000,8360.22363
1492.00000,8353.96973
1492.50000,8344.70605
1493.00000,8336.37109
1493.50000,8331.53906
1494.00000,8331.03809
1494.50000,8332.49316
1495.00000,8334.77930
1495.50000,8338.74414
1496.00000,8346.68359
1496.50000,8359.51465
1497.00000,8374.89258
1497.50000,8389.10645
1498.00000,8400.22461
1498.50000,8409.24219
1499.00000,8420.02734
1499.50000,8434.53320
1500.00000,8449.03125
1500.50000,8456.98926
1501.00000,8454.85059
1501.50000,8445.80469
1502.00000,8438.37207
1502.50000,8440.33496
1503.00000,8455.48047
1503.50000,8476.26660
1504.00000,8493.83594
1504.50000,8504.34082
1505.00000,8508.95605
1505.50000,8512.50684
1506.00000,8517.47363
1506.50000,8522.58691
1507.00000,8525.52832
1507.50000,8526.35156
1508.00000,8528.68652
1508.50000,8536.26270
1509.00000,8546.81250
1509.50000,8554.83594
1510.00000,8555.45996
1510.50000,8547.33887
1511.00000,8534.71191
1511.50000,8523.49512
1512.00000,8517.30859
1512.50000,8514.44336
1513.00000,8511.72461
1513.50000,8506.98633
1514.00000,8500.13867
1514.50000,8493.16797
1515.00000,8487.58984
1515.50000,8483.24609
1516.00000,8478.69629
1516.50000,8472.67871
1517.00000,8465.90332
1517.50000,8461.02246
1518.00000,8460.31055
1518.50000,8465.35352
1519.00000,8472.52930
1519.50000,8476.81836
1520.00000,8474.70215
1520.50000,8466.33984
1521.00000,8456.25195
1521.50000,8448.69629
1522.00000,8444.80273
1522.50000,8441.82129
1523.00000,8436.69727
1523.50000,8429.67578
1524.00000,8423.95215
1524.50000,8422.70410
1525.00000,8426.13281
1525.50000,8430.44629
1526.00000,8431.07520
1526.50000,8425.43262
1527.00000,8414.90527
1527.50000,8402.19238
1528.00000,8390.44727
1528.50000,8380.81348
1529.00000,8371.24902
1529.50000,8358.88477
1530.00000,8342.93945
1530.50000,8326.07910
1531.00000,8314.50879
1531.50000,8314.15527
1532.00000,8327.81055
1532.50000,8348.41406
1533.00000,8366.00391
1533.50000,8374.72363
1534.00000,8373.15039
1534.50000,8367.59180
1535.00000,8362.92773
1535.50000,8360.04688
1536.00000,8356.52734
1536.50000,8351.23633
1537.00000,8347.27832
1537.50000,8350.04102
1538.00000,8360.12988
1538.50000,8375.18750
1539.00000,8388.90137
1539.50000,8397.43457
1540.00000,8402.20605
1540.50000,8406.72070
1541.00000,8412.67969
1541.50000,8418.93555
1542.00000,8423.94043
1542.50000,8428.57227
1543.00000,8436.34180
1543.50000,8448.94531
1544.00000,8465.19238
1544.50000,8479.02832
1545.00000,8484.44727
1545.50000,8480.14551
1546.00000,8469.43359
1546.50000,8458.11230
1547.00000,8451.17188
1547.50000,8451.25879
1548.00000,8455.14063
1548.50000,8458.26367
1549.00000,8456.50586
1549.50000,8446.44531
1550.00000,8429.07031
1550.50000,8407.55957
1551.00000,8387.12793
1551.50000,8372.60352
1552.00000,8366.35840
1552.50000,8365.60059
1553.00000,8367.02637
1553.50000,8366.76074
1554.00000,8362.64453
1554.50000,8355.26758
1555.00000,8345.09668
1555.50000,8332.57617
1556.00000,8317.80566
1556.50000,8301.32520
1557.00000,8284.75488
1557.50000,8269.81543
1558.00000,8256.78809
1558.50000,8245.51367
1559.00000,8235.30176
1559.50000,8226.95117
1560.00000,8221.46680
1560.50000,8219.39453
1561.00000,8219.85742
1561.50000,8221.01660
1562.00000,8221.15137
1562.50000,8218.85059
1563.00000,8211.25781
1563.50000,8197.77832
1564.00000,8178.55859
1564.50000,8159.47412
1565.00000,8149.36475
1565.50000,8154.20020
1566.00000,8172.93945
1566.50000,8196.31348
1567.00000,8213.85156
1567.50000,8219.94531
1568.00000,8219.97656
1568.50000,8221.77051
1569.00000,8230.54102
1569.50000,8246.53027
1570.00000,8263.32617
1570.50000,8274.18848
1571.00000,8274.94434
1571.50000,8265.59863
1572.00000,8247.79980
1572.50000,8228.03320
1573.00000,8215.43457
1573.50000,8215.37793
1574.00000,8230.37305
1574.50000,8252.49512
1575.00000,8271.11035
1575.50000,8277.92383
1576.00000,8272.22559
1576.50000,8260.34375
1577.00000,8252.37109
1577.50000,8254.67969
1578.00000,8263.79297
1578.50000,8273.52832
1579.00000,8277.63379
1579.50000,8273.21289
1580.00000,8263.35938
1580.50000,8253.00977
1581.00000,8245.21387
1581.50000,8239.61621
1582.00000,8234.61621
1582.50000,8229.32227
1583.00000,8224.91016
1583.50000,8222.57031
1584.00000,8221.34082
1584.50000,8217.38965
1585.00000,8206.29590
1585.50000,8186.82324
1586.00000,8161.53516
1586.50000,8134.43945
1587.00000,8109.13916
1587.50000,8087.38477
1588.00000,8068.84326
1588.50000,8054.89502
1589.00000,8045.19629
1589.50000,8038.28711
1590.00000,8029.56836
1590.50000,8013.36279
1591.00000,7987.55957
1591.50000,7955.66748
1592.00000,7923.13330
1592.50000,7894.68457
1593.00000,7872.77539
1593.50000,7854.30176
1594.00000,7836.08740
1594.50000,7816.11377
1595.00000,7794.43359
1595.50000,7772.36035
1596.00000,7751.03320
1596.50000,7730.72998
1597.00000,7710.84619
1597.50000,7691.13330
1598.00000,7672.25195
1598.50000,7656.04590
1599.00000,7642.91699
1599.50000,7631.52979
1600.00000,7617.79736
1600.50000,7596.67041
1601.00000,7566.30566
1601.50000,7530.08203
1602.00000,7493.05176
1602.50000,7459.66260
1603.00000,7432.04541
1603.50000,7407.34619
1604.00000,7382.93750
1604.50000,7357.64648
1605.00000,7331.94971
1605.50000,7306.40332
1606.00000,7280.59814
1606.50000,7253.60010
1607.00000,7225.58838
1607.50000,7198.10742
1608.00000,7172.44336
1608.50000,7148.82666
1609.00000,7125.47412
1609.50000,7100.65967
1610.00000,7074.23730
1610.50000,7047.70898
1611.00000,7022.62012
1611.50000,6998.98047
1612.00000,6975.87744
1612.50000,6952.33936
1613.00000,6928.15430
1613.50000,6903.39600
1614.00000,6876.52344
1614.50000,6845.51025
1615.00000,6809.08252
1615.50000,6769.56152
1616.00000,6732.42480
1616.50000,6703.73340
1617.00000,6683.00781
1617.50000,6665.93652
1618.00000,6645.68359
1618.50000,6617.92627
1619.00000,6584.99170
1619.50000,6551.22705
1620.00000,6520.40283
1620.50000,6492.73633
1621.00000,6466.60742
1621.50000,6440.45801
1622.00000,6413.96729
1622.50000,6387.42676
1623.00000,6361.13525
1623.50000,6335.63135
1624.00000,6312.21533
1624.50000,6290.95850
1625.00000,6269.49463
1625.50000,6243.23193
1626.00000,6208.94775
1626.50000,6169.03711
1627.00000,6131.47412
1627.50000,6104.93799
1628.00000,6088.46289
1628.50000,6077.11230
1629.00000,6062.19238
1629.50000,6039.85693
1630.00000,6013.40088
1630.50000,5987.52539
1631.00000,5963.77051
1631.50000,5939.50391
1632.00000,5910.74219
1632.50000,5877.95166
1633.00000,5844.71191
1633.50000,5815.27197
1634.00000,5792.59082
1634.50000,5775.70215
1635.00000,5762.38574
1635.50000,5749.59521
1636.00000,5734.89893
1636.50000,5716.86963
1637.00000,5696.14160
1637.50000,5673.30176
1638.00000,5649.59131
1638.50000,5625.31592
1639.00000,5601.40576
1639.50000,5580.28271
1640.00000,5564.61865
1640.50000,5555.13037
1641.00000,5548.88428
1641.50000,5539.49268
1642.00000,5521.15479
1642.50000,5495.28809
1643.00000,5465.44922
1643.50000,5437.82959
1644.00000,5416.99609
1644.50000,5402.98877
1645.00000,5392.68018
1645.50000,5381.50439
1646.00000,5365.11768
1646.50000,5340.55859
1647.00000,5310.76660
1647.50000,5282.12646
1648.00000,5260.38281
1648.50000,5248.20264
1649.00000,5240.57031
1649.50000,5230.85400
1650.00000,5214.59521
1650.50000,5192.77002
1651.00000,5169.50195
1651.50000,5148.26465
1652.00000,5130.62598
1652.50000,5115.43164
1653.00000,5101.99707
1653.50000,5088.79150
1654.00000,5074.03906
1654.50000,5056.39795
1655.00000,5035.73242
1655.50000,5013.77734
1656.00000,4993.19775
1656.50000,4975.46680
1657.00000,4959.49268
1657.50000,4943.85107
1658.00000,4927.40723
1658.50000,4909.74414
1659.00000,4891.15332
1659.50000,4872.01172
1660.00000,4852.90674
1660.50000,4834.37354
1661.00000,4816.39453
1661.50000,4798.17920
1662.00000,4779.10107
1662.50000,4760.22900
1663.00000,4743.76416
1663.50000,4730.23340
1664.00000,4718.39648
1664.50000,4705.50537
1665.00000,4690.88867
1665.50000,4677.43506
1666.00000,4668.59619
1666.50000,4665.56152
1667.00000,4663.78418
1667.50000,4655.75244
1668.00000,4639.30859
1668.50000,4615.57959
1669.00000,4590.79785
1669.50000,4570.96582
1670.00000,4559.50830
1670.50000,4556.19678
1671.00000,4558.01318
1671.50000,4559.81592
1672.00000,4556.40918
1672.50000,4546.58643
1673.00000,4531.04785
1673.50000,4515.19238
1674.00000,4502.92578
1674.50000,4494.27002
1675.00000,4486.67139
1675.50000,4477.62109
1676.00000,4467.06982
1676.50000,4456.84180
1677.00000,4448.03857
1677.50000,4440.65381
1678.00000,4433.96191
1678.50000,4429.12598
1679.00000,4427.86865
1679.50000,4430.70898
1680.00000,4435.23242
1680.50000,4437.23877
1681.00000,4432.77930
1681.50000,4421.69824
1682.00000,4405.69287
1682.50000,4389.20313
1683.00000,4376.20557
1683.50000,4368.75781
1684.00000,4368.09473
1684.50000,4371.46826
1685.00000,4373.99316
1685.50000,4371.22412
1686.00000,4362.02197
1686.50000,4347.46338
1687.00000,4331.92383
1687.50000,4318.33447
1688.00000,4306.43652
1688.50000,4294.69385
1689.00000,4281.85547
1689.50000,4268.72119
1690.00000,4258.24609
1690.50000,4253.06396
1691.00000,4254.26074
1691.50000,4258.57324
1692.00000,4260.75732
1692.50000,4256.40430
1693.00000,4243.46387
1693.50000,4226.12891
1694.00000,4209.65186
1694.50000,4198.26709
1695.00000,4193.09717
1695.50000,4191.31055
1696.00000,4188.85742
1696.50000,4183.04785
1697.00000,4174.53369
1697.50000,4165.62939
1698.00000,4159.47949
1698.50000,4157.70996
1699.00000,4158.38672
1699.50000,4157.87158
1700.00000,4153.02393
1700.50000,4144.27930
1701.00000,4135.66260
1701.50000,4131.08740
1702.00000,4132.46826
1702.50000,4135.93457
1703.00000,4136.31885
1703.50000,4131.33936
1704.00000,4121.48096
1704.50000,4109.60693
1705.00000,4098.18799
1705.50000,4088.61304
1706.00000,4081.26099
1706.50000,4076.91699
1707.00000,4075.13428
1707.50000,4075.34253
1708.00000,4075.40991
1708.50000,4073.14136
1709.00000,4067.67407
1709.50000,4058.73755
1710.00000,4047.00757
1710.50000,4034.31348
1711.00000,4023.56738
1711.50000,4016.73804
1712.00000,4015.39893
1712.50000,4017.11743
1713.00000,4019.37524
1713.50000,4019.63037
1714.00000,4016.63599
1714.50000,4010.41821
1715.00000,4001.36157
1715.50000,3990.43384
1716.00000,3980.24902
1716.50000,3974.27661
1717.00000,3972.85913
1717.50000,3974.35425
1718.00000,3974.16528
1718.50000,3968.56787
1719.00000,3959.52100
1719.50000,3952.40039
1720.00000,3951.90894
1720.50000,3957.63110
1721.00000,3964.06250
1721.50000,3963.92578
1722.00000,3952.37280
1722.50000,3934.74829
1723.00000,3918.45850
1723.50000,3910.32251
1724.00000,3911.76270
1724.50000,3917.09302
1725.00000,3919.64355
1725.50000,3915.69238
1726.00000,3907.26904
1726.50000,3898.74609
1727.00000,3892.88940
1727.50000,3889.36060
1728.00000,3885.43237
1728.50000,3879.85962
1729.00000,3874.74146
1729.50000,3873.34863
1730.00000,3876.56567
1730.50000,3881.15161
1731.00000,3881.63062
1731.50000,3875.78418
1732.00000,3865.27344
1732.50000,3855.91919
1733.00000,3852.05640
1733.50000,3852.93091
1734.00000,3854.81812
1734.50000,3854.55835
1735.00000,3852.29370
1735.50000,3850.21289
1736.00000,3850.13623
1736.50000,3852.31396
1737.00000,3855.29004
1737.50000,3857.97437
1738.00000,3858.75610
1738.50000,3853.61475
1739.00000,3839.90527
1739.50000,3819.05225
1740.00000,3797.88037
1740.50000,3785.13892
1741.00000,3787.45337
1741.50000,3798.78784
1742.00000,3810.66211
1742.50000,3817.01416
1743.00000,3816.92456
1743.50000,3814.60986
1744.00000,3812.41431
1744.50000,3809.34448
1745.00000,3804.27466
1745.50000,3799.17773
1746.00000,3798.71143
1746.50000,3806.46704
1747.00000,3818.46289
1747.50000,3828.48413
1748.00000,3831.64648
1748.50000,3826.40845
1749.00000,3817.38916
1749.50000,3808.98291
1750.00000,3803.36890
1750.50000,3799.90942
1751.00000,3797.05127
1751.50000,3793.75073
1752.00000,3790.37842
1752.50000,3787.89185
1753.00000,3787.04956
1753.50000,3787.03613
1754.00000,3786.22583
1754.50000,3783.34399
1755.00000,3778.38550
1755.50000,3772.51904
1756.00000,3767.54053
1756.50000,3764.60059
1757.00000,3763.06494
1757.50000,3762.02319
1758.00000,3760.39990
1758.50000,3757.77979
1759.00000,3754.41895
1759.50000,3750.58887
1760.00000,3746.29077
1760.50000,3741.47144
1761.00000,3736.39673
1761.50000,3731.83960
1762.00000,3728.86108
1762.50000,3727.23975
1763.00000,3725.65796
1763.50000,3722.36230
1764.00000,3716.51123
1764.50000,3709.21167
1765.00000,3703.23633
1765.50000,3701.24854
1766.00000,3703.18457
1766.50000,3707.81055
1767.00000,3711.74170
1767.50000,3711.70874
1768.00000,3707.97607
1768.50000,3702.36475
1769.00000,3697.85913
1769.50000,3696.31470
1770.00000,3696.88965
1770.50000,3696.75854
1771.00000,3693.58740
1771.50000,3687.85864
1772.00000,3681.53979
1772.50000,3677.33398
1773.00000,3677.02490
1773.50000,3680.02734
1774.00000,3684.62183
1774.50000,3688.04785
1775.00000,3688.43188
1775.50000,3685.36353
1776.00000,3680.69434
1776.50000,3675.84888
1777.00000,3670.66235
1777.50000,3663.24878
1778.00000,3653.35596
1778.50000,3643.15674
1779.00000,3636.57935
1779.50000,3634.94946
1780.00000,3635.91821
1780.50000,3635.34180
1781.00000,3630.77148
1781.50000,3624.68628
1782.00000,3620.99805
1782.50000,3621.00879
1783.00000,3623.98486
1783.50000,3627.04565
1784.00000,3628.12891
1784.50000,3627.05469
1785.00000,3625.11768
1785.50000,3624.13208
1786.00000,3624.96338
1786.50000,3626.74756
1787.00000,3627.01880
1787.50000,3623.30688
1788.00000,3616.41992
1788.50000,3609.29468
1789.00000,3604.38013
1789.50000,3601.69629
1790.00000,3599.69678
1790.50000,3597.66260
1791.00000,3597.55811
1791.50000,3601.10571
1792.00000,3608.87476
1792.50000,3616.69971
1793.00000,3618.67676
1793.50000,3611.73218
1794.00000,3596.28491
1794.50000,3578.26172
1795.00000,3566.90063
1795.50000,3569.16919
1796.00000,3581.75562
1796.50000,3596.81299
1797.00000,3604.42310
1797.50000,3601.32690
1798.00000,3593.71875
1798.50000,3587.72607
1799.00000,3585.23706
1799.50000,3583.89575
1800.00000,3582.47388
1800.50000,3582.38794
1801.00000,3585.05298
1801.50000,3587.72070
1802.00000,3586.10938
1802.50000,3580.25903
1803.00000,3572.31519
1803.50000,3564.17358
1804.00000,3554.93213
1804.50000,3544.63525
1805.00000,3537.14063
1805.50000,3538.09473
1806.00000,3545.12231
1806.50000,3550.05005
1807.00000,3547.92554
1807.50000,3541.12427
1808.00000,3538.48462
1808.50000,3543.17407
1809.00000,3549.68799
1809.50000,3551.73584
1810.00000,3549.12646
