440.00000,12397.88867
440.50000,12406.02246
441.00000,12410.42871
441.50000,12410.05469
442.00000,12408.12793
442.50000,12409.67676
443.00000,12416.43457
443.50000,12429.21582
444.00000,12446.31055
444.50000,12466.81055
445.00000,12490.72461
445.50000,12518.28027
446.00000,12549.90820
446.50000,12584.38184
447.00000,12621.12012
447.50000,12659.52051
448.00000,12701.04102
448.50000,12746.34375
449.00000,12795.52344
449.50000,12845.96875
450.00000,12892.64063
450.50000,12931.33203
451.00000,12961.42773
451.50000,12982.55273
452.00000,12998.23633
452.50000,13009.88086
453.00000,13019.62500
453.50000,13027.63867
454.00000,13034.68750
454.50000,13041.98145
455.00000,13051.05469
455.50000,13061.78613
456.00000,13072.55176
456.50000,13081.10352
457.00000,13084.42285
457.50000,13082.25195
458.00000,13074.80762
458.50000,13063.77148
459.00000,13048.77539
459.50000,13028.94727
460.00000,13002.18066
460.50000,12967.73535
461.00000,12927.61523
461.50000,12882.98340
462.00000,12836.33105
462.50000,12788.61719
463.00000,12740.75879
463.50000,12693.92773
464.00000,12649.86133
464.50000,12611.23340
465.00000,12580.95020
465.50000,12560.34180
466.00000,12549.50586
466.50000,12545.84277
467.00000,12548.74512
467.50000,12554.52148
468.00000,12558.14063
468.50000,12553.45117
469.00000,12532.60254
469.50000,12490.93848
470.00000,12426.64160
470.50000,12340.79102
471.00000,12244.99121
471.50000,12148.30762
472.00000,12057.40234
472.50000,11977.45117
473.00000,11907.35156
473.50000,11845.88965
474.00000,11790.71777
474.50000,11742.56836
475.00000,11703.27148
475.50000,11674.62891
476.00000,11659.40430
476.50000,11653.80957
477.00000,11657.48730
477.50000,11666.36621
478.00000,11679.00195
478.50000,11693.29980
479.00000,11708.19238
479.50000,11723.27051
480.00000,11738.59473
480.50000,11754.60938
481.00000,11771.97070
481.50000,11791.36621
482.00000,11812.26563
482.50000,11834.10840
483.00000,11855.62500
483.50000,11875.28516
484.00000,11892.17773
484.50000,11906.46484
485.00000,11918.98438
485.50000,11931.25195
486.00000,11945.21777
486.50000,11962.72949
487.00000,11986.36914
487.50000,12016.03613
488.00000,12053.64551
488.50000,12098.48340
489.00000,12151.01172
489.50000,12209.17480
490.00000,12270.19141
490.50000,12331.29590
491.00000,12389.50488
491.50000,12440.16211
492.00000,12480.02832
492.50000,12502.09473
493.00000,12504.31543
493.50000,12478.61816
494.00000,12423.25391
494.50000,12334.07324
495.00000,12218.29199
495.50000,12088.08008
496.00000,11954.92188
496.50000,11830.24707
497.00000,11727.12305
497.50000,11645.35840
498.00000,11583.38477
498.50000,11533.64258
499.00000,11491.55762
499.50000,11453.73242
500.00000,11420.20020
500.50000,11393.19434
501.00000,11373.77930
501.50000,11364.19922
502.00000,11362.39746
502.50000,11368.89648
503.00000,11381.19727
503.50000,11398.79297
504.00000,11420.87305
504.50000,11447.02051
505.00000,11476.70313
505.50000,11509.30957
506.00000,11545.10547
506.50000,11584.07715
507.00000,11627.33203
507.50000,11673.44043
508.00000,11720.29395
508.50000,11764.04004
509.00000,11801.89551
509.50000,11834.09863
510.00000,11863.78809
510.50000,11896.34082
511.00000,11937.58594
511.50000,11991.50684
512.00000,12054.17773
512.50000,12121.96875
513.00000,12188.27148
513.50000,12246.28223
514.00000,12291.87012
514.50000,12323.70313
515.00000,12340.62402
515.50000,12343.25586
516.00000,12329.55566
516.50000,12301.85840
517.00000,12261.15234
517.50000,12213.97363
518.00000,12163.63867
518.50000,12113.71582
519.00000,12066.14160
519.50000,12021.02441
520.00000,11976.95703
520.50000,11932.88086
521.00000,11888.08887
521.50000,11841.92188
522.00000,11794.02930
522.50000,11743.11914
523.00000,11688.93750
523.50000,11630.75000
524.00000,11569.34375
524.50000,11506.47168
525.00000,11445.65332
525.50000,11390.80371
526.00000,11346.46289
526.50000,11313.07031
527.00000,11293.49414
527.50000,11283.69043
528.00000,11281.14355
528.50000,11280.90332
529.00000,11281.25000
529.50000,11282.78906
530.00000,11288.25488
530.50000,11302.71973
531.00000,11328.37988
531.50000,11367.04785
532.00000,11414.50488
532.50000,11468.41211
533.00000,11523.84277
533.50000,11576.48340
534.00000,11623.85840
534.50000,11664.50977
535.00000,11697.46387
535.50000,11723.05273
536.00000,11740.12695
536.50000,11749.83887
537.00000,11751.25781
537.50000,11746.11621
538.00000,11733.60059
538.50000,11715.12012
539.00000,11691.67676
539.50000,11665.62793
540.00000,11639.71094
540.50000,11615.75000
541.00000,11594.27148
541.50000,11575.45117
542.00000,11557.70703
542.50000,11538.90234
543.00000,11517.23145
543.50000,11490.56738
544.00000,11458.20996
544.50000,11420.37012
545.00000,11379.10742
545.50000,11339.32227
546.00000,11306.97656
546.50000,11285.06641
547.00000,11279.22363
547.50000,11287.23828
548.00000,11310.62207
548.50000,11343.74316
549.00000,11383.44336
549.50000,11426.39453
550.00000,11469.38281
550.50000,11509.24316
551.00000,11543.65918
551.50000,11570.62402
552.00000,11591.90527
552.50000,11607.64258
553.00000,11619.45020
553.50000,11626.22559
554.00000,11625.00391
554.50000,11612.21973
555.00000,11584.79492
555.50000,11543.92969
556.00000,11491.14355
556.50000,11433.57422
557.00000,11378.61914
557.50000,11330.55273
558.00000,11292.34082
558.50000,11262.76953
559.00000,11241.09375
559.50000,11226.90918
560.00000,11221.35547
560.50000,11227.27051
561.00000,11244.69141
561.50000,11275.48535
562.00000,11314.45703
562.50000,11356.75000
563.00000,11394.25098
563.50000,11419.88477
564.00000,11430.60938
564.50000,11425.19531
565.00000,11403.95410
565.50000,11370.36719
566.00000,11325.92676
566.50000,11275.89453
567.00000,11221.75488
567.50000,11166.11230
568.00000,11110.59180
568.50000,11057.08398
569.00000,11008.83398
569.50000,10969.43457
570.00000,10942.46973
570.50000,10932.57422
571.00000,10938.43164
571.50000,10960.35156
572.00000,10988.85840
572.50000,11014.58008
573.00000,11031.37402
573.50000,11035.49023
574.00000,11029.12207
574.50000,11017.35645
575.00000,11006.42773
575.50000,10999.65723
576.00000,10997.38379
576.50000,10996.90820
577.00000,10995.96094
577.50000,10993.66504
578.00000,10991.60059
578.50000,10993.20117
579.00000,11002.62305
579.50000,11023.35352
580.00000,11057.36426
580.50000,11107.38477
581.00000,11171.32324
581.50000,11246.68848
582.00000,11325.42676
582.50000,11400.42090
583.00000,11466.14258
583.50000,11517.76074
584.00000,11555.37402
584.50000,11583.50391
585.00000,11607.55762
585.50000,11631.81152
586.00000,11658.17969
586.50000,11685.74316
587.00000,11711.79492
587.50000,11733.78711
588.00000,11750.13281
588.50000,11761.99805
589.00000,11771.31543
589.50000,11780.57813
590.00000,11791.55078
590.50000,11804.01074
591.00000,11814.95605
591.50000,11819.60840
592.00000,11816.29590
592.50000,11803.38184
593.00000,11785.60352
593.50000,11771.92480
594.00000,11772.01855
594.50000,11792.78906
595.00000,11837.83691
595.50000,11902.40918
596.00000,11982.43262
596.50000,12067.51367
597.00000,12149.18555
597.50000,12222.57813
598.00000,12281.65527
598.50000,12323.20020
599.00000,12341.49023
599.50000,12330.80078
600.00000,12290.04980
600.50000,12220.98926
601.00000,12134.36328
601.50000,12037.01758
602.00000,11939.19336
602.50000,11847.16016
603.00000,11762.25684
603.50000,11683.07910
604.00000,11607.60156
604.50000,11535.73145
605.00000,11469.39355
605.50000,11410.04297
606.00000,11359.79590
606.50000,11314.75195
607.00000,11270.44336
607.50000,11223.05469
608.00000,11170.78516
608.50000,11115.72168
609.00000,11062.01953
609.50000,11014.41602
610.00000,10973.67285
610.50000,10938.76855
611.00000,10906.26465
611.50000,10874.35059
612.00000,10842.93457
612.50000,10815.39941
613.00000,10795.12305
613.50000,10784.98340
614.00000,10784.61035
614.50000,10791.67969
615.00000,10803.14941
615.50000,10815.37988
616.00000,10825.85645
616.50000,10834.39355
617.00000,10841.26465
617.50000,10847.71191
618.00000,10854.74805
618.50000,10862.95703
619.00000,10872.51563
619.50000,10883.04297
620.00000,10894.28711
620.50000,10907.08984
621.00000,10922.75684
621.50000,10944.62109
622.00000,10973.38672
622.50000,11010.92480
623.00000,11053.15527
623.50000,11096.33691
624.00000,11137.34375
624.50000,11175.61230
625.00000,11213.76953
625.50000,11257.07324
626.00000,11312.99414
626.50000,11380.90918
627.00000,11460.69141
627.50000,11545.48047
628.00000,11629.08301
628.50000,11706.25977
629.00000,11773.10840
629.50000,11829.75977
630.00000,11878.89258
630.50000,11922.19336
631.00000,11962.78027
631.50000,12002.52930
632.00000,12043.23730
632.50000,12086.32813
633.00000,12131.50488
633.50000,12178.51563
634.00000,12227.04980
634.50000,12277.14551
635.00000,12328.89258
635.50000,12380.98633
636.00000,12428.51953
636.50000,12466.15234
637.00000,12484.00977
637.50000,12480.64844
638.00000,12453.10156
638.50000,12407.38379
639.00000,12351.06738
639.50000,12292.90820
640.00000,12238.02832
640.50000,12188.09375
641.00000,12141.73633
641.50000,12098.90625
642.00000,12059.11621
642.50000,12024.25977
643.00000,11993.71387
643.50000,11965.32520
644.00000,11935.45996
644.50000,11900.78027
645.00000,11859.32324
645.50000,11812.75586
646.00000,11763.78320
646.50000,11716.55859
647.00000,11674.57813
647.50000,11639.14648
648.00000,11613.53125
648.50000,11599.63965
649.00000,11600.25977
649.50000,11617.11133
650.00000,11645.61719
650.50000,11681.26074
651.00000,11717.98242
651.50000,11752.53125
652.00000,11785.69922
652.50000,11821.46582
653.00000,11864.69043
653.50000,11917.87012
654.00000,11978.22949
654.50000,12039.42773
655.00000,12093.23926
655.50000,12133.73340
656.00000,12153.40137
656.50000,12154.87793
657.00000,12140.16309
657.50000,12117.61133
658.00000,12092.34961
658.50000,12068.15234
659.00000,12045.43652
659.50000,12021.17773
660.00000,11989.99023
660.50000,11946.58789
661.00000,11892.24219
661.50000,11827.77637
662.00000,11759.59082
662.50000,11691.71582
663.00000,11625.89844
663.50000,11560.38086
664.00000,11491.50977
664.50000,11417.57617
665.00000,11339.82031
665.50000,11262.97461
666.00000,11193.82422
666.50000,11135.45703
667.00000,11092.43066
667.50000,11060.13477
668.00000,11035.33301
668.50000,11014.05762
669.00000,10993.92090
669.50000,10973.83301
670.00000,10953.55469
670.50000,10933.25488
671.00000,10913.30957
671.50000,10894.53223
672.00000,10877.44922
672.50000,10863.11523
673.00000,10851.63281
673.50000,10843.15234
674.00000,10837.31836
674.50000,10833.34277
675.00000,10830.03906
675.50000,10825.64941
676.00000,10817.36621
676.50000,10803.87109
677.00000,10783.06152
677.50000,10756.85547
678.00000,10728.09375
678.50000,10700.95801
679.00000,10677.78711
679.50000,10658.61230
680.00000,10641.24219
680.50000,10623.52148
681.00000,10604.89063
681.50000,10588.32715
682.00000,10578.62305
682.50000,10582.37207
683.00000,10600.99219
683.50000,10634.54785
684.00000,10678.66602
684.50000,10726.44629
685.00000,10770.37988
685.50000,10804.79590
686.00000,10824.77441
686.50000,10832.69531
687.00000,10828.25000
687.50000,10816.00293
688.00000,10798.51270
688.50000,10778.75977
689.00000,10758.73438
689.50000,10739.53711
690.00000,10721.36328
690.50000,10703.92871
691.00000,10686.22363
691.50000,10666.66699
692.00000,10644.60840
692.50000,10619.88379
693.00000,10594.94727
693.50000,10573.59375
694.00000,10558.84082
694.50000,10551.36230
695.00000,10549.82715
695.50000,10549.71875
696.00000,10546.19922
696.50000,10536.92871
697.00000,10521.87891
697.50000,10505.17285
698.00000,10491.12305
698.50000,10483.14258
699.00000,10483.42480
699.50000,10492.89844
700.00000,10510.10254
700.50000,10534.21875
701.00000,10561.03125
701.50000,10587.41992
702.00000,10610.75293
702.50000,10628.82617
703.00000,10641.95020
703.50000,10650.68750
704.00000,10655.41602
704.50000,10655.13672
705.00000,10646.76855
705.50000,10629.15820
706.00000,10600.03711
706.50000,10563.76953
707.00000,10524.42969
707.50000,10487.76074
708.00000,10458.74609
708.50000,10437.67969
709.00000,10422.47266
709.50000,10410.60449
710.00000,10399.83203
710.50000,10389.67090
711.00000,10380.41113
711.50000,10372.90430
712.00000,10366.60742
712.50000,10360.15137
713.00000,10352.24219
713.50000,10342.63184
714.00000,10332.77832
714.50000,10325.30566
715.00000,10323.16113
715.50000,10326.41602
716.00000,10333.22070
716.50000,10337.42969
717.00000,10332.06738
717.50000,10314.62402
718.00000,10283.56348
718.50000,10242.39648
719.00000,10196.05957
719.50000,10149.18457
720.00000,10104.95313
720.50000,10065.20313
721.00000,10030.20117
721.50000,10003.10156
722.00000,9984.59375
722.50000,9977.15234
723.00000,9978.75977
723.50000,9985.99609
724.00000,9993.64063
724.50000,9997.92871
725.00000,9997.94336
725.50000,9995.92285
726.00000,9994.54004
726.50000,9995.63281
727.00000,10000.49219
727.50000,10008.71289
728.00000,10021.39844
728.50000,10039.87793
729.00000,10066.16406
729.50000,10102.03809
730.00000,10146.49023
730.50000,10199.31152
731.00000,10257.12988
731.50000,10318.15039
732.00000,10378.49805
732.50000,10432.24316
733.00000,10473.39941
733.50000,10494.58984
734.00000,10491.58105
734.50000,10466.46191
735.00000,10423.62109
735.50000,10374.88086
736.00000,10331.81934
736.50000,10300.67676
737.00000,10285.32031
737.50000,10281.92285
738.00000,10287.80078
738.50000,10299.43164
739.00000,10314.73535
739.50000,10332.81641
740.00000,10352.40234
740.50000,10371.58301
741.00000,10388.15918
741.50000,10398.97949
742.00000,10403.44434
742.50000,10400.06152
743.00000,10390.03711
743.50000,10375.04004
744.00000,10358.04395
744.50000,10342.97656
745.00000,10333.33984
745.50000,10329.34668
746.00000,10330.62793
746.50000,10333.32617
747.00000,10334.20313
747.50000,10331.87305
748.00000,10327.08008
748.50000,10323.11133
749.00000,10323.50684
749.50000,10329.83301
750.00000,10340.49902
750.50000,10353.71191
751.00000,10367.38965
751.50000,10381.65527
752.00000,10397.78516
752.50000,10417.58203
753.00000,10440.17090
753.50000,10461.51953
754.00000,10476.32910
754.50000,10481.10547
755.00000,10474.09277
755.50000,10460.07520
756.00000,10444.98145
756.50000,10435.84277
757.00000,10440.20410
757.50000,10459.07324
758.00000,10491.47852
758.50000,10533.36426
759.00000,10579.90723
759.50000,10626.60645
760.00000,10669.73145
760.50000,10705.68848
761.00000,10734.50586
761.50000,10754.71582
762.00000,10769.11328
762.50000,10778.53516
763.00000,10783.67969
763.50000,10783.16992
764.00000,10774.29590
764.50000,10754.63574
765.00000,10720.47852
765.50000,10673.59082
766.00000,10613.06445
766.50000,10545.88477
767.00000,10475.73047
767.50000,10406.18262
768.00000,10339.07520
768.50000,10274.80078
769.00000,10213.64941
769.50000,10157.41895
770.00000,10108.65820
770.50000,10074.51953
771.00000,10055.27051
771.50000,10053.48047
772.00000,10062.33301
772.50000,10075.31445
773.00000,10084.61914
773.50000,10084.84473
774.00000,10074.85352
774.50000,10058.41016
775.00000,10040.77441
775.50000,10026.67773
776.00000,10018.99316
776.50000,10015.89355
777.00000,10015.89063
777.50000,10016.27441
778.00000,10014.62305
778.50000,10008.70313
779.00000,9996.27051
779.50000,9974.73242
780.00000,9945.75098
780.50000,9912.43652
781.00000,9881.33008
781.50000,9860.27344
782.00000,9851.77441
782.50000,9857.14453
783.00000,9871.22559
783.50000,9887.70117
784.00000,9901.31934
784.50000,9911.27734
785.00000,9920.50684
785.50000,9932.76172
786.00000,9950.89551
786.50000,9972.26563
787.00000,9992.10156
787.50000,10004.98340
788.00000,10006.19434
788.50000,9995.24512
789.00000,9975.79297
789.50000,9953.32129
790.00000,9933.25586
790.50000,9920.65137
791.00000,9916.73926
791.50000,9924.90527
792.00000,9943.79004
792.50000,9974.02637
793.00000,10013.10059
793.50000,10057.92676
794.00000,10103.77246
794.50000,10146.01367
795.00000,10179.82227
795.50000,10203.94727
796.00000,10214.99121
796.50000,10216.10742
797.00000,10208.01465
797.50000,10194.38184
798.00000,10176.93750
798.50000,10155.75488
799.00000,10128.97461
799.50000,10093.17676
800.00000,10047.98535
800.50000,9993.39355
801.00000,9935.41895
801.50000,9880.79883
802.00000,9834.79004
802.50000,9801.61523
803.00000,9780.06738
803.50000,9766.62988
804.00000,9758.00781
804.50000,9752.62500
805.00000,9751.83594
805.50000,9756.35645
806.00000,9768.37109
806.50000,9786.08789
807.00000,9809.29297
807.50000,9837.13379
808.00000,9872.24121
808.50000,9918.25977
809.00000,9978.68555
809.50000,10057.14258
810.00000,10151.31152
810.50000,10261.72363
811.00000,10382.88672
811.50000,10515.07910
812.00000,10656.90723
812.50000,10811.88867
813.00000,10982.75977
813.50000,11171.35840
814.00000,11377.39551
814.50000,11596.23242
815.00000,11824.05273
815.50000,12054.64355
816.00000,12284.77930
816.50000,12513.89355
817.00000,12743.94922
817.50000,12977.60840
818.00000,13216.52734
818.50000,13457.21777
819.00000,13690.69238
819.50000,13901.04785
820.00000,14074.00488
820.50000,14179.52539
821.00000,14212.68945
821.50000,14145.63086
822.00000,13989.69922
822.50000,13745.09766
823.00000,13435.72754
823.50000,13091.26758
824.00000,12740.71289
824.50000,12406.05078
825.00000,12104.63965
825.50000,11837.23242
826.00000,11613.39063
826.50000,11425.22168
827.00000,11278.04395
827.50000,11166.89258
828.00000,11090.81445
828.50000,11044.01953
829.00000,11014.93750
829.50000,10994.91016
830.00000,10974.74805
830.50000,10947.57910
831.00000,10911.54102
831.50000,10864.20020
832.00000,10808.41797
832.50000,10746.40918
833.00000,10682.09473
833.50000,10619.14355
834.00000,10560.16113
834.50000,10505.62109
835.00000,10456.08594
835.50000,10410.57520
836.00000,10370.38574
836.50000,10335.26172
837.00000,10306.43848
837.50000,10282.67285
838.00000,10261.98145
838.50000,10241.15039
839.00000,10216.84180
839.50000,10186.72363
840.00000,10151.44629
840.50000,10111.79199
841.00000,10071.23535
841.50000,10033.74316
842.00000,10002.67578
842.50000,9982.22852
843.00000,9973.78320
843.50000,9977.16504
844.00000,9990.59766
844.50000,10009.65918
845.00000,10030.81445
845.50000,10051.21680
846.00000,10069.19922
846.50000,10084.77051
847.00000,10097.57227
847.50000,10107.95996
848.00000,10115.94922
848.50000,10121.68945
849.00000,10125.35742
849.50000,10126.50488
850.00000,10124.79004
850.50000,10118.49219
851.00000,10107.32324
851.50000,10088.74219
852.00000,10062.20605
852.50000,10025.56836
853.00000,9979.21484
853.50000,9925.59277
854.00000,9869.86914
854.50000,9819.15820
855.00000,9781.31152
855.50000,9757.00391
856.00000,9744.43945
856.50000,9734.27734
857.00000,9719.56934
857.50000,9698.45313
858.00000,9674.28711
858.50000,9653.99707
859.00000,9643.17383
859.50000,9643.88770
860.00000,9650.52539
860.50000,9655.74219
861.00000,9653.80176
861.50000,9641.79590
862.00000,9624.85938
862.50000,9608.56543
863.00000,9597.07813
863.50000,9591.21875
864.00000,9588.82227
864.50000,9585.96777
865.00000,9579.42969
865.50000,9569.35449
866.00000,9557.76855
866.50000,9548.84766
867.00000,9547.42090
867.50000,9554.51855
868.00000,9568.07813
868.50000,9583.26855
869.00000,9594.81250
869.50000,9599.05566
870.00000,9597.61230
870.50000,9594.39746
871.00000,9595.38281
871.50000,9606.46777
872.00000,9627.56738
872.50000,9656.30957
873.00000,9686.27441
873.50000,9710.43848
874.00000,9723.64648
874.50000,9725.45703
875.00000,9715.47266
875.50000,9698.32520
876.00000,9675.65723
876.50000,9649.77148
877.00000,9619.73926
877.50000,9584.50586
878.00000,9543.05762
878.50000,9496.78027
879.00000,9450.12207
879.50000,9409.50488
880.00000,9378.14453
880.50000,9358.77344
881.00000,9346.03613
881.50000,9334.43652
882.00000,9317.72754
882.50000,9291.03516
883.00000,9253.86816
883.50000,9209.06738
884.00000,9161.67578
884.50000,9117.99023
885.00000,9084.90820
885.50000,9064.08203
886.00000,9057.40820
886.50000,9059.52637
887.00000,9067.33398
887.50000,9077.80078
888.00000,9091.18457
888.50000,9110.13672
889.00000,9137.33496
889.50000,9175.12598
890.00000,9220.58984
890.50000,9271.00781
891.00000,9321.58594
891.50000,9369.81641
892.00000,9415.93555
892.50000,9461.40039
893.00000,9507.44336
893.50000,9554.10254
894.00000,9600.29395
894.50000,9644.49707
895.00000,9684.29688
895.50000,9718.62207
896.00000,9744.04980
896.50000,9760.53711
897.00000,9766.78418
897.50000,9765.34473
898.00000,9759.58398
898.50000,9753.12988
899.00000,9747.69629
899.50000,9742.17969
900.00000,9734.23145
900.50000,9721.13086
901.00000,9704.25293
901.50000,9686.16602
902.00000,9670.54980
902.50000,9659.75098
903.00000,9652.73047
903.50000,9645.91016
904.00000,9635.03906
904.50000,9618.17285
905.00000,9594.29199
905.50000,9566.24805
906.00000,9534.47168
906.50000,9499.12695
907.00000,9458.34375
907.50000,9412.10840
908.00000,9362.22559
908.50000,9312.57031
909.00000,9266.97852
909.50000,9227.67285
910.00000,9192.17480
910.50000,9156.54492
911.00000,9117.21484
911.50000,9072.87598
912.00000,9027.27832
912.50000,8986.34082
913.00000,8954.54883
913.50000,8933.27734
914.00000,8921.79492
914.50000,8916.59570
915.00000,8917.23828
915.50000,8923.33887
916.00000,8938.49023
916.50000,8962.78418
917.00000,8996.16602
917.50000,9034.04883
918.00000,9070.75000
918.50000,9101.55273
919.00000,9125.43848
919.50000,9144.49707
920.00000,9163.20996
920.50000,9184.29785
921.00000,9206.50293
921.50000,9225.50293
922.00000,9236.81836
922.50000,9236.64844
923.00000,9225.63379
923.50000,9207.78711
924.00000,9188.10547
924.50000,9171.22168
925.00000,9160.84277
925.50000,9157.06836
926.00000,9161.99316
926.50000,9174.83203
927.00000,9196.01563
927.50000,9223.48340
928.00000,9254.36621
928.50000,9285.24023
929.00000,9313.35938
929.50000,9336.77148
930.00000,9355.86816
930.50000,9369.70313
931.00000,9379.16797
931.50000,9383.25000
932.00000,9382.60645
932.50000,9377.58008
933.00000,9369.09180
933.50000,9357.69434
934.00000,9343.00000
934.50000,9325.41895
935.00000,9305.29688
935.50000,9284.47461
936.00000,9264.04980
936.50000,9243.54688
937.00000,9220.49805
937.50000,9192.45703
938.00000,9158.62793
938.50000,9121.61719
939.00000,9086.99023
939.50000,9061.21777
940.00000,9045.55957
940.50000,9040.24707
941.00000,9038.56348
941.50000,9034.75488
942.00000,9025.41895
942.50000,9009.67578
943.00000,8989.05469
943.50000,8965.75391
944.00000,8941.54492
944.50000,8918.12500
945.00000,8897.34766
945.50000,8879.72559
946.00000,8865.97754
946.50000,8854.82422
947.00000,8845.75879
947.50000,8838.96777
948.00000,8836.20313
948.50000,8839.60645
949.00000,8849.05469
949.50000,8862.83398
950.00000,8876.53320
950.50000,8887.07910
951.00000,8895.57910
951.50000,8905.56738
952.00000,8920.56738
952.50000,8942.06543
953.00000,8967.58008
953.50000,8992.53418
954.00000,9012.86426
954.50000,9027.73828
955.00000,9036.59473
955.50000,9040.80664
956.00000,9037.92480
956.50000,9026.82227
957.00000,9005.85449
957.50000,8978.17480
958.00000,8949.56641
958.50000,8925.58984
959.00000,8907.30957
959.50000,8892.12500
960.00000,8874.94043
960.50000,8851.79102
961.00000,8824.51953
961.50000,8796.86816
962.00000,8772.74316
962.50000,8753.27930
963.00000,8735.63770
963.50000,8715.19824
964.00000,8688.20703
964.50000,8655.44629
965.00000,8619.61426
965.50000,8585.63477
966.00000,8557.75684
966.50000,8536.00391
967.00000,8518.50879
967.50000,8500.77930
968.00000,8478.43359
968.50000,8448.61816
969.00000,8412.25781
969.50000,8372.10742
970.00000,8333.42285
970.50000,8301.81445
971.00000,8278.32715
971.50000,8263.71680
972.00000,8255.08105
972.50000,8250.56348
973.00000,8249.24414
973.50000,8251.03809
974.00000,8255.96582
974.50000,8262.15332
975.00000,8266.76563
975.50000,8267.99121
976.00000,8265.31836
976.50000,8262.04590
977.00000,8262.21387
977.50000,8268.22852
978.00000,8279.96973
978.50000,8294.97852
979.00000,8309.50391
979.50000,8320.33984
980.00000,8326.81934
980.50000,8327.94922
981.00000,8325.11816
981.50000,8318.34570
982.00000,8308.80957
982.50000,8297.98633
983.00000,8288.17285
983.50000,8281.64063
984.00000,8280.09082
984.50000,8282.44531
985.00000,8287.08496
985.50000,8291.21191
986.00000,8293.39746
986.50000,8294.70898
987.00000,8297.63574
987.50000,8304.56641
988.00000,8316.57617
988.50000,8332.93652
989.00000,8351.01465
989.50000,8368.44238
990.00000,8384.11719
990.50000,8397.99609
991.00000,8411.54688
991.50000,8426.00195
992.00000,8441.59277
992.50000,8457.40820
993.00000,8471.49121
993.50000,8481.57324
994.00000,8485.00195
994.50000,8481.66309
995.00000,8470.81055
995.50000,8455.95313
996.00000,8440.13770
996.50000,8426.47461
997.00000,8416.49316
997.50000,8409.19922
998.00000,8402.39453
998.50000,8394.15039
999.00000,8384.26758
999.50000,8373.96680
1000.00000,8364.92578
1000.50000,8357.83691
1001.00000,8350.74512
1001.50000,8340.10059
1002.00000,8323.41309
1002.50000,8300.03027
1003.00000,8272.77051
1003.50000,8246.82324
1004.00000,8227.70215
1004.50000,8217.06152
1005.00000,8215.93457
1005.50000,8219.51758
1006.00000,8224.23047
1006.50000,8227.00000
1007.00000,8226.64160
1007.50000,8224.22266
1008.00000,8221.76465
1008.50000,8221.73047
1009.00000,8226.13281
1009.50000,8237.73145
1010.00000,8255.88867
1010.50000,8280.20215
1011.00000,8306.22168
1011.50000,8329.40625
1012.00000,8347.02539
1012.50000,8359.19043
1013.00000,8369.58789
1013.50000,8383.35547
1014.00000,8404.82910
1014.50000,8433.41016
1015.00000,8467.57422
1015.50000,8502.75195
1016.00000,8536.04004
1016.50000,8566.30664
1017.00000,8592.45117
1017.50000,8613.36523
1018.00000,8627.37402
1018.50000,8632.99023
1019.00000,8632.04688
1019.50000,8626.64941
1020.00000,8620.10059
1020.50000,8613.20117
1021.00000,8605.21582
1021.50000,8594.68066
1022.00000,8581.76563
1022.50000,8567.85059
1023.00000,8554.43164
1023.50000,8541.52832
1024.00000,8527.62207
1024.50000,8511.75391
1025.00000,8495.06152
1025.50000,8481.48145
1026.00000,8476.56543
1026.50000,8480.98242
1027.00000,8492.25977
1027.50000,8503.80664
1028.00000,8509.54199
1028.50000,8506.91895
1029.00000,8499.20703
1029.50000,8491.02246
1030.00000,8485.83594
1030.50000,8484.23145
1031.00000,8483.10742
1031.50000,8479.57715
1032.00000,8473.29980
1032.50000,8465.98926
1033.00000,8459.53906
1033.50000,8453.86230
1034.00000,8446.37500
1034.50000,8434.23047
1035.00000,8414.00098
1035.50000,8387.68750
1036.00000,8357.41406
1036.50000,8327.29199
1037.00000,8300.63086
1037.50000,8279.08105
1038.00000,8262.91797
1038.50000,8251.69922
1039.00000,8243.17480
1039.50000,8234.60645
1040.00000,8222.86035
1040.50000,8204.27441
1041.00000,8179.28369
1041.50000,8149.32373
1042.00000,8118.53174
1042.50000,8090.74902
1043.00000,8067.96875
1043.50000,8049.50879
1044.00000,8034.17627
1044.50000,8020.35596
1045.00000,8008.40479
1045.50000,7998.58496
1046.00000,7991.61426
1046.50000,7986.74707
1047.00000,7983.63867
1047.50000,7982.62842
1048.00000,7984.76172
1048.50000,7990.75928
1049.00000,7998.82520
1049.50000,8005.55664
1050.00000,8008.14014
1050.50000,8005.17578
1051.00000,8000.36914
1051.50000,7999.00439
1052.00000,8004.87549
1052.50000,8018.67969
1053.00000,8037.32471
1053.50000,8055.70361
1054.00000,8069.47168
1054.50000,8077.69678
1055.00000,8079.55762
1055.50000,8077.71387
1056.00000,8073.95020
1056.50000,8071.30029
1057.00000,8073.36914
1057.50000,8082.68555
1058.00000,8099.43555
1058.50000,8121.58252
1059.00000,8144.76172
1059.50000,8165.82813
1060.00000,8184.79346
1060.50000,8203.43848
1061.00000,8223.55469
1061.50000,8244.71387
1062.00000,8264.08789
1062.50000,8278.68262
1063.00000,8288.01660
1063.50000,8295.31250
1064.00000,8304.67578
1064.50000,8317.83398
1065.00000,8334.23340
1065.50000,8350.20313
1066.00000,8362.66602
1066.50000,8371.25488
1067.00000,8376.54883
1067.50000,8379.04883
1068.00000,8377.62500
1068.50000,8369.66504
1069.00000,8355.03223
1069.50000,8335.00195
1070.00000,8315.01074
1070.50000,8300.55664
1071.00000,8292.86719
1071.50000,8290.64160
1072.00000,8289.38965
1072.50000,8285.70117
1073.00000,8279.52441
1073.50000,8274.40137
1074.00000,8275.61035
1074.50000,8284.94434
1075.00000,8303.47949
1075.50000,8326.17285
1076.00000,8349.10645
1076.50000,8369.66797
1077.00000,8387.69434
1077.50000,8404.98535
1078.00000,8423.26465
1078.50000,8442.74707
1079.00000,8461.79883
1079.50000,8477.81641
1080.00000,8490.11426
1080.50000,8498.68457
1081.00000,8506.00781
1081.50000,8514.07715
1082.00000,8523.35840
1082.50000,8532.29395
1083.00000,8538.02637
1083.50000,8538.45801
1084.00000,8532.05664
1084.50000,8520.97754
1085.00000,8506.47070
1085.50000,8490.62012
1086.00000,8473.50098
1086.50000,8454.73926
1087.00000,8433.92090
1087.50000,8411.94824
1088.00000,8391.10059
1088.50000,8374.51563
1089.00000,8363.75879
1089.50000,8360.37402
1090.00000,8361.43555
1090.50000,8363.98047
1091.00000,8364.10938
1091.50000,8358.49707
1092.00000,8346.49414
1092.50000,8329.22949
1093.00000,8309.25098
1093.50000,8289.77441
1094.00000,8273.69434
1094.50000,8262.11914
1095.00000,8257.47168
1095.50000,8259.52441
1096.00000,8270.31543
1096.50000,8289.03613
1097.00000,8314.36133
1097.50000,8342.52930
1098.00000,8368.56543
1098.50000,8387.71777
1099.00000,8399.12891
1099.50000,8403.49609
1100.00000,8406.72754
1100.50000,8415.41992
1101.00000,8433.31641
1101.50000,8462.69629
1102.00000,8500.71191
1102.50000,8542.91992
1103.00000,8585.11230
1103.50000,8624.96973
1104.00000,8661.93652
1104.50000,8697.17871
1105.00000,8730.54199
1105.50000,8761.46191
1106.00000,8787.81738
1106.50000,8808.97754
1107.00000,8824.66992
1107.50000,8835.52051
1108.00000,8841.92285
1108.50000,8842.80078
1109.00000,8838.33203
1109.50000,8828.56738
1110.00000,8817.38477
1110.50000,8809.35254
1111.00000,8807.26074
1111.50000,8812.17676
1112.00000,8821.51758
1112.50000,8832.15234
1113.00000,8842.57129
1113.50000,8853.83984
1114.00000,8869.30078
1114.50000,8890.75000
1115.00000,8920.26367
1115.50000,8954.95410
1116.00000,8992.46387
1116.50000,9029.73633
1117.00000,9064.74512
1117.50000,9096.71973
1118.00000,9125.94531
1118.50000,9152.66992
1119.00000,9177.29395
1119.50000,9198.08398
1120.00000,9213.53809
1120.50000,9219.46484
1121.00000,9215.41406
1121.50000,9201.30566
1122.00000,9181.26953
1122.50000,9160.88672
1123.00000,9145.43164
1123.50000,9137.14258
1124.00000,9136.59277
1124.50000,9139.90039
1125.00000,9143.84473
1125.50000,9145.96094
1126.00000,9145.68945
1126.50000,9144.77734
1127.00000,9145.64844
1127.50000,9150.07031
1128.00000,9158.19922
1128.50000,9169.38965
1129.00000,9181.89063
1129.50000,9194.44727
1130.00000,9205.73438
1130.50000,9213.20605
1131.00000,9214.82227
1131.50000,9208.13770
1132.00000,9194.58594
1132.50000,9179.41602
1133.00000,9170.60156
1133.50000,9173.94434
1134.00000,9193.13965
1134.50000,9221.72852
1135.00000,9252.93164
1135.50000,9280.03027
1136.00000,9300.29199
1136.50000,9316.36621
1137.00000,9331.60645
1137.50000,9347.57031
1138.00000,9363.14551
1138.50000,9376.23535
1139.00000,9386.86719
1139.50000,9396.94922
1140.00000,9409.17676
1140.50000,9424.95508
1141.00000,9442.38867
1141.50000,9459.07813
1142.00000,9474.38086
1142.50000,9490.69531
1143.00000,9512.31934
1143.50000,9541.54102
1144.00000,9579.18652
1144.50000,9621.21582
1145.00000,9665.58691
1145.50000,9711.89746
1146.00000,9763.46094
1146.50000,9822.61035
1147.00000,9889.22949
1147.50000,9958.77832
1148.00000,10024.80566
1148.50000,10082.51953
1149.00000,10133.79395
1149.50000,10183.41113
1150.00000,10237.29297
1150.50000,10298.61719
1151.00000,10363.70801
1151.50000,10425.98828
1152.00000,10479.08887
1152.50000,10519.41309
1153.00000,10545.86035
1153.50000,10561.16211
1154.00000,10564.66699
1154.50000,10558.21289
1155.00000,10538.26074
1155.50000,10505.87891
1156.00000,10459.16113
1156.50000,10400.53809
1157.00000,10332.70410
1157.50000,10259.84570
1158.00000,10186.65527
1158.50000,10116.79883
1159.00000,10051.45508
1159.50000,9992.12500
1160.00000,9937.95801
1160.50000,9890.95801
1161.00000,9851.13965
1161.50000,9818.25586
1162.00000,9788.75195
1162.50000,9757.78223
1163.00000,9721.91113
1163.50000,9682.37598
1164.00000,9643.96582
1164.50000,9611.79590
1165.00000,9590.15039
1165.50000,9575.63672
1166.00000,9563.89746
1166.50000,9550.11914
1167.00000,9532.02637
1167.50000,9509.83789
1168.00000,9484.83594
1168.50000,9457.31543
1169.00000,9428.09180
1169.50000,9398.82617
1170.00000,9372.77148
1170.50000,9354.93555
1171.00000,9346.83594
1171.50000,9348.94238
1172.00000,9358.45508
1172.50000,9372.28906
1173.00000,9389.03125
1173.50000,9408.38672
1174.00000,9431.80859
1174.50000,9459.03418
1175.00000,9490.04395
1175.50000,9522.74023
1176.00000,9555.52734
1176.50000,9587.28125
1177.00000,9617.45605
1177.50000,9645.55859
1178.00000,9670.61719
1178.50000,9690.09180
1179.00000,9702.96973
1179.50000,9707.21191
1180.00000,9706.36035
1180.50000,9704.05762
1181.00000,9704.62305
1181.50000,9710.68164
1182.00000,9721.74512
1182.50000,9735.74707
1183.00000,9751.00977
1183.50000,9766.49219
1184.00000,9781.18262
1184.50000,9793.19141
1185.00000,9797.98438
1185.50000,9793.87305
1186.00000,9779.78027
1186.50000,9759.64258
1187.00000,9738.16016
1187.50000,9718.47266
1188.00000,9700.36816
1188.50000,9681.56152
1189.00000,9660.44629
1189.50000,9637.31152
1190.00000,9615.34766
1190.50000,9598.82617
1191.00000,9589.82813
1191.50000,9589.96484
1192.00000,9598.41113
1192.50000,9612.85742
1193.00000,9630.11719
1193.50000,9645.67969
1194.00000,9654.11719
1194.50000,9653.24805
1195.00000,9638.78320
1195.50000,9612.10449
1196.00000,9572.51367
1196.50000,9523.22559
1197.00000,9468.64258
1197.50000,9414.59570
1198.00000,9366.01465
1198.50000,9325.47070
1199.00000,9289.59961
1199.50000,9253.90039
1200.00000,9214.90820
1200.50000,9172.58691
1201.00000,9131.09668
1201.50000,9095.35547
1202.00000,9067.39844
1202.50000,9045.53027
1203.00000,9026.45605
1203.50000,9006.97656
1204.00000,8986.28125
1204.50000,8965.91016
1205.00000,8948.55469
1205.50000,8935.61133
1206.00000,8928.51270
1206.50000,8926.60254
1207.00000,8928.50586
1207.50000,8932.03320
1208.00000,8934.80957
1208.50000,8935.34961
1209.00000,8934.36523
1209.50000,8933.84766
1210.00000,8935.94824
1210.50000,8942.50586
1211.00000,8952.69531
1211.50000,8964.90723
1212.00000,8977.12988
1212.50000,8988.33496
1213.00000,8998.92480
1213.50000,9010.31250
1214.00000,9023.91016
1214.50000,9038.94531
1215.00000,9053.01855
1215.50000,9063.47168
1216.00000,9068.76953
1216.50000,9071.47656
1217.00000,9076.66211
1217.50000,9089.01172
1218.00000,9108.48926
1218.50000,9130.91309
1219.00000,9149.49121
1219.50000,9158.32520
1220.00000,9159.64258
1220.50000,9156.84766
1221.00000,9154.16309
1221.50000,9152.05664
1222.00000,9148.01855
1222.50000,9139.91016
1223.00000,9128.25195
1223.50000,9116.48438
1224.00000,9107.04492
1224.50000,9098.11035
1225.00000,9084.54297
1225.50000,9063.62305
1226.00000,9036.38379
1226.50000,9009.67285
1227.00000,8990.84570
1227.50000,8982.94141
1228.00000,8981.87891
1228.50000,8982.09668
1229.00000,8980.40918
1229.50000,8979.57227
1230.00000,8984.90918
1230.50000,9000.73926
1231.00000,9022.82324
1231.50000,9042.31934
1232.00000,9050.74219
1232.50000,9046.32031
1233.00000,9034.06152
1233.50000,9024.13184
1234.00000,9025.51563
1234.50000,9037.59766
1235.00000,9057.67969
1235.50000,9079.30469
1236.00000,9099.53906
1236.50000,9118.83691
1237.00000,9138.71484
1237.50000,9159.00684
1238.00000,9177.30566
1238.50000,9190.26758
1239.00000,9198.29883
1239.50000,9203.34473
1240.00000,9208.99609
1240.50000,9216.11816
1241.00000,9222.13281
1241.50000,9223.09570
1242.00000,9217.73340
1242.50000,9209.45898
1243.00000,9204.52539
1243.50000,9207.15723
1244.00000,9218.96484
1244.50000,9234.29980
1245.00000,9248.32129
1245.50000,9259.73047
1246.00000,9271.71484
1246.50000,9288.95508
1247.00000,9313.16992
1247.50000,9340.94238
1248.00000,9365.62109
1248.50000,9381.61914
1249.00000,9390.64746
1249.50000,9396.66309
1250.00000,9404.63770
1250.50000,9415.59961
1251.00000,9426.45898
1251.50000,9433.97656
1252.00000,9438.28223
1252.50000,9442.95703
1253.00000,9451.88965
1253.50000,9465.00488
1254.00000,9479.86230
1254.50000,9493.63281
1255.00000,9507.88281
1255.50000,9527.95801
1256.00000,9560.30957
1256.50000,9605.09668
1257.00000,9656.64746
1257.50000,9706.31445
1258.00000,9747.94141
1258.50000,9779.13867
1259.00000,9804.58691
1259.50000,9827.64844
1260.00000,9850.42773
1260.50000,9871.73438
1261.00000,9889.92383
1261.50000,9904.16309
1262.00000,9915.20703
1262.50000,9924.04004
1263.00000,9929.89941
1263.50000,9931.50293
1264.00000,9926.02734
1264.50000,9914.94727
1265.00000,9900.47168
1265.50000,9887.35156
1266.00000,9879.82910
1266.50000,9878.94629
1267.00000,9882.62500
1267.50000,9886.80371
1268.00000,9887.83594
1268.50000,9884.36719
1269.00000,9879.71387
1269.50000,9879.48828
1270.00000,9886.61230
1270.50000,9901.69141
1271.00000,9919.37109
1271.50000,9932.53516
1272.00000,9935.73828
1272.50000,9928.42871
1273.00000,9912.93652
1273.50000,9894.76563
1274.00000,9876.58301
1274.50000,9857.96094
1275.00000,9835.43848
1275.50000,9806.69043
1276.00000,9770.56738
1276.50000,9729.54102
1277.00000,9687.46582
1277.50000,9647.90234
1278.00000,9612.44824
1278.50000,9581.75879
1279.00000,9553.84473
1279.50000,9527.31348
1280.00000,9500.78516
1280.50000,9474.62305
1281.00000,9450.87207
1281.50000,9433.18652
1282.00000,9424.88379
1282.50000,9426.25488
1283.00000,9436.12500
1283.50000,9449.58984
1284.00000,9462.62793
1284.50000,9472.62598
1285.00000,9478.03125
1285.50000,9479.93457
1286.00000,9479.69531
1286.50000,9479.50195
1287.00000,9481.35254
1287.50000,9486.02832
1288.00000,9491.66797
1288.50000,9494.25781
1289.00000,9490.87988
1289.50000,9479.40918
1290.00000,9463.98730
1290.50000,9449.56641
1291.00000,9439.66992
1291.50000,9434.26953
1292.00000,9430.21191
1292.50000,9424.65137
1293.00000,9417.97363
1293.50000,9413.64941
1294.00000,9416.12207
1294.50000,9424.33203
1295.00000,9435.84961
1295.50000,9446.88086
1296.00000,9456.55859
1296.50000,9467.21875
1297.00000,9481.92188
1297.50000,9501.70801
1298.00000,9523.82227
1298.50000,9544.82617
1299.00000,9563.71094
1299.50000,9583.38965
1300.00000,9608.94434
1300.50000,9646.02539
1301.00000,9694.35938
1301.50000,9750.33984
1302.00000,9808.41016
1302.50000,9865.00586
1303.00000,9921.09082
1303.50000,9980.89160
1304.00000,10050.85156
1304.50000,10130.22559
1305.00000,10217.62695
1305.50000,10308.39063
1306.00000,10401.42383
1306.50000,10499.14648
1307.00000,10605.60156
1307.50000,10722.80859
1308.00000,10845.55469
1308.50000,10963.87305
1309.00000,11068.05469
1309.50000,11145.69141
1310.00000,11197.55176
1310.50000,11221.18652
1311.00000,11221.50000
1311.50000,11201.00586
1312.00000,11161.76367
1312.50000,11106.66406
1313.00000,11035.04102
1313.50000,10950.41699
1314.00000,10852.03125
1314.50000,10746.41113
1315.00000,10638.37402
1315.50000,10533.69141
1316.00000,10436.39063
1316.50000,10346.74219
1317.00000,10262.68848
1317.50000,10182.33594
1318.00000,10104.47070
1318.50000,10030.38867
1319.00000,9960.56445
1319.50000,9896.56934
1320.00000,9837.36816
1320.50000,9783.07129
1321.00000,9732.91211
1321.50000,9686.49219
1322.00000,9643.22461
1322.50000,9602.41406
1323.00000,9564.75000
1323.50000,9530.89941
1324.00000,9503.28320
1324.50000,9481.11133
1325.00000,9464.44336
1325.50000,9451.45508
1326.00000,9441.72559
1326.50000,9435.21777
1327.00000,9431.62500
1327.50000,9429.45801
1328.00000,9425.71387
1328.50000,9416.67969
1329.00000,9401.96191
1329.50000,9381.77051
1330.00000,9359.64941
1330.50000,9338.45020
1331.00000,9319.75586
1331.50000,9303.93359
1332.00000,9290.75000
1332.50000,9279.73438
1333.00000,9270.84570
1333.50000,9262.83594
1334.00000,9253.07520
1334.50000,9238.74707
1335.00000,9216.20313
1335.50000,9186.28809
1336.00000,9152.43652
1336.50000,9121.18164
1337.00000,9098.84863
1337.50000,9089.50488
1338.00000,9090.48242
1338.50000,9098.42871
1339.00000,9107.46875
1339.50000,9115.03809
1340.00000,9121.73438
1340.50000,9129.85156
1341.00000,9141.24023
1341.50000,9156.73145
1342.00000,9176.10352
1342.50000,9198.02832
1343.00000,9221.10547
1343.50000,9243.61914
1344.00000,9264.80273
1344.50000,9286.32129
1345.00000,9311.85645
1345.50000,9343.48633
1346.00000,9380.11523
1346.50000,9415.44043
1347.00000,9441.33984
1347.50000,9451.82324
1348.00000,9450.13281
1348.50000,9442.00000
1349.00000,9435.31250
1349.50000,9432.07324
1350.00000,9428.58789
1350.50000,9420.12891
1351.00000,9405.77637
1351.50000,9388.35449
1352.00000,9372.05371
1352.50000,9359.14551
1353.00000,9350.17383
1353.50000,9344.34570
1354.00000,9344.04004
1354.50000,9350.12793
1355.00000,9363.09668
1355.50000,9377.85156
1356.00000,9387.02441
1356.50000,9385.61816
1357.00000,9374.40430
1357.50000,9357.60938
1358.00000,9341.21680
1358.50000,9328.96973
1359.00000,9320.45410
1359.50000,9314.56445
1360.00000,9308.61816
1360.50000,9299.41113
1361.00000,9284.02832
1361.50000,9260.63477
1362.00000,9230.52051
1362.50000,9198.82813
1363.00000,9170.83203
1363.50000,9147.26367
1364.00000,9123.98633
1364.50000,9095.18555
1365.00000,9057.45313
1365.50000,9014.91992
1366.00000,8974.32715
1366.50000,8940.66309
1367.00000,8913.96582
1367.50000,8891.73340
1368.00000,8871.27734
1368.50000,8853.71973
1369.00000,8840.12012
1369.50000,8830.39160
1370.00000,8820.31055
1370.50000,8805.58203
1371.00000,8786.58398
1371.50000,8768.25391
1372.00000,8755.86914
1372.50000,8749.77246
1373.00000,8746.33301
1373.50000,8740.53418
1374.00000,8730.89648
1374.50000,8721.60449
1375.00000,8717.57910
1375.50000,8718.98828
1376.00000,8721.72754
1376.50000,8720.40137
1377.00000,8713.39160
1377.50000,8703.60547
1378.00000,8696.11621
1378.50000,8693.79199
1379.00000,8694.49707
1379.50000,8696.71680
1380.00000,8700.83105
1380.50000,8710.69531
1381.00000,8729.14941
1381.50000,8755.96094
1382.00000,8787.46484
1382.50000,8818.74414
1383.00000,8847.42969
1383.50000,8874.80176
1384.00000,8902.84473
1384.50000,8931.64648
1385.00000,8958.84668
1385.50000,8982.20020
1386.00000,9000.95996
1386.50000,9016.56152
1387.00000,9030.54883
1387.50000,9042.12305
1388.00000,9049.29590
1388.50000,9048.75781
1389.00000,9042.54980
1389.50000,9034.17285
1390.00000,9028.64258
1390.50000,9028.47949
1391.00000,9030.99414
1391.50000,9030.62598
1392.00000,9023.22461
1392.50000,9009.99902
1393.00000,8995.75586
1393.50000,8986.52539
1394.00000,8987.50293
1394.50000,8996.37793
1395.00000,9010.25293
1395.50000,9024.64063
1396.00000,9036.81250
1396.50000,9045.72070
1397.00000,9051.36133
1397.50000,9054.33887
1398.00000,9057.38281
1398.50000,9065.51953
1399.00000,9081.96289
1399.50000,9109.88086
1400.00000,9145.07715
1400.50000,9181.99316
1401.00000,9215.28418
1401.50000,9243.10742
1402.00000,9266.73828
1402.50000,9288.37109
1403.00000,9306.77246
1403.50000,9319.05664
1404.00000,9319.79492
1404.50000,9309.83984
1405.00000,9289.21680
1405.50000,9260.88770
1406.00000,9225.75684
1406.50000,9184.61523
1407.00000,9139.90039
1407.50000,9095.58496
1408.00000,9055.24902
1408.50000,9019.95117
1409.00000,8984.31641
1409.50000,8939.57715
1410.00000,8882.10254
1410.50000,8812.20801
1411.00000,8737.29980
1411.50000,8666.32520
1412.00000,8605.95703
1412.50000,8556.58398
1413.00000,8516.74316
1413.50000,8480.48242
1414.00000,8444.01465
1414.50000,8405.68652
1415.00000,8366.64941
1415.50000,8330.50781
1416.00000,8301.36426
1416.50000,8281.14941
1417.00000,8268.03711
1417.50000,8258.69531
1418.00000,8249.19238
1418.50000,8238.81836
1419.00000,8230.50195
1419.50000,8229.87305
1420.00000,8238.95703
1420.50000,8257.21484
1421.00000,8278.68750
1421.50000,8295.98828
1422.00000,8304.16504
1422.50000,8304.23242
1423.00000,8299.92480
1423.50000,8297.57813
1424.00000,8302.06445
1424.50000,8312.12793
1425.00000,8324.11133
1425.50000,8332.92383
1426.00000,8335.79004
1426.50000,8334.29688
1427.00000,8333.30664
1427.50000,8336.79492
1428.00000,8343.96973
1428.50000,8350.49902
1429.00000,8351.19629
1429.50000,8341.95703
1430.00000,8326.00684
1430.50000,8309.53320
1431.00000,8299.45703
1431.50000,8299.08496
1432.00000,8306.57129
1432.50000,8314.52441
1433.00000,8315.60742
1433.50000,8308.32031
1434.00000,8293.46777
1434.50000,8276.86816
1435.00000,8262.44629
1435.50000,8250.65723
1436.00000,8239.14746
1436.50000,8225.16504
1437.00000,8208.52344
1437.50000,8192.19727
1438.00000,8180.32568
1438.50000,8177.56543
1439.00000,8182.72266
1439.50000,8194.99219
1440.00000,8210.38086
1440.50000,8225.70215
1441.00000,8238.53711
1441.50000,8247.66992
1442.00000,8252.78809
1442.50000,8255.03223
1443.00000,8255.32324
1443.50000,8255.28223
1444.00000,8256.53809
1444.50000,8260.53125
1445.00000,8269.22852
1445.50000,8282.54980
1446.00000,8298.68555
1446.50000,8313.84082
1447.00000,8323.98535
1447.50000,8325.53027
1448.00000,8319.29688
1448.50000,8305.98633
1449.00000,8289.79785
1449.50000,8273.96191
1450.00000,8261.69141
1450.50000,8255.54688
1451.00000,8254.88379
1451.50000,8255.69434
1452.00000,8252.00488
1452.50000,8240.15723
1453.00000,8219.04004
1453.50000,8195.28516
1454.00000,8175.52002
1454.50000,8162.67725
1455.00000,8157.40479
1455.50000,8157.13281
1456.00000,8160.64404
1456.50000,8168.42676
1457.00000,8180.85742
1457.50000,8197.27246
1458.00000,8213.78809
1458.50000,8225.30176
1459.00000,8230.17871
1459.50000,8227.18945
1460.00000,8219.11230
1460.50000,8208.63281
1461.00000,8198.43164
1461.50000,8189.75342
1462.00000,8181.76709
1462.50000,8171.82617
1463.00000,8156.33252
1463.50000,8136.53467
1464.00000,8116.63135
1464.50000,8102.76172
1465.00000,8100.06885
1465.50000,8106.60010
1466.00000,8116.07764
1466.50000,8121.16064
1467.00000,8118.64648
1467.50000,8109.59375
1468.00000,8099.40186
1468.50000,8091.17969
1469.00000,8083.66650
1469.50000,8073.52734
1470.00000,8059.17236
1470.50000,8041.92139
1471.00000,8026.03369
1471.50000,8015.61279
1472.00000,8012.61230
1472.50000,8014.47363
1473.00000,8017.58838
1473.50000,8018.76758
1474.00000,8016.62012
1474.50000,8012.72559
1475.00000,8009.33301
1475.50000,8008.51074
1476.00000,8011.30273
1476.50000,8017.10254
1477.00000,8023.37988
1477.50000,8026.52148
1478.00000,8024.74463
1478.50000,8017.43018
1479.00000,8009.33594
1479.50000,8007.27100
1480.00000,8015.63135
1480.50000,8035.08789
1481.00000,8059.10498
1481.50000,8077.60059
1482.00000,8082.30469
1482.50000,8075.87256
1483.00000,8065.44434
1483.50000,8060.61328
1484.00000,8067.50342
1484.50000,8082.37158
1485.00000,8099.75732
1485.50000,8115.06982
1486.00000,8127.89160
1486.50000,8139.93799
1487.00000,8150.80957
1487.50000,8155.82324
1488.00000,8151.92529
1488.50000,8137.77930
1489.00000,8121.46143
1489.50000,8112.36475
1490.00000,8114.74609
1490.50000,8126.63379
1491.00000,8139.71680
1491.50000,8147.19531
1492.00000,8148.44336
1492.50000,8148.93896
1493.00000,8154.50879
1493.50000,8165.15088
1494.00000,8177.02686
1494.50000,8184.73047
1495.00000,8185.78711
1495.50000,8184.03564
1496.00000,8185.61621
1496.50000,8194.38574
1497.00000,8209.11133
1497.50000,8226.58105
1498.00000,8243.48145
1498.50000,8260.12012
1499.00000,8279.48145
1499.50000,8305.09277
1500.00000,8335.09473
1500.50000,8364.02148
1501.00000,8385.93555
1501.50000,8398.93359
1502.00000,8405.92285
1502.50000,8413.81445
1503.00000,8427.75391
1503.50000,8445.20508
1504.00000,8457.93945
1504.50000,8459.34863
1505.00000,8446.97949
1505.50000,8427.35742
1506.00000,8409.50000
1506.50000,8399.48047
1507.00000,8396.35254
1507.50000,8395.92871
1508.00000,8393.86035
1508.50000,8389.91406
1509.00000,8386.83008
1509.50000,8385.85059
1510.00000,8385.13965
1510.50000,8382.68555
1511.00000,8380.11035
1511.50000,8383.36816
1512.00000,8399.97461
1512.50000,8429.08789
1513.00000,8463.27637
1513.50000,8490.60254
1514.00000,8501.75586
1514.50000,8500.47168
1515.00000,8495.29980
1515.50000,8496.26563
1516.00000,8507.63086
1516.50000,8526.29199
1517.00000,8544.36914
1517.50000,8556.43750
1518.00000,8563.09863
1518.50000,8566.02051
1519.00000,8567.52051
1519.50000,8566.27539
1520.00000,8560.18848
1520.50000,8547.77832
1521.00000,8531.48633
1521.50000,8515.58789
1522.00000,8503.19336
1522.50000,8494.02246
1523.00000,8486.92969
1523.50000,8480.98828
1524.00000,8478.77637
1524.50000,8482.82227
1525.00000,8493.32324
1525.50000,8504.59473
1526.00000,8509.17676
1526.50000,8502.83887
1527.00000,8489.72266
1527.50000,8478.57910
1528.00000,8476.46680
1528.50000,8486.00684
1529.00000,8497.99316
1529.50000,8503.13281
1530.00000,8498.71777
1530.50000,8488.38086
1531.00000,8479.35645
1531.50000,8475.96289
1532.00000,8477.04688
1532.50000,8476.46484
1533.00000,8467.78027
1533.50000,8451.10352
1534.00000,8426.88281
1534.50000,8398.50195
1535.00000,8367.33887
1535.50000,8334.53809
1536.00000,8301.31543
1536.50000,8269.19238
1537.00000,8238.79199
1537.50000,8209.77148
1538.00000,8181.03369
1538.50000,8152.90479
1539.00000,8127.06689
1539.50000,8106.49365
1540.00000,8091.52539
1540.50000,8079.69727
1541.00000,8065.95361
1541.50000,8046.54395
1542.00000,8020.56006
1542.50000,7992.00342
1543.00000,7965.92285
1543.50000,7944.84570
1544.00000,7929.08008
1544.50000,7914.80811
1545.00000,7899.54834
1545.50000,7884.29004
1546.00000,7873.31836
1546.50000,7871.87207
1547.00000,7880.93018
1547.50000,7898.90771
1548.00000,7918.22363
1548.50000,7932.21387
1549.00000,7940.34277
1549.50000,7945.99023
1550.00000,7955.42285
1550.50000,7973.11963
1551.00000,7998.34619
1551.50000,8025.63281
1552.00000,8049.28320
1552.50000,8068.70605
1553.00000,8086.84131
1553.50000,8107.46924
1554.00000,8130.64111
1554.50000,8151.33643
1555.00000,8163.07666
1555.50000,8164.63477
1556.00000,8162.29834
1556.50000,8165.01270
1557.00000,8177.81006
1557.50000,8201.84863
1558.00000,8231.11035
1558.50000,8261.99902
1559.00000,8293.18359
1559.50000,8325.87793
1560.00000,8360.06934
1560.50000,8393.90723
1561.00000,8425.24316
1561.50000,8453.71484
1562.00000,8479.85938
1562.50000,8503.66992
1563.00000,8520.16016
1563.50000,8525.85742
1564.00000,8515.34863
1564.50000,8491.57910
1565.00000,8458.29980
1565.50000,8421.27539
1566.00000,8384.86523
1566.50000,8352.16406
1567.00000,8324.28516
1567.50000,8302.03613
1568.00000,8281.99609
1568.50000,8258.19922
1569.00000,8225.47168
1569.50000,8179.74365
1570.00000,8124.82227
1570.50000,8068.72998
1571.00000,8019.24219
1571.50000,7979.80225
1572.00000,7950.54102
1572.50000,7926.22510
1573.00000,7902.69727
1573.50000,7877.14551
1574.00000,7849.67432
1574.50000,7822.68896
1575.00000,7798.53711
1575.50000,7777.61816
1576.00000,7758.31494
1576.50000,7738.46826
1577.00000,7717.56641
1577.50000,7698.06104
1578.00000,7682.85400
1578.50000,7674.79492
1579.00000,7671.60107
1579.50000,7670.04492
1580.00000,7666.30811
1580.50000,7657.72705
1581.00000,7643.74951
1581.50000,7624.99072
1582.00000,7601.81250
1582.50000,7576.64453
1583.00000,7552.72803
1583.50000,7532.82227
1584.00000,7518.86426
1584.50000,7507.58447
1585.00000,7494.49121
1585.50000,7475.81836
1586.00000,7450.46582
1586.50000,7419.82520
1587.00000,7387.81982
1587.50000,7358.51563
1588.00000,7333.57275
1588.50000,7313.89551
1589.00000,7296.61230
1589.50000,7277.98486
1590.00000,7254.53418
1590.50000,7224.52930
1591.00000,7189.85010
1591.50000,7155.37305
1592.00000,7125.94043
1592.50000,7103.19873
1593.00000,7088.59521
1593.50000,7078.53613
1594.00000,7069.73584
1594.50000,7057.62842
1595.00000,7038.20898
1595.50000,7010.70947
1596.00000,6978.40674
1596.50000,6947.65967
1597.00000,6924.36572
1597.50000,6912.59082
1598.00000,6906.29004
1598.50000,6898.92578
1599.00000,6886.28418
1599.50000,6868.41406
1600.00000,6849.92383
1600.50000,6835.13672
1601.00000,6824.66016
1601.50000,6814.97461
1602.00000,6802.38867
1602.50000,6785.95459
1603.00000,6765.60059
1603.50000,6743.05957
1604.00000,6717.55225
1604.50000,6688.31201
1605.00000,6654.66064
1605.50000,6618.14844
1606.00000,6582.02881
1606.50000,6549.82715
1607.00000,6522.46680
1607.50000,6498.03320
1608.00000,6470.90088
1608.50000,6435.38379
1609.00000,6392.57227
1609.50000,6348.19141
1610.00000,6311.39697
1610.50000,6289.17090
1611.00000,6278.47656
1611.50000,6268.72461
1612.00000,6249.60303
1612.50000,6219.64795
1613.00000,6182.04785
1613.50000,6145.25684
1614.00000,6112.83789
1614.50000,6081.90186
1615.00000,6048.74707
1615.50000,6012.85449
1616.00000,5976.99121
1616.50000,5943.86963
1617.00000,5912.82568
1617.50000,5881.78418
1618.00000,5851.00293
1618.50000,5825.15918
1619.00000,5807.77100
1619.50000,5799.82080
1620.00000,5795.22607
1620.50000,5786.60742
1621.00000,5771.63525
1621.50000,5754.73242
1622.00000,5742.73486
1622.50000,5738.12646
1623.00000,5739.81201
1623.50000,5741.36035
1624.00000,5739.61084
1624.50000,5736.64355
1625.00000,5736.94336
1625.50000,5743.21240
1626.00000,5753.72607
1626.50000,5763.29248
1627.00000,5767.56738
1627.50000,5764.55176
1628.00000,5757.86230
1628.50000,5750.89307
1629.00000,5745.77393
1629.50000,5741.85889
1630.00000,5736.39844
1630.50000,5727.17432
1631.00000,5713.73486
1631.50000,5697.72510
1632.00000,5680.72217
1632.50000,5663.69189
1633.00000,5645.81104
1633.50000,5625.81592
1634.00000,5601.59961
1634.50000,5572.16895
1635.00000,5535.93408
1635.50000,5492.33691
1636.00000,5443.35693
1636.50000,5392.77295
1637.00000,5345.16357
1637.50000,5304.31592
1638.00000,5268.46191
1638.50000,5234.62939
1639.00000,5199.68604
1639.50000,5164.56836
1640.00000,5132.91846
1640.50000,5107.70215
1641.00000,5088.25586
1641.50000,5069.93506
1642.00000,5048.55566
1642.50000,5024.40430
1643.00000,4999.93262
1643.50000,4977.14404
1644.00000,4955.38623
1644.50000,4932.17969
1645.00000,4906.78955
1645.50000,4881.58105
1646.00000,4859.35791
1646.50000,4840.75684
1647.00000,4822.88672
1647.50000,4802.14502
1648.00000,4778.64160
1648.50000,4755.09521
1649.00000,4734.70654
1649.50000,4719.22461
1650.00000,4707.30664
1650.50000,4696.42920
1651.00000,4684.25293
1651.50000,4669.88672
1652.00000,4653.50342
1652.50000,4637.12988
1653.00000,4623.78955
1653.50000,4614.44580
1654.00000,4607.45752
1654.50000,4598.52832
1655.00000,4584.39258
1655.50000,4566.20947
1656.00000,4549.45459
1656.50000,4540.66846
1657.00000,4539.23779
1657.50000,4540.76953
1658.00000,4538.31543
1658.50000,4527.05273
1659.00000,4509.17725
1659.50000,4488.73828
1660.00000,4469.20557
1660.50000,4450.77246
1661.00000,4431.68799
1661.50000,4410.54346
1662.00000,4387.02197
1662.50000,4362.65332
1663.00000,4338.49316
1663.50000,4314.72461
1664.00000,4291.02881
1664.50000,4267.16797
1665.00000,4243.46387
1665.50000,4220.40137
1666.00000,4197.73193
1666.50000,4174.08350
1667.00000,4147.99756
1667.50000,4118.50244
1668.00000,4088.29492
1668.50000,4061.78223
1669.00000,4041.03735
1669.50000,4025.44434
1670.00000,4010.50122
1670.50000,3991.57275
1671.00000,3967.94287
1671.50000,3943.90088
1672.00000,3924.77808
1672.50000,3911.86768
1673.00000,3904.33960
1673.50000,3897.53491
1674.00000,3888.68237
1674.50000,3877.88306
1675.00000,3866.40063
1675.50000,3855.43237
1676.00000,3845.56934
1676.50000,3837.28296
1677.00000,3830.31299
1677.50000,3823.95459
1678.00000,3816.52197
1678.50000,3806.21875
1679.00000,3793.52563
1679.50000,3780.66772
1680.00000,3770.23950
1680.50000,3763.67871
1681.00000,3761.20435
1681.50000,3761.72534
1682.00000,3764.29980
1682.50000,3766.49561
1683.00000,3764.82275
1683.50000,3757.67456
1684.00000,3744.69922
1684.50000,3729.81348
1685.00000,3717.32813
1685.50000,3708.29858
1686.00000,3700.06665
1686.50000,3689.25220
1687.00000,3675.78857
1687.50000,3663.49194
1688.00000,3655.84521
1688.50000,3653.52271
1689.00000,3652.02100
1689.50000,3646.67993
1690.00000,3636.72852
1690.50000,3626.13525
1691.00000,3619.10596
1691.50000,3615.76831
1692.00000,3612.76270
1692.50000,3605.93555
1693.00000,3593.86084
1693.50000,3580.72998
1694.00000,3570.63110
1694.50000,3564.59229
1695.00000,3560.77026
1695.50000,3556.40820
1696.00000,3551.16626
1696.50000,3547.05420
1697.00000,3545.48291
1697.50000,3545.88110
1698.00000,3544.62378
1698.50000,3538.33521
1699.00000,3528.00732
1699.50000,3516.75391
1700.00000,3508.18506
1700.50000,3503.64990
1701.00000,3501.32153
1701.50000,3497.99194
1702.00000,3491.92969
1702.50000,3484.42920
1703.00000,3477.77954
1703.50000,3473.27637
1704.00000,3470.19434
1704.50000,3466.58496
1705.00000,3461.44531
1705.50000,3455.77441
1706.00000,3451.87939
1706.50000,3451.19897
1707.00000,3452.40381
1707.50000,3453.32104
1708.00000,3452.25195
1708.50000,3448.10376
1709.00000,3441.50903
1709.50000,3432.63818
1710.00000,3422.26855
1710.50000,3412.29932
1711.00000,3405.59058
1711.50000,3403.01392
1712.00000,3402.83447
1712.50000,3401.27197
1713.00000,3395.78613
1713.50000,3388.44849
1714.00000,3383.40698
1714.50000,3382.69849
1715.00000,3385.02686
1715.50000,3387.02881
1716.00000,3386.17773
1716.50000,3381.43359
1717.00000,3373.82007
1717.50000,3362.45239
1718.00000,3348.29199
1718.50000,3333.74390
1719.00000,3323.65381
1719.50000,3321.95190
1720.00000,3327.61133
1720.50000,3335.78931
1721.00000,3340.57983
1721.50000,3338.45508
1722.00000,3328.41089
1722.50000,3314.08594
1723.00000,3298.68506
1723.50000,3285.87524
1724.00000,3278.50977
1724.50000,3274.80615
1725.00000,3270.98560
1725.50000,3263.72314
1726.00000,3253.20190
1726.50000,3242.74976
1727.00000,3235.45020
1727.50000,3231.58081
1728.00000,3227.86499
1728.50000,3222.23022
1729.00000,3215.69946
1729.50000,3210.35620
1730.00000,3205.98755
1730.50000,3200.19604
1731.00000,3191.57300
1731.50000,3183.35474
1732.00000,3182.25708
1732.50000,3189.60474
1733.00000,3202.49194
1733.50000,3212.17358
1734.00000,3210.61694
1734.50000,3199.47900
1735.00000,3184.89160
1735.50000,3172.78125
1736.00000,3164.66895
1736.50000,3158.47217
1737.00000,3151.46899
1737.50000,3144.42749
1738.00000,3140.11084
1738.50000,3141.08105
1739.00000,3145.38159
1739.50000,3148.32422
1740.00000,3145.93701
1740.50000,3137.46094
1741.00000,3125.26416
1741.50000,3114.27905
1742.00000,3108.68726
1742.50000,3108.06763
1743.00000,3110.94116
1743.50000,3113.99829
1744.00000,3116.32227
1744.50000,3120.46436
1745.00000,3130.81055
1745.50000,3150.22534
1746.00000,3176.28955
1746.50000,3201.68555
1747.00000,3218.02417
1747.50000,3215.91528
1748.00000,3197.51318
1748.50000,3164.66211
1749.00000,3127.62354
1749.50000,3096.57495
1750.00000,3078.30786
1750.50000,3074.20190
1751.00000,3080.98877
1751.50000,3089.36816
1752.00000,3091.78052
1752.50000,3086.98926
1753.00000,3076.05078
1753.50000,3064.06641
1754.00000,3054.92920
1754.50000,3050.05371
1755.00000,3049.37427
1755.50000,3051.49585
1756.00000,3053.63965
1756.50000,3053.01685
1757.00000,3049.19653
1757.50000,3042.98022
1758.00000,3037.15698
1758.50000,3033.60547
1759.00000,3031.78247
1759.50000,3030.51563
1760.00000,3028.95898
1760.50000,3026.98730
1761.00000,3024.33936
1761.50000,3020.19824
1762.00000,3012.91943
1762.50000,3002.79980
1763.00000,2991.11719
1763.50000,2981.09082
1764.00000,2975.65381
1764.50000,2975.27271
1765.00000,2978.24561
1765.50000,2981.09082
1766.00000,2981.15332
1766.50000,2977.97119
1767.00000,2973.73096
1767.50000,2970.05933
1768.00000,2966.35400
1768.50000,2960.49731
1769.00000,2952.09839
1769.50000,2943.06909
1770.00000,2936.59033
1770.50000,2933.49683
1771.00000,2932.00391
1771.50000,2929.72168
1772.00000,2926.26270
1772.50000,2923.59229
1773.00000,2923.21973
1773.50000,2923.93384
1774.00000,2923.75244
1774.50000,2921.74561
1775.00000,2918.48999
1775.50000,2914.06006
1776.00000,2906.96729
1776.50000,2894.78784
1777.00000,2879.31787
1777.50000,2866.77393
1778.00000,2862.72632
1778.50000,2870.62671
1779.00000,2885.06567
1779.50000,2897.33252
1780.00000,2901.82593
1780.50000,2899.66479
1781.00000,2895.50757
1781.50000,2893.29565
1782.00000,2891.68384
1782.50000,2887.03931
1783.00000,2877.83374
1783.50000,2868.22168
1784.00000,2863.43213
1784.50000,2863.40479
1785.00000,2863.69458
1785.50000,2859.85889
1786.00000,2852.28760
1786.50000,2845.40063
1787.00000,2841.88574
1787.50000,2841.19019
1788.00000,2840.07080
1788.50000,2837.31567
1789.00000,2834.07080
1789.50000,2830.43970
1790.00000,2824.83496
1790.50000,2816.44092
1791.00000,2808.22729
1791.50000,2804.21143
1792.00000,2806.55029
1792.50000,2810.84399
1793.00000,2811.44336
1793.50000,2807.03027
1794.00000,2799.30273
1794.50000,2791.58496
1795.00000,2786.27124
1795.50000,2784.35547
1796.00000,2785.71558
1796.50000,2789.81396
1797.00000,2794.32373
1797.50000,2798.06958
1798.00000,2802.52295
1798.50000,2809.51489
1799.00000,2816.99268
1799.50000,2818.57959
1800.00000,2810.86621
1800.50000,2797.79053
1801.00000,2786.96802
1801.50000,2782.39111
1802.00000,2780.66748
1802.50000,2775.98608
1803.00000,2768.53198
1803.50000,2764.63672
1804.00000,2769.38062
1804.50000,2778.78906
1805.00000,2785.79932
1805.50000,2786.15942
1806.00000,2781.15820
1806.50000,2773.13843
1807.00000,2763.95996
1807.50000,2755.31934
1808.00000,2750.09424
1808.50000,2749.76660
1809.00000,2750.37207
1809.50000,2747.44019
1810.00000,2741.28687
