440.00000,6588.48389
440.50000,6599.01807
441.00000,6612.10352
441.50000,6626.58057
442.00000,6641.46436
442.50000,6657.51270
443.00000,6675.67676
443.50000,6697.31250
444.00000,6722.28271
444.50000,6749.59619
445.00000,6776.22705
445.50000,6798.76367
446.00000,6813.67725
446.50000,6820.29736
447.00000,6816.52002
447.50000,6805.89990
448.00000,6790.87549
448.50000,6773.65967
449.00000,6754.37646
449.50000,6732.13770
450.00000,6705.94580
450.50000,6676.97070
451.00000,6648.29102
451.50000,6624.04834
452.00000,6606.53467
452.50000,6598.43018
453.00000,6594.96191
453.50000,6592.80713
454.00000,6588.78418
454.50000,6581.22754
455.00000,6570.76270
455.50000,6560.21094
456.00000,6552.17090
456.50000,6548.03271
457.00000,6549.94043
457.50000,6557.26367
458.00000,6569.09619
458.50000,6582.28369
459.00000,6593.68213
459.50000,6600.69922
460.00000,6602.12744
460.50000,6600.72559
461.00000,6601.33740
461.50000,6608.86475
462.00000,6623.96094
462.50000,6646.03320
463.00000,6667.74951
463.50000,6682.06250
464.00000,6686.09766
464.50000,6679.50684
465.00000,6665.65625
465.50000,6650.70752
466.00000,6639.22070
466.50000,6632.05518
467.00000,6629.44092
467.50000,6629.02783
468.00000,6629.43213
468.50000,6629.56836
469.00000,6628.75391
469.50000,6626.15918
470.00000,6620.58496
470.50000,6610.39551
471.00000,6596.27100
471.50000,6579.46680
472.00000,6562.63135
472.50000,6548.56543
473.00000,6538.88037
473.50000,6534.44385
474.00000,6533.84717
474.50000,6536.18750
475.00000,6540.75830
475.50000,6547.20801
476.00000,6555.77490
476.50000,6565.58154
477.00000,6575.56152
477.50000,6584.15918
478.00000,6589.23389
478.50000,6589.98535
479.00000,6587.00049
479.50000,6582.27197
480.00000,6577.99170
480.50000,6575.95166
481.00000,6576.48926
481.50000,6578.07959
482.00000,6578.23779
482.50000,6574.40332
483.00000,6566.39697
483.50000,6554.54443
484.00000,6541.67676
484.50000,6530.60303
485.00000,6522.76904
485.50000,6518.04541
486.00000,6515.64990
486.50000,6513.79590
487.00000,6511.57568
487.50000,6509.18457
488.00000,6507.21436
488.50000,6506.01758
489.00000,6505.42969
489.50000,6504.55078
490.00000,6502.87842
490.50000,6500.80762
491.00000,6499.64893
491.50000,6501.80615
492.00000,6508.32080
492.50000,6519.25049
493.00000,6531.96338
493.50000,6543.60205
494.00000,6551.45996
494.50000,6552.87744
495.00000,6548.01904
495.50000,6538.62939
496.00000,6526.10107
496.50000,6512.64648
497.00000,6500.09570
497.50000,6489.66553
498.00000,6482.15283
498.50000,6476.98438
499.00000,6473.29980
499.50000,6469.55664
500.00000,6464.01074
500.50000,6455.97754
501.00000,6446.32861
501.50000,6436.28906
502.00000,6427.24609
502.50000,6420.32666
503.00000,6414.79932
503.50000,6409.53760
504.00000,6403.85889
504.50000,6398.04590
505.00000,6393.48340
505.50000,6392.24121
506.00000,6395.74023
506.50000,6402.75244
507.00000,6411.96973
507.50000,6420.68164
508.00000,6426.23438
508.50000,6427.86377
509.00000,6426.14502
509.50000,6422.50879
510.00000,6418.54150
510.50000,6415.55859
511.00000,6414.25391
511.50000,6414.80811
512.00000,6416.45703
512.50000,6418.71924
513.00000,6420.91309
513.50000,6422.61182
514.00000,6423.97656
514.50000,6425.75293
515.00000,6428.83740
515.50000,6433.77930
516.00000,6440.93066
516.50000,6449.35400
517.00000,6457.50293
517.50000,6464.05566
518.00000,6467.64111
518.50000,6468.10400
519.00000,6465.19678
519.50000,6459.14697
520.00000,6450.78857
520.50000,6440.50928
521.00000,6429.22363
521.50000,6417.82373
522.00000,6407.41553
522.50000,6398.96338
523.00000,6391.93848
523.50000,6385.55566
524.00000,6378.74072
524.50000,6370.93359
525.00000,6362.95020
525.50000,6357.11133
526.00000,6356.39111
526.50000,6361.39600
527.00000,6373.00879
527.50000,6387.73682
528.00000,6401.31152
528.50000,6410.50977
529.00000,6414.08057
529.50000,6413.59814
530.00000,6412.48730
530.50000,6415.07861
531.00000,6423.53223
531.50000,6438.33643
532.00000,6456.42773
532.50000,6475.17773
533.00000,6491.83154
533.50000,6503.73535
534.00000,6510.80762
534.50000,6513.31738
535.00000,6511.64160
535.50000,6506.69238
536.00000,6498.66846
536.50000,6488.62939
537.00000,6477.03125
537.50000,6464.63770
538.00000,6451.75879
538.50000,6438.93750
539.00000,6427.12305
539.50000,6417.83057
540.00000,6412.26514
540.50000,6411.68652
541.00000,6415.56641
541.50000,6423.71729
542.00000,6433.67725
542.50000,6442.80615
543.00000,6449.08203
543.50000,6450.68652
544.00000,6447.48438
544.50000,6440.34619
545.00000,6431.71387
545.50000,6425.53760
546.00000,6425.83057
546.50000,6433.33350
547.00000,6449.22607
547.50000,6469.49609
548.00000,6489.54980
548.50000,6504.84717
549.00000,6512.93994
549.50000,6514.15967
550.00000,6510.79736
550.50000,6505.32568
551.00000,6500.08838
551.50000,6495.68066
552.00000,6491.45166
552.50000,6486.73730
553.00000,6481.36621
553.50000,6475.47803
554.00000,6469.30908
554.50000,6462.58936
555.00000,6454.68750
555.50000,6445.37646
556.00000,6434.91943
556.50000,6424.71729
557.00000,6417.19287
557.50000,6412.80469
558.00000,6411.63672
558.50000,6411.98926
559.00000,6411.97803
559.50000,6410.01221
560.00000,6405.69092
560.50000,6399.64941
561.00000,6392.89258
561.50000,6385.75537
562.00000,6378.28320
562.50000,6370.20752
563.00000,6361.93359
563.50000,6354.73926
564.00000,6349.97656
564.50000,6348.70313
565.00000,6351.21729
565.50000,6356.40137
566.00000,6362.95850
566.50000,6369.56836
567.00000,6376.19531
567.50000,6383.35547
568.00000,6391.69775
568.50000,6400.87354
569.00000,6409.00342
569.50000,6413.49219
570.00000,6412.52686
570.50000,6405.06250
571.00000,6393.27051
571.50000,6380.10400
572.00000,6370.08252
572.50000,6366.89990
573.00000,6370.02100
573.50000,6377.94922
574.00000,6386.92480
574.50000,6392.85352
575.00000,6392.16162
575.50000,6385.67676
576.00000,6374.94824
576.50000,6363.69678
577.00000,6355.62891
577.50000,6352.59814
578.00000,6356.84863
578.50000,6366.48633
579.00000,6379.84668
579.50000,6394.79932
580.00000,6409.32764
580.50000,6421.91016
581.00000,6432.28613
581.50000,6441.26611
582.00000,6450.80078
582.50000,6462.97070
583.00000,6478.43262
583.50000,6497.04541
584.00000,6516.43848
584.50000,6532.88135
585.00000,6543.06152
585.50000,6545.92188
586.00000,6540.26465
586.50000,6528.68750
587.00000,6512.25488
587.50000,6494.09863
588.00000,6476.20020
588.50000,6460.08936
589.00000,6447.27637
589.50000,6438.79199
590.00000,6434.74561
590.50000,6434.63428
591.00000,6435.67920
591.50000,6435.60693
592.00000,6433.15527
592.50000,6427.46680
593.00000,6419.62207
593.50000,6410.90967
594.00000,6402.61377
594.50000,6395.21338
595.00000,6388.88574
595.50000,6383.72412
596.00000,6380.55469
596.50000,6379.98535
597.00000,6382.76660
597.50000,6387.26416
598.00000,6391.20264
598.50000,6391.80615
599.00000,6386.42480
599.50000,6373.95654
600.00000,6356.48633
600.50000,6338.02881
601.00000,6322.63037
601.50000,6314.43555
602.00000,6313.00635
602.50000,6317.80518
603.00000,6324.49512
603.50000,6328.92871
604.00000,6329.21826
604.50000,6325.70215
605.00000,6320.29248
605.50000,6315.68018
606.00000,6313.98291
606.50000,6314.32324
607.00000,6314.45654
607.50000,6312.30859
608.00000,6306.59082
608.50000,6298.44873
609.00000,6290.34326
609.50000,6285.31543
610.00000,6284.07715
610.50000,6285.66260
611.00000,6287.28516
611.50000,6285.92285
612.00000,6280.78711
612.50000,6271.96875
613.00000,6262.80176
613.50000,6256.68262
614.00000,6255.67188
614.50000,6260.29346
615.00000,6269.84521
615.50000,6281.84814
616.00000,6293.92383
616.50000,6304.39307
617.00000,6312.29492
617.50000,6318.32568
618.00000,6323.31055
618.50000,6328.66504
619.00000,6335.99023
619.50000,6346.26465
620.00000,6359.02100
620.50000,6373.02832
621.00000,6385.98730
621.50000,6394.64160
622.00000,6397.89258
622.50000,6394.10400
623.00000,6386.55664
623.50000,6378.44629
624.00000,6372.79492
624.50000,6371.07178
625.00000,6372.88281
625.50000,6375.57568
626.00000,6376.10010
626.50000,6374.00586
627.00000,6370.32813
627.50000,6367.69775
628.00000,6368.48193
628.50000,6372.72119
629.00000,6378.12744
629.50000,6380.75830
630.00000,6378.48389
630.50000,6371.07813
631.00000,6361.76660
631.50000,6354.53906
632.00000,6351.90576
632.50000,6355.62354
633.00000,6362.82227
633.50000,6371.55664
634.00000,6381.01172
634.50000,6392.07910
635.00000,6406.70020
635.50000,6425.48877
636.00000,6447.29346
636.50000,6467.82813
637.00000,6482.74072
637.50000,6491.32617
638.00000,6494.22021
638.50000,6495.28760
639.00000,6498.83008
639.50000,6507.21191
640.00000,6519.09814
640.50000,6532.15918
641.00000,6543.86230
641.50000,6552.24561
642.00000,6557.75488
642.50000,6560.05713
643.00000,6559.28906
643.50000,6554.20898
644.00000,6544.01074
644.50000,6528.89648
645.00000,6509.91016
645.50000,6489.43896
646.00000,6469.14258
646.50000,6449.25586
647.00000,6428.83691
647.50000,6407.27881
648.00000,6384.94531
648.50000,6363.68506
649.00000,6346.32617
649.50000,6335.78564
650.00000,6332.07129
650.50000,6334.76270
651.00000,6341.06055
651.50000,6349.31494
652.00000,6357.45508
652.50000,6364.19531
653.00000,6369.20020
653.50000,6372.97119
654.00000,6376.69531
654.50000,6381.53076
655.00000,6387.99316
655.50000,6395.08350
656.00000,6400.43164
656.50000,6401.83398
657.00000,6398.04688
657.50000,6391.80762
658.00000,6386.66943
658.50000,6385.69678
659.00000,6389.81348
659.50000,6396.73047
660.00000,6401.35938
660.50000,6399.12988
661.00000,6390.62354
661.50000,6377.53662
662.00000,6364.41748
662.50000,6354.27393
663.00000,6347.09668
663.50000,6340.70508
664.00000,6332.50244
664.50000,6322.17822
665.00000,6311.31396
665.50000,6302.05420
666.00000,6295.79639
666.50000,6291.02490
667.00000,6284.81494
667.50000,6275.30566
668.00000,6262.84131
668.50000,6250.22070
669.00000,6240.66260
669.50000,6236.14990
670.00000,6235.86133
670.50000,6237.57227
671.00000,6238.04053
671.50000,6235.31641
672.00000,6230.17432
672.50000,6223.53711
673.00000,6216.92139
673.50000,6211.55664
674.00000,6208.51563
674.50000,6208.89453
675.00000,6213.69580
675.50000,6222.26074
676.00000,6233.66309
676.50000,6245.13135
677.00000,6253.89160
677.50000,6258.90527
678.00000,6260.05371
678.50000,6259.41797
679.00000,6258.25293
679.50000,6256.44727
680.00000,6252.87451
680.50000,6245.78223
681.00000,6235.37061
681.50000,6222.48438
682.00000,6210.03564
682.50000,6199.82617
683.00000,6191.55762
683.50000,6183.82617
684.00000,6175.01611
684.50000,6164.75732
685.00000,6154.58008
685.50000,6147.30078
686.00000,6145.65820
686.50000,6148.39063
687.00000,6153.46045
687.50000,6157.08643
688.00000,6156.00049
688.50000,6149.62646
689.00000,6139.90137
689.50000,6131.07275
690.00000,6126.54590
690.50000,6128.78174
691.00000,6136.25195
691.50000,6147.42773
692.00000,6158.86426
692.50000,6168.12842
693.00000,6174.72510
693.50000,6179.70557
694.00000,6184.53467
694.50000,6190.17334
695.00000,6196.72510
695.50000,6203.41309
696.00000,6209.23828
696.50000,6213.84570
697.00000,6217.28516
697.50000,6220.16113
698.00000,6222.73145
698.50000,6225.24316
699.00000,6228.25879
699.50000,6233.03711
700.00000,6241.09424
700.50000,6254.52832
701.00000,6271.62012
701.50000,6289.89307
702.00000,6305.57959
702.50000,6315.17139
703.00000,6318.61621
703.50000,6317.70166
704.00000,6315.89941
704.50000,6315.54102
705.00000,6315.67139
705.50000,6313.23096
706.00000,6303.97119
706.50000,6288.02100
707.00000,6266.47363
707.50000,6244.32129
708.00000,6226.72998
708.50000,6215.42188
709.00000,6208.76807
709.50000,6203.51855
710.00000,6196.39600
710.50000,6185.19434
711.00000,6170.56641
711.50000,6153.16504
712.00000,6134.87646
712.50000,6116.88037
713.00000,6100.13965
713.50000,6085.98633
714.00000,6075.75488
714.50000,6070.13428
715.00000,6069.39795
715.50000,6071.57275
716.00000,6074.46387
716.50000,6075.85547
717.00000,6074.66113
717.50000,6071.74268
718.00000,6068.45752
718.50000,6066.35498
719.00000,6066.44287
719.50000,6068.98877
720.00000,6073.15430
720.50000,6077.99854
721.00000,6082.62061
721.50000,6086.33398
722.00000,6088.97412
722.50000,6090.24170
723.00000,6090.37207
723.50000,6089.91553
724.00000,6090.18018
724.50000,6092.69580
725.00000,6098.84912
725.50000,6108.03467
726.00000,6118.82813
726.50000,6128.15820
727.00000,6132.44531
727.50000,6130.68555
728.00000,6123.04541
728.50000,6112.78467
729.00000,6102.61670
729.50000,6093.70166
730.00000,6085.43164
730.50000,6076.69922
731.00000,6067.49658
731.50000,6060.18457
732.00000,6058.20264
732.50000,6064.93799
733.00000,6078.73438
733.50000,6095.42480
734.00000,6109.21533
734.50000,6115.88965
735.00000,6113.68945
735.50000,6106.37402
736.00000,6098.75781
736.50000,6095.09473
737.00000,6097.21973
737.50000,6103.08203
738.00000,6110.37500
738.50000,6116.97510
739.00000,6122.03076
739.50000,6125.78809
740.00000,6129.16064
740.50000,6132.71289
741.00000,6136.29297
741.50000,6139.00244
742.00000,6139.86914
742.50000,6137.28809
743.00000,6130.68994
743.50000,6119.98975
744.00000,6106.42871
744.50000,6092.55908
745.00000,6081.02344
745.50000,6072.70410
746.00000,6068.04834
746.50000,6065.16846
747.00000,6062.68701
747.50000,6059.52344
748.00000,6055.37793
748.50000,6050.64795
749.00000,6045.85352
749.50000,6041.28125
750.00000,6037.03223
750.50000,6033.28857
751.00000,6030.01953
751.50000,6027.15674
752.00000,6024.30078
752.50000,6021.17285
753.00000,6018.15039
753.50000,6016.49316
754.00000,6017.57520
754.50000,6021.70410
755.00000,6028.08008
755.50000,6034.18555
756.00000,6036.81250
756.50000,6035.00146
757.00000,6028.33350
757.50000,6019.68115
758.00000,6012.03076
758.50000,6007.13525
759.00000,6005.15283
759.50000,6005.09521
760.00000,6005.21484
760.50000,6004.14551
761.00000,6001.70703
761.50000,5998.25537
762.00000,5995.04102
762.50000,5993.00977
763.00000,5992.17139
763.50000,5991.70117
764.00000,5990.14014
764.50000,5986.28613
765.00000,5979.58643
765.50000,5971.55322
766.00000,5964.92285
766.50000,5961.69043
767.00000,5963.08936
767.50000,5967.46338
768.00000,5972.76172
768.50000,5977.17334
769.00000,5980.31543
769.50000,5983.17871
770.00000,5987.17725
770.50000,5993.10107
771.00000,5999.41260
771.50000,6003.79053
772.00000,6004.92139
772.50000,6001.97510
773.00000,5996.07568
773.50000,5988.74316
774.00000,5981.50293
774.50000,5975.45361
775.00000,5971.63770
775.50000,5970.02979
776.00000,5970.93604
776.50000,5973.03809
777.00000,5974.87500
777.50000,5975.03027
778.00000,5972.78467
778.50000,5969.00049
779.00000,5965.58398
779.50000,5964.48193
780.00000,5965.57959
780.50000,5967.32471
781.00000,5967.44385
781.50000,5963.96875
782.00000,5957.69092
782.50000,5950.43799
783.00000,5944.92383
783.50000,5943.33105
784.00000,5946.48242
784.50000,5953.12598
785.00000,5962.00635
785.50000,5971.64307
786.00000,5981.21045
786.50000,5989.97705
787.00000,5996.75391
787.50000,6000.80908
788.00000,6001.49414
788.50000,5999.61621
789.00000,5997.59570
789.50000,5998.58008
790.00000,6004.29053
790.50000,6016.01758
791.00000,6031.34717
791.50000,6047.98389
792.00000,6063.20996
792.50000,6075.24219
793.00000,6084.10547
793.50000,6090.26953
794.00000,6094.16943
794.50000,6095.77783
795.00000,6094.49414
795.50000,6091.18359
796.00000,6087.16650
796.50000,6084.37061
797.00000,6083.99512
797.50000,6084.84277
798.00000,6083.93555
798.50000,6078.12305
799.00000,6067.21484
799.50000,6053.82666
800.00000,6042.75342
800.50000,6039.08545
801.00000,6042.67920
801.50000,6051.80811
802.00000,6060.48828
802.50000,6062.70410
803.00000,6055.40283
803.50000,6039.20898
804.00000,6017.69775
804.50000,5995.46094
805.00000,5976.28516
805.50000,5961.68848
806.00000,5953.37695
806.50000,5949.62500
807.00000,5949.65186
807.50000,5951.44287
808.00000,5953.80078
808.50000,5956.53223
809.00000,5960.51660
809.50000,5967.01221
810.00000,5975.92432
810.50000,5986.16113
811.00000,5995.15332
811.50000,5999.99121
812.00000,6000.46924
812.50000,5997.79785
813.00000,5995.50879
813.50000,5996.84766
814.00000,6002.93115
814.50000,6012.17871
815.00000,6022.33398
815.50000,6031.22314
816.00000,6037.52783
816.50000,6041.92236
817.00000,6044.64404
817.50000,6045.80127
818.00000,6044.31543
818.50000,6039.51953
819.00000,6031.91602
819.50000,6022.82471
820.00000,6014.07031
820.50000,6006.66406
821.00000,5999.83252
821.50000,5991.82324
822.00000,5981.36035
822.50000,5968.11084
823.00000,5953.95557
823.50000,5941.78223
824.00000,5933.70898
824.50000,5929.63379
825.00000,5928.59521
825.50000,5928.23291
826.00000,5926.90674
826.50000,5924.25439
827.00000,5920.48096
827.50000,5916.37549
828.00000,5912.46924
828.50000,5909.02539
829.00000,5906.19336
829.50000,5904.33301
830.00000,5903.56543
830.50000,5904.13086
831.00000,5905.59473
831.50000,5907.98926
832.00000,5911.45850
832.50000,5916.92383
833.00000,5924.97559
833.50000,5935.40869
834.00000,5946.31689
834.50000,5954.90186
835.00000,5958.23877
835.50000,5956.52588
836.00000,5950.40527
836.50000,5943.32422
837.00000,5937.94971
837.50000,5935.18359
838.00000,5934.21924
838.50000,5932.98730
839.00000,5929.74854
839.50000,5924.34424
840.00000,5918.33545
840.50000,5913.32178
841.00000,5909.63525
841.50000,5906.57373
842.00000,5902.62256
842.50000,5896.67188
843.00000,5889.17432
843.50000,5881.76855
844.00000,5876.38184
844.50000,5873.66406
845.00000,5872.95557
845.50000,5872.48730
846.00000,5871.40430
846.50000,5870.36377
847.00000,5871.12842
847.50000,5874.80811
848.00000,5881.22070
848.50000,5888.19287
849.00000,5892.75684
849.50000,5892.46338
850.00000,5887.97119
850.50000,5881.10205
851.00000,5874.49951
851.50000,5869.09326
852.00000,5863.95801
852.50000,5857.61768
853.00000,5849.61426
853.50000,5841.19873
854.00000,5834.91602
854.50000,5832.72803
855.00000,5835.85400
855.50000,5842.09668
856.00000,5848.87158
856.50000,5853.91455
857.00000,5855.97119
857.50000,5855.45361
858.00000,5853.05664
858.50000,5849.79932
859.00000,5846.89648
859.50000,5845.78418
860.00000,5847.19775
860.50000,5851.65186
861.00000,5857.11865
861.50000,5860.39307
862.00000,5859.23535
862.50000,5852.64160
863.00000,5842.59277
863.50000,5832.29492
864.00000,5824.56104
864.50000,5820.06396
865.00000,5818.16357
865.50000,5816.72998
866.00000,5814.53906
866.50000,5811.84619
867.00000,5809.75000
867.50000,5808.97070
868.00000,5809.19385
868.50000,5809.45508
869.00000,5809.04834
869.50000,5807.90771
870.00000,5806.44775
870.50000,5804.37695
871.00000,5800.77637
871.50000,5793.71973
872.00000,5783.15234
872.50000,5770.63086
873.00000,5760.19287
873.50000,5756.11182
874.00000,5760.25928
874.50000,5769.76904
875.00000,5779.99951
875.50000,5786.07471
876.00000,5784.31445
876.50000,5777.05420
877.00000,5767.77002
877.50000,5760.69580
878.00000,5757.91846
878.50000,5758.28711
879.00000,5758.41553
879.50000,5755.09717
880.00000,5748.47363
880.50000,5740.28906
881.00000,5733.56201
881.50000,5730.47510
882.00000,5730.41504
882.50000,5731.83105
883.00000,5732.87598
883.50000,5732.88818
884.00000,5732.57910
884.50000,5733.23291
885.00000,5735.78955
885.50000,5739.48438
886.00000,5743.00928
886.50000,5745.43750
887.00000,5746.57471
887.50000,5747.12891
888.00000,5747.72998
888.50000,5748.50684
889.00000,5749.15918
889.50000,5749.48682
890.00000,5749.91406
890.50000,5751.63184
891.00000,5755.31152
891.50000,5761.52100
892.00000,5769.19580
892.50000,5776.94922
893.00000,5783.64648
893.50000,5788.72461
894.00000,5791.91113
894.50000,5793.32617
895.00000,5792.51758
895.50000,5789.86963
896.00000,5785.50293
896.50000,5780.48193
897.00000,5775.58154
897.50000,5771.05566
898.00000,5766.47070
898.50000,5761.16748
899.00000,5755.24219
899.50000,5749.75195
900.00000,5745.98730
900.50000,5745.34814
901.00000,5746.83203
901.50000,5748.80176
902.00000,5748.92334
902.50000,5745.16895
903.00000,5737.18262
903.50000,5726.09082
904.00000,5713.91406
904.50000,5703.16992
905.00000,5696.66016
905.50000,5694.65820
906.00000,5697.17676
906.50000,5701.28369
907.00000,5703.79297
907.50000,5702.39111
908.00000,5696.60449
908.50000,5688.47021
909.00000,5681.55713
909.50000,5679.25537
910.00000,5681.84961
910.50000,5689.09473
911.00000,5698.23926
911.50000,5708.49805
912.00000,5720.12646
912.50000,5733.86670
913.00000,5748.76514
913.50000,5761.98730
914.00000,5770.09814
914.50000,5772.57666
915.00000,5771.19824
915.50000,5771.27734
916.00000,5778.49316
916.50000,5793.48730
917.00000,5814.66650
917.50000,5836.87158
918.00000,5855.48730
918.50000,5868.29248
919.00000,5875.98975
919.50000,5879.45898
920.00000,5879.84570
920.50000,5876.03174
921.00000,5868.85498
921.50000,5859.24951
922.00000,5849.73535
922.50000,5842.41504
923.00000,5837.83691
923.50000,5835.22852
924.00000,5833.93848
924.50000,5834.16943
925.00000,5838.06152
925.50000,5846.42822
926.00000,5859.88086
926.50000,5875.29443
927.00000,5889.33252
927.50000,5900.25391
928.00000,5908.45068
928.50000,5915.82129
929.00000,5924.05811
929.50000,5933.33984
930.00000,5942.19336
930.50000,5948.38086
931.00000,5951.46143
931.50000,5951.28760
932.00000,5949.21729
932.50000,5946.04785
933.00000,5942.09766
933.50000,5937.35449
934.00000,5931.94531
934.50000,5926.50977
935.00000,5921.74170
935.50000,5917.79932
936.00000,5914.75684
936.50000,5912.34863
937.00000,5910.70557
937.50000,5909.92236
938.00000,5909.91406
938.50000,5910.16455
939.00000,5909.94385
939.50000,5908.73877
940.00000,5906.88574
940.50000,5904.92480
941.00000,5903.11230
941.50000,5900.57568
942.00000,5895.88281
942.50000,5887.75098
943.00000,5876.66895
943.50000,5864.95557
944.00000,5855.79883
944.50000,5851.03125
945.00000,5851.55127
945.50000,5854.47510
946.00000,5856.78027
946.50000,5856.28369
947.00000,5852.35010
947.50000,5846.70703
948.00000,5841.52246
948.50000,5837.92334
949.00000,5835.03516
949.50000,5830.57080
950.00000,5823.07129
950.50000,5812.11719
951.00000,5800.29199
951.50000,5790.46777
952.00000,5784.24756
952.50000,5781.80518
953.00000,5781.52881
953.50000,5781.43408
954.00000,5780.36719
954.50000,5778.44580
955.00000,5776.24609
955.50000,5774.27979
956.00000,5772.51367
956.50000,5770.60303
957.00000,5768.44043
957.50000,5766.35938
958.00000,5764.76758
958.50000,5763.51709
959.00000,5761.77246
959.50000,5758.27148
960.00000,5752.62646
960.50000,5744.36035
961.00000,5734.41797
961.50000,5723.18164
962.00000,5711.23193
962.50000,5698.97559
963.00000,5687.04102
963.50000,5676.26563
964.00000,5667.57910
964.50000,5660.97559
965.00000,5656.33447
965.50000,5652.41895
966.00000,5648.31738
966.50000,5643.45459
967.00000,5637.45166
967.50000,5630.17676
968.00000,5621.33398
968.50000,5610.67676
969.00000,5598.67969
969.50000,5586.40723
970.00000,5575.58545
970.50000,5568.86719
971.00000,5566.92871
971.50000,5570.68457
972.00000,5578.26807
972.50000,5587.10400
973.00000,5594.21143
973.50000,5597.76660
974.00000,5597.67334
974.50000,5596.58447
975.00000,5598.13916
975.50000,5604.13330
976.00000,5615.06885
976.50000,5627.15918
977.00000,5636.06934
977.50000,5639.05713
978.00000,5635.86963
978.50000,5628.48193
979.00000,5620.14941
979.50000,5612.96582
980.00000,5607.11426
980.50000,5601.85498
981.00000,5596.12646
981.50000,5589.53809
982.00000,5582.55615
982.50000,5575.83350
983.00000,5569.82910
983.50000,5564.72900
984.00000,5560.80664
984.50000,5558.04639
985.00000,5556.47363
985.50000,5555.10840
986.00000,5552.59473
986.50000,5548.31982
987.00000,5542.61279
987.50000,5537.15234
988.00000,5533.79346
988.50000,5533.40186
989.00000,5534.80322
989.50000,5535.95313
990.00000,5535.14697
990.50000,5531.45996
991.00000,5526.28760
991.50000,5520.99072
992.00000,5516.44873
992.50000,5512.72900
993.00000,5509.76416
993.50000,5508.31104
994.00000,5510.44531
994.50000,5517.14453
995.00000,5528.74463
995.50000,5541.25146
996.00000,5549.17822
996.50000,5549.64355
997.00000,5542.32178
997.50000,5531.61572
998.00000,5523.12695
998.50000,5520.67188
999.00000,5523.41553
999.50000,5528.12842
1000.00000,5530.53760
1000.50000,5527.81006
1001.00000,5521.54102
1001.50000,5513.76855
1002.00000,5506.15820
1002.50000,5498.05811
1003.00000,5487.24609
1003.50000,5472.18213
1004.00000,5453.13721
1004.50000,5433.57275
1005.00000,5418.13135
1005.50000,5408.77588
1006.00000,5406.80957
1006.50000,5409.33594
1007.00000,5413.62109
1007.50000,5417.29150
1008.00000,5419.23633
1008.50000,5419.02881
1009.00000,5416.82031
1009.50000,5412.38525
1010.00000,5406.56055
1010.50000,5400.40771
1011.00000,5395.47705
1011.50000,5393.26807
1012.00000,5393.75928
1012.50000,5395.88867
1013.00000,5397.65088
1013.50000,5397.13232
1014.00000,5393.01221
1014.50000,5386.19678
1015.00000,5378.37109
1015.50000,5372.43311
1016.00000,5371.97705
1016.50000,5378.28174
1017.00000,5392.04785
1017.50000,5410.86670
1018.00000,5430.46826
1018.50000,5445.62012
1019.00000,5452.94141
1019.50000,5450.21436
1020.00000,5441.51221
1020.50000,5431.66650
1021.00000,5426.23486
1021.50000,5429.08740
1022.00000,5438.58887
1022.50000,5450.10254
1023.00000,5457.93652
1023.50000,5459.25928
1024.00000,5455.11084
1024.50000,5451.32178
1025.00000,5455.06055
1025.50000,5467.74121
1026.00000,5488.28809
1026.50000,5509.78906
1027.00000,5525.53271
1027.50000,5532.61230
1028.00000,5532.67725
1028.50000,5529.80273
1029.00000,5527.95898
1029.50000,5528.26123
1030.00000,5528.70068
1030.50000,5526.76172
1031.00000,5522.44238
1031.50000,5517.76367
1032.00000,5515.64600
1032.50000,5517.43945
1033.00000,5521.73486
1033.50000,5525.30176
1034.00000,5525.14404
1034.50000,5521.18750
1035.00000,5514.51807
1035.50000,5508.09180
1036.00000,5503.97998
1036.50000,5502.26660
1037.00000,5502.12354
1037.50000,5502.19678
1038.00000,5501.67432
1038.50000,5500.53027
1039.00000,5499.32178
1039.50000,5498.59766
1040.00000,5498.37695
1040.50000,5498.31836
1041.00000,5497.81348
1041.50000,5496.32715
1042.00000,5493.95166
1042.50000,5491.27100
1043.00000,5489.22266
1043.50000,5488.60889
1044.00000,5490.09570
1044.50000,5493.36523
1045.00000,5498.48096
1045.50000,5504.75000
1046.00000,5511.99316
1046.50000,5519.65332
1047.00000,5527.16797
1047.50000,5534.11377
1048.00000,5540.52734
1048.50000,5546.92285
1049.00000,5553.86035
1049.50000,5561.39746
1050.00000,5568.60596
1050.50000,5573.98047
1051.00000,5577.24609
1051.50000,5579.21240
1052.00000,5582.12939
1052.50000,5588.10840
1053.00000,5597.49316
1053.50000,5608.07227
1054.00000,5616.45068
1054.50000,5620.76025
1055.00000,5620.53174
1055.50000,5619.49658
1056.00000,5621.96094
1056.50000,5630.23340
1057.00000,5644.58984
1057.50000,5662.06592
1058.00000,5678.35547
1058.50000,5689.14453
1059.00000,5692.37109
1059.50000,5685.29980
1060.00000,5670.16016
1060.50000,5648.18604
1061.00000,5624.64063
1061.50000,5605.16113
1062.00000,5593.87549
1062.50000,5592.39453
1063.00000,5598.58594
1063.50000,5607.20166
1064.00000,5613.93213
1064.50000,5617.52344
1065.00000,5618.64111
1065.50000,5619.51270
1066.00000,5620.15967
1066.50000,5618.42627
1067.00000,5610.94580
1067.50000,5596.72510
1068.00000,5578.51709
1068.50000,5561.63086
1069.00000,5550.69922
1069.50000,5548.63184
1070.00000,5551.64844
1070.50000,5555.58105
1071.00000,5556.96289
1071.50000,5555.53125
1072.00000,5554.33984
1072.50000,5556.81250
1073.00000,5564.08057
1073.50000,5573.58936
1074.00000,5581.08203
1074.50000,5583.66602
1075.00000,5579.43555
1075.50000,5571.43359
1076.00000,5562.22266
1076.50000,5554.00000
1077.00000,5547.35059
1077.50000,5541.74561
1078.00000,5536.79346
1078.50000,5532.99609
1079.00000,5530.93506
1079.50000,5531.03906
1080.00000,5531.86865
1080.50000,5531.33838
1081.00000,5528.15381
1081.50000,5522.12158
1082.00000,5515.17627
1082.50000,5509.87939
1083.00000,5508.09229
1083.50000,5509.68604
1084.00000,5513.81299
1084.50000,5518.79883
1085.00000,5524.32520
1085.50000,5530.57373
1086.00000,5537.67773
1086.50000,5544.40234
1087.00000,5548.37158
1087.50000,5547.91895
1088.00000,5544.10645
1088.50000,5541.27393
1089.00000,5545.15967
1089.50000,5562.38135
1090.00000,5590.65234
1090.50000,5625.46875
1091.00000,5657.00830
1091.50000,5676.10498
1092.00000,5680.14941
1092.50000,5672.04248
1093.00000,5658.67334
1093.50000,5647.52832
1094.00000,5643.21729
1094.50000,5644.55420
1095.00000,5649.43115
1095.50000,5654.30420
1096.00000,5657.63574
1096.50000,5659.77588
1097.00000,5661.66699
1097.50000,5664.06055
1098.00000,5667.18848
1098.50000,5671.20410
1099.00000,5676.19922
1099.50000,5682.55273
1100.00000,5689.61816
1100.50000,5695.90039
1101.00000,5699.51270
1101.50000,5698.32568
1102.00000,5692.22705
1102.50000,5682.72559
1103.00000,5672.67383
1103.50000,5665.10596
1104.00000,5662.50635
1104.50000,5664.19922
1105.00000,5669.23291
1105.50000,5674.82275
1106.00000,5679.26758
1106.50000,5682.46582
1107.00000,5685.65381
1107.50000,5690.55811
1108.00000,5698.01025
1108.50000,5707.49463
1109.00000,5716.84814
1109.50000,5723.44287
1110.00000,5726.59473
1110.50000,5726.25342
1111.00000,5724.63672
1111.50000,5723.69678
1112.00000,5724.27930
1112.50000,5725.66064
1113.00000,5726.03223
1113.50000,5723.91260
1114.00000,5718.59229
1114.50000,5711.66357
1115.00000,5704.94531
1115.50000,5699.58545
1116.00000,5695.40234
1116.50000,5690.89502
1117.00000,5684.86719
1117.50000,5677.81885
1118.00000,5672.01270
1118.50000,5670.32031
1119.00000,5673.10889
1119.50000,5679.11963
1120.00000,5684.20459
1120.50000,5684.25732
1121.00000,5678.64551
1121.50000,5668.48047
1122.00000,5657.22363
1122.50000,5648.29053
1123.00000,5644.17676
1123.50000,5645.46924
1124.00000,5652.98535
1124.50000,5664.78320
1125.00000,5679.26611
1125.50000,5693.15332
1126.00000,5703.64111
1126.50000,5710.30273
1127.00000,5714.54834
1127.50000,5718.98682
1128.00000,5725.29395
1128.50000,5733.22510
1129.00000,5740.81055
1129.50000,5746.04932
1130.00000,5749.09473
1130.50000,5750.48584
1131.00000,5751.02686
1131.50000,5750.14893
1132.00000,5747.17090
1132.50000,5742.68896
1133.00000,5739.32617
1133.50000,5740.17383
1134.00000,5747.64404
1134.50000,5759.30518
1135.00000,5771.74072
1135.50000,5781.61133
1136.00000,5787.71289
1136.50000,5791.77295
1137.00000,5795.50293
1137.50000,5799.17627
1138.00000,5801.84473
1138.50000,5803.04248
1139.00000,5804.52100
1139.50000,5809.92041
1140.00000,5820.39258
1140.50000,5835.26367
1141.00000,5849.91309
1141.50000,5859.81787
1142.00000,5863.88037
1142.50000,5864.68359
1143.00000,5866.41650
1143.50000,5871.56787
1144.00000,5879.79102
1144.50000,5887.56445
1145.00000,5891.19678
1145.50000,5890.50293
1146.00000,5886.84668
1146.50000,5883.33398
1147.00000,5882.21582
1147.50000,5883.97412
1148.00000,5887.57764
1148.50000,5892.02588
1149.00000,5896.77100
1149.50000,5902.36084
1150.00000,5909.27148
1150.50000,5917.93115
1151.00000,5927.50928
1151.50000,5936.81738
1152.00000,5944.85693
1152.50000,5951.44873
1153.00000,5957.20459
1153.50000,5963.07813
1154.00000,5969.54297
1154.50000,5976.30811
1155.00000,5983.18213
1155.50000,5990.61572
1156.00000,5999.97998
1156.50000,6011.80811
1157.00000,6024.81201
1157.50000,6035.35352
1158.00000,6039.50684
1158.50000,6034.66748
1159.00000,6024.33887
1159.50000,6014.40088
1160.00000,6010.79297
1160.50000,6017.62988
1161.00000,6031.60449
1161.50000,6047.38037
1162.00000,6059.42041
1162.50000,6065.14795
1163.00000,6064.82617
1163.50000,6060.99170
1164.00000,6054.50928
1164.50000,6046.02051
1165.00000,6035.48438
1165.50000,6025.07959
1166.00000,6018.90039
1166.50000,6020.35742
1167.00000,6031.15967
1167.50000,6049.26123
1168.00000,6069.44775
1168.50000,6086.42041
1169.00000,6097.75830
1169.50000,6102.20557
1170.00000,6102.97021
1170.50000,6101.92041
1171.00000,6100.59863
1171.50000,6099.33008
1172.00000,6098.31201
1172.50000,6098.41113
1173.00000,6101.11768
1173.50000,6106.82617
1174.00000,6114.74561
1174.50000,6121.82324
1175.00000,6124.42578
1175.50000,6122.18164
1176.00000,6116.67627
1176.50000,6111.98145
1177.00000,6111.27197
1177.50000,6114.45117
1178.00000,6117.88867
1178.50000,6117.02100
1179.00000,6110.83350
1179.50000,6101.14307
1180.00000,6093.51172
1180.50000,6092.86719
1181.00000,6098.78467
1181.50000,6107.66504
1182.00000,6114.02393
1182.50000,6114.39746
1183.00000,6108.80371
1183.50000,6101.37549
1184.00000,6097.12695
1184.50000,6098.81982
1185.00000,6108.69580
1185.50000,6123.95947
1186.00000,6141.30859
1186.50000,6156.10791
1187.00000,6164.33691
1187.50000,6164.44629
1188.00000,6158.96289
1188.50000,6151.99414
1189.00000,6147.74219
1189.50000,6148.62939
1190.00000,6152.21729
1190.50000,6155.80322
1191.00000,6157.87158
1191.50000,6159.49707
1192.00000,6163.08350
1192.50000,6169.48438
1193.00000,6176.40576
1193.50000,6179.39844
1194.00000,6173.39502
1194.50000,6159.53369
1195.00000,6140.49756
1195.50000,6122.47607
1196.00000,6110.44336
1196.50000,6105.52930
1197.00000,6106.26855
1197.50000,6109.43799
1198.00000,6111.52832
1198.50000,6109.80566
1199.00000,6104.02979
1199.50000,6094.33447
1200.00000,6083.62939
1200.50000,6074.81250
1201.00000,6069.67725
1201.50000,6068.79443
1202.00000,6070.85352
1202.50000,6074.22900
1203.00000,6078.56396
1203.50000,6084.72119
1204.00000,6094.86133
1204.50000,6108.85400
1205.00000,6125.79932
1205.50000,6142.52930
1206.00000,6156.33057
1206.50000,6166.78662
1207.00000,6175.50684
1207.50000,6184.95361
1208.00000,6196.26709
1208.50000,6208.24365
1209.00000,6217.86914
1209.50000,6221.20654
1210.00000,6218.84521
1210.50000,6212.58643
1211.00000,6206.70996
1211.50000,6204.35693
1212.00000,6205.73486
1212.50000,6208.51123
1213.00000,6209.84473
1213.50000,6208.52734
1214.00000,6204.59863
1214.50000,6199.63770
1215.00000,6193.95947
1215.50000,6187.23340
1216.00000,6178.96777
1216.50000,6170.15967
1217.00000,6163.06641
1217.50000,6159.92920
1218.00000,6161.02979
1218.50000,6165.67480
1219.00000,6171.95410
1219.50000,6180.06885
1220.00000,6190.70996
1220.50000,6205.27686
1221.00000,6222.64990
1221.50000,6240.33691
1222.00000,6255.55615
1222.50000,6267.19580
1223.00000,6275.88525
1223.50000,6283.69971
1224.00000,6291.84424
1224.50000,6300.35693
1225.00000,6308.84277
1225.50000,6317.25684
1226.00000,6325.92529
1226.50000,6334.65479
1227.00000,6342.12061
1227.50000,6346.39990
1228.00000,6346.90283
1228.50000,6344.37939
1229.00000,6341.67236
1229.50000,6341.10840
1230.00000,6342.23096
1230.50000,6342.59131
1231.00000,6339.24658
1231.50000,6330.43994
1232.00000,6317.60693
1232.50000,6304.77197
1233.00000,6296.95459
1233.50000,6296.85010
1234.00000,6306.68359
1234.50000,6322.34277
1235.00000,6339.58203
1235.50000,6353.59229
1236.00000,6361.82764
1236.50000,6366.31592
1237.00000,6371.55469
1237.50000,6381.45117
1238.00000,6395.49854
1238.50000,6408.95020
1239.00000,6415.88086
1239.50000,6410.98291
1240.00000,6398.08496
1240.50000,6382.30469
1241.00000,6369.40137
1241.50000,6361.47070
1242.00000,6356.36133
1242.50000,6350.54590
1243.00000,6342.22803
1243.50000,6332.74365
1244.00000,6324.71826
1244.50000,6319.50879
1245.00000,6317.62500
1245.50000,6317.79980
1246.00000,6319.72461
1246.50000,6323.42480
1247.00000,6328.88818
1247.50000,6335.30957
1248.00000,6341.19434
1248.50000,6345.19971
1249.00000,6347.38916
1249.50000,6347.90283
1250.00000,6347.61621
1250.50000,6347.30029
1251.00000,6348.56885
1251.50000,6354.38770
1252.00000,6367.45898
1252.50000,6387.87695
1253.00000,6412.81201
1253.50000,6436.10889
1254.00000,6451.23975
1254.50000,6458.00537
1255.00000,6458.27783
1255.50000,6458.40186
1256.00000,6463.35791
1256.50000,6474.47461
1257.00000,6490.19238
1257.50000,6507.68115
1258.00000,6524.30664
1258.50000,6538.60254
1259.00000,6550.97949
1259.50000,6561.96680
1260.00000,6572.57422
1260.50000,6582.68506
1261.00000,6591.17236
1261.50000,6596.07275
1262.00000,6596.44531
1262.50000,6593.87305
1263.00000,6592.00195
1263.50000,6594.48145
1264.00000,6603.98730
1264.50000,6617.35303
1265.00000,6630.30615
1265.50000,6639.11084
1266.00000,6642.51221
1266.50000,6643.03369
1267.00000,6644.25879
1267.50000,6648.66553
1268.00000,6656.17773
1268.50000,6665.87012
1269.00000,6676.12207
1269.50000,6686.35303
1270.00000,6696.48682
1270.50000,6706.45068
1271.00000,6716.01172
1271.50000,6724.79199
1272.00000,6732.49512
1272.50000,6739.00391
1273.00000,6744.17969
1273.50000,6748.41895
1274.00000,6751.98242
1274.50000,6755.14209
1275.00000,6757.10303
1275.50000,6756.76025
1276.00000,6752.77881
1276.50000,6745.65576
1277.00000,6737.59863
1277.50000,6731.55029
1278.00000,6729.02930
1278.50000,6730.04834
1279.00000,6732.14941
1279.50000,6733.62354
1280.00000,6734.55859
1280.50000,6736.69238
1281.00000,6741.78223
1281.50000,6750.84473
1282.00000,6763.63428
1282.50000,6779.07715
1283.00000,6796.33350
1283.50000,6813.50439
1284.00000,6827.01660
1284.50000,6834.34082
1285.00000,6832.94580
1285.50000,6826.54053
1286.00000,6821.72119
1286.50000,6825.52246
1287.00000,6841.13721
1287.50000,6866.13086
1288.00000,6892.32764
1288.50000,6911.39209
1289.00000,6921.23828
1289.50000,6922.77588
1290.00000,6922.86084
1290.50000,6926.66797
1291.00000,6935.18799
1291.50000,6945.78271
1292.00000,6954.09521
1292.50000,6957.32861
1293.00000,6954.88330
1293.50000,6949.65283
1294.00000,6944.11670
1294.50000,6939.60938
1295.00000,6936.02539
1295.50000,6932.47021
1296.00000,6928.63525
1296.50000,6925.02344
1297.00000,6922.31152
1297.50000,6920.52979
1298.00000,6918.69922
1298.50000,6915.55859
1299.00000,6911.10645
1299.50000,6906.51904
1300.00000,6903.72363
1300.50000,6904.29590
1301.00000,6907.39209
1301.50000,6910.54053
1302.00000,6910.66943
1302.50000,6906.02783
1303.00000,6895.97070
1303.50000,6882.47559
1304.00000,6866.60791
1304.50000,6850.02490
1305.00000,6833.86865
1305.50000,6819.82617
1306.00000,6810.72314
1306.50000,6808.44922
1307.00000,6812.64990
1307.50000,6820.11572
1308.00000,6825.15869
1308.50000,6821.92676
1309.00000,6810.72900
1309.50000,6794.71533
1310.00000,6781.83838
1310.50000,6780.02930
1311.00000,6791.06152
1311.50000,6811.66455
1312.00000,6834.10010
1312.50000,6850.58057
1313.00000,6856.36328
1313.50000,6854.48242
1314.00000,6849.59473
1314.50000,6847.28955
1315.00000,6849.68750
1315.50000,6854.34082
1316.00000,6857.92871
1316.50000,6858.84521
1317.00000,6858.61719
1317.50000,6860.74121
1318.00000,6867.46631
1318.50000,6879.12158
1319.00000,6891.80273
1319.50000,6900.80811
1320.00000,6903.75488
1320.50000,6899.15918
1321.00000,6888.56592
1321.50000,6873.45703
1322.00000,6855.25684
1322.50000,6835.89014
1323.00000,6818.15088
1323.50000,6805.01172
1324.00000,6800.88184
1324.50000,6804.93164
1325.00000,6816.67139
1325.50000,6831.77393
1326.00000,6846.47754
1326.50000,6858.35352
1327.00000,6867.08350
1327.50000,6873.58008
1328.00000,6879.17871
1328.50000,6883.60303
1329.00000,6885.83691
1329.50000,6884.10547
1330.00000,6879.76221
1330.50000,6876.50635
1331.00000,6879.27881
1331.50000,6891.62939
1332.00000,6912.61035
1332.50000,6935.76563
1333.00000,6953.58545
1333.50000,6962.69971
1334.00000,6961.22266
1334.50000,6953.99951
1335.00000,6943.29102
1335.50000,6930.67676
1336.00000,6915.90234
1336.50000,6899.34131
1337.00000,6882.75244
1337.50000,6868.44189
1338.00000,6857.11182
1338.50000,6848.29199
1339.00000,6839.96484
1339.50000,6831.20410
1340.00000,6822.24414
1340.50000,6813.36523
1341.00000,6803.87744
1341.50000,6792.34717
1342.00000,6777.92432
1342.50000,6761.40381
1343.00000,6744.01807
1343.50000,6726.77637
1344.00000,6709.80859
1344.50000,6693.24561
1345.00000,6678.57178
1345.50000,6667.26904
1346.00000,6659.79102
1346.50000,6653.58105
1347.00000,6644.58398
1347.50000,6630.11084
1348.00000,6612.37305
1348.50000,6596.68652
1349.00000,6586.92285
1349.50000,6584.21582
1350.00000,6583.69141
1350.50000,6580.38037
1351.00000,6572.29395
1351.50000,6560.97998
1352.00000,6549.69189
1352.50000,6540.35938
1353.00000,6532.34326
1353.50000,6523.07178
1354.00000,6509.73389
1354.50000,6492.84082
1355.00000,6474.04053
1355.50000,6456.62500
1356.00000,6443.85107
1356.50000,6437.02100
1357.00000,6435.05664
1357.50000,6435.83350
1358.00000,6436.58740
1358.50000,6435.81104
1359.00000,6433.90430
1359.50000,6431.47852
1360.00000,6428.71094
1360.50000,6424.70117
1361.00000,6418.92285
1361.50000,6412.26807
1362.00000,6407.14697
1362.50000,6405.63037
1363.00000,6408.50293
1363.50000,6413.23584
1364.00000,6417.06201
1364.50000,6418.98389
1365.00000,6419.77295
1365.50000,6421.40088
1366.00000,6425.32617
1366.50000,6431.72852
1367.00000,6440.04297
1367.50000,6449.94531
1368.00000,6460.86426
1368.50000,6472.17383
1369.00000,6482.73145
1369.50000,6491.13770
1370.00000,6497.05469
1370.50000,6499.72412
1371.00000,6498.50391
1371.50000,6492.30225
1372.00000,6480.80322
1372.50000,6466.62256
1373.00000,6454.41748
1373.50000,6448.19775
1374.00000,6451.14746
1374.50000,6459.27100
1375.00000,6467.71631
1375.50000,6472.19873
1376.00000,6471.75439
1376.50000,6469.21875
1377.00000,6468.37842
1377.50000,6471.19580
1378.00000,6475.81299
1378.50000,6478.85010
1379.00000,6478.13818
1379.50000,6472.18604
1380.00000,6462.48584
1380.50000,6450.31055
1381.00000,6437.65674
1381.50000,6426.95166
1382.00000,6421.00391
1382.50000,6420.97070
1383.00000,6426.38428
1383.50000,6432.31299
1384.00000,6432.02734
1384.50000,6422.86377
1385.00000,6405.20313
1385.50000,6384.85449
1386.00000,6367.19434
1386.50000,6354.35889
1387.00000,6344.76416
1387.50000,6336.28271
1388.00000,6328.34766
1388.50000,6322.98047
1389.00000,6320.70557
1389.50000,6319.68896
1390.00000,6315.62158
1390.50000,6305.43164
1391.00000,6291.69141
1391.50000,6280.67432
1392.00000,6276.76318
1392.50000,6277.56787
1393.00000,6276.18311
1393.50000,6267.33740
1394.00000,6250.30127
1394.50000,6233.32080
1395.00000,6225.31445
1395.50000,6228.13184
1396.00000,6236.83203
1396.50000,6242.28076
1397.00000,6238.18848
1397.50000,6224.16260
1398.00000,6206.45850
1398.50000,6189.92773
1399.00000,6176.07861
1399.50000,6164.40625
1400.00000,6153.64258
1400.50000,6144.24219
1401.00000,6137.11182
1401.50000,6132.22705
1402.00000,6128.04004
1402.50000,6122.48633
1403.00000,6114.31885
1403.50000,6104.52832
1404.00000,6093.98926
1404.50000,6082.84033
1405.00000,6069.86816
1405.50000,6054.64600
1406.00000,6038.51465
1406.50000,6024.85938
1407.00000,6017.06982
1407.50000,6017.25049
1408.00000,6022.69775
1408.50000,6029.91650
1409.00000,6035.04834
1409.50000,6036.33203
1410.00000,6035.47412
1410.50000,6034.04053
1411.00000,6032.37598
1411.50000,6029.31738
1412.00000,6023.72119
1412.50000,6016.61621
1413.00000,6011.04395
1413.50000,6009.81201
1414.00000,6015.34961
1414.50000,6025.27930
1415.00000,6037.06592
1415.50000,6048.13770
1416.00000,6057.64209
1416.50000,6065.66846
1417.00000,6072.15234
1417.50000,6076.31885
1418.00000,6078.40186
1418.50000,6079.38672
1419.00000,6081.36328
1419.50000,6085.78857
1420.00000,6091.72070
1420.50000,6097.22607
1421.00000,6101.04004
1421.50000,6104.08105
1422.00000,6108.31396
1422.50000,6114.16943
1423.00000,6119.33789
1423.50000,6120.36816
1424.00000,6113.92627
1424.50000,6102.87891
1425.00000,6092.26367
1425.50000,6087.08545
1426.00000,6088.88623
1426.50000,6094.22119
1427.00000,6097.39111
1427.50000,6094.83447
1428.00000,6088.08252
1428.50000,6079.71045
1429.00000,6071.82861
1429.50000,6063.33447
1430.00000,6052.03271
1430.50000,6037.23438
1431.00000,6022.29834
1431.50000,6012.87988
1432.00000,6013.73340
1432.50000,6022.81396
1433.00000,6034.86768
1433.50000,6042.87598
1434.00000,6040.85303
1434.50000,6029.72461
1435.00000,6011.24365
1435.50000,5990.41016
1436.00000,5972.34619
1436.50000,5961.44336
1437.00000,5959.15967
1437.50000,5964.24707
1438.00000,5969.97461
1438.50000,5969.47314
1439.00000,5961.96387
1439.50000,5950.74756
1440.00000,5943.25537
1440.50000,5944.93555
1441.00000,5954.13086
1441.50000,5963.74316
1442.00000,5966.18359
1442.50000,5959.75342
1443.00000,5947.44043
1443.50000,5935.81348
1444.00000,5927.86230
1444.50000,5921.52588
1445.00000,5913.76904
1445.50000,5903.94971
1446.00000,5894.83008
1446.50000,5890.40771
1447.00000,5891.98096
1447.50000,5897.71143
1448.00000,5902.57471
1448.50000,5902.38135
1449.00000,5898.14209
1449.50000,5892.55029
1450.00000,5889.12695
1450.50000,5889.24756
1451.00000,5890.68750
1451.50000,5889.21240
1452.00000,5881.18457
1452.50000,5867.62354
1453.00000,5853.17285
1453.50000,5844.32764
1454.00000,5846.31836
1454.50000,5855.89404
1455.00000,5867.31201
1455.50000,5874.04688
1456.00000,5873.46191
1456.50000,5868.45850
1457.00000,5865.26074
1457.50000,5869.45605
1458.00000,5880.91797
1458.50000,5897.08936
1459.00000,5912.79346
1459.50000,5925.19531
1460.00000,5934.91406
1460.50000,5944.23828
1461.00000,5955.55713
1461.50000,5969.24756
1462.00000,5983.04199
1462.50000,5993.23438
1463.00000,5995.85840
1463.50000,5993.45654
1464.00000,5990.75146
1464.50000,5993.18066
1465.00000,6003.43750
1465.50000,6017.67969
1466.00000,6029.17529
1466.50000,6032.76318
1467.00000,6029.31006
1467.50000,6023.71045
1468.00000,6021.68701
1468.50000,6025.30225
1469.00000,6030.46094
1469.50000,6033.00635
1470.00000,6031.92334
1470.50000,6029.28027
1471.00000,6028.32031
1471.50000,6030.20410
1472.00000,6033.25195
1472.50000,6034.15186
1473.00000,6029.89844
1473.50000,6020.95654
1474.00000,6007.51660
1474.50000,5992.02148
1475.00000,5976.96777
1475.50000,5965.06445
1476.00000,5958.23779
1476.50000,5956.26855
1477.00000,5956.42871
1477.50000,5956.10107
1478.00000,5954.89355
1478.50000,5954.71631
1479.00000,5957.02295
1479.50000,5961.46826
1480.00000,5965.12207
1480.50000,5965.51514
1481.00000,5963.54541
1481.50000,5963.46191
1482.00000,5970.22559
1482.50000,5983.74121
1483.00000,6001.49902
1483.50000,6018.34375
1484.00000,6030.96582
1484.50000,6040.19189
1485.00000,6048.02881
1485.50000,6056.49951
1486.00000,6065.81885
1486.50000,6074.25439
1487.00000,6079.42822
1487.50000,6078.55420
1488.00000,6071.73340
1488.50000,6058.88770
1489.00000,6043.73535
1489.50000,6029.21680
1490.00000,6016.74219
1490.50000,6005.32129
1491.00000,5992.38428
1491.50000,5976.72461
1492.00000,5959.56836
1492.50000,5943.87305
1493.00000,5932.54492
1493.50000,5925.17773
1494.00000,5921.30713
1494.50000,5919.44385
1495.00000,5919.52979
1495.50000,5920.96094
1496.00000,5921.90967
1496.50000,5920.02832
1497.00000,5914.73535
1497.50000,5907.63525
1498.00000,5902.15625
1498.50000,5901.18018
1499.00000,5903.23340
1499.50000,5905.62842
1500.00000,5906.29443
1500.50000,5906.02344
1501.00000,5907.29150
1501.50000,5911.41553
1502.00000,5917.23779
1502.50000,5921.78320
1503.00000,5922.70410
1503.50000,5921.56445
1504.00000,5922.00000
1504.50000,5926.76904
1505.00000,5936.79199
1505.50000,5949.90234
1506.00000,5963.49365
1506.50000,5976.02002
1507.00000,5987.54639
1507.50000,5998.70313
1508.00000,6009.83105
1508.50000,6020.24512
1509.00000,6029.35059
1509.50000,6036.78857
1510.00000,6043.28320
1510.50000,6049.57764
1511.00000,6055.89795
1511.50000,6061.79492
1512.00000,6066.74072
1512.50000,6071.29102
1513.00000,6077.11328
1513.50000,6085.14209
1514.00000,6095.20801
1514.50000,6104.86865
1515.00000,6111.62793
1515.50000,6115.63184
1516.00000,6120.22803
1516.50000,6130.34033
1517.00000,6146.89453
1517.50000,6166.16602
1518.00000,6180.79150
1518.50000,6183.36084
1519.00000,6176.69873
1519.50000,6167.86816
1520.00000,6166.42676
1520.50000,6177.97754
1521.00000,6198.08008
1521.50000,6216.95166
1522.00000,6226.35645
1522.50000,6226.13672
1523.00000,6219.66504
1523.50000,6213.55566
1524.00000,6210.29785
1524.50000,6207.58838
1525.00000,6202.20654
1525.50000,6194.16162
1526.00000,6186.47168
1526.50000,6182.23096
1527.00000,6181.01123
1527.50000,6179.31641
1528.00000,6173.62207
1528.50000,6162.57178
1529.00000,6150.76611
1529.50000,6143.02588
1530.00000,6140.20947
1530.50000,6139.17969
1531.00000,6134.77539
1531.50000,6124.39746
1532.00000,6109.86377
1532.50000,6097.75195
1533.00000,6095.56299
1533.50000,6102.92725
1534.00000,6117.10889
1534.50000,6130.47559
1535.00000,6136.39404
1535.50000,6132.76709
1536.00000,6121.52832
1536.50000,6106.86816
1537.00000,6093.20850
1537.50000,6082.90674
1538.00000,6075.85645
1538.50000,6072.88086
1539.00000,6073.54590
1539.50000,6078.22412
1540.00000,6085.19678
1540.50000,6091.66455
1541.00000,6095.07617
1541.50000,6094.85938
1542.00000,6091.75342
1542.50000,6087.51563
1543.00000,6082.43311
1543.50000,6076.14648
1544.00000,6067.88818
1544.50000,6058.48389
1545.00000,6049.04980
1545.50000,6039.91650
1546.00000,6030.46680
1546.50000,6020.54053
1547.00000,6011.91943
1547.50000,6008.67139
1548.00000,6012.28857
1548.50000,6021.71973
1549.00000,6031.14648
1549.50000,6036.38477
1550.00000,6038.41211
1550.50000,6042.22559
1551.00000,6052.52783
1551.50000,6068.40527
1552.00000,6082.89551
1552.50000,6089.23828
1553.00000,6084.19629
1553.50000,6075.23047
1554.00000,6071.39063
1554.50000,6077.41309
1555.00000,6092.38232
1555.50000,6108.77588
1556.00000,6119.53906
1556.50000,6122.90674
1557.00000,6123.24316
1557.50000,6126.22900
1558.00000,6134.24219
1558.50000,6146.14404
1559.00000,6156.35791
1559.50000,6160.33496
1560.00000,6159.23584
1560.50000,6157.84717
1561.00000,6161.40186
1561.50000,6170.81494
1562.00000,6182.07666
1562.50000,6188.44043
1563.00000,6184.31201
1563.50000,6174.40625
1564.00000,6165.22852
1564.50000,6162.06689
1565.00000,6165.65381
1565.50000,6171.28467
1566.00000,6173.52832
1566.50000,6169.74463
1567.00000,6162.56982
1567.50000,6154.96338
1568.00000,6148.88818
1568.50000,6145.26904
1569.00000,6143.91309
1569.50000,6145.40088
1570.00000,6148.67773
1570.50000,6150.34033
1571.00000,6145.97412
1571.50000,6133.60791
1572.00000,6114.41504
1572.50000,6094.39014
1573.00000,6079.78125
1573.50000,6071.62109
1574.00000,6067.50439
1574.50000,6062.34473
1575.00000,6053.07861
1575.50000,6040.24805
1576.00000,6026.55029
1576.50000,6014.62451
1577.00000,6005.43652
1577.50000,5998.94922
1578.00000,5993.93213
1578.50000,5989.55713
1579.00000,5984.26807
1579.50000,5975.84082
1580.00000,5963.29297
1580.50000,5947.56494
1581.00000,5932.43408
1581.50000,5921.60303
1582.00000,5917.02881
1582.50000,5916.00928
1583.00000,5914.70215
1583.50000,5910.01953
1584.00000,5900.35107
1584.50000,5887.49805
1585.00000,5872.03516
1585.50000,5853.56738
1586.00000,5831.42529
1586.50000,5806.28906
1587.00000,5781.65869
1587.50000,5763.19336
1588.00000,5752.57031
1588.50000,5750.72217
1589.00000,5752.93213
1589.50000,5754.77197
1590.00000,5752.80762
1590.50000,5745.56543
1591.00000,5733.80908
1591.50000,5719.96631
1592.00000,5706.15430
1592.50000,5694.29297
1593.00000,5686.86523
1593.50000,5683.86670
1594.00000,5685.25537
1594.50000,5687.81592
1595.00000,5688.04199
1595.50000,5683.78125
1596.00000,5675.11670
1596.50000,5663.62451
1597.00000,5651.69873
1597.50000,5640.87451
1598.00000,5631.44434
1598.50000,5623.98242
1599.00000,5618.11670
1599.50000,5612.70410
1600.00000,5605.37549
1600.50000,5594.15186
1601.00000,5580.30908
1601.50000,5568.77539
1602.00000,5564.73438
1602.50000,5567.36279
1603.00000,5571.85254
1603.50000,5570.87793
1604.00000,5559.20703
1604.50000,5541.04004
1605.00000,5522.38330
1605.50000,5506.95752
1606.00000,5493.69434
1606.50000,5478.92529
1607.00000,5460.65674
1607.50000,5440.14453
1608.00000,5421.40723
1608.50000,5407.85547
1609.00000,5399.25537
1609.50000,5394.81396
1610.00000,5391.99316
1610.50000,5387.44824
1611.00000,5377.85498
1611.50000,5362.31982
1612.00000,5342.19824
1612.50000,5322.12598
1613.00000,5306.26416
1613.50000,5294.11475
1614.00000,5282.75879
1614.50000,5269.30811
1615.00000,5253.83936
1615.50000,5238.59766
1616.00000,5224.84326
1616.50000,5211.17285
1617.00000,5195.05176
1617.50000,5175.93066
1618.00000,5157.03906
1618.50000,5142.00049
1619.00000,5130.56641
1619.50000,5119.66113
1620.00000,5105.31885
1620.50000,5086.87793
1621.00000,5067.51611
1621.50000,5050.91748
1622.00000,5038.47900
1622.50000,5027.25244
1623.00000,5012.67139
1623.50000,4993.08691
1624.00000,4969.65430
1624.50000,4946.28467
1625.00000,4925.92139
1625.50000,4908.48340
1626.00000,4891.24463
1626.50000,4871.45020
1627.00000,4850.26123
1627.50000,4832.41797
1628.00000,4821.67090
1628.50000,4820.12939
1629.00000,4822.23682
1629.50000,4820.57031
1630.00000,4811.47949
1630.50000,4796.68555
1631.00000,4780.74951
1631.50000,4766.40771
1632.00000,4751.75391
1632.50000,4732.62549
1633.00000,4706.73926
1633.50000,4679.16162
1634.00000,4656.40576
1634.50000,4641.21240
1635.00000,4631.38232
1635.50000,4620.54980
1636.00000,4604.42383
1636.50000,4583.96973
1637.00000,4564.14551
1637.50000,4549.48340
1638.00000,4539.29053
1638.50000,4530.74219
1639.00000,4520.17139
1639.50000,4506.49316
1640.00000,4491.27002
1640.50000,4476.54639
1641.00000,4463.66895
1641.50000,4452.98096
1642.00000,4444.67188
1642.50000,4437.92578
1643.00000,4431.79688
1643.50000,4424.65674
1644.00000,4415.06787
1644.50000,4403.26270
1645.00000,4390.39648
1645.50000,4377.48535
1646.00000,4364.51074
1646.50000,4350.90771
1647.00000,4336.77051
1647.50000,4323.12939
1648.00000,4310.69141
1648.50000,4299.05859
1649.00000,4286.83350
1649.50000,4273.37061
1650.00000,4259.86719
1650.50000,4248.42529
1651.00000,4239.31348
1651.50000,4230.10596
1652.00000,4217.52783
1652.50000,4201.22070
1653.00000,4183.03955
1653.50000,4166.83643
1654.00000,4154.58838
1654.50000,4144.91260
1655.00000,4136.50195
1655.50000,4129.96973
1656.00000,4127.77051
1656.50000,4132.11914
1657.00000,4139.34570
1657.50000,4143.16553
1658.00000,4139.33203
1658.50000,4126.01953
1659.00000,4108.72510
1659.50000,4093.24463
1660.00000,4081.43042
1660.50000,4070.50708
1661.00000,4056.23584
1661.50000,4037.66260
1662.00000,4018.41504
1662.50000,4004.68115
1663.00000,4001.42407
1663.50000,4004.74316
1664.00000,4008.28101
1664.50000,4005.38135
1665.00000,3992.92578
1665.50000,3975.12378
1666.00000,3958.45728
1666.50000,3947.65942
1667.00000,3942.28784
1667.50000,3939.96313
1668.00000,3936.88281
1668.50000,3931.96216
1669.00000,3926.67603
1669.50000,3922.60181
1670.00000,3919.77319
1670.50000,3916.50684
1671.00000,3910.67505
1671.50000,3901.91553
1672.00000,3890.95093
1672.50000,3880.01538
1673.00000,3871.53125
1673.50000,3866.64600
1674.00000,3866.15430
1674.50000,3868.83594
1675.00000,3873.01245
1675.50000,3876.65698
1676.00000,3878.39893
1676.50000,3877.80322
1677.00000,3875.70776
1677.50000,3871.95898
1678.00000,3866.62183
1678.50000,3859.70508
1679.00000,3853.08716
1679.50000,3849.49121
1680.00000,3849.78662
1680.50000,3852.13550
1681.00000,3852.87378
1681.50000,3849.39722
1682.00000,3841.38525
1682.50000,3832.26074
1683.00000,3824.05688
1683.50000,3816.59253
1684.00000,3808.72485
1684.50000,3800.30420
1685.00000,3792.65210
1685.50000,3786.42749
1686.00000,3780.15747
1686.50000,3771.45532
1687.00000,3760.59937
1687.50000,3752.02808
1688.00000,3749.91284
1688.50000,3756.08057
1689.00000,3764.94189
1689.50000,3769.03979
1690.00000,3763.82446
1690.50000,3751.32104
1691.00000,3736.61597
1691.50000,3724.07568
1692.00000,3715.65698
1692.50000,3710.49756
1693.00000,3708.96362
1693.50000,3710.24780
1694.00000,3713.30762
1694.50000,3715.31006
1695.00000,3713.40039
1695.50000,3706.74414
1696.00000,3697.56860
1696.50000,3687.60254
1697.00000,3677.29517
1697.50000,3665.49585
1698.00000,3652.16162
1698.50000,3639.04590
1699.00000,3628.57153
1699.50000,3622.32471
1700.00000,3619.46362
1700.50000,3618.07251
1701.00000,3616.66602
1701.50000,3614.81763
1702.00000,3612.25586
1702.50000,3608.51929
1703.00000,3602.52759
1703.50000,3594.92407
1704.00000,3587.59863
1704.50000,3582.46338
1705.00000,3580.09033
1705.50000,3579.03125
1706.00000,3576.95752
1706.50000,3572.86963
1707.00000,3567.96362
1707.50000,3563.53296
1708.00000,3559.30078
1708.50000,3552.87451
1709.00000,3542.88306
1709.50000,3530.47388
1710.00000,3519.56396
1710.50000,3513.85596
1711.00000,3514.16675
1711.50000,3516.22412
1712.00000,3514.84546
1712.50000,3508.60815
1713.00000,3498.38013
1713.50000,3488.08057
1714.00000,3480.39014
1714.50000,3475.33472
1715.00000,3472.32764
1715.50000,3471.21826
1716.00000,3472.24658
1716.50000,3475.60376
1717.00000,3479.65796
1717.50000,3482.45386
1718.00000,3482.87646
1718.50000,3479.88745
1719.00000,3474.09497
1719.50000,3466.67407
1720.00000,3459.47339
1720.50000,3454.16772
1721.00000,3451.26099
1721.50000,3448.94897
1722.00000,3444.59277
1722.50000,3437.79980
1723.00000,3430.05493
1723.50000,3423.94897
1724.00000,3420.55225
1724.50000,3417.53857
1725.00000,3412.57666
1725.50000,3405.90015
1726.00000,3400.56592
1726.50000,3400.32959
1727.00000,3404.19360
1727.50000,3408.81860
1728.00000,3410.51001
1728.50000,3407.57861
1729.00000,3402.13257
1729.50000,3396.71924
1730.00000,3392.56909
1730.50000,3389.69336
1731.00000,3388.00000
1731.50000,3387.21582
1732.00000,3386.31836
1732.50000,3383.63818
1733.00000,3377.56812
1733.50000,3369.75757
1734.00000,3364.24194
1734.50000,3364.16357
1735.00000,3369.15234
1735.50000,3374.81201
1736.00000,3375.59448
1736.50000,3367.53662
1737.00000,3354.41577
1737.50000,3341.38232
1738.00000,3332.32813
1738.50000,3328.13184
1739.00000,3325.40161
1739.50000,3321.25391
1740.00000,3316.08618
1740.50000,3312.85889
1741.00000,3314.50464
1741.50000,3319.98706
1742.00000,3325.17090
1742.50000,3326.38403
1743.00000,3322.09131
1743.50000,3315.70386
1744.00000,3311.08398
1744.50000,3309.28735
1745.00000,3308.45459
1745.50000,3305.97827
1746.00000,3301.29590
1746.50000,3296.52075
1747.00000,3294.25903
1747.50000,3295.92993
1748.00000,3299.33984
1748.50000,3301.92944
1749.00000,3301.95142
1749.50000,3298.76978
1750.00000,3292.24902
1750.50000,3282.27026
1751.00000,3269.31836
1751.50000,3256.73511
1752.00000,3249.81909
1752.50000,3250.61987
1753.00000,3259.65234
1753.50000,3270.84546
1754.00000,3277.88623
1754.50000,3278.49805
1755.00000,3274.24194
1755.50000,3268.55127
1756.00000,3263.67407
1756.50000,3258.97021
1757.00000,3253.01978
1757.50000,3245.40381
1758.00000,3237.89185
1758.50000,3232.41724
1759.00000,3228.94067
1759.50000,3226.60132
1760.00000,3224.71924
1760.50000,3223.86011
1761.00000,3225.33716
1761.50000,3229.09009
1762.00000,3234.20117
1762.50000,3238.63135
1763.00000,3240.26782
1763.50000,3238.99170
1764.00000,3234.63452
1764.50000,3227.75684
1765.00000,3219.02393
1765.50000,3209.75732
1766.00000,3201.88062
1766.50000,3197.29248
1767.00000,3195.94214
1767.50000,3197.37964
1768.00000,3199.02417
1768.50000,3198.58154
1769.00000,3194.94653
1769.50000,3187.64209
1770.00000,3177.83423
1770.50000,3168.57642
1771.00000,3163.67529
1771.50000,3164.76953
1772.00000,3171.74927
1772.50000,3178.91016
1773.00000,3180.01636
1773.50000,3174.21411
1774.00000,3164.55371
1774.50000,3157.62207
1775.00000,3157.27954
1775.50000,3161.43115
1776.00000,3164.56470
1776.50000,3162.36914
1777.00000,3156.39941
1777.50000,3151.24292
1778.00000,3149.64038
1778.50000,3150.87427
1779.00000,3151.01074
1779.50000,3147.73462
1780.00000,3143.30225
1780.50000,3141.89990
1781.00000,3145.91382
1781.50000,3152.03638
1782.00000,3153.84692
1782.50000,3149.11475
1783.00000,3139.31836
1783.50000,3130.64185
1784.00000,3127.01074
1784.50000,3126.03174
1785.00000,3123.18335
1785.50000,3116.63232
1786.00000,3109.90698
1786.50000,3108.13257
1787.00000,3110.92456
1787.50000,3114.32397
1788.00000,3113.97974
1788.50000,3109.74438
1789.00000,3105.89258
1789.50000,3104.54297
1790.00000,3103.66162
1790.50000,3099.92407
1791.00000,3094.38306
1791.50000,3092.14917
1792.00000,3098.42236
1792.50000,3110.20288
1793.00000,3120.38281
1793.50000,3123.43042
1794.00000,3118.02588
1794.50000,3107.60278
1795.00000,3095.33936
1795.50000,3082.71997
1796.00000,3070.99292
1796.50000,3063.30151
1797.00000,3062.02954
1797.50000,3068.41626
1798.00000,3076.95532
1798.50000,3082.24097
1799.00000,3081.77026
1799.50000,3076.93896
1800.00000,3072.43994
1800.50000,3071.27979
1801.00000,3073.39355
1801.50000,3075.51953
1802.00000,3074.49854
1802.50000,3070.83862
1803.00000,3066.13306
1803.50000,3061.99707
1804.00000,3058.12598
1804.50000,3053.56836
1805.00000,3048.86401
1805.50000,3045.98340
1806.00000,3045.90771
1806.50000,3047.04761
1807.00000,3046.82056
1807.50000,3044.50488
1808.00000,3042.61841
1808.50000,3043.66479
1809.00000,3046.90820
1809.50000,3050.17188
1810.00000,3051.88086
