440.00000,5306.55615
440.50000,5311.36328
441.00000,5316.32471
441.50000,5321.43701
442.00000,5327.03906
442.50000,5333.71045
443.00000,5341.14746
443.50000,5348.88135
444.00000,5356.18652
444.50000,5362.23242
445.00000,5366.30029
445.50000,5367.91211
446.00000,5365.97949
446.50000,5360.37891
447.00000,5350.18115
447.50000,5337.33203
448.00000,5324.17285
448.50000,5312.78271
449.00000,5304.77100
449.50000,5300.33398
450.00000,5298.47217
450.50000,5297.68799
451.00000,5296.93066
451.50000,5295.59375
452.00000,5293.46729
452.50000,5290.05713
453.00000,5285.78516
453.50000,5281.34180
454.00000,5277.99512
454.50000,5277.38477
455.00000,5280.74658
455.50000,5286.94678
456.00000,5294.28564
456.50000,5300.82764
457.00000,5305.07568
457.50000,5307.59180
458.00000,5309.83008
458.50000,5312.95459
459.00000,5317.21289
459.50000,5321.87354
460.00000,5325.83838
460.50000,5328.90381
461.00000,5332.01172
461.50000,5336.25439
462.00000,5341.69385
462.50000,5347.06006
463.00000,5349.66699
463.50000,5347.03125
464.00000,5339.26221
464.50000,5327.79053
465.00000,5315.73633
465.50000,5306.57813
466.00000,5301.92139
466.50000,5300.43945
467.00000,5300.42480
467.50000,5299.23291
468.00000,5294.24951
468.50000,5285.98389
469.00000,5275.41943
469.50000,5264.42041
470.00000,5254.82568
470.50000,5248.04541
471.00000,5243.23047
471.50000,5238.47168
472.00000,5231.45850
472.50000,5219.18701
473.00000,5201.18213
473.50000,5178.51611
474.00000,5155.02490
474.50000,5134.37109
475.00000,5119.35645
475.50000,5110.80176
476.00000,5108.07666
476.50000,5107.49023
477.00000,5107.23828
477.50000,5106.49072
478.00000,5105.90430
478.50000,5107.24023
479.00000,5112.13086
479.50000,5120.71240
480.00000,5132.19336
480.50000,5145.25684
481.00000,5157.99854
481.50000,5168.70703
482.00000,5176.99756
482.50000,5181.89453
483.00000,5183.79932
483.50000,5182.34863
484.00000,5178.24658
484.50000,5172.57178
485.00000,5166.28223
485.50000,5160.24512
486.00000,5155.11377
486.50000,5151.06152
487.00000,5148.35400
487.50000,5146.83545
488.00000,5146.85303
488.50000,5148.14453
489.00000,5150.19287
489.50000,5151.74170
490.00000,5151.84277
490.50000,5150.32520
491.00000,5148.30811
491.50000,5147.99707
492.00000,5151.15723
492.50000,5158.18018
493.00000,5166.29785
493.50000,5171.70459
494.00000,5171.00879
494.50000,5161.52783
495.00000,5145.86133
495.50000,5129.00635
496.00000,5115.83984
496.50000,5108.61328
497.00000,5108.76074
497.50000,5111.67822
498.00000,5112.93750
498.50000,5110.29736
499.00000,5103.25049
499.50000,5093.76172
500.00000,5085.10693
500.50000,5079.62842
501.00000,5077.23242
501.50000,5077.30322
502.00000,5077.98926
502.50000,5077.94531
503.00000,5076.87012
503.50000,5075.22217
504.00000,5073.67676
504.50000,5072.66113
505.00000,5072.12207
505.50000,5071.31934
506.00000,5069.13379
506.50000,5065.19043
507.00000,5059.24951
507.50000,5052.71143
508.00000,5047.93994
508.50000,5047.40137
509.00000,5052.62598
509.50000,5063.17627
510.00000,5077.13867
510.50000,5092.00586
511.00000,5105.25537
511.50000,5116.05566
512.00000,5125.88672
512.50000,5136.43311
513.00000,5148.75244
513.50000,5162.98779
514.00000,5177.35205
514.50000,5189.72852
515.00000,5198.86572
515.50000,5204.87354
516.00000,5208.18213
516.50000,5210.17578
517.00000,5211.38379
517.50000,5211.95508
518.00000,5211.45850
518.50000,5209.77100
519.00000,5206.64355
519.50000,5201.69580
520.00000,5194.37598
520.50000,5183.46680
521.00000,5168.68555
521.50000,5149.40283
522.00000,5127.53955
522.50000,5105.82324
523.00000,5086.90771
523.50000,5073.19385
524.00000,5065.27246
524.50000,5063.21924
525.00000,5066.70166
525.50000,5073.99561
526.00000,5084.51025
526.50000,5096.94971
527.00000,5110.81689
527.50000,5125.21191
528.00000,5139.95410
528.50000,5155.18359
529.00000,5171.10938
529.50000,5187.29102
530.00000,5202.30469
530.50000,5213.16309
531.00000,5217.68701
531.50000,5214.02246
532.00000,5204.82227
532.50000,5192.63574
533.00000,5181.82324
533.50000,5176.74121
534.00000,5177.51758
534.50000,5182.02344
535.00000,5187.04639
535.50000,5189.61377
536.00000,5187.60205
536.50000,5182.00342
537.00000,5174.51904
537.50000,5167.06885
538.00000,5160.35205
538.50000,5154.07959
539.00000,5147.61816
539.50000,5140.84473
540.00000,5134.68555
540.50000,5130.54834
541.00000,5129.06201
541.50000,5130.68652
542.00000,5133.76953
542.50000,5136.17090
543.00000,5136.50098
543.50000,5134.10742
544.00000,5129.72559
544.50000,5124.57227
545.00000,5119.89063
545.50000,5116.08301
546.00000,5112.78857
546.50000,5109.33398
547.00000,5105.25439
547.50000,5100.82129
548.00000,5096.96777
548.50000,5094.56494
549.00000,5094.06885
549.50000,5095.13721
550.00000,5096.85400
550.50000,5098.19238
551.00000,5098.56738
551.50000,5098.25439
552.00000,5098.26074
552.50000,5099.65820
553.00000,5102.57910
553.50000,5106.43213
554.00000,5109.23242
554.50000,5108.78564
555.00000,5103.69043
555.50000,5094.42969
556.00000,5082.15479
556.50000,5069.84229
557.00000,5061.22217
557.50000,5057.04834
558.00000,5057.61768
558.50000,5060.69775
559.00000,5063.59131
559.50000,5063.45117
560.00000,5058.58496
560.50000,5049.02539
561.00000,5036.68945
561.50000,5023.01855
562.00000,5009.61914
562.50000,4997.23828
563.00000,4985.46875
563.50000,4973.59570
564.00000,4961.44385
564.50000,4949.69141
565.00000,4939.88379
565.50000,4933.74072
566.00000,4933.38477
566.50000,4937.03516
567.00000,4942.84424
567.50000,4947.37939
568.00000,4947.30859
568.50000,4941.61035
569.00000,4931.65576
569.50000,4921.73389
570.00000,4915.86523
570.50000,4917.07031
571.00000,4924.47119
571.50000,4936.44678
572.00000,4948.43945
572.50000,4957.79932
573.00000,4965.18848
573.50000,4972.88672
574.00000,4983.62158
574.50000,4998.86719
575.00000,5017.33887
575.50000,5034.47168
576.00000,5045.73633
576.50000,5050.20850
577.00000,5047.49756
577.50000,5042.04346
578.00000,5038.78564
578.50000,5040.58496
579.00000,5048.01758
579.50000,5059.50244
580.00000,5072.52979
580.50000,5085.20117
581.00000,5096.78760
581.50000,5107.63428
582.00000,5118.38525
582.50000,5129.00195
583.00000,5139.08154
583.50000,5148.17383
584.00000,5156.76563
584.50000,5166.74951
585.00000,5180.59912
585.50000,5199.58154
586.00000,5224.68359
586.50000,5253.41113
587.00000,5282.68262
587.50000,5308.55664
588.00000,5328.29590
588.50000,5342.24609
589.00000,5351.61963
589.50000,5358.47559
590.00000,5364.49121
590.50000,5369.55469
591.00000,5372.52051
591.50000,5371.05713
592.00000,5365.14404
592.50000,5354.42188
593.00000,5340.98291
593.50000,5326.81641
594.00000,5313.39990
594.50000,5300.79834
595.00000,5288.26025
595.50000,5274.91650
596.00000,5260.27344
596.50000,5245.19971
597.00000,5231.71533
597.50000,5221.24170
598.00000,5215.29443
598.50000,5213.43408
599.00000,5214.55762
599.50000,5216.60791
600.00000,5217.27783
600.50000,5215.08496
601.00000,5210.25928
601.50000,5202.92432
602.00000,5194.39502
602.50000,5185.29883
603.00000,5176.23926
603.50000,5167.91553
604.00000,5161.48779
604.50000,5158.76465
605.00000,5161.93994
605.50000,5171.48975
606.00000,5187.83057
606.50000,5206.88135
607.00000,5224.40576
607.50000,5237.67432
608.00000,5244.88916
608.50000,5247.46729
609.00000,5247.74072
609.50000,5248.16943
610.00000,5249.34766
610.50000,5249.98096
611.00000,5248.38818
611.50000,5242.51123
612.00000,5233.08105
612.50000,5221.03223
613.00000,5209.02148
613.50000,5198.97461
614.00000,5191.80664
614.50000,5187.89063
615.00000,5187.60352
615.50000,5190.72070
616.00000,5197.98291
616.50000,5207.86572
617.00000,5219.72461
617.50000,5232.32324
618.00000,5245.59277
618.50000,5260.45361
619.00000,5279.43115
619.50000,5304.88037
620.00000,5336.68604
620.50000,5373.68945
621.00000,5411.98145
621.50000,5447.23877
622.00000,5477.07764
622.50000,5499.13135
623.00000,5516.33545
623.50000,5530.88623
624.00000,5544.57910
624.50000,5557.63428
625.00000,5568.63037
625.50000,5575.70508
626.00000,5576.45898
626.50000,5572.39941
627.00000,5564.04639
627.50000,5553.54639
628.00000,5541.70996
628.50000,5528.95313
629.00000,5515.15918
629.50000,5500.70313
630.00000,5486.47998
630.50000,5473.34717
631.00000,5461.23193
631.50000,5449.37939
632.00000,5436.58105
632.50000,5422.32080
633.00000,5408.63867
633.50000,5398.99854
634.00000,5396.19238
634.50000,5400.95068
635.00000,5411.67383
635.50000,5423.56885
636.00000,5431.42334
636.50000,5434.42480
637.00000,5433.46191
637.50000,5432.06738
638.00000,5432.58984
638.50000,5434.69043
639.00000,5434.95117
639.50000,5428.56982
640.00000,5413.93506
640.50000,5391.15625
641.00000,5364.53369
641.50000,5337.75928
642.00000,5313.48926
642.50000,5292.97070
643.00000,5274.89893
643.50000,5258.88086
644.00000,5245.41113
644.50000,5235.40771
645.00000,5229.44043
645.50000,5225.92480
646.00000,5222.07520
646.50000,5215.41748
647.00000,5205.19141
647.50000,5194.01025
648.00000,5185.75098
648.50000,5183.71191
649.00000,5189.90918
649.50000,5203.94580
650.00000,5221.89502
650.50000,5240.54688
651.00000,5257.46533
651.50000,5270.71338
652.00000,5280.65967
652.50000,5287.11670
653.00000,5291.21436
653.50000,5294.11865
654.00000,5296.87354
654.50000,5299.95752
655.00000,5303.09326
655.50000,5305.42578
656.00000,5305.66602
656.50000,5303.81592
657.00000,5300.66895
657.50000,5297.75586
658.00000,5295.80078
658.50000,5294.03174
659.00000,5290.29346
659.50000,5281.83398
660.00000,5267.11475
660.50000,5246.46973
661.00000,5223.15479
661.50000,5199.75586
662.00000,5178.12939
662.50000,5159.21143
663.00000,5142.44629
663.50000,5127.87158
664.00000,5115.98682
664.50000,5107.83057
665.00000,5104.58936
665.50000,5105.66406
666.00000,5110.87891
666.50000,5118.44189
667.00000,5128.23389
667.50000,5140.01221
668.00000,5154.26172
668.50000,5170.59180
669.00000,5188.13672
669.50000,5205.91504
670.00000,5223.52002
670.50000,5241.70703
671.00000,5261.56250
671.50000,5283.72559
672.00000,5306.66699
672.50000,5328.24072
673.00000,5347.04639
673.50000,5363.38770
674.00000,5380.56934
674.50000,5403.94336
675.00000,5438.10010
675.50000,5482.50586
676.00000,5536.16699
676.50000,5592.95703
677.00000,5647.50098
677.50000,5695.75977
678.00000,5733.12207
678.50000,5758.78467
679.00000,5771.29590
679.50000,5769.41992
680.00000,5754.93115
680.50000,5728.99561
681.00000,5697.61377
681.50000,5666.14746
682.00000,5639.20410
682.50000,5619.37793
683.00000,5605.66406
683.50000,5597.03418
684.00000,5592.36719
684.50000,5591.48682
685.00000,5595.97705
685.50000,5606.62842
686.00000,5625.06543
686.50000,5649.73047
687.00000,5681.34619
687.50000,5718.68408
688.00000,5762.57422
688.50000,5813.11035
689.00000,5870.91113
689.50000,5934.97461
690.00000,6002.73242
690.50000,6071.58887
691.00000,6138.45654
691.50000,6199.54297
692.00000,6253.76855
692.50000,6298.51709
693.00000,6334.22559
693.50000,6361.38037
694.00000,6380.44531
694.50000,6391.66064
695.00000,6393.49316
695.50000,6386.06738
696.00000,6366.22510
696.50000,6335.25586
697.00000,6292.13330
697.50000,6240.03174
698.00000,6179.54639
698.50000,6112.23291
699.00000,6038.83105
699.50000,5959.74902
700.00000,5876.54980
700.50000,5791.24316
701.00000,5707.65283
701.50000,5630.69873
702.00000,5562.43506
702.50000,5506.13721
703.00000,5460.43506
703.50000,5423.45215
704.00000,5391.65771
704.50000,5361.40479
705.00000,5331.25000
705.50000,5301.80029
706.00000,5275.53174
706.50000,5253.81787
707.00000,5238.42920
707.50000,5227.53467
708.00000,5218.51611
708.50000,5207.78857
709.00000,5193.31689
709.50000,5174.91748
710.00000,5154.56738
710.50000,5134.80615
711.00000,5117.70557
711.50000,5105.22314
712.00000,5096.42480
712.50000,5090.11670
713.00000,5084.52979
713.50000,5078.72412
714.00000,5072.62842
714.50000,5066.94434
715.00000,5062.85400
715.50000,5060.99609
716.00000,5062.28076
716.50000,5065.50732
717.00000,5070.18457
717.50000,5075.58936
718.00000,5081.76953
718.50000,5089.07275
719.00000,5097.85498
719.50000,5107.92725
720.00000,5117.88672
720.50000,5125.46289
721.00000,5129.42773
721.50000,5128.07373
722.00000,5122.54785
722.50000,5113.42236
723.00000,5102.30859
723.50000,5090.27246
724.00000,5078.20020
724.50000,5067.02832
725.00000,5058.08008
725.50000,5052.02930
726.00000,5049.72070
726.50000,5049.39893
727.00000,5048.66357
727.50000,5044.75488
728.00000,5035.49170
728.50000,5022.55273
729.00000,5009.73340
729.50000,5001.72852
730.00000,5001.41553
730.50000,5011.15283
731.00000,5027.89551
731.50000,5049.40430
732.00000,5071.43945
732.50000,5091.49951
733.00000,5108.91699
733.50000,5123.43848
734.00000,5134.83740
734.50000,5142.62598
735.00000,5145.24707
735.50000,5142.46484
736.00000,5132.47314
736.50000,5117.65479
737.00000,5099.89648
737.50000,5082.58984
738.00000,5069.05371
738.50000,5061.17383
739.00000,5059.02539
739.50000,5060.86084
740.00000,5062.93799
740.50000,5061.37109
741.00000,5055.49512
741.50000,5045.49023
742.00000,5034.13623
742.50000,5023.46729
743.00000,5014.23682
743.50000,5005.79199
744.00000,4996.74756
744.50000,4986.37695
745.00000,4975.43457
745.50000,4965.42139
746.00000,4957.75684
746.50000,4951.96240
747.00000,4947.30029
747.50000,4942.73633
748.00000,4938.39063
748.50000,4935.62158
749.00000,4935.90479
749.50000,4939.25000
750.00000,4943.42676
750.50000,4945.08057
751.00000,4942.14746
751.50000,4932.85596
752.00000,4919.65723
752.50000,4905.39160
753.00000,4893.35596
753.50000,4885.13867
754.00000,4880.32422
754.50000,4877.20117
755.00000,4874.14014
755.50000,4870.09229
756.00000,4864.71729
756.50000,4859.04102
757.00000,4854.82178
757.50000,4853.79785
758.00000,4857.48535
758.50000,4865.97852
759.00000,4878.33740
759.50000,4893.26025
760.00000,4909.22510
760.50000,4926.01465
761.00000,4944.11182
761.50000,4965.15723
762.00000,4988.76855
762.50000,5013.15039
763.00000,5034.97559
763.50000,5050.54639
764.00000,5057.54688
764.50000,5056.66602
765.00000,5049.62012
765.50000,5040.69775
766.00000,5033.60449
766.50000,5029.80029
767.00000,5029.90479
767.50000,5032.66602
768.00000,5037.24023
768.50000,5042.89697
769.00000,5049.33398
769.50000,5056.51758
770.00000,5064.20313
770.50000,5072.03027
771.00000,5079.54297
771.50000,5086.48242
772.00000,5093.12012
772.50000,5099.93164
773.00000,5107.38525
773.50000,5115.74121
774.00000,5124.94873
774.50000,5134.84619
775.00000,5146.04785
775.50000,5159.57861
776.00000,5178.30859
776.50000,5202.85498
777.00000,5234.47998
777.50000,5270.56787
778.00000,5307.24316
778.50000,5339.51709
779.00000,5363.07861
779.50000,5374.56348
780.00000,5376.24365
780.50000,5369.63916
781.00000,5359.14355
781.50000,5346.67871
782.00000,5333.79932
782.50000,5320.80127
783.00000,5307.67334
783.50000,5294.59131
784.00000,5282.20557
784.50000,5271.28809
785.00000,5262.57959
785.50000,5255.73340
786.00000,5250.43555
786.50000,5245.37451
787.00000,5239.20410
787.50000,5230.88477
788.00000,5219.27832
788.50000,5203.74414
789.00000,5184.01904
789.50000,5160.03271
790.00000,5132.87744
790.50000,5103.47070
791.00000,5074.03174
791.50000,5047.06006
792.00000,5023.89893
792.50000,5005.59619
793.00000,4990.93408
793.50000,4977.83105
794.00000,4964.16162
794.50000,4949.31494
795.00000,4934.15625
795.50000,4920.36523
796.00000,4910.02441
796.50000,4902.91895
797.00000,4898.71387
797.50000,4895.77100
798.00000,4893.07275
798.50000,4890.41602
799.00000,4888.19238
799.50000,4886.71973
800.00000,4885.76660
800.50000,4885.03271
801.00000,4884.38525
801.50000,4884.26416
802.00000,4885.04541
802.50000,4886.67822
803.00000,4887.88330
803.50000,4886.65918
804.00000,4881.70313
804.50000,4873.65137
805.00000,4864.14990
805.50000,4855.54883
806.00000,4849.51807
806.50000,4845.16357
807.00000,4840.66553
807.50000,4834.10010
808.00000,4824.70410
808.50000,4814.22510
809.00000,4805.26758
809.50000,4799.89453
810.00000,4797.76709
810.50000,4797.49756
811.00000,4796.35254
811.50000,4791.88818
812.00000,4784.00293
812.50000,4773.50342
813.00000,4762.71777
813.50000,4753.87256
814.00000,4748.14111
814.50000,4745.14258
815.00000,4744.01953
815.50000,4743.12061
816.00000,4741.35205
816.50000,4738.95020
817.00000,4737.46875
817.50000,4739.16797
818.00000,4746.88037
818.50000,4760.95605
819.00000,4779.15918
819.50000,4797.87939
820.00000,4813.33350
820.50000,4822.26563
821.00000,4826.03516
821.50000,4826.58252
822.00000,4827.65332
822.50000,4831.82178
823.00000,4839.16650
823.50000,4847.81982
824.00000,4855.73145
824.50000,4862.29297
825.00000,4868.17627
825.50000,4874.60889
826.00000,4882.00537
826.50000,4889.05908
827.00000,4893.45264
827.50000,4894.04932
828.00000,4891.21826
828.50000,4887.54443
829.00000,4885.70850
829.50000,4886.36328
830.00000,4887.32129
830.50000,4884.81982
831.00000,4877.10791
831.50000,4863.31299
832.00000,4846.78809
832.50000,4831.23682
833.00000,4819.32617
833.50000,4811.58887
834.00000,4806.46387
834.50000,4802.03516
835.00000,4798.01025
835.50000,4795.09668
836.00000,4794.77344
836.50000,4796.79980
837.00000,4800.49463
837.50000,4804.37598
838.00000,4807.80469
838.50000,4811.54004
839.00000,4817.42432
839.50000,4827.08398
840.00000,4839.82568
840.50000,4854.09375
841.00000,4867.13281
841.50000,4876.36719
842.00000,4881.65723
842.50000,4883.81006
843.00000,4885.28223
843.50000,4888.62744
844.00000,4895.52686
844.50000,4905.38086
845.00000,4915.83984
845.50000,4923.73779
846.00000,4925.33301
846.50000,4920.63232
847.00000,4909.84766
847.50000,4896.06885
848.00000,4882.25830
848.50000,4870.53516
849.00000,4861.34668
849.50000,4854.05371
850.00000,4847.11377
850.50000,4839.56006
851.00000,4831.51416
851.50000,4823.82666
852.00000,4817.69434
852.50000,4814.73877
853.00000,4815.83936
853.50000,4821.13086
854.00000,4829.62549
854.50000,4838.73389
855.00000,4845.38232
855.50000,4848.01855
856.00000,4846.69629
856.50000,4845.22705
857.00000,4848.15430
857.50000,4857.89844
858.00000,4874.36377
858.50000,4893.78320
859.00000,4910.63477
859.50000,4919.94971
860.00000,4921.61621
860.50000,4917.25684
861.00000,4912.77637
861.50000,4913.23096
862.00000,4918.91553
862.50000,4927.25293
863.00000,4933.29443
863.50000,4932.54639
864.00000,4922.51904
864.50000,4904.85986
865.00000,4881.43604
865.50000,4856.03174
866.00000,4830.44385
866.50000,4805.40479
867.00000,4781.21143
867.50000,4758.43115
868.00000,4738.44971
868.50000,4722.52881
869.00000,4710.70020
869.50000,4702.26123
870.00000,4695.09863
870.50000,4687.93359
871.00000,4680.59521
871.50000,4674.15186
872.00000,4669.51855
872.50000,4666.70361
873.00000,4663.77637
873.50000,4657.97461
874.00000,4647.74170
874.50000,4634.76465
875.00000,4623.00830
875.50000,4616.70996
876.00000,4620.50684
876.50000,4632.44629
877.00000,4649.31592
877.50000,4665.15820
878.00000,4675.28955
878.50000,4678.69238
879.00000,4678.80078
879.50000,4681.18945
880.00000,4689.22607
880.50000,4703.96143
881.00000,4720.58496
881.50000,4733.53516
882.00000,4739.43066
882.50000,4737.14209
883.00000,4729.63428
883.50000,4721.04883
884.00000,4714.42188
884.50000,4710.16846
885.00000,4707.08496
885.50000,4703.23584
886.00000,4697.78174
886.50000,4691.60010
887.00000,4685.59082
887.50000,4680.05664
888.00000,4674.57715
888.50000,4668.60205
889.00000,4662.17920
889.50000,4656.05469
890.00000,4651.05469
890.50000,4648.03125
891.00000,4646.61816
891.50000,4647.15332
892.00000,4650.11133
892.50000,4657.00049
893.00000,4668.64404
893.50000,4684.63721
894.00000,4703.34277
894.50000,4722.00098
895.00000,4738.19873
895.50000,4751.50342
896.00000,4761.86182
896.50000,4770.78418
897.00000,4778.97021
897.50000,4786.53467
898.00000,4792.65674
898.50000,4795.92090
899.00000,4795.33447
899.50000,4789.69727
900.00000,4780.01270
900.50000,4767.27930
901.00000,4754.63721
901.50000,4745.30176
902.00000,4740.74121
902.50000,4741.24658
903.00000,4744.79590
903.50000,4748.75098
904.00000,4751.37793
904.50000,4752.89453
905.00000,4755.01807
905.50000,4759.32813
906.00000,4766.61865
906.50000,4775.26074
907.00000,4783.23242
907.50000,4788.95898
908.00000,4791.93018
908.50000,4792.88916
909.00000,4793.30957
909.50000,4794.32080
910.00000,4796.10107
910.50000,4797.97070
911.00000,4798.72119
911.50000,4797.05127
912.00000,4793.32373
912.50000,4789.39453
913.00000,4788.19531
913.50000,4792.32080
914.00000,4803.07959
914.50000,4818.26318
915.00000,4834.65381
915.50000,4848.39209
916.00000,4856.17480
916.50000,4858.63818
917.00000,4856.86523
917.50000,4853.35254
918.00000,4849.96924
918.50000,4847.99268
919.00000,4848.52002
919.50000,4853.34766
920.00000,4862.84521
920.50000,4877.86670
921.00000,4895.47852
921.50000,4912.47510
922.00000,4925.85010
922.50000,4933.79688
923.00000,4937.04590
923.50000,4937.61133
924.00000,4937.01855
924.50000,4935.78564
925.00000,4932.95654
925.50000,4928.23242
926.00000,4922.24072
926.50000,4917.64844
927.00000,4917.65137
927.50000,4923.15576
928.00000,4932.82373
928.50000,4943.18994
929.00000,4950.44629
929.50000,4951.72510
930.00000,4948.07959
930.50000,4940.97314
931.00000,4933.54932
931.50000,4927.27295
932.00000,4921.76172
932.50000,4915.68018
933.00000,4908.08154
933.50000,4899.41309
934.00000,4891.24414
934.50000,4884.64063
935.00000,4879.29346
935.50000,4873.11816
936.00000,4863.61670
936.50000,4850.81592
937.00000,4836.39551
937.50000,4823.61719
938.00000,4815.01709
938.50000,4810.69336
939.00000,4807.76758
939.50000,4802.38086
940.00000,4792.51270
940.50000,4777.23389
941.00000,4759.67920
941.50000,4742.78320
942.00000,4728.55273
942.50000,4717.80420
943.00000,4710.36426
943.50000,4705.97510
944.00000,4704.85791
944.50000,4706.31494
945.00000,4709.73047
945.50000,4713.49854
946.00000,4716.70117
946.50000,4719.59375
947.00000,4723.46973
947.50000,4729.58496
948.00000,4738.24512
948.50000,4748.18994
949.00000,4757.00244
949.50000,4761.95752
950.00000,4762.67139
950.50000,4759.03076
951.00000,4753.43994
951.50000,4747.69482
952.00000,4743.26563
952.50000,4740.82373
953.00000,4739.87305
953.50000,4739.04150
954.00000,4736.64111
954.50000,4731.86621
955.00000,4724.55127
955.50000,4716.58252
956.00000,4710.10693
956.50000,4706.07910
957.00000,4704.07471
957.50000,4701.84619
958.00000,4697.00781
958.50000,4689.05518
959.00000,4680.19385
959.50000,4673.96924
960.00000,4672.41260
960.50000,4676.74268
961.00000,4683.72900
961.50000,4689.94385
962.00000,4692.65430
962.50000,4690.74072
963.00000,4685.41016
963.50000,4679.18506
964.00000,4674.74609
964.50000,4673.86865
965.00000,4678.79834
965.50000,4688.93799
966.00000,4704.48389
966.50000,4722.77930
967.00000,4740.90430
967.50000,4756.18799
968.00000,4767.43408
968.50000,4775.32275
969.00000,4782.27197
969.50000,4790.70996
970.00000,4801.60010
970.50000,4815.07080
971.00000,4829.19922
971.50000,4841.86768
972.00000,4851.42529
972.50000,4856.44922
973.00000,4856.54932
973.50000,4852.41064
974.00000,4844.97266
974.50000,4836.13281
975.00000,4826.80811
975.50000,4817.00146
976.00000,4804.95459
976.50000,4789.37012
977.00000,4769.35840
977.50000,4746.47705
978.00000,4723.64697
978.50000,4704.03613
979.00000,4689.15088
979.50000,4679.60645
980.00000,4673.06250
980.50000,4667.51416
981.00000,4660.68311
981.50000,4650.62598
982.00000,4636.87061
982.50000,4619.67236
983.00000,4600.86768
983.50000,4583.42090
984.00000,4570.57275
984.50000,4563.03711
985.00000,4560.43701
985.50000,4558.64941
986.00000,4553.76074
986.50000,4544.71094
987.00000,4532.69434
987.50000,4521.08984
988.00000,4512.81934
988.50000,4508.80420
989.00000,4507.21826
989.50000,4505.84131
990.00000,4503.33350
990.50000,4500.09277
991.00000,4497.89795
991.50000,4498.45508
992.00000,4501.50781
992.50000,4505.54199
993.00000,4508.56738
993.50000,4509.68652
994.00000,4509.60498
994.50000,4510.50293
995.00000,4515.25879
995.50000,4524.37012
996.00000,4538.10791
996.50000,4553.97510
997.00000,4569.64990
997.50000,4583.18799
998.00000,4593.56494
998.50000,4600.66943
999.00000,4605.65625
999.50000,4609.60400
1000.00000,4613.70850
1000.50000,4618.39844
1001.00000,4623.04443
1001.50000,4626.25830
1002.00000,4626.94531
1002.50000,4624.58838
1003.00000,4619.98096
1003.50000,4614.83447
1004.00000,4610.67725
1004.50000,4607.88086
1005.00000,4606.12354
1005.50000,4604.50977
1006.00000,4603.16895
1006.50000,4603.11816
1007.00000,4605.71484
1007.50000,4610.53174
1008.00000,4615.20020
1008.50000,4616.38135
1009.00000,4612.55371
1009.50000,4604.10645
1010.00000,4595.17676
1010.50000,4590.33301
1011.00000,4590.78369
1011.50000,4595.57031
1012.00000,4600.61816
1012.50000,4602.28076
1013.00000,4599.49365
1013.50000,4594.35791
1014.00000,4590.09375
1014.50000,4588.69092
1015.00000,4590.41895
1015.50000,4592.46094
1016.00000,4591.77344
1016.50000,4587.33008
1017.00000,4579.96289
1017.50000,4572.87207
1018.00000,4569.87500
1018.50000,4574.08789
1019.00000,4585.01270
1019.50000,4600.65723
1020.00000,4616.04980
1020.50000,4625.95850
1021.00000,4628.61621
1021.50000,4623.33398
1022.00000,4613.58789
1022.50000,4603.69775
1023.00000,4597.69336
1023.50000,4597.61230
1024.00000,4604.25635
1024.50000,4615.11035
1025.00000,4627.80713
1025.50000,4639.08252
1026.00000,4646.12891
1026.50000,4648.67285
1027.00000,4647.60303
1027.50000,4645.65039
1028.00000,4645.68359
1028.50000,4649.52734
1029.00000,4656.54785
1029.50000,4665.19287
1030.00000,4673.00732
1030.50000,4677.83643
1031.00000,4679.42871
1031.50000,4677.61816
1032.00000,4673.77979
1032.50000,4669.87500
1033.00000,4668.37988
1033.50000,4671.18066
1034.00000,4679.34570
1034.50000,4690.65137
1035.00000,4702.10840
1035.50000,4710.80420
1036.00000,4715.06445
1036.50000,4716.63770
1037.00000,4718.37695
1037.50000,4723.14941
1038.00000,4732.53271
1038.50000,4746.90527
1039.00000,4764.67676
1039.50000,4784.22021
1040.00000,4802.74170
1040.50000,4816.49756
1041.00000,4823.70361
1041.50000,4822.60840
1042.00000,4815.26025
1042.50000,4804.79980
1043.00000,4794.43164
1043.50000,4785.81592
1044.00000,4779.13867
1044.50000,4773.59424
1045.00000,4769.61914
1045.50000,4767.65869
1046.00000,4768.27344
1046.50000,4769.75391
1047.00000,4769.44287
1047.50000,4765.71289
1048.00000,4759.50000
1048.50000,4753.87695
1049.00000,4751.75488
1049.50000,4754.65576
1050.00000,4760.09961
1050.50000,4765.76416
1051.00000,4770.75781
1051.50000,4776.79004
1052.00000,4786.21045
1052.50000,4799.66406
1053.00000,4814.39697
1053.50000,4825.52051
1054.00000,4828.28906
1054.50000,4823.56934
1055.00000,4814.10498
1055.50000,4806.18262
1056.00000,4804.81006
1056.50000,4810.36133
1057.00000,4821.02930
1057.50000,4833.20752
1058.00000,4844.35059
1058.50000,4854.21094
1059.00000,4864.60254
1059.50000,4878.06738
1060.00000,4894.84619
1060.50000,4913.85547
1061.00000,4931.79346
1061.50000,4945.45605
1062.00000,4954.31738
1062.50000,4960.30518
1063.00000,4967.07910
1063.50000,4977.56982
1064.00000,4992.91211
1064.50000,5010.79443
1065.00000,5028.70410
1065.50000,5044.85059
1066.00000,5058.59229
1066.50000,5070.70068
1067.00000,5081.44824
1067.50000,5090.65479
1068.00000,5098.14795
1068.50000,5104.49463
1069.00000,5111.48389
1069.50000,5121.61719
1070.00000,5135.52783
1070.50000,5153.48535
1071.00000,5173.22900
1071.50000,5192.65918
1072.00000,5210.19971
1072.50000,5225.21045
1073.00000,5238.03223
1073.50000,5249.94971
1074.00000,5262.53906
1074.50000,5277.02979
1075.00000,5294.58105
1075.50000,5314.06055
1076.00000,5333.80176
1076.50000,5351.60303
1077.00000,5365.51025
1077.50000,5374.79736
1078.00000,5379.61279
1078.50000,5379.89209
1079.00000,5376.51074
1079.50000,5369.43359
1080.00000,5360.20557
1080.50000,5349.39111
1081.00000,5337.24707
1081.50000,5322.15820
1082.00000,5302.38281
1082.50000,5277.03760
1083.00000,5247.72705
1083.50000,5218.66064
1084.00000,5194.50439
1084.50000,5176.16064
1085.00000,5162.83447
1085.50000,5150.01855
1086.00000,5134.51074
1086.50000,5116.22217
1087.00000,5097.48584
1087.50000,5081.48926
1088.00000,5069.86230
1088.50000,5062.26611
1089.00000,5056.11475
1089.50000,5049.33008
1090.00000,5041.39453
1090.50000,5033.31543
1091.00000,5026.98047
1091.50000,5024.49561
1092.00000,5026.61963
1092.50000,5033.48584
1093.00000,5044.80176
1093.50000,5059.59717
1094.00000,5077.65479
1094.50000,5097.68799
1095.00000,5118.71094
1095.50000,5139.12891
1096.00000,5157.69482
1096.50000,5174.77441
1097.00000,5192.29443
1097.50000,5213.20313
1098.00000,5239.71631
1098.50000,5272.62695
1099.00000,5309.31934
1099.50000,5347.36914
1100.00000,5385.01758
1100.50000,5423.07617
1101.00000,5463.47461
1101.50000,5507.70459
1102.00000,5554.26855
1102.50000,5599.61963
1103.00000,5640.20703
1103.50000,5675.53223
1104.00000,5707.33887
1104.50000,5739.61475
1105.00000,5775.28613
1105.50000,5813.54932
1106.00000,5851.96094
1106.50000,5887.48242
1107.00000,5917.70850
1107.50000,5941.49951
1108.00000,5958.05908
1108.50000,5964.97070
1109.00000,5962.08154
1109.50000,5947.77832
1110.00000,5927.04443
1110.50000,5904.65527
1111.00000,5885.76367
1111.50000,5872.71240
1112.00000,5862.76465
1112.50000,5850.17480
1113.00000,5829.07129
1113.50000,5798.00977
1114.00000,5758.25439
1114.50000,5716.38477
1115.00000,5678.49512
1115.50000,5646.96289
1116.00000,5622.79639
1116.50000,5604.12305
1117.00000,5590.86426
1117.50000,5584.37109
1118.00000,5586.11475
1118.50000,5596.99268
1119.00000,5613.36865
1119.50000,5631.49072
1120.00000,5647.90625
1120.50000,5661.97656
1121.00000,5675.98926
1121.50000,5692.15039
1122.00000,5710.12402
1122.50000,5726.88281
1123.00000,5738.49463
1123.50000,5743.60889
1124.00000,5742.57568
1124.50000,5739.15430
1125.00000,5735.49707
1125.50000,5731.90527
1126.00000,5726.75293
1126.50000,5718.81201
1127.00000,5708.20361
1127.50000,5696.83643
1128.00000,5687.06885
1128.50000,5680.64209
1129.00000,5677.35840
1129.50000,5677.39893
1130.00000,5679.85254
1130.50000,5685.19727
1131.00000,5692.99902
1131.50000,5702.88477
1132.00000,5713.73096
1132.50000,5724.41553
1133.00000,5734.14746
1133.50000,5742.68359
1134.00000,5749.74072
1134.50000,5755.66504
1135.00000,5760.94043
1135.50000,5767.03711
1136.00000,5776.40381
1136.50000,5790.68994
1137.00000,5810.64160
1137.50000,5834.54834
1138.00000,5858.60742
1138.50000,5878.45996
1139.00000,5892.21191
1139.50000,5898.69922
1140.00000,5901.48877
1140.50000,5903.24023
1141.00000,5905.87256
1141.50000,5909.12207
1142.00000,5911.21045
1142.50000,5910.46045
1143.00000,5906.43799
1143.50000,5900.60059
1144.00000,5894.48242
1144.50000,5889.00293
1145.00000,5884.05322
1145.50000,5878.95117
1146.00000,5873.56445
1146.50000,5868.57910
1147.00000,5865.02539
1147.50000,5863.48145
1148.00000,5863.80322
1148.50000,5866.07178
1149.00000,5870.30420
1149.50000,5877.60889
1150.00000,5887.39551
1150.50000,5898.61475
1151.00000,5909.09033
1151.50000,5917.56152
1152.00000,5925.25195
1152.50000,5935.37842
1153.00000,5951.08936
1153.50000,5971.73291
1154.00000,5993.45068
1154.50000,6010.48438
1155.00000,6017.56445
1155.50000,6017.41113
1156.00000,6015.57471
1156.50000,6019.06006
1157.00000,6031.67920
1157.50000,6051.50684
1158.00000,6072.37451
1158.50000,6088.18457
1159.00000,6097.18896
1159.50000,6099.00586
1160.00000,6097.00488
1160.50000,6091.48584
1161.00000,6082.45654
1161.50000,6069.56299
1162.00000,6054.98926
1162.50000,6042.77539
1163.00000,6036.63623
1163.50000,6036.16895
1164.00000,6038.24609
1164.50000,6037.76367
1165.00000,6031.02100
1165.50000,6020.08301
1166.00000,6009.05176
1166.50000,6002.33691
1167.00000,6002.31152
1167.50000,6008.54248
1168.00000,6018.90381
1168.50000,6032.42480
1169.00000,6048.11084
1169.50000,6065.65479
1170.00000,6083.00586
1170.50000,6096.95557
1171.00000,6105.42285
1171.50000,6107.33057
1172.00000,6104.64893
1172.50000,6100.68359
1173.00000,6098.14697
1173.50000,6097.49561
1174.00000,6097.14600
1174.50000,6094.69629
1175.00000,6088.38525
1175.50000,6080.14502
1176.00000,6073.70313
1176.50000,6072.55420
1177.00000,6077.91504
1177.50000,6087.09375
1178.00000,6094.67969
1178.50000,6095.33643
1179.00000,6088.59717
1179.50000,6075.60547
1180.00000,6061.72021
1180.50000,6050.75342
1181.00000,6043.66748
1181.50000,6039.83691
1182.00000,6037.58350
1182.50000,6035.71826
1183.00000,6033.76318
1183.50000,6031.53857
1184.00000,6028.99414
1184.50000,6026.67090
1185.00000,6026.13037
1185.50000,6028.56689
1186.00000,6034.99951
1186.50000,6044.24854
1187.00000,6054.34326
1187.50000,6063.57080
1188.00000,6071.58203
1188.50000,6078.95605
1189.00000,6086.40283
1189.50000,6093.65479
1190.00000,6099.88379
1190.50000,6104.06104
1191.00000,6106.31836
1191.50000,6106.99805
1192.00000,6106.65918
1192.50000,6105.85840
1193.00000,6105.57471
1193.50000,6107.25098
1194.00000,6112.94873
1194.50000,6122.10938
1195.00000,6132.93799
1195.50000,6141.74414
1196.00000,6145.27832
1196.50000,6143.82324
1197.00000,6140.42627
1197.50000,6139.46973
1198.00000,6143.60254
1198.50000,6153.05566
1199.00000,6164.14160
1199.50000,6172.77930
1200.00000,6177.42578
1200.50000,6178.50293
1201.00000,6179.42383
1201.50000,6183.45996
1202.00000,6191.45605
1202.50000,6201.18359
1203.00000,6208.82910
1203.50000,6212.17871
1204.00000,6211.63232
1204.50000,6211.97754
1205.00000,6219.27246
1205.50000,6234.91553
1206.00000,6257.40479
1206.50000,6280.76270
1207.00000,6299.34717
1207.50000,6310.81494
1208.00000,6317.50293
1208.50000,6323.00342
1209.00000,6330.20703
1209.50000,6339.74902
1210.00000,6349.72803
1210.50000,6358.72998
1211.00000,6367.00635
1211.50000,6376.17236
1212.00000,6387.84717
1212.50000,6402.29932
1213.00000,6418.38428
1213.50000,6433.82471
1214.00000,6446.22021
1214.50000,6455.12891
1215.00000,6460.03027
1215.50000,6462.25293
1216.00000,6462.16846
1216.50000,6459.86328
1217.00000,6454.60205
1217.50000,6445.68262
1218.00000,6433.75342
1218.50000,6420.25781
1219.00000,6407.49512
1219.50000,6397.44531
1220.00000,6389.95752
1220.50000,6384.83008
1221.00000,6381.23047
1221.50000,6379.03271
1222.00000,6377.99414
1222.50000,6377.17822
1223.00000,6375.05615
1223.50000,6371.01416
1224.00000,6366.24268
1224.50000,6364.18359
1225.00000,6369.90527
1225.50000,6384.17725
1226.00000,6405.87207
1226.50000,6429.74268
1227.00000,6450.33984
1227.50000,6464.35693
1228.00000,6472.61133
1228.50000,6477.69141
1229.00000,6483.82275
1229.50000,6494.98975
1230.00000,6511.72314
1230.50000,6534.05420
1231.00000,6558.83154
1231.50000,6582.48047
1232.00000,6602.41064
1232.50000,6618.83887
1233.00000,6634.59473
1233.50000,6653.30469
1234.00000,6676.98828
1234.50000,6701.99609
1235.00000,6721.57666
1235.50000,6731.33203
1236.00000,6730.03955
1236.50000,6723.79980
1237.00000,6720.78955
1237.50000,6726.29395
1238.00000,6738.16162
1238.50000,6749.32275
1239.00000,6752.48438
1239.50000,6742.07617
1240.00000,6722.61719
1240.50000,6698.67432
1241.00000,6675.34863
1241.50000,6654.62207
1242.00000,6636.17188
1242.50000,6619.54932
1243.00000,6605.90430
1243.50000,6596.35645
1244.00000,6592.64551
1244.50000,6593.12598
1245.00000,6597.12939
1245.50000,6603.51709
1246.00000,6613.01270
1246.50000,6626.00293
1247.00000,6641.67285
1247.50000,6657.51807
1248.00000,6670.70605
1248.50000,6679.76074
1249.00000,6687.43115
1249.50000,6699.55859
1250.00000,6720.89307
1250.50000,6756.18555
1251.00000,6802.69141
1251.50000,6854.53516
1252.00000,6903.49219
1252.50000,6943.53809
1253.00000,6972.67627
1253.50000,6996.20850
1254.00000,7020.62646
1254.50000,7050.18604
1255.00000,7084.97314
1255.50000,7119.07568
1256.00000,7145.81641
1256.50000,7162.73730
1257.00000,7171.98291
1257.50000,7178.33545
1258.00000,7185.98486
1258.50000,7195.64795
1259.00000,7204.68750
1259.50000,7209.64551
1260.00000,7210.58447
1260.50000,7209.53516
1261.00000,7210.30615
1261.50000,7215.66162
1262.00000,7225.54053
1262.50000,7237.44434
1263.00000,7248.83789
1263.50000,7259.12109
1264.00000,7270.70947
1264.50000,7287.21777
1265.00000,7313.57373
1265.50000,7349.51221
1266.00000,7393.58887
1266.50000,7441.54443
1267.00000,7489.93652
1267.50000,7537.54639
1268.00000,7585.25293
1268.50000,7634.81494
1269.00000,7686.71631
1269.50000,7740.58252
1270.00000,7793.83887
1270.50000,7841.96094
1271.00000,7879.81592
1271.50000,7900.11914
1272.00000,7897.32373
1272.50000,7870.91650
1273.00000,7821.73633
1273.50000,7758.81982
1274.00000,7686.54541
1274.50000,7610.23975
1275.00000,7529.86035
1275.50000,7445.67725
1276.00000,7358.49707
1276.50000,7271.49854
1277.00000,7188.67773
1277.50000,7113.39844
1278.00000,7046.07227
1278.50000,6987.56592
1279.00000,6935.47607
1279.50000,6890.00537
1280.00000,6849.25537
1280.50000,6813.56738
1281.00000,6782.92188
1281.50000,6758.45605
1282.00000,6740.60889
1282.50000,6727.55322
1283.00000,6716.67773
1283.50000,6705.26758
1284.00000,6693.27246
1284.50000,6683.59326
1285.00000,6681.17285
1285.50000,6687.10889
1286.00000,6699.97461
1286.50000,6714.42920
1287.00000,6725.21045
1287.50000,6729.84229
1288.00000,6730.61084
1288.50000,6731.71631
1289.00000,6736.97461
1289.50000,6749.33789
1290.00000,6767.12061
1290.50000,6789.11816
1291.00000,6813.50928
1291.50000,6839.68750
1292.00000,6867.10449
1292.50000,6894.07471
1293.00000,6917.28027
1293.50000,6934.49121
1294.00000,6944.33643
1294.50000,6951.65479
1295.00000,6962.61865
1295.50000,6981.30566
1296.00000,7008.36182
1296.50000,7038.89746
1297.00000,7066.49365
1297.50000,7086.66650
1298.00000,7099.87061
1298.50000,7107.44580
1299.00000,7112.32080
1299.50000,7114.77881
1300.00000,7115.86426
1300.50000,7118.02686
1301.00000,7125.03613
1301.50000,7140.08496
1302.00000,7162.60547
1302.50000,7187.84863
1303.00000,7210.60742
1303.50000,7229.06152
1304.00000,7244.42432
1304.50000,7260.58301
1305.00000,7278.95850
1305.50000,7297.26758
1306.00000,7311.65674
1306.50000,7320.15576
1307.00000,7323.85352
1307.50000,7325.40771
1308.00000,7327.10840
1308.50000,7328.78467
1309.00000,7328.85547
1309.50000,7325.52246
1310.00000,7319.71826
1310.50000,7313.15820
1311.00000,7307.61963
1311.50000,7303.41797
1312.00000,7299.34521
1312.50000,7293.89063
1313.00000,7286.36719
1313.50000,7278.01367
1314.00000,7271.07764
1314.50000,7266.96973
1315.00000,7266.67188
1315.50000,7268.80029
1316.00000,7271.38525
1316.50000,7272.10889
1317.00000,7269.16016
1317.50000,7261.38379
1318.00000,7249.53613
1318.50000,7234.12793
1319.00000,7216.95996
1319.50000,7198.50488
1320.00000,7179.09473
1320.50000,7158.79492
1321.00000,7138.80225
1321.50000,7121.58496
1322.00000,7109.57813
1322.50000,7102.46533
1323.00000,7096.78418
1323.50000,7086.70215
1324.00000,7066.34131
1324.50000,7038.49951
1325.00000,7008.70020
1325.50000,6984.30615
1326.00000,6969.27002
1326.50000,6960.67773
1327.00000,6951.85449
1327.50000,6937.36377
1328.00000,6917.68066
1328.50000,6897.26563
1329.00000,6881.58447
1329.50000,6874.53760
1330.00000,6873.63330
1330.50000,6875.92334
1331.00000,6878.12598
1331.50000,6878.28467
1332.00000,6874.88672
1332.50000,6866.82617
1333.00000,6852.79883
1333.50000,6834.75488
1334.00000,6815.14160
1334.50000,6796.78760
1335.00000,6780.14258
1335.50000,6763.00098
1336.00000,6742.95410
1336.50000,6720.18262
1337.00000,6697.76953
1337.50000,6679.63965
1338.00000,6666.81055
1338.50000,6658.56250
1339.00000,6651.75830
1339.50000,6646.00391
1340.00000,6642.92578
1340.50000,6645.41455
1341.00000,6652.67090
1341.50000,6660.69385
1342.00000,6664.04980
1342.50000,6659.71289
1343.00000,6646.85400
1343.50000,6629.32275
1344.00000,6609.90088
1344.50000,6591.44043
1345.00000,6576.40771
1345.50000,6566.46484
1346.00000,6563.39111
1346.50000,6566.28564
1347.00000,6571.39941
1347.50000,6574.08496
1348.00000,6572.52441
1348.50000,6569.25977
1349.00000,6570.84570
1349.50000,6584.67920
1350.00000,6610.07715
1350.50000,6643.76855
1351.00000,6678.99658
1351.50000,6711.32178
1352.00000,6740.12402
1352.50000,6767.44531
1353.00000,6794.37646
1353.50000,6820.08545
1354.00000,6841.75244
1354.50000,6859.25732
1355.00000,6873.75732
1355.50000,6888.10156
1356.00000,6902.81982
1356.50000,6914.70459
1357.00000,6919.03223
1357.50000,6912.55029
1358.00000,6898.76904
1358.50000,6883.29688
1359.00000,6871.53467
1359.50000,6864.26074
1360.00000,6855.82178
1360.50000,6839.07471
1361.00000,6812.32568
1361.50000,6780.60010
1362.00000,6753.26318
1362.50000,6736.65039
1363.00000,6731.00488
1363.50000,6726.62451
1364.00000,6712.34033
1364.50000,6686.77881
1365.00000,6654.69189
1365.50000,6626.99609
1366.00000,6612.19727
1366.50000,6610.46240
1367.00000,6614.73486
1367.50000,6617.11865
1368.00000,6614.43018
1368.50000,6608.88770
1369.00000,6606.26172
1369.50000,6610.68652
1370.00000,6619.62354
1370.50000,6628.14746
1371.00000,6632.52148
1371.50000,6633.88281
1372.00000,6637.23584
1372.50000,6647.19336
1373.00000,6666.08154
1373.50000,6689.97607
1374.00000,6715.02783
1374.50000,6738.47119
1375.00000,6760.34912
1375.50000,6782.37354
1376.00000,6805.38477
1376.50000,6828.60742
1377.00000,6850.89014
1377.50000,6872.25000
1378.00000,6894.05225
1378.50000,6916.95166
1379.00000,6939.00928
1379.50000,6955.94971
1380.00000,6965.88525
1380.50000,6968.92090
1381.00000,6969.02148
1381.50000,6969.70166
1382.00000,6970.97852
1382.50000,6969.03125
1383.00000,6957.71631
1383.50000,6936.02539
1384.00000,6903.48486
1384.50000,6865.84277
1385.00000,6826.21582
1385.50000,6786.31348
1386.00000,6747.05127
1386.50000,6710.44189
1387.00000,6679.41895
1387.50000,6656.60938
1388.00000,6639.68115
1388.50000,6624.34570
1389.00000,6605.50684
1389.50000,6580.74805
1390.00000,6553.54053
1390.50000,6529.09717
1391.00000,6510.74023
1391.50000,6497.42188
1392.00000,6485.69482
1392.50000,6472.66553
1393.00000,6458.30029
1393.50000,6444.99902
1394.00000,6435.55566
1394.50000,6429.72607
1395.00000,6427.02490
1395.50000,6426.76855
1396.00000,6430.36523
1396.50000,6439.63672
1397.00000,6454.37061
1397.50000,6471.51807
1398.00000,6486.15088
1398.50000,6494.14063
1399.00000,6497.10791
1399.50000,6498.11182
1400.00000,6501.02148
1400.50000,6507.11230
1401.00000,6514.02490
1401.50000,6517.80225
1402.00000,6515.33057
1402.50000,6507.18018
1403.00000,6495.79492
1403.50000,6485.77588
1404.00000,6481.02588
1404.50000,6481.04639
1405.00000,6483.59521
1405.50000,6484.27881
1406.00000,6479.43750
1406.50000,6468.61084
1407.00000,6455.15918
1407.50000,6444.12695
1408.00000,6438.90039
1408.50000,6441.71436
1409.00000,6449.59180
1409.50000,6461.50635
1410.00000,6476.86670
1410.50000,6497.69189
1411.00000,6524.60938
1411.50000,6555.57861
1412.00000,6585.92920
1412.50000,6610.77246
1413.00000,6625.98145
1413.50000,6633.23779
1414.00000,6633.31787
1414.50000,6629.53857
1415.00000,6622.55811
1415.50000,6613.12256
1416.00000,6601.87695
1416.50000,6589.80615
1417.00000,6577.62256
1417.50000,6564.95117
1418.00000,6550.63721
1418.50000,6532.28320
1419.00000,6509.29590
1419.50000,6480.38330
1420.00000,6447.32471
1420.50000,6412.90674
1421.00000,6381.54004
1421.50000,6356.75488
1422.00000,6339.13281
1422.50000,6324.41943
1423.00000,6306.87109
1423.50000,6283.82227
1424.00000,6256.92139
1424.50000,6233.53857
1425.00000,6221.97607
1425.50000,6223.59717
1426.00000,6234.19922
1426.50000,6245.44238
1427.00000,6251.11230
1427.50000,6250.33447
1428.00000,6247.73340
1428.50000,6248.24023
1429.00000,6253.36230
1429.50000,6262.97314
1430.00000,6274.28320
1430.50000,6284.89063
1431.00000,6292.96777
1431.50000,6297.58838
1432.00000,6299.29980
1432.50000,6301.41211
1433.00000,6308.88623
1433.50000,6323.59717
1434.00000,6345.83594
1434.50000,6369.84814
1435.00000,6389.69336
1435.50000,6402.67432
1436.00000,6409.98193
1436.50000,6415.89941
1437.00000,6424.50928
1437.50000,6437.72363
1438.00000,6453.53760
1438.50000,6469.64746
1439.00000,6483.86035
1439.50000,6493.80811
1440.00000,6498.31104
1440.50000,6495.22461
1441.00000,6483.78516
1441.50000,6464.30078
1442.00000,6437.80908
1442.50000,6407.56836
1443.00000,6377.08740
1443.50000,6349.98633
1444.00000,6330.06104
1444.50000,6316.70947
1445.00000,6308.33154
1445.50000,6300.77246
1446.00000,6290.75781
1446.50000,6277.67090
1447.00000,6263.91699
1447.50000,6253.09033
1448.00000,6246.73389
1448.50000,6244.72070
1449.00000,6243.79346
1449.50000,6241.91699
1450.00000,6239.19434
1450.50000,6237.95313
1451.00000,6241.08105
1451.50000,6249.84033
1452.00000,6262.60938
1452.50000,6274.21045
1453.00000,6277.30811
1453.50000,6270.08740
1454.00000,6252.46582
1454.50000,6231.84375
1455.00000,6215.83496
1455.50000,6208.84961
1456.00000,6210.88525
1456.50000,6217.76855
1457.00000,6224.38232
1457.50000,6228.54248
1458.00000,6232.35791
1458.50000,6240.43604
1459.00000,6254.40430
1459.50000,6274.69092
1460.00000,6297.99414
1460.50000,6321.58887
1461.00000,6344.18262
1461.50000,6366.12988
1462.00000,6388.24756
1462.50000,6410.72217
1463.00000,6432.91602
1463.50000,6454.19629
1464.00000,6473.73584
1464.50000,6490.76904
1465.00000,6502.29736
1465.50000,6505.33496
1466.00000,6497.54883
1466.50000,6480.74756
1467.00000,6462.45361
1467.50000,6453.10010
1468.00000,6457.62988
1468.50000,6476.43359
1469.00000,6498.24512
1469.50000,6512.08496
1470.00000,6513.42139
1470.50000,6504.05029
1471.00000,6491.53467
1471.50000,6481.91943
1472.00000,6475.58350
1472.50000,6467.72119
1473.00000,6453.52539
1473.50000,6434.69141
1474.00000,6415.31543
1474.50000,6399.16504
1475.00000,6386.52490
1475.50000,6374.17041
1476.00000,6359.53076
1476.50000,6343.26758
1477.00000,6328.72314
1477.50000,6319.09863
1478.00000,6313.81738
1478.50000,6312.81689
1479.00000,6315.26855
1479.50000,6322.55566
1480.00000,6333.24268
1480.50000,6342.90430
1481.00000,6345.68701
1481.50000,6339.31787
1482.00000,6328.29639
1482.50000,6322.45264
1483.00000,6330.52441
1483.50000,6349.27441
1484.00000,6370.93359
1484.50000,6385.26221
1485.00000,6386.37939
1485.50000,6378.17725
1486.00000,6369.34424
1486.50000,6368.82031
1487.00000,6379.06982
1487.50000,6398.73779
1488.00000,6420.85156
1488.50000,6438.62500
1489.00000,6449.16455
1489.50000,6451.78955
1490.00000,6451.17285
1490.50000,6452.39844
1491.00000,6458.17383
1491.50000,6466.66357
1492.00000,6474.32666
1492.50000,6479.38184
1493.00000,6483.45703
1493.50000,6490.72705
1494.00000,6505.43555
1494.50000,6526.16846
1495.00000,6549.32422
1495.50000,6570.23828
1496.00000,6587.48877
1496.50000,6603.68652
1497.00000,6623.94141
1497.50000,6654.43701
1498.00000,6696.01172
1498.50000,6749.23730
1499.00000,6806.81201
1499.50000,6861.18555
1500.00000,6907.15820
1500.50000,6943.73096
1501.00000,6974.85303
1501.50000,7005.99414
1502.00000,7040.68945
1502.50000,7078.68018
1503.00000,7118.61475
1503.50000,7158.84961
1504.00000,7199.25635
1504.50000,7239.44678
1505.00000,7277.34033
1505.50000,7310.38818
1506.00000,7337.13623
1506.50000,7358.65332
1507.00000,7378.22510
1507.50000,7397.75635
1508.00000,7416.45361
1508.50000,7429.92969
1509.00000,7435.59180
1509.50000,7429.77588
1510.00000,7412.93018
1510.50000,7384.96240
1511.00000,7347.57031
1511.50000,7304.18799
1512.00000,7258.67627
1512.50000,7214.73340
1513.00000,7173.71436
1513.50000,7134.08838
1514.00000,7095.51465
1514.50000,7059.64063
1515.00000,7030.68066
1515.50000,7010.39941
1516.00000,6996.30371
1516.50000,6981.69971
1517.00000,6960.85059
1517.50000,6933.05225
1518.00000,6904.91748
1518.50000,6885.24756
1519.00000,6876.35303
1519.50000,6877.02588
1520.00000,6879.77686
1520.50000,6877.71680
1521.00000,6868.60645
1521.50000,6855.05811
1522.00000,6841.11426
1522.50000,6830.15771
1523.00000,6824.55811
1523.50000,6823.20557
1524.00000,6825.75586
1524.50000,6830.70313
1525.00000,6837.44727
1525.50000,6845.19385
1526.00000,6852.83984
1526.50000,6858.81934
1527.00000,6862.13232
1527.50000,6862.60254
1528.00000,6862.33936
1528.50000,6864.01904
1529.00000,6868.50635
1529.50000,6875.37451
1530.00000,6883.11377
1530.50000,6891.30127
1531.00000,6900.45068
1531.50000,6910.46875
1532.00000,6919.28369
1532.50000,6923.83594
1533.00000,6921.77637
1533.50000,6916.61523
1534.00000,6912.97852
1534.50000,6913.78467
1535.00000,6918.53955
1535.50000,6923.41992
1536.00000,6925.42773
1536.50000,6924.79736
1537.00000,6924.30908
1537.50000,6924.96240
1538.00000,6924.55078
1538.50000,6919.15332
1539.00000,6909.07324
1539.50000,6897.77148
1540.00000,6890.80811
1540.50000,6891.19922
1541.00000,6895.56982
1541.50000,6897.24268
1542.00000,6890.37939
1542.50000,6875.78564
1543.00000,6857.91943
1543.50000,6844.55859
1544.00000,6842.67334
1544.50000,6850.34131
1545.00000,6860.97754
1545.50000,6866.15283
1546.00000,6861.06201
1546.50000,6847.29834
1547.00000,6832.82910
1547.50000,6826.07764
1548.00000,6828.22900
1548.50000,6834.79004
1549.00000,6837.43994
1549.50000,6830.65967
1550.00000,6816.32910
1550.50000,6799.86816
1551.00000,6787.19971
1551.50000,6781.33350
1552.00000,6782.81787
1552.50000,6788.77344
1553.00000,6798.13965
1553.50000,6808.96143
1554.00000,6820.45215
1554.50000,6832.28174
1555.00000,6845.48145
1555.50000,6861.92432
1556.00000,6883.00732
1556.50000,6908.97461
1557.00000,6938.03516
1557.50000,6968.58301
1558.00000,6998.97510
1558.50000,7028.35693
1559.00000,7056.56689
1559.50000,7083.08887
1560.00000,7107.43018
1560.50000,7128.32373
1561.00000,7144.21533
1561.50000,7154.11475
1562.00000,7157.19189
1562.50000,7155.89404
1563.00000,7153.15234
1563.50000,7152.12354
1564.00000,7153.59717
1564.50000,7155.03467
1565.00000,7152.41357
1565.50000,7143.30127
1566.00000,7128.64990
1566.50000,7112.97949
1567.00000,7101.88770
1567.50000,7099.14648
1568.00000,7101.70703
1568.50000,7103.95557
1569.00000,7099.57861
1569.50000,7083.69043
1570.00000,7058.20654
1570.50000,7028.82813
1571.00000,7001.56982
1571.50000,6979.56104
1572.00000,6963.05957
1572.50000,6948.82813
1573.00000,6934.02344
1573.50000,6917.37354
1574.00000,6899.63623
1574.50000,6883.12598
1575.00000,6870.20020
1575.50000,6861.35400
1576.00000,6854.78809
1576.50000,6847.06689
1577.00000,6835.26660
1577.50000,6818.99414
1578.00000,6802.18457
1578.50000,6789.47461
1579.00000,6781.85693
1579.50000,6777.32666
1580.00000,6771.20117
1580.50000,6760.73193
1581.00000,6748.88477
1581.50000,6741.92041
1582.00000,6745.80420
1582.50000,6758.94482
1583.00000,6776.87598
1583.50000,6791.75537
1584.00000,6798.34473
1584.50000,6799.72754
1585.00000,6801.76221
1585.50000,6810.11475
1586.00000,6826.81348
1586.50000,6849.98047
1587.00000,6874.09521
1587.50000,6893.58984
1588.00000,6907.35010
1588.50000,6915.20654
1589.00000,6919.85449
1589.50000,6921.66016
1590.00000,6919.76904
1590.50000,6912.19775
1591.00000,6898.81104
1591.50000,6883.22607
1592.00000,6870.16260
1592.50000,6862.47803
1593.00000,6861.97900
1593.50000,6865.52344
1594.00000,6871.09717
1594.50000,6876.45215
1595.00000,6879.34619
1595.50000,6876.56104
1596.00000,6864.28418
1596.50000,6839.57031
1597.00000,6805.53564
1597.50000,6767.21484
1598.00000,6731.55811
1598.50000,6701.47754
1599.00000,6673.64844
1599.50000,6642.66602
1600.00000,6604.57422
1600.50000,6558.45068
1601.00000,6507.24561
1601.50000,6456.02783
1602.00000,6408.84082
1602.50000,6366.89258
1603.00000,6331.41846
1603.50000,6300.00439
1604.00000,6271.48047
1604.50000,6243.89893
1605.00000,6216.18799
1605.50000,6187.38037
1606.00000,6156.24219
1606.50000,6121.31689
1607.00000,6082.95068
1607.50000,6043.37354
1608.00000,6006.98145
1608.50000,5978.64502
1609.00000,5957.83936
1609.50000,5941.70557
1610.00000,5924.37500
1610.50000,5901.24268
1611.00000,5872.89258
1611.50000,5843.97412
1612.00000,5818.71973
1612.50000,5796.50342
1613.00000,5772.06348
1613.50000,5739.75342
1614.00000,5696.92871
1614.50000,5650.64502
1615.00000,5610.14209
1615.50000,5581.25244
1616.00000,5562.72900
1616.50000,5548.96777
1617.00000,5533.95020
1617.50000,5517.24463
1618.00000,5502.49316
1618.50000,5492.83154
1619.00000,5485.98633
1619.50000,5477.44971
1620.00000,5464.29053
1620.50000,5448.55762
1621.00000,5435.30566
1621.50000,5427.35254
1622.00000,5423.53613
1622.50000,5418.42285
1623.00000,5405.87061
1623.50000,5386.08496
1624.00000,5361.67285
1624.50000,5336.88477
1625.00000,5313.27148
1625.50000,5288.97461
1626.00000,5260.18945
1626.50000,5223.16260
1627.00000,5179.51465
1627.50000,5131.55762
1628.00000,5083.39453
1628.50000,5036.96973
1629.00000,4991.88965
1629.50000,4947.65723
1630.00000,4904.75049
1630.50000,4864.44678
1631.00000,4826.60107
1631.50000,4788.21631
1632.00000,4744.69189
1632.50000,4694.95801
1633.00000,4642.08252
1633.50000,4592.74658
1634.00000,4552.16260
1634.50000,4518.73389
1635.00000,4487.57861
1635.50000,4453.56934
1636.00000,4416.29102
1636.50000,4379.31689
1637.00000,4345.85889
1637.50000,4316.35547
1638.00000,4286.85645
1638.50000,4253.49854
1639.00000,4217.46777
1639.50000,4183.54492
1640.00000,4156.23779
1640.50000,4136.53711
1641.00000,4121.00684
1641.50000,4103.93213
1642.00000,4082.03638
1642.50000,4057.35474
1643.00000,4032.88647
1643.50000,4010.15137
1644.00000,3988.14282
1644.50000,3964.81543
1645.00000,3940.34766
1645.50000,3917.52783
1646.00000,3898.76709
1646.50000,3883.86865
1647.00000,3869.06763
1647.50000,3850.16797
1648.00000,3827.92603
1648.50000,3805.99829
1649.00000,3787.99829
1649.50000,3774.87256
1650.00000,3763.54883
1650.50000,3750.51782
1651.00000,3735.71094
1651.50000,3722.33618
1652.00000,3713.66724
1652.50000,3708.04175
1653.00000,3699.57373
1653.50000,3682.29272
1654.00000,3653.65723
1654.50000,3619.64404
1655.00000,3588.14160
1655.50000,3564.35083
1656.00000,3547.07129
1656.50000,3530.78345
1657.00000,3510.92041
1657.50000,3487.97998
1658.00000,3467.11987
1658.50000,3453.23730
1659.00000,3444.86011
1659.50000,3436.71680
1660.00000,3423.93677
1660.50000,3406.28931
1661.00000,3387.57202
1661.50000,3372.10278
1662.00000,3362.00684
1662.50000,3354.62500
1663.00000,3347.79517
1663.50000,3341.07886
1664.00000,3336.11523
1664.50000,3334.13770
1665.00000,3335.04614
1665.50000,3336.37964
1666.00000,3335.25049
1666.50000,3329.08423
1667.00000,3317.93335
1667.50000,3302.50586
1668.00000,3286.85059
1668.50000,3274.98901
1669.00000,3267.83008
1669.50000,3263.89038
1670.00000,3259.15356
1670.50000,3250.07153
1671.00000,3236.34326
1671.50000,3221.39673
1672.00000,3209.00488
1672.50000,3200.57886
1673.00000,3196.49438
1673.50000,3194.43506
1674.00000,3192.78613
1674.50000,3190.26099
1675.00000,3185.60938
1675.50000,3177.95728
1676.00000,3167.81812
1676.50000,3157.59546
1677.00000,3150.28564
1677.50000,3147.95898
1678.00000,3147.94336
1678.50000,3145.84644
1679.00000,3138.22705
1679.50000,3125.24976
1680.00000,3111.36890
1680.50000,3101.07153
1681.00000,3095.91187
1681.50000,3092.99219
1682.00000,3088.06958
1682.50000,3079.96338
1683.00000,3070.10645
1683.50000,3061.44043
1684.00000,3055.02441
1684.50000,3048.84790
1685.00000,3040.31567
1685.50000,3029.17993
1686.00000,3017.71338
1686.50000,3008.63354
1687.00000,3002.37280
1687.50000,2997.46753
1688.00000,2991.36890
1688.50000,2982.59131
1689.00000,2971.40674
1689.50000,2957.72314
1690.00000,2941.41650
1690.50000,2923.00098
1691.00000,2904.16528
1691.50000,2887.19214
1692.00000,2873.83643
1692.50000,2862.89478
1693.00000,2852.58325
1693.50000,2842.08228
1694.00000,2833.05469
1694.50000,2827.48315
1695.00000,2825.67188
1695.50000,2824.51440
1696.00000,2819.70410
1696.50000,2808.86816
1697.00000,2794.29858
1697.50000,2779.43335
1698.00000,2767.34570
1698.50000,2759.33618
1699.00000,2754.63184
1699.50000,2753.74048
1700.00000,2756.89380
1700.50000,2762.96704
1701.00000,2768.45874
1701.50000,2770.03345
1702.00000,2766.44458
1702.50000,2761.14111
1703.00000,2758.03296
1703.50000,2757.76074
1704.00000,2757.19727
1704.50000,2753.00122
1705.00000,2744.98950
1705.50000,2736.96533
1706.00000,2733.43970
1706.50000,2735.11255
1707.00000,2737.72681
1707.50000,2736.64673
1708.00000,2731.57471
1708.50000,2724.98169
1709.00000,2720.40381
1709.50000,2718.26025
1710.00000,2716.06934
1710.50000,2711.51831
1711.00000,2704.83521
1711.50000,2699.03857
1712.00000,2696.93799
1712.50000,2697.68359
1713.00000,2698.75073
1713.50000,2697.01465
1714.00000,2690.56177
1714.50000,2680.79272
1715.00000,2669.82861
1715.50000,2659.72534
1716.00000,2651.42139
1716.50000,2644.55176
1717.00000,2637.31860
1717.50000,2628.19531
1718.00000,2617.91626
1718.50000,2609.16772
1719.00000,2605.16235
1719.50000,2607.22388
1720.00000,2612.71558
1720.50000,2616.99536
1721.00000,2616.03857
1721.50000,2609.77246
1722.00000,2600.74268
1722.50000,2592.31519
1723.00000,2585.58643
1723.50000,2579.28882
1724.00000,2572.23877
1724.50000,2565.17651
1725.00000,2559.98071
1725.50000,2557.51855
1726.00000,2556.06812
1726.50000,2551.96436
1727.00000,2543.44873
1727.50000,2530.76831
1728.00000,2517.98267
1728.50000,2509.04907
1729.00000,2505.11377
1729.50000,2504.53467
1730.00000,2503.97559
1730.50000,2501.06860
1731.00000,2495.37012
1731.50000,2488.82959
1732.00000,2483.95166
1732.50000,2481.37988
1733.00000,2480.30371
1733.50000,2478.17480
1734.00000,2472.40674
1734.50000,2463.48926
1735.00000,2453.95166
1735.50000,2447.04492
1736.00000,2444.50195
1736.50000,2446.55322
1737.00000,2450.36963
1737.50000,2454.10278
1738.00000,2457.00244
1738.50000,2458.93970
1739.00000,2459.89111
1739.50000,2459.17139
1740.00000,2456.24390
1740.50000,2451.25024
1741.00000,2444.93945
1741.50000,2438.58521
1742.00000,2433.08765
1742.50000,2428.55396
1743.00000,2425.14307
1743.50000,2422.51343
1744.00000,2420.23901
1744.50000,2417.47314
1745.00000,2413.34302
1745.50000,2407.46045
1746.00000,2400.54126
1746.50000,2394.26758
1747.00000,2390.10278
1747.50000,2389.26440
1748.00000,2390.43213
1748.50000,2392.04468
1749.00000,2392.57910
1749.50000,2391.87207
1750.00000,2390.76953
1750.50000,2389.88989
1751.00000,2388.67139
1751.50000,2385.89160
1752.00000,2380.64063
1752.50000,2374.24756
1753.00000,2368.97656
1753.50000,2366.70044
1754.00000,2367.83545
1754.50000,2370.44702
1755.00000,2372.04907
1755.50000,2370.70679
1756.00000,2366.45898
1756.50000,2361.02783
1757.00000,2356.71851
1757.50000,2355.10840
1758.00000,2355.03589
1758.50000,2354.54126
1759.00000,2352.70410
1759.50000,2350.75879
1760.00000,2351.02856
1760.50000,2354.38892
1761.00000,2358.37256
1761.50000,2359.14600
1762.00000,2354.10986
1762.50000,2346.17725
1763.00000,2340.28101
1763.50000,2339.02344
1764.00000,2341.30200
1764.50000,2342.96729
1765.00000,2340.99097
1765.50000,2335.95215
1766.00000,2331.46631
1766.50000,2329.48853
1767.00000,2328.17212
1767.50000,2323.17676
1768.00000,2313.37158
1768.50000,2301.59668
1769.00000,2293.49463
1769.50000,2293.37158
1770.00000,2300.03979
1770.50000,2306.96655
1771.00000,2307.98389
1771.50000,2302.15088
1772.00000,2291.50171
1772.50000,2281.40723
1773.00000,2274.77222
1773.50000,2270.68359
1774.00000,2267.65601
1774.50000,2264.72412
1775.00000,2262.15796
1775.50000,2260.26196
1776.00000,2258.51221
1776.50000,2256.06226
1777.00000,2252.96851
1777.50000,2250.31909
1778.00000,2248.81519
1778.50000,2248.01514
1779.00000,2246.14136
1779.50000,2241.89990
1780.00000,2236.45630
1780.50000,2232.49951
1781.00000,2232.19434
1781.50000,2234.18359
1782.00000,2234.51636
1782.50000,2231.01367
1783.00000,2224.55249
1783.50000,2219.89819
1784.00000,2220.70776
1784.50000,2224.43726
1785.00000,2225.24561
1785.50000,2218.68359
1786.00000,2206.53198
1786.50000,2194.96045
1787.00000,2188.00195
1787.50000,2185.65527
1788.00000,2183.29395
1788.50000,2178.30835
1789.00000,2172.62939
1789.50000,2169.30493
1790.00000,2169.02075
1790.50000,2169.27344
1791.00000,2167.33618
1791.50000,2163.57202
1792.00000,2160.17212
1792.50000,2158.89258
1793.00000,2159.73438
1793.50000,2160.63330
1794.00000,2160.07080
1794.50000,2157.61597
1795.00000,2153.34277
1795.50000,2147.79932
1796.00000,2141.98242
1796.50000,2137.33765
1797.00000,2135.07397
1797.50000,2136.47876
1798.00000,2140.26050
1798.50000,2144.99512
1799.00000,2148.57520
1799.50000,2149.22095
1800.00000,2147.12476
1800.50000,2143.90308
1801.00000,2141.38452
1801.50000,2140.55249
1802.00000,2141.48193
1802.50000,2143.03394
1803.00000,2143.99292
1803.50000,2142.77930
1804.00000,2137.64160
1804.50000,2129.91064
1805.00000,2123.66943
1805.50000,2123.71338
1806.00000,2130.42334
1806.50000,2138.40479
1807.00000,2141.20679
1807.50000,2135.80493
1808.00000,2127.97729
1808.50000,2124.53540
1809.00000,2126.71997
1809.50000,2131.09058
1810.00000,2133.03076
