440.00000,11388.39844
440.50000,11392.77148
441.00000,11400.75586
441.50000,11410.16406
442.00000,11418.42090
442.50000,11423.95703
443.00000,11427.62305
443.50000,11430.18457
444.00000,11432.71191
444.50000,11435.76172
445.00000,11438.76367
445.50000,11440.33594
446.00000,11438.86328
446.50000,11434.07227
447.00000,11425.84668
447.50000,11416.87695
448.00000,11409.87598
448.50000,11405.90820
449.00000,11405.23438
449.50000,11406.55078
450.00000,11408.22559
450.50000,11409.77637
451.00000,11411.81055
451.50000,11415.28906
452.00000,11420.10254
452.50000,11424.72656
453.00000,11427.12207
453.50000,11425.95313
454.00000,11422.17676
454.50000,11418.04004
455.00000,11416.66406
455.50000,11418.83398
456.00000,11423.37109
456.50000,11427.54199
457.00000,11428.29004
457.50000,11424.90820
458.00000,11418.48926
458.50000,11411.85645
459.00000,11407.27539
459.50000,11405.94727
460.00000,11408.25488
460.50000,11413.46680
461.00000,11420.28027
461.50000,11427.76074
462.00000,11434.54590
462.50000,11438.25488
463.00000,11437.46289
463.50000,11430.95020
464.00000,11419.53516
464.50000,11404.51270
465.00000,11388.10547
465.50000,11373.19629
466.00000,11362.52441
466.50000,11357.25684
467.00000,11360.12793
467.50000,11370.04688
468.00000,11386.86914
468.50000,11405.51074
469.00000,11421.58789
469.50000,11431.80957
470.00000,11434.86035
470.50000,11431.68652
471.00000,11426.91309
471.50000,11423.66895
472.00000,11422.58594
472.50000,11422.68262
473.00000,11421.17383
473.50000,11416.09863
474.00000,11408.83691
474.50000,11402.15039
475.00000,11398.99219
475.50000,11400.62305
476.00000,11405.43066
476.50000,11408.56152
477.00000,11405.03027
477.50000,11394.22461
478.00000,11376.22852
478.50000,11356.58594
479.00000,11342.01660
479.50000,11336.49023
480.00000,11341.04688
480.50000,11354.22949
481.00000,11370.49609
481.50000,11383.22949
482.00000,11389.30566
482.50000,11386.00195
483.00000,11375.93359
483.50000,11361.55469
484.00000,11347.12598
484.50000,11335.20605
485.00000,11326.37109
485.50000,11319.80273
486.00000,11314.66504
486.50000,11310.36426
487.00000,11308.09277
487.50000,11308.82031
488.00000,11314.27734
488.50000,11323.99707
489.00000,11336.86328
489.50000,11349.83789
490.00000,11360.49414
490.50000,11367.60254
491.00000,11371.99121
491.50000,11375.36328
492.00000,11380.50879
492.50000,11389.39746
493.00000,11401.03418
493.50000,11413.30273
494.00000,11422.68359
494.50000,11424.24805
495.00000,11416.11816
495.50000,11400.24023
496.00000,11379.95898
496.50000,11361.14941
497.00000,11351.56934
497.50000,11353.68164
498.00000,11367.36621
498.50000,11386.79785
499.00000,11405.42480
499.50000,11416.73047
500.00000,11416.26758
500.50000,11405.66895
501.00000,11391.29688
501.50000,11379.84863
502.00000,11376.06836
502.50000,11384.91406
503.00000,11402.79492
503.50000,11424.67773
504.00000,11445.21777
504.50000,11460.63574
505.00000,11469.67188
505.50000,11474.57715
506.00000,11479.28418
506.50000,11486.49805
507.00000,11497.77344
507.50000,11511.26563
508.00000,11524.17090
508.50000,11533.32910
509.00000,11537.12012
509.50000,11535.77637
510.00000,11530.36230
510.50000,11521.44238
511.00000,11509.26465
511.50000,11492.80371
512.00000,11473.07227
512.50000,11451.69043
513.00000,11432.43555
513.50000,11420.82227
514.00000,11419.90137
514.50000,11427.82422
515.00000,11439.82031
515.50000,11449.35449
516.00000,11450.19824
516.50000,11441.26953
517.00000,11425.28320
517.50000,11409.26074
518.00000,11398.21582
518.50000,11393.33984
519.00000,11393.09961
519.50000,11392.91602
520.00000,11389.61035
520.50000,11383.46973
521.00000,11377.83105
521.50000,11377.74414
522.00000,11385.95801
522.50000,11403.51563
523.00000,11425.23535
523.50000,11446.59375
524.00000,11463.68262
524.50000,11474.22656
525.00000,11477.94434
525.50000,11477.70508
526.00000,11475.35547
526.50000,11472.55273
527.00000,11469.86133
527.50000,11467.15820
528.00000,11463.72168
528.50000,11459.05664
529.00000,11452.80664
529.50000,11445.18945
530.00000,11436.94629
530.50000,11429.20508
531.00000,11422.82715
531.50000,11418.06152
532.00000,11414.01074
532.50000,11409.85449
533.00000,11405.24609
533.50000,11401.40430
534.00000,11400.85840
534.50000,11406.22852
535.00000,11418.96680
535.50000,11437.59180
536.00000,11459.26563
536.50000,11478.67383
537.00000,11490.88965
537.50000,11496.35645
538.00000,11496.07520
538.50000,11494.26172
539.00000,11495.42383
539.50000,11502.75879
540.00000,11515.65527
540.50000,11532.40234
541.00000,11549.84375
541.50000,11565.14648
542.00000,11576.86523
542.50000,11584.05371
543.00000,11588.26758
543.50000,11590.54980
544.00000,11592.43066
544.50000,11595.26855
545.00000,11600.06445
545.50000,11606.33496
546.00000,11612.51660
546.50000,11616.62695
547.00000,11615.84473
547.50000,11610.00000
548.00000,11598.83887
548.50000,11585.84180
549.00000,11573.97266
549.50000,11565.09570
550.00000,11559.19336
550.50000,11554.58301
551.00000,11547.95508
551.50000,11536.10547
552.00000,11519.61133
552.50000,11499.59766
553.00000,11479.75684
553.50000,11464.44531
554.00000,11457.13086
554.50000,11458.04590
555.00000,11465.68262
555.50000,11476.49121
556.00000,11487.26953
556.50000,11495.58203
557.00000,11499.73633
557.50000,11501.38574
558.00000,11501.18848
558.50000,11499.67090
559.00000,11496.20996
559.50000,11489.65430
560.00000,11479.51563
560.50000,11466.78613
561.00000,11453.74121
561.50000,11442.59473
562.00000,11433.94434
562.50000,11427.57324
563.00000,11421.41309
563.50000,11414.20215
564.00000,11406.50391
564.50000,11400.13574
565.00000,11397.18262
565.50000,11398.17383
566.00000,11401.92090
566.50000,11405.05859
567.00000,11405.20605
567.50000,11402.81055
568.00000,11399.63184
568.50000,11398.63281
569.00000,11401.92285
569.50000,11408.34863
570.00000,11415.12695
570.50000,11419.42188
571.00000,11420.20703
571.50000,11417.35938
572.00000,11413.50488
572.50000,11410.71289
573.00000,11409.56348
573.50000,11409.99414
574.00000,11411.36816
574.50000,11413.21582
575.00000,11415.15039
575.50000,11416.27637
576.00000,11414.68945
576.50000,11409.22949
577.00000,11398.12500
577.50000,11383.21289
578.00000,11367.76270
578.50000,11356.24414
579.00000,11351.85254
579.50000,11355.33789
580.00000,11365.02344
580.50000,11379.03809
581.00000,11394.91016
581.50000,11412.08789
582.00000,11430.24805
582.50000,11448.81055
583.00000,11465.96582
583.50000,11478.64746
584.00000,11484.18945
584.50000,11482.39551
585.00000,11475.54297
585.50000,11467.34277
586.00000,11460.69824
586.50000,11456.40137
587.00000,11453.62012
587.50000,11449.72363
588.00000,11443.17383
588.50000,11434.73633
589.00000,11426.31445
589.50000,11419.98340
590.00000,11416.53418
590.50000,11414.97070
591.00000,11412.73242
591.50000,11408.21582
592.00000,11402.37793
592.50000,11397.77734
593.00000,11397.49023
593.50000,11405.03906
594.00000,11419.30176
594.50000,11437.24023
595.00000,11454.98047
595.50000,11469.06348
596.00000,11476.35352
596.50000,11476.99219
597.00000,11471.06250
597.50000,11461.62988
598.00000,11450.67383
598.50000,11440.72559
599.00000,11434.13672
599.50000,11432.48242
600.00000,11435.11621
600.50000,11439.54590
601.00000,11442.53027
601.50000,11440.87891
602.00000,11434.76367
602.50000,11425.19531
603.00000,11416.00391
603.50000,11410.64551
604.00000,11409.95117
604.50000,11412.67676
605.00000,11416.37402
605.50000,11418.39355
606.00000,11416.57617
606.50000,11411.72754
607.00000,11405.11133
607.50000,11398.63184
608.00000,11393.81250
608.50000,11391.42578
609.00000,11391.97266
609.50000,11395.34180
610.00000,11400.04297
610.50000,11404.31836
611.00000,11406.50391
611.50000,11404.75488
612.00000,11399.91504
612.50000,11393.65137
613.00000,11389.59375
613.50000,11391.14648
614.00000,11399.76855
614.50000,11415.11816
615.00000,11435.50488
615.50000,11457.27344
616.00000,11475.95801
616.50000,11489.16211
617.00000,11494.00977
617.50000,11492.07031
618.00000,11484.92871
618.50000,11476.72461
619.00000,11472.25098
619.50000,11474.61328
620.00000,11482.66504
620.50000,11493.25195
621.00000,11501.52148
621.50000,11502.27637
622.00000,11495.60938
622.50000,11482.91016
623.00000,11470.27539
623.50000,11461.98535
624.00000,11459.20508
624.50000,11460.04297
625.00000,11460.88672
625.50000,11458.27246
626.00000,11450.65039
626.50000,11441.38574
627.00000,11434.67480
627.50000,11433.57422
628.00000,11440.76172
628.50000,11455.29395
629.00000,11475.02539
629.50000,11496.01367
630.00000,11514.66211
630.50000,11527.58496
631.00000,11533.83594
631.50000,11531.18262
632.00000,11522.24609
632.50000,11508.97168
633.00000,11495.79688
633.50000,11485.60352
634.00000,11479.25391
634.50000,11475.70996
635.00000,11472.99414
635.50000,11469.24609
636.00000,11464.40723
636.50000,11460.94922
637.00000,11462.93066
637.50000,11472.14355
638.00000,11490.41309
638.50000,11515.67773
639.00000,11544.19531
639.50000,11570.39258
640.00000,11589.86328
640.50000,11598.60449
641.00000,11597.47168
641.50000,11585.94043
642.00000,11569.20605
642.50000,11551.54590
643.00000,11537.51367
643.50000,11529.70117
644.00000,11528.06641
644.50000,11530.87695
645.00000,11536.00977
645.50000,11541.14258
646.00000,11544.55957
646.50000,11545.89258
647.00000,11544.15234
647.50000,11539.25977
648.00000,11530.54004
648.50000,11518.73438
649.00000,11505.46973
649.50000,11493.49609
650.00000,11484.96582
650.50000,11480.73340
651.00000,11478.68164
651.50000,11475.49414
652.00000,11467.84863
652.50000,11451.94727
653.00000,11428.09668
653.50000,11399.57129
654.00000,11371.95898
654.50000,11350.98340
655.00000,11341.56055
655.50000,11343.30273
656.00000,11354.69531
656.50000,11367.50098
657.00000,11373.29883
657.50000,11369.21680
658.00000,11355.21973
658.50000,11337.20020
659.00000,11322.73535
659.50000,11318.26367
660.00000,11324.92676
660.50000,11338.65918
661.00000,11352.14355
661.50000,11359.75000
662.00000,11361.54004
662.50000,11359.76660
663.00000,11359.31641
663.50000,11363.95703
664.00000,11372.28613
664.50000,11379.75098
665.00000,11381.21582
665.50000,11374.71289
666.00000,11359.15234
666.50000,11338.75684
667.00000,11316.57227
667.50000,11295.14746
668.00000,11274.90332
668.50000,11255.62695
669.00000,11237.99219
669.50000,11223.96289
670.00000,11215.56836
670.50000,11215.40332
671.00000,11221.23340
671.50000,11230.10742
672.00000,11237.95410
672.50000,11242.16406
673.00000,11243.06348
673.50000,11242.56641
674.00000,11243.47656
674.50000,11247.37891
675.00000,11253.62500
675.50000,11260.06348
676.00000,11264.77246
676.50000,11267.59961
677.00000,11269.37207
677.50000,11271.93945
678.00000,11276.71387
678.50000,11282.87988
679.00000,11288.55566
679.50000,11291.83691
680.00000,11292.17871
680.50000,11290.07813
681.00000,11287.76758
681.50000,11287.99121
682.00000,11291.49023
682.50000,11297.99414
683.00000,11305.29199
683.50000,11310.60645
684.00000,11311.34570
684.50000,11306.02930
685.00000,11293.95996
685.50000,11277.87793
686.00000,11261.43262
686.50000,11248.10742
687.00000,11241.03613
687.50000,11239.58496
688.00000,11242.37012
688.50000,11246.41797
689.00000,11249.49023
689.50000,11251.60938
690.00000,11254.36719
690.50000,11259.28516
691.00000,11265.74219
691.50000,11271.24316
692.00000,11272.68652
692.50000,11266.61230
693.00000,11254.03809
693.50000,11238.83984
694.00000,11225.45605
694.50000,11216.80664
695.00000,11213.83301
695.50000,11214.27441
696.00000,11216.14941
696.50000,11217.87695
697.00000,11219.87402
697.50000,11222.84863
698.00000,11226.54688
698.50000,11229.21191
699.00000,11228.47559
699.50000,11222.81445
700.00000,11213.53809
700.50000,11203.91113
701.00000,11197.20508
701.50000,11194.70898
702.00000,11193.40332
702.50000,11188.89063
703.00000,11178.16211
703.50000,11160.91016
704.00000,11141.62207
704.50000,11127.72363
705.00000,11125.15527
705.50000,11132.82910
706.00000,11147.55762
706.50000,11161.29199
707.00000,11166.72754
707.50000,11162.21973
708.00000,11149.06445
708.50000,11134.07422
709.00000,11123.23047
709.50000,11119.95605
710.00000,11123.57324
710.50000,11132.45801
711.00000,11142.62695
711.50000,11150.72070
712.00000,11154.58008
712.50000,11152.40039
713.00000,11145.04199
713.50000,11134.49512
714.00000,11124.70703
714.50000,11120.28613
715.00000,11125.65234
715.50000,11140.15723
716.00000,11161.48633
716.50000,11181.70117
717.00000,11194.69238
717.50000,11199.67969
718.00000,11198.79199
718.50000,11197.61133
719.00000,11201.22266
719.50000,11211.67871
720.00000,11225.45215
720.50000,11236.42383
721.00000,11240.85938
721.50000,11236.21973
722.00000,11226.09570
722.50000,11213.73340
723.00000,11202.19336
723.50000,11192.05566
724.00000,11181.49805
724.50000,11168.60547
725.00000,11153.04883
725.50000,11136.87402
726.00000,11123.10547
726.50000,11113.29395
727.00000,11108.55762
727.50000,11107.06445
728.00000,11107.06543
728.50000,11107.35156
729.00000,11108.23926
729.50000,11110.89844
730.00000,11116.10254
730.50000,11124.50684
731.00000,11134.95801
731.50000,11146.25684
732.00000,11156.36230
732.50000,11162.82617
733.00000,11164.18555
733.50000,11159.21680
734.00000,11148.37598
734.50000,11134.29785
735.00000,11120.65527
735.50000,11110.93555
736.00000,11108.61914
736.50000,11111.26172
737.00000,11115.92188
737.50000,11119.17578
738.00000,11119.48730
738.50000,11118.13086
739.00000,11118.04688
739.50000,11122.15918
740.00000,11130.93066
740.50000,11142.93945
741.00000,11154.69043
741.50000,11163.86816
742.00000,11170.68164
742.50000,11176.31250
743.00000,11182.66406
743.50000,11191.03711
744.00000,11201.62793
744.50000,11213.65820
745.00000,11226.17969
745.50000,11238.17676
746.00000,11247.91309
746.50000,11254.05469
747.00000,11253.83105
747.50000,11246.95313
748.00000,11233.54199
748.50000,11216.23730
749.00000,11198.64648
749.50000,11183.24707
750.00000,11170.23633
750.50000,11158.77637
751.00000,11147.24609
751.50000,11134.97070
752.00000,11122.70313
752.50000,11112.10645
753.00000,11104.37500
753.50000,11099.39648
754.00000,11096.03906
754.50000,11093.04980
755.00000,11089.99023
755.50000,11087.17969
756.00000,11085.32031
756.50000,11084.20117
757.00000,11082.72559
757.50000,11079.39844
758.00000,11073.65625
758.50000,11066.87012
759.00000,11061.67578
759.50000,11060.83496
760.00000,11064.82715
760.50000,11072.88281
761.00000,11081.35059
761.50000,11086.31250
762.00000,11086.76953
762.50000,11083.22754
763.00000,11077.85840
763.50000,11072.00586
764.00000,11065.59180
764.50000,11057.62891
765.00000,11047.25098
765.50000,11035.77539
766.00000,11026.73242
766.50000,11022.51660
767.00000,11024.00098
767.50000,11027.50098
768.00000,11028.02441
768.50000,11022.06641
769.00000,11010.15234
769.50000,10997.02148
770.00000,10989.53223
770.50000,10994.72461
771.00000,11008.66602
771.50000,11024.44336
772.00000,11033.01172
772.50000,11027.26465
773.00000,11008.69434
773.50000,10984.16602
774.00000,10963.69922
774.50000,10954.83398
775.00000,10961.27637
775.50000,10975.12891
776.00000,10987.99023
776.50000,10993.44434
777.00000,10987.81738
777.50000,10974.77148
778.00000,10959.65332
778.50000,10948.13477
779.00000,10943.35938
779.50000,10945.79102
780.00000,10951.82129
780.50000,10958.57031
781.00000,10963.97266
781.50000,10966.98730
782.00000,10968.20605
782.50000,10968.14258
783.00000,10967.57422
783.50000,10967.11133
784.00000,10967.31836
784.50000,10968.55176
785.00000,10971.04883
785.50000,10974.41211
786.00000,10978.20410
786.50000,10981.66895
787.00000,10983.93750
787.50000,10984.48828
788.00000,10982.67871
788.50000,10978.32031
789.00000,10971.86816
789.50000,10964.41992
790.00000,10957.50000
790.50000,10952.61914
791.00000,10949.81641
791.50000,10948.63574
792.00000,10947.40820
792.50000,10944.83008
793.00000,10941.17773
793.50000,10939.09766
794.00000,10942.78613
794.50000,10954.99023
795.00000,10977.33984
795.50000,11005.33984
796.00000,11032.73145
796.50000,11052.59570
797.00000,11057.94824
797.50000,11049.48730
798.00000,11031.22266
798.50000,11012.21582
799.00000,11000.87109
799.50000,11001.89453
800.00000,11012.66211
800.50000,11029.05176
801.00000,11044.32227
801.50000,11053.91504
802.00000,11058.29102
802.50000,11059.68945
803.00000,11061.44141
803.50000,11064.53613
804.00000,11066.97461
804.50000,11065.88379
805.00000,11058.85156
805.50000,11047.46777
806.00000,11034.30371
806.50000,11023.03613
807.00000,11015.97363
807.50000,11011.91992
808.00000,11007.65332
808.50000,10999.75391
809.00000,10987.23828
809.50000,10971.59668
810.00000,10956.82227
810.50000,10947.96289
811.00000,10946.75586
811.50000,10955.03906
812.00000,10969.33008
812.50000,10986.20020
813.00000,11001.89551
813.50000,11014.96387
814.00000,11026.46094
814.50000,11038.46680
815.00000,11051.88574
815.50000,11064.73828
816.00000,11071.35059
816.50000,11067.70117
817.00000,11049.12500
817.50000,11019.17188
818.00000,10985.50391
818.50000,10958.87891
819.00000,10946.21484
819.50000,10949.78027
820.00000,10962.88672
820.50000,10978.06055
821.00000,10988.17285
821.50000,10989.32617
822.00000,10984.87793
822.50000,10979.89648
823.00000,10979.28320
823.50000,10984.01660
824.00000,10990.70215
824.50000,10994.37695
825.00000,10990.89453
825.50000,10981.51660
826.00000,10969.59082
826.50000,10960.93164
827.00000,10960.64746
827.50000,10968.63379
828.00000,10981.88574
828.50000,10995.12109
829.00000,11005.23730
829.50000,11013.24707
830.00000,11023.31641
830.50000,11040.44727
831.00000,11064.04883
831.50000,11090.63770
832.00000,11112.95898
832.50000,11123.79102
833.00000,11121.54883
833.50000,11109.34668
834.00000,11093.58887
834.50000,11079.24902
835.00000,11067.15527
835.50000,11054.72852
836.00000,11038.77441
836.50000,11019.34082
837.00000,10998.25000
837.50000,10978.68945
838.00000,10962.66211
838.50000,10949.83301
839.00000,10938.72754
839.50000,10929.38379
840.00000,10923.29492
840.50000,10923.47363
841.00000,10928.53613
841.50000,10934.94824
842.00000,10936.71289
842.50000,10928.28711
843.00000,10909.58887
843.50000,10885.15332
844.00000,10862.04980
844.50000,10845.70215
845.00000,10837.30762
845.50000,10831.90527
846.00000,10824.33203
846.50000,10811.96387
847.00000,10794.50488
847.50000,10775.27539
848.00000,10758.05078
848.50000,10745.57520
849.00000,10738.60938
849.50000,10737.29004
850.00000,10739.91602
850.50000,10745.62109
851.00000,10752.39844
851.50000,10758.60156
852.00000,10762.78613
852.50000,10763.70410
853.00000,10761.43848
853.50000,10757.03027
854.00000,10752.26563
854.50000,10749.21191
855.00000,10750.07715
855.50000,10755.11035
856.00000,10764.36426
856.50000,10775.44336
857.00000,10786.47559
857.50000,10796.04199
858.00000,10803.53125
858.50000,10809.00488
859.00000,10812.53711
859.50000,10813.23535
860.00000,10810.56348
860.50000,10803.31738
861.00000,10793.25195
861.50000,10782.65430
862.00000,10773.91504
862.50000,10767.58398
863.00000,10761.66699
863.50000,10753.15332
864.00000,10740.01758
864.50000,10723.62695
865.00000,10707.69238
865.50000,10696.46289
866.00000,10694.20215
866.50000,10699.10449
867.00000,10708.56543
867.50000,10718.11621
868.00000,10725.43652
868.50000,10730.68555
869.00000,10735.21387
869.50000,10739.49316
870.00000,10742.46680
870.50000,10740.91113
871.00000,10733.61328
871.50000,10719.60254
872.00000,10702.40820
872.50000,10686.77246
873.00000,10677.26758
873.50000,10675.70996
874.00000,10680.58398
874.50000,10687.56836
875.00000,10692.84277
875.50000,10694.93457
876.00000,10694.00391
876.50000,10692.61133
877.00000,10692.78125
877.50000,10694.84961
878.00000,10697.76465
878.50000,10700.08984
879.00000,10701.53516
879.50000,10703.47168
880.00000,10707.39746
880.50000,10713.87598
881.00000,10720.52734
881.50000,10723.70508
882.00000,10721.33105
882.50000,10712.90918
883.00000,10701.24609
883.50000,10690.27539
884.00000,10683.09863
884.50000,10679.94238
885.00000,10679.67676
885.50000,10679.57129
886.00000,10677.89258
886.50000,10674.57324
887.00000,10669.68457
887.50000,10663.65234
888.00000,10656.90625
888.50000,10650.50977
889.00000,10646.17480
889.50000,10646.01172
890.00000,10649.85059
890.50000,10656.50879
891.00000,10662.23438
891.50000,10663.19043
892.00000,10658.51172
892.50000,10649.30762
893.00000,10638.04492
893.50000,10626.29492
894.00000,10614.16016
894.50000,10601.45996
895.00000,10589.29395
895.50000,10580.22168
896.00000,10578.75195
896.50000,10585.10352
897.00000,10597.62012
897.50000,10610.30762
898.00000,10616.96094
898.50000,10614.46191
899.00000,10605.82910
899.50000,10595.77148
900.00000,10588.45801
900.50000,10585.77637
901.00000,10585.37793
901.50000,10585.35352
902.00000,10585.01172
902.50000,10585.54688
903.00000,10588.36230
903.50000,10593.32813
904.00000,10598.54590
904.50000,10601.84668
905.00000,10602.52344
905.50000,10603.12988
906.00000,10606.71680
906.50000,10613.37402
907.00000,10620.80273
907.50000,10625.42969
908.00000,10625.56543
908.50000,10623.42871
909.00000,10624.07813
909.50000,10632.44824
910.00000,10647.48535
910.50000,10664.53809
911.00000,10675.97168
911.50000,10674.94727
912.00000,10662.93457
912.50000,10645.76855
913.00000,10631.04492
913.50000,10623.45898
914.00000,10623.88379
914.50000,10628.72461
915.00000,10634.85352
915.50000,10640.12793
916.00000,10644.47656
916.50000,10649.16699
917.00000,10655.42773
917.50000,10663.51855
918.00000,10673.02734
918.50000,10682.90820
919.00000,10691.42383
919.50000,10695.92773
920.00000,10695.06348
920.50000,10686.58691
921.00000,10673.17090
921.50000,10657.99414
922.00000,10645.85059
922.50000,10641.04297
923.00000,10644.84961
923.50000,10655.36426
924.00000,10668.83789
924.50000,10680.36914
925.00000,10685.25879
925.50000,10682.98438
926.00000,10673.12891
926.50000,10659.90039
927.00000,10647.83203
927.50000,10640.82227
928.00000,10641.39258
928.50000,10649.92090
929.00000,10664.12207
929.50000,10681.78320
930.00000,10699.88086
930.50000,10716.09570
931.00000,10729.36328
931.50000,10738.11328
932.00000,10742.41211
932.50000,10742.45313
933.00000,10739.70215
933.50000,10736.10156
934.00000,10732.98438
934.50000,10730.27441
935.00000,10726.75879
935.50000,10721.57813
936.00000,10714.61816
936.50000,10707.62598
937.00000,10702.83691
937.50000,10701.36035
938.00000,10702.77539
938.50000,10705.23633
939.00000,10706.56445
939.50000,10705.26172
940.00000,10701.76074
940.50000,10696.58789
941.00000,10690.88574
941.50000,10685.07422
942.00000,10679.51172
942.50000,10674.98535
943.00000,10672.66406
943.50000,10673.58496
944.00000,10678.41504
944.50000,10686.01758
945.00000,10695.08203
945.50000,10703.57324
946.00000,10709.70801
946.50000,10713.13281
947.00000,10713.78418
947.50000,10712.72852
948.00000,10711.18066
948.50000,10709.99805
949.00000,10709.08496
949.50000,10707.07910
950.00000,10702.45215
950.50000,10693.45508
951.00000,10681.55078
951.50000,10669.17969
952.00000,10659.68555
952.50000,10655.67383
953.00000,10657.00684
953.50000,10660.87500
954.00000,10663.43359
954.50000,10662.01172
955.00000,10655.33984
955.50000,10646.39160
956.00000,10638.85254
956.50000,10635.53906
957.00000,10637.77148
957.50000,10643.49707
958.00000,10649.18164
958.50000,10651.66211
959.00000,10650.35352
959.50000,10646.50977
960.00000,10643.33398
960.50000,10644.25488
961.00000,10649.94531
961.50000,10660.87598
962.00000,10675.31836
962.50000,10691.88086
963.00000,10709.09180
963.50000,10725.30566
964.00000,10738.22168
964.50000,10746.26172
965.00000,10747.23828
965.50000,10743.31250
966.00000,10736.95410
966.50000,10731.90430
967.00000,10730.00488
967.50000,10729.53809
968.00000,10726.93848
968.50000,10719.27832
969.00000,10707.29492
969.50000,10694.54395
970.00000,10685.87695
970.50000,10686.01660
971.00000,10693.18945
971.50000,10704.31738
972.00000,10714.13379
972.50000,10718.76172
973.00000,10717.37598
973.50000,10712.04883
974.00000,10705.76465
974.50000,10701.41992
975.00000,10701.32031
975.50000,10704.77637
976.00000,10710.58789
976.50000,10715.55469
977.00000,10716.39453
977.50000,10711.67480
978.00000,10702.28027
978.50000,10691.33008
979.00000,10682.74512
979.50000,10679.35254
980.00000,10679.58105
980.50000,10679.93555
981.00000,10676.28613
981.50000,10665.66309
982.00000,10649.80566
982.50000,10632.60547
983.00000,10618.54004
983.50000,10609.89160
984.00000,10606.48926
984.50000,10605.01367
985.00000,10602.57617
985.50000,10598.36328
986.00000,10593.93555
986.50000,10592.10156
987.00000,10595.29004
987.50000,10603.08984
988.00000,10612.85645
988.50000,10620.90039
989.00000,10624.69824
989.50000,10623.08496
990.00000,10618.55371
990.50000,10613.63281
991.00000,10610.38672
991.50000,10609.46387
992.00000,10609.72852
992.50000,10609.98828
993.00000,10609.87793
993.50000,10610.12891
994.00000,10612.03906
994.50000,10616.04102
995.00000,10622.20898
995.50000,10629.07129
996.00000,10634.92773
996.50000,10638.18359
997.00000,10636.68262
997.50000,10629.24512
998.00000,10615.92090
998.50000,10598.75195
999.00000,10582.32617
999.50000,10572.41406
1000.00000,10571.22852
1000.50000,10580.57520
1001.00000,10595.39844
1001.50000,10610.55859
1002.00000,10621.10449
1002.50000,10624.02246
1003.00000,10619.35254
1003.50000,10609.86133
1004.00000,10598.90234
1004.50000,10589.99512
1005.00000,10585.97559
1005.50000,10585.51172
1006.00000,10585.33789
1006.50000,10580.52148
1007.00000,10566.95605
1007.50000,10546.29199
1008.00000,10524.88379
1008.50000,10510.89355
1009.00000,10508.09277
1009.50000,10516.12500
1010.00000,10526.48438
1010.50000,10530.67578
1011.00000,10526.31934
1011.50000,10515.55762
1012.00000,10505.42480
1012.50000,10501.54004
1013.00000,10504.64258
1013.50000,10510.65137
1014.00000,10514.85156
1014.50000,10515.53613
1015.00000,10513.87793
1015.50000,10513.27344
1016.00000,10515.71973
1016.50000,10520.08691
1017.00000,10524.47461
1017.50000,10528.13672
1018.00000,10532.61328
1018.50000,10540.68945
1019.00000,10553.20508
1019.50000,10569.11621
1020.00000,10584.77637
1020.50000,10596.66211
1021.00000,10604.06738
1021.50000,10606.91602
1022.00000,10606.78320
1022.50000,10604.64160
1023.00000,10600.94141
1023.50000,10595.88281
1024.00000,10589.32617
1024.50000,10581.61719
1025.00000,10573.20410
1025.50000,10565.68066
1026.00000,10562.36719
1026.50000,10566.06543
1027.00000,10579.68164
1027.50000,10602.21191
1028.00000,10629.42285
1028.50000,10655.75977
1029.00000,10677.38477
1029.50000,10693.24902
1030.00000,10707.20313
1030.50000,10723.14648
1031.00000,10742.18555
1031.50000,10762.49609
1032.00000,10780.48047
1032.50000,10794.27246
1033.00000,10805.59570
1033.50000,10818.76758
1034.00000,10838.14648
1034.50000,10863.61523
1035.00000,10893.00781
1035.50000,10920.78223
1036.00000,10941.76367
1036.50000,10954.82324
1037.00000,10960.51270
1037.50000,10961.99609
1038.00000,10962.43262
1038.50000,10963.38672
1039.00000,10964.37207
1039.50000,10963.14551
1040.00000,10958.21094
1040.50000,10948.37598
1041.00000,10936.03125
1041.50000,10924.07813
1042.00000,10914.67871
1042.50000,10907.49121
1043.00000,10899.40527
1043.50000,10886.74219
1044.00000,10867.19141
1044.50000,10843.80273
1045.00000,10822.25195
1045.50000,10807.84473
1046.00000,10805.20508
1046.50000,10811.87988
1047.00000,10823.90918
1047.50000,10836.50781
1048.00000,10846.85938
1048.50000,10854.47461
1049.00000,10860.72363
1049.50000,10866.54688
1050.00000,10872.02051
1050.50000,10875.71484
1051.00000,10876.47363
1051.50000,10873.28516
1052.00000,10867.45605
1052.50000,10861.78125
1053.00000,10859.63086
1053.50000,10862.58203
1054.00000,10869.88184
1054.50000,10876.89453
1055.00000,10877.11914
1055.50000,10868.45703
1056.00000,10850.51367
1056.50000,10829.28906
1057.00000,10811.67383
1057.50000,10802.35254
1058.00000,10801.55176
1058.50000,10806.26563
1059.00000,10811.30078
1059.50000,10812.97266
1060.00000,10811.24609
1060.50000,10807.41699
1061.00000,10804.28418
1061.50000,10804.32813
1062.00000,10808.63184
1062.50000,10817.40039
1063.00000,10829.54102
1063.50000,10842.27637
1064.00000,10851.89355
1064.50000,10855.79980
1065.00000,10850.46094
1065.50000,10837.82324
1066.00000,10819.57617
1066.50000,10800.56836
1067.00000,10786.03320
1067.50000,10780.06836
1068.00000,10784.11914
1068.50000,10797.11426
1069.00000,10813.46289
1069.50000,10827.03516
1070.00000,10834.18359
1070.50000,10832.98730
1071.00000,10827.40332
1071.50000,10821.59473
1072.00000,10818.69336
1072.50000,10819.28613
1073.00000,10822.01074
1073.50000,10825.16211
1074.00000,10828.41406
1074.50000,10832.40039
1075.00000,10838.03418
1075.50000,10844.67578
1076.00000,10850.97852
1076.50000,10855.44043
1077.00000,10856.74121
1077.50000,10854.26563
1078.00000,10847.86719
1078.50000,10837.63574
1079.00000,10825.60645
1079.50000,10815.06934
1080.00000,10809.14355
1080.50000,10810.97656
1081.00000,10818.63770
1081.50000,10828.98047
1082.00000,10837.78906
1082.50000,10842.42773
1083.00000,10842.37891
1083.50000,10838.80859
1084.00000,10831.89551
1084.50000,10822.41113
1085.00000,10810.79297
1085.50000,10799.57031
1086.00000,10791.96875
1086.50000,10789.10742
1087.00000,10789.73730
1087.50000,10790.15723
1088.00000,10787.23926
1088.50000,10780.69824
1089.00000,10774.06152
1089.50000,10772.07715
1090.00000,10775.65723
1090.50000,10783.41406
1091.00000,10790.55859
1091.50000,10793.55176
1092.00000,10792.81152
1092.50000,10791.80273
1093.00000,10794.45801
1093.50000,10801.60352
1094.00000,10810.86328
1094.50000,10817.46973
1095.00000,10816.70020
1095.50000,10809.83789
1096.00000,10800.18945
1096.50000,10793.16504
1097.00000,10792.45898
1097.50000,10797.50098
1098.00000,10803.99023
1098.50000,10806.62109
1099.00000,10802.93945
1099.50000,10792.45996
1100.00000,10779.63184
1100.50000,10768.37207
1101.00000,10760.72656
1101.50000,10757.41895
1102.00000,10757.95801
1102.50000,10762.97852
1103.00000,10774.19922
1103.50000,10791.60352
1104.00000,10813.19629
1104.50000,10832.83105
1105.00000,10842.07227
1105.50000,10838.87207
1106.00000,10823.44824
1106.50000,10803.82813
1107.00000,10788.91016
1107.50000,10784.53613
1108.00000,10790.43652
1108.50000,10802.50000
1109.00000,10814.03223
1109.50000,10820.26660
1110.00000,10821.79883
1110.50000,10820.83789
1111.00000,10821.08203
1111.50000,10825.02930
1112.00000,10832.92773
1112.50000,10844.02832
1113.00000,10857.56348
1113.50000,10872.76855
1114.00000,10889.37207
1114.50000,10906.39648
1115.00000,10922.67578
1115.50000,10937.64746
1116.00000,10951.47168
1116.50000,10965.38184
1117.00000,10980.45703
1117.50000,10996.51367
1118.00000,11011.89551
1118.50000,11024.32617
1119.00000,11033.30078
1119.50000,11039.45020
1120.00000,11045.66699
1120.50000,11054.25293
1121.00000,11064.98047
1121.50000,11075.72559
1122.00000,11083.63184
1122.50000,11087.19531
1123.00000,11087.28906
1123.50000,11087.09668
1124.00000,11089.99805
1124.50000,11096.85449
1125.00000,11107.29883
1125.50000,11118.10352
1126.00000,11125.95215
1126.50000,11129.04492
1127.00000,11126.99902
1127.50000,11121.77734
1128.00000,11117.13086
1128.50000,11117.58105
1129.00000,11125.25195
1129.50000,11141.67578
1130.00000,11162.06641
1130.50000,11180.81738
1131.00000,11193.19824
1131.50000,11197.22168
1132.00000,11196.71973
1132.50000,11198.54883
1133.00000,11209.02637
1133.50000,11228.72949
1134.00000,11254.25977
1134.50000,11277.80078
1135.00000,11292.34473
1135.50000,11298.50488
1136.00000,11299.63867
1136.50000,11301.63281
1137.00000,11307.34961
1137.50000,11314.86914
1138.00000,11319.48145
1138.50000,11317.24512
1139.00000,11309.81543
1139.50000,11301.75781
1140.00000,11298.45898
1140.50000,11303.52148
1141.00000,11314.33008
1141.50000,11326.73535
1142.00000,11336.47363
1142.50000,11341.40332
1143.00000,11341.24316
1143.50000,11337.50488
1144.00000,11331.20313
1144.50000,11324.54102
1145.00000,11320.41113
1145.50000,11320.80273
1146.00000,11327.30176
1146.50000,11337.97852
1147.00000,11349.83008
1147.50000,11360.45801
1148.00000,11369.98145
1148.50000,11380.69531
1149.00000,11394.44531
1149.50000,11411.49414
1150.00000,11428.44141
1150.50000,11441.22852
1151.00000,11448.61426
1151.50000,11451.45313
1152.00000,11452.88379
1152.50000,11455.53809
1153.00000,11460.32324
1153.50000,11466.41113
1154.00000,11472.95996
1154.50000,11479.32129
1155.00000,11484.65625
1155.50000,11487.76953
1156.00000,11486.29395
1156.50000,11479.58887
1157.00000,11468.88672
1157.50000,11457.94141
1158.00000,11451.13184
1158.50000,11451.89160
1159.00000,11458.90723
1159.50000,11470.09180
1160.00000,11481.14160
1160.50000,11489.49902
1161.00000,11495.41797
1161.50000,11500.70508
1162.00000,11507.69141
1162.50000,11517.51855
1163.00000,11529.55664
1163.50000,11541.56641
1164.00000,11551.45801
1164.50000,11559.40820
1165.00000,11567.09570
1165.50000,11576.64551
1166.00000,11588.44629
1166.50000,11599.50684
1167.00000,11604.90137
1167.50000,11600.97949
1168.00000,11588.76270
1168.50000,11572.25488
1169.00000,11557.62402
1169.50000,11549.70801
1170.00000,11547.36523
1170.50000,11548.60352
1171.00000,11550.10645
1171.50000,11550.22949
1172.00000,11548.79395
1172.50000,11546.24414
1173.00000,11543.52344
1173.50000,11542.86035
1174.00000,11549.25586
1174.50000,11565.51563
1175.00000,11595.06836
1175.50000,11632.36816
1176.00000,11670.15234
1176.50000,11701.18164
1177.00000,11722.52734
1177.50000,11737.02246
1178.00000,11750.70313
1178.50000,11767.90137
1179.00000,11788.51953
1179.50000,11810.84180
1180.00000,11832.90625
1180.50000,11854.81250
1181.00000,11876.94922
1181.50000,11897.36426
1182.00000,11911.62598
1182.50000,11915.43848
1183.00000,11907.53027
1183.50000,11893.77637
1184.00000,11881.90918
1184.50000,11877.06836
1185.00000,11880.48633
1185.50000,11885.86426
1186.00000,11886.23828
1186.50000,11878.25293
1187.00000,11863.03516
1187.50000,11845.53516
1188.00000,11831.52539
1188.50000,11825.76758
1189.00000,11828.41797
1189.50000,11840.47754
1190.00000,11857.71484
1190.50000,11876.38477
1191.00000,11891.17383
1191.50000,11896.37891
1192.00000,11888.93066
1192.50000,11869.21777
1193.00000,11840.04395
1193.50000,11807.88672
1194.00000,11778.69141
1194.50000,11755.63184
1195.00000,11740.93555
1195.50000,11731.72168
1196.00000,11725.22656
1196.50000,11718.34961
1197.00000,11709.56445
1197.50000,11699.08496
1198.00000,11688.19727
1198.50000,11677.81738
1199.00000,11667.76660
1199.50000,11657.12207
1200.00000,11645.66016
1200.50000,11634.83887
1201.00000,11627.71484
1201.50000,11628.47461
1202.00000,11639.12891
1202.50000,11658.23438
1203.00000,11681.72852
1203.50000,11703.57324
1204.00000,11718.68848
1204.50000,11727.70215
1205.00000,11733.36719
1205.50000,11741.15527
1206.00000,11755.24902
1206.50000,11775.33301
1207.00000,11797.83594
1207.50000,11817.77539
1208.00000,11831.92188
1208.50000,11838.86816
1209.00000,11841.26074
1209.50000,11840.65820
1210.00000,11839.04395
1210.50000,11836.90234
1211.00000,11834.70898
1211.50000,11833.10938
1212.00000,11832.56348
1212.50000,11832.78809
1213.00000,11832.86133
1213.50000,11831.96777
1214.00000,11829.73340
1214.50000,11826.64648
1215.00000,11822.34668
1215.50000,11816.19727
1216.00000,11807.42676
1216.50000,11797.42578
1217.00000,11789.67383
1217.50000,11788.07910
1218.00000,11793.42383
1218.50000,11803.85254
1219.00000,11814.55078
1219.50000,11822.66406
1220.00000,11829.43457
1220.50000,11837.39844
1221.00000,11846.89844
1221.50000,11854.14551
1222.00000,11853.48242
1222.50000,11842.32422
1223.00000,11822.97461
1223.50000,11803.12500
1224.00000,11789.31445
1224.50000,11780.87500
1225.00000,11773.26465
1225.50000,11761.35547
1226.00000,11744.32617
1226.50000,11727.38867
1227.00000,11717.20117
1227.50000,11717.10742
1228.00000,11724.00391
1228.50000,11732.97656
1229.00000,11739.81348
1229.50000,11743.59473
1230.00000,11746.89453
1230.50000,11751.93164
1231.00000,11758.99512
1231.50000,11767.17871
1232.00000,11775.31641
1232.50000,11782.78320
1233.00000,11789.21582
1233.50000,11794.61426
1234.00000,11799.43945
1234.50000,11805.67578
1235.00000,11817.39160
1235.50000,11836.81836
1236.00000,11865.44238
1236.50000,11900.12402
1237.00000,11935.48145
1237.50000,11965.58398
1238.00000,11986.95703
1238.50000,11997.42773
1239.00000,12001.31250
1239.50000,12003.82715
1240.00000,12011.27832
1240.50000,12028.61914
1241.00000,12054.15430
1241.50000,12082.60742
1242.00000,12107.32227
1242.50000,12125.41895
1243.00000,12139.38574
1243.50000,12155.88965
1244.00000,12180.94824
1244.50000,12212.04590
1245.00000,12242.17480
1245.50000,12263.14844
1246.00000,12269.23340
1246.50000,12262.77441
1247.00000,12249.83203
1247.50000,12236.54297
1248.00000,12226.51855
1248.50000,12221.32129
1249.00000,12220.03320
1249.50000,12223.16113
1250.00000,12229.24121
1250.50000,12236.81055
1251.00000,12243.42090
1251.50000,12247.13086
1252.00000,12247.37988
1252.50000,12244.59180
1253.00000,12238.60840
1253.50000,12229.83496
1254.00000,12219.04980
1254.50000,12209.82031
1255.00000,12207.89551
1255.50000,12215.20996
1256.00000,12230.40723
1256.50000,12246.81543
1257.00000,12257.63184
1257.50000,12260.24414
1258.00000,12258.85840
1258.50000,12260.15234
1259.00000,12267.84961
1259.50000,12282.14160
1260.00000,12297.39746
1260.50000,12309.11426
1261.00000,12316.92188
1261.50000,12323.69922
1262.00000,12333.15820
1262.50000,12346.96777
1263.00000,12365.24414
1263.50000,12386.61816
1264.00000,12411.53516
1264.50000,12438.99512
1265.00000,12466.86523
1265.50000,12490.83301
1266.00000,12505.82715
1266.50000,12510.63379
1267.00000,12507.69336
1267.50000,12501.18652
1268.00000,12494.75000
1268.50000,12489.30469
1269.00000,12484.28809
1269.50000,12480.51563
1270.00000,12479.76758
1270.50000,12484.22559
1271.00000,12492.58789
1271.50000,12501.66797
1272.00000,12508.64258
1272.50000,12513.93555
1273.00000,12520.91699
1273.50000,12532.25488
1274.00000,12548.24609
1274.50000,12564.15039
1275.00000,12574.96777
1275.50000,12580.17188
1276.00000,12582.68945
1276.50000,12587.34863
1277.00000,12596.59375
1277.50000,12609.20605
1278.00000,12621.77051
1278.50000,12632.62012
1279.00000,12643.62891
1279.50000,12658.78613
1280.00000,12679.05469
1280.50000,12702.55176
1281.00000,12723.91211
1281.50000,12738.14648
1282.00000,12744.06445
1282.50000,12745.54980
1283.00000,12747.96875
1283.50000,12755.22168
1284.00000,12769.77832
1284.50000,12789.03613
1285.00000,12811.34766
1285.50000,12834.45898
1286.00000,12856.62891
1286.50000,12875.40723
1287.00000,12887.13086
1287.50000,12887.84180
1288.00000,12878.27539
1288.50000,12861.92773
1289.00000,12847.66406
1289.50000,12844.84277
1290.00000,12854.47363
1290.50000,12873.98828
1291.00000,12894.94531
1291.50000,12910.23730
1292.00000,12917.20801
1292.50000,12917.77539
1293.00000,12913.60449
1293.50000,12905.68848
1294.00000,12892.08398
1294.50000,12874.83789
1295.00000,12859.36914
1295.50000,12853.08789
1296.00000,12862.24512
1296.50000,12884.53418
1297.00000,12910.59375
1297.50000,12928.85645
1298.00000,12933.75977
1298.50000,12925.73145
1299.00000,12915.61914
1299.50000,12914.90039
1300.00000,12927.53418
1300.50000,12953.24316
1301.00000,12984.40527
1301.50000,13013.56836
1302.00000,13036.02344
1302.50000,13050.97363
1303.00000,13058.40625
1303.50000,13060.79395
1304.00000,13059.24902
1304.50000,13057.08105
1305.00000,13056.83594
1305.50000,13058.95020
1306.00000,13061.53320
1306.50000,13061.44531
1307.00000,13057.15039
1307.50000,13050.10254
1308.00000,13044.04492
1308.50000,13041.84863
1309.00000,13042.06055
1309.50000,13041.17285
1310.00000,13036.37793
1310.50000,13026.59766
1311.00000,13013.33496
1311.50000,12997.24121
1312.00000,12977.86719
1312.50000,12956.01855
1313.00000,12935.88574
1313.50000,12923.33789
1314.00000,12924.73145
1314.50000,12933.16699
1315.00000,12936.96484
1315.50000,12925.83789
1316.00000,12897.10938
1316.50000,12861.47266
1317.00000,12834.87109
1317.50000,12828.88965
1318.00000,12839.97461
1318.50000,12857.71582
1319.00000,12867.98438
1319.50000,12860.85840
1320.00000,12840.09082
1320.50000,12812.32617
1321.00000,12787.31641
1321.50000,12772.80566
1322.00000,12772.49512
1322.50000,12783.67480
1323.00000,12800.29004
1323.50000,12812.96680
1324.00000,12813.90430
1324.50000,12806.24121
1325.00000,12796.82910
1325.50000,12794.01367
1326.00000,12801.05078
1326.50000,12812.65820
1327.00000,12819.77246
1327.50000,12815.95410
1328.00000,12803.85840
1328.50000,12790.84668
1329.00000,12784.99707
1329.50000,12791.97949
1330.00000,12808.17090
1330.50000,12828.96680
1331.00000,12848.57910
1331.50000,12862.78027
1332.00000,12868.98633
1332.50000,12867.66992
1333.00000,12860.66797
1333.50000,12853.34570
1334.00000,12851.74121
1334.50000,12857.13574
1335.00000,12867.82910
1335.50000,12877.32617
1336.00000,12879.67578
1336.50000,12873.93652
1337.00000,12864.69824
1337.50000,12858.71875
1338.00000,12859.68164
1338.50000,12867.65625
1339.00000,12876.94336
1339.50000,12882.73828
1340.00000,12884.63086
1340.50000,12885.53613
1341.00000,12889.47949
1341.50000,12898.02539
1342.00000,12909.42871
1342.50000,12920.06250
1343.00000,12926.68848
1343.50000,12928.83398
1344.00000,12925.66895
1344.50000,12918.65625
1345.00000,12907.66895
1345.50000,12893.74902
1346.00000,12877.56934
1346.50000,12859.70605
1347.00000,12840.25391
1347.50000,12819.35059
1348.00000,12798.77148
1348.50000,12782.85156
1349.00000,12774.08496
1349.50000,12774.25879
1350.00000,12778.53418
1350.50000,12781.17383
1351.00000,12778.56250
1351.50000,12771.61133
1352.00000,12764.54297
1352.50000,12760.43945
1353.00000,12757.99512
1353.50000,12752.20020
1354.00000,12737.92383
1354.50000,12718.70996
1355.00000,12702.92090
1355.50000,12698.69434
1356.00000,12708.71289
1356.50000,12724.65625
1357.00000,12733.69434
1357.50000,12726.41016
1358.00000,12705.77344
1358.50000,12680.14844
1359.00000,12660.76758
1359.50000,12654.83105
1360.00000,12658.90527
1360.50000,12668.26465
1361.00000,12678.56934
1361.50000,12689.37598
1362.00000,12702.08398
1362.50000,12716.23340
1363.00000,12728.25098
1363.50000,12734.30664
1364.00000,12731.54492
1364.50000,12724.14258
1365.00000,12716.44922
1365.50000,12711.49609
1366.00000,12708.69824
1366.50000,12704.38086
1367.00000,12694.69141
1367.50000,12677.34863
1368.00000,12654.66895
1368.50000,12630.27148
1369.00000,12609.00781
1369.50000,12595.10742
1370.00000,12587.58496
1370.50000,12583.16016
1371.00000,12576.53223
1371.50000,12564.92969
1372.00000,12549.88965
1372.50000,12535.89355
1373.00000,12526.04297
1373.50000,12517.92676
1374.00000,12505.51270
1374.50000,12485.90332
1375.00000,12461.19238
1375.50000,12440.27246
1376.00000,12432.07617
1376.50000,12437.78516
1377.00000,12449.22754
1377.50000,12454.82520
1378.00000,12449.33398
1378.50000,12434.63867
1379.00000,12420.48340
1379.50000,12413.86426
1380.00000,12413.27148
1380.50000,12412.87598
1381.00000,12407.24805
1381.50000,12396.43652
1382.00000,12385.86523
1382.50000,12381.40430
1383.00000,12385.50195
1383.50000,12392.74023
1384.00000,12395.58594
1384.50000,12390.51074
1385.00000,12378.57910
1385.50000,12365.85449
1386.00000,12356.96289
1386.50000,12351.72559
1387.00000,12345.63379
1387.50000,12333.87598
1388.00000,12317.09180
1388.50000,12300.75879
1389.00000,12291.90723
1389.50000,12296.07324
1390.00000,12308.80078
1390.50000,12322.35156
1391.00000,12328.87500
1391.50000,12326.19141
1392.00000,12317.12109
1392.50000,12306.76855
1393.00000,12297.39844
1393.50000,12287.77441
1394.00000,12274.46387
1394.50000,12256.22168
1395.00000,12232.77637
1395.50000,12206.83691
1396.00000,12181.93262
1396.50000,12162.28027
1397.00000,12151.86719
1397.50000,12153.70605
1398.00000,12163.55859
1398.50000,12174.17480
1399.00000,12176.61719
1399.50000,12163.67871
1400.00000,12139.74512
1400.50000,12113.87598
1401.00000,12096.52148
1401.50000,12092.71777
1402.00000,12100.33984
1402.50000,12111.45313
1403.00000,12120.03613
1403.50000,12125.12598
1404.00000,12128.56250
1404.50000,12132.28809
1405.00000,12135.78418
1405.50000,12137.88574
1406.00000,12138.94531
1406.50000,12141.13672
1407.00000,12145.81055
1407.50000,12151.27344
1408.00000,12153.45215
1408.50000,12148.53516
1409.00000,12140.03125
1409.50000,12135.46289
1410.00000,12140.16895
1410.50000,12154.08301
1411.00000,12169.59180
1411.50000,12178.26660
1412.00000,12176.95703
1412.50000,12171.39551
1413.00000,12170.67480
1413.50000,12179.36133
1414.00000,12197.18164
1414.50000,12215.40234
1415.00000,12225.38379
1415.50000,12224.59766
1416.00000,12215.91309
1416.50000,12205.08496
1417.00000,12196.99023
1417.50000,12193.84473
1418.00000,12194.06445
1418.50000,12195.58691
1419.00000,12196.06543
1419.50000,12194.35645
1420.00000,12191.35449
1420.50000,12188.79102
1421.00000,12188.37012
1421.50000,12190.50391
1422.00000,12194.35156
1422.50000,12198.24121
1423.00000,12200.71680
1423.50000,12201.38477
1424.00000,12199.75684
1424.50000,12196.53516
1425.00000,12192.57324
1425.50000,12189.54102
1426.00000,12189.19238
1426.50000,12192.02051
1427.00000,12196.06348
1427.50000,12197.99414
1428.00000,12195.58691
1428.50000,12187.04883
1429.00000,12174.55176
1429.50000,12159.16797
1430.00000,12142.22168
1430.50000,12123.84863
1431.00000,12104.30762
1431.50000,12084.16895
1432.00000,12063.77832
1432.50000,12042.77734
1433.00000,12020.30176
1433.50000,11996.94922
1434.00000,11975.01660
1434.50000,11956.73047
1435.00000,11943.13086
1435.50000,11931.49023
1436.00000,11918.05762
1436.50000,11901.36133
1437.00000,11884.57520
1437.50000,11874.59570
1438.00000,11874.59668
1438.50000,11885.87598
1439.00000,11901.71582
1439.50000,11917.21973
1440.00000,11930.02148
1440.50000,11940.38867
1441.00000,11949.17285
1441.50000,11955.45020
1442.00000,11957.02246
1442.50000,11954.23535
1443.00000,11950.78906
1443.50000,11952.31836
1444.00000,11964.14648
1444.50000,11984.28418
1445.00000,12009.46973
1445.50000,12034.80762
1446.00000,12057.13477
1446.50000,12074.74121
1447.00000,12086.55859
1447.50000,12090.32031
1448.00000,12087.33594
1448.50000,12080.74316
1449.00000,12076.89355
1449.50000,12081.20801
1450.00000,12093.08301
1450.50000,12109.03418
1451.00000,12124.42676
1451.50000,12137.48535
1452.00000,12149.50195
1452.50000,12162.01660
1453.00000,12172.70117
1453.50000,12176.85352
1454.00000,12168.49316
1454.50000,12150.64453
1455.00000,12129.80469
1455.50000,12114.54980
1456.00000,12109.31250
1456.50000,12111.60254
1457.00000,12114.12500
1457.50000,12110.47070
1458.00000,12100.18164
1458.50000,12085.13770
1459.00000,12068.61719
1459.50000,12049.99609
1460.00000,12028.21582
1460.50000,12004.18555
1461.00000,11982.70410
1461.50000,11969.39844
1462.00000,11966.60449
1462.50000,11968.67090
1463.00000,11966.53223
1463.50000,11955.87988
1464.00000,11937.98145
1464.50000,11921.25879
1465.00000,11912.81445
1465.50000,11912.49219
1466.00000,11914.65039
1466.50000,11912.64941
1467.00000,11904.70313
1467.50000,11894.16992
1468.00000,11887.05273
1468.50000,11887.35840
1469.00000,11892.14258
1469.50000,11897.55859
1470.00000,11899.87109
1470.50000,11896.91016
1471.00000,11888.32520
1471.50000,11874.41797
1472.00000,11855.51660
1472.50000,11834.03516
1473.00000,11813.39160
1473.50000,11796.59570
1474.00000,11786.55957
1474.50000,11782.42871
1475.00000,11783.74707
1475.50000,11788.81641
1476.00000,11796.19727
1476.50000,11804.06543
1477.00000,11810.11426
1477.50000,11812.14648
1478.00000,11810.84375
1478.50000,11808.01953
1479.00000,11806.85059
1479.50000,11809.55859
1480.00000,11814.97168
1480.50000,11819.92871
1481.00000,11821.14941
1481.50000,11818.20898
1482.00000,11814.90918
1482.50000,11817.21191
1483.00000,11830.85059
1483.50000,11852.85059
1484.00000,11877.26465
1484.50000,11895.84277
1485.00000,11903.42090
1485.50000,11903.03809
1486.00000,11902.15137
1486.50000,11907.81738
1487.00000,11920.19141
1487.50000,11935.11719
1488.00000,11947.25195
1488.50000,11954.05273
1489.00000,11958.44043
1489.50000,11962.83887
1490.00000,11967.22070
1490.50000,11968.97266
1491.00000,11967.02148
1491.50000,11965.39063
1492.00000,11971.07617
1492.50000,11986.81250
1493.00000,12010.26172
1493.50000,12030.87402
1494.00000,12037.60059
1494.50000,12030.50977
1495.00000,12017.10840
1495.50000,12011.30078
1496.00000,12022.03418
1496.50000,12048.57324
1497.00000,12080.61133
1497.50000,12107.17090
1498.00000,12123.88672
1498.50000,12131.19434
1499.00000,12136.90625
1499.50000,12146.28223
1500.00000,12158.46484
1500.50000,12168.07422
1501.00000,12169.89355
1501.50000,12163.45508
1502.00000,12153.31738
1502.50000,12147.29688
1503.00000,12152.66309
1503.50000,12167.42188
1504.00000,12186.12891
1504.50000,12199.97754
1505.00000,12203.40625
1505.50000,12198.05566
1506.00000,12190.07910
1506.50000,12187.04395
1507.00000,12193.34668
1507.50000,12210.56055
1508.00000,12233.17676
1508.50000,12254.35059
1509.00000,12268.57227
1509.50000,12271.94727
1510.00000,12267.05176
1510.50000,12258.85547
1511.00000,12253.37891
1511.50000,12253.87305
1512.00000,12259.55371
1512.50000,12264.91895
1513.00000,12263.55664
1513.50000,12254.15332
1514.00000,12236.32227
1514.50000,12214.16797
1515.00000,12190.61035
1515.50000,12167.78320
1516.00000,12146.75781
1516.50000,12128.24805
1517.00000,12112.25000
1517.50000,12099.11133
1518.00000,12088.28320
1518.50000,12080.34668
1519.00000,12074.71582
1519.50000,12070.45313
1520.00000,12064.74902
1520.50000,12053.64746
1521.00000,12035.51563
1521.50000,12012.79395
1522.00000,11990.10645
1522.50000,11971.32129
1523.00000,11957.52441
1523.50000,11944.65820
1524.00000,11928.72656
1524.50000,11909.80762
1525.00000,11892.47949
1525.50000,11881.91211
1526.00000,11879.45020
1526.50000,11881.12598
1527.00000,11879.80078
1527.50000,11869.62891
1528.00000,11852.46875
1528.50000,11833.75781
1529.00000,11820.84766
1529.50000,11818.56152
1530.00000,11825.19238
1530.50000,11837.05957
1531.00000,11849.73535
1531.50000,11860.20898
1532.00000,11866.95898
1532.50000,11870.33496
1533.00000,11870.78223
1533.50000,11870.64355
1534.00000,11872.92383
1534.50000,11879.87012
1535.00000,11892.80469
1535.50000,11909.70605
1536.00000,11926.96680
1536.50000,11941.55957
1537.00000,11953.87012
1537.50000,11966.68066
1538.00000,11982.51953
1538.50000,12002.19531
1539.00000,12022.38770
1539.50000,12038.68945
1540.00000,12048.49902
1540.50000,12051.28418
1541.00000,12049.47461
1541.50000,12046.18652
1542.00000,12043.75684
1542.50000,12043.21680
1543.00000,12044.67676
1543.50000,12046.35352
1544.00000,12046.05176
1544.50000,12043.16309
1545.00000,12039.06152
1545.50000,12036.54688
1546.00000,12037.73340
1546.50000,12042.67188
1547.00000,12048.88672
1547.50000,12053.30762
1548.00000,12053.60254
1548.50000,12046.14355
1549.00000,12030.12793
1549.50000,12004.07129
1550.00000,11972.51074
1550.50000,11943.41406
1551.00000,11924.63965
1551.50000,11917.41406
1552.00000,11914.98242
1552.50000,11906.60449
1553.00000,11885.35547
1553.50000,11857.26367
1554.00000,11831.12695
1554.50000,11812.67383
1555.00000,11800.70605
1555.50000,11788.18164
1556.00000,11771.06152
1556.50000,11752.34668
1557.00000,11738.45703
1557.50000,11734.18164
1558.00000,11735.74316
1558.50000,11737.25781
1559.00000,11734.01758
1559.50000,11725.92383
1560.00000,11717.23438
1560.50000,11711.88477
1561.00000,11711.56738
1561.50000,11715.05762
1562.00000,11719.50684
1562.50000,11720.85352
1563.00000,11714.23730
1563.50000,11701.06250
1564.00000,11684.30859
1564.50000,11669.64844
1565.00000,11661.04297
1565.50000,11658.32031
1566.00000,11659.38281
1566.50000,11663.80859
1567.00000,11672.61719
1567.50000,11687.74902
1568.00000,11706.06641
1568.50000,11722.07910
1569.00000,11731.48535
1569.50000,11732.19434
1570.00000,11726.79980
1570.50000,11717.65625
1571.00000,11705.50488
1571.50000,11691.59863
1572.00000,11679.60938
1572.50000,11673.79004
1573.00000,11677.76465
1573.50000,11685.91797
1574.00000,11689.91406
1574.50000,11684.92383
1575.00000,11670.81836
1575.50000,11652.15332
1576.00000,11632.41504
1576.50000,11611.37500
1577.00000,11587.25391
1577.50000,11559.61719
1578.00000,11531.19629
1578.50000,11503.92676
1579.00000,11477.30859
1579.50000,11449.97852
1580.00000,11422.50684
1580.50000,11398.62988
1581.00000,11381.52539
1581.50000,11369.65723
1582.00000,11357.70703
1582.50000,11339.93848
1583.00000,11312.02637
1583.50000,11278.04395
1584.00000,11243.44238
1584.50000,11214.11426
1585.00000,11194.19727
1585.50000,11184.37109
1586.00000,11182.96875
1586.50000,11187.44336
1587.00000,11194.07617
1587.50000,11200.62598
1588.00000,11205.82715
1588.50000,11207.75684
1589.00000,11205.11621
1589.50000,11196.40527
1590.00000,11183.86914
1590.50000,11172.07813
1591.00000,11165.07520
1591.50000,11161.84180
1592.00000,11157.97070
1592.50000,11149.54102
1593.00000,11134.82324
1593.50000,11117.33594
1594.00000,11098.62207
1594.50000,11077.99707
1595.00000,11054.16992
1595.50000,11029.70898
1596.00000,11010.77148
1596.50000,11002.81250
1597.00000,11002.90723
1597.50000,11001.82324
1598.00000,10990.83594
1598.50000,10966.48633
1599.00000,10936.78809
1599.50000,10910.35449
1600.00000,10891.52832
1600.50000,10878.74512
1601.00000,10866.41309
1601.50000,10849.65625
1602.00000,10825.47949
1602.50000,10795.15527
1603.00000,10760.75000
1603.50000,10728.50000
1604.00000,10707.02637
1604.50000,10698.40820
1605.00000,10698.73633
1605.50000,10697.16113
1606.00000,10682.56055
1606.50000,10648.78711
1607.00000,10601.76172
1607.50000,10551.60645
1608.00000,10508.99902
1608.50000,10480.51953
1609.00000,10462.44727
1609.50000,10449.26758
1610.00000,10433.67578
1610.50000,10410.73926
1611.00000,10381.04297
1611.50000,10349.32715
1612.00000,10320.30859
1612.50000,10295.31836
1613.00000,10273.10449
1613.50000,10249.99414
1614.00000,10224.37988
1614.50000,10198.45215
1615.00000,10175.90723
1615.50000,10159.18945
1616.00000,10147.89746
1616.50000,10139.37793
1617.00000,10129.08691
1617.50000,10112.73340
1618.00000,10090.74902
1618.50000,10065.71094
1619.00000,10043.82324
1619.50000,10031.60156
1620.00000,10030.55957
1620.50000,10036.48535
1621.00000,10042.06641
1621.50000,10041.52930
1622.00000,10031.42188
1622.50000,10013.85352
1623.00000,9989.91113
1623.50000,9964.18848
1624.00000,9941.51270
1624.50000,9925.63574
1625.00000,9918.00098
1625.50000,9914.39551
1626.00000,9906.78711
1626.50000,9887.11914
1627.00000,9856.52637
1627.50000,9818.61328
1628.00000,9780.54004
1628.50000,9746.11914
1629.00000,9715.03711
1629.50000,9686.38867
1630.00000,9659.18848
1630.50000,9633.02930
1631.00000,9606.87988
1631.50000,9579.25586
1632.00000,9548.94727
1632.50000,9516.47070
1633.00000,9481.90430
1633.50000,9445.61426
1634.00000,9408.20410
1634.50000,9373.04688
1635.00000,9346.19727
1635.50000,9332.12012
1636.00000,9327.82715
1636.50000,9324.92383
1637.00000,9315.03125
1637.50000,9293.93164
1638.00000,9268.05273
1638.50000,9245.34961
1639.00000,9228.66992
1639.50000,9214.14551
1640.00000,9194.95703
1640.50000,9167.62598
1641.00000,9134.84277
1641.50000,9103.91602
1642.00000,9080.75586
1642.50000,9063.83301
1643.00000,9049.77734
1643.50000,9034.45117
1644.00000,9016.95215
1644.50000,8999.16309
1645.00000,8982.18652
1645.50000,8964.24121
1646.00000,8942.08301
1646.50000,8913.41309
1647.00000,8880.71289
1647.50000,8849.12305
1648.00000,8823.28320
1648.50000,8805.97852
1649.00000,8794.38281
1649.50000,8785.27539
1650.00000,8775.25488
1650.50000,8762.56641
1651.00000,8748.19629
1651.50000,8735.25195
1652.00000,8727.88867
1652.50000,8726.64160
1653.00000,8729.07324
1653.50000,8727.20508
1654.00000,8713.20605
1654.50000,8688.06152
1655.00000,8658.83887
1655.50000,8635.60742
1656.00000,8623.68164
1656.50000,8621.06152
1657.00000,8618.19434
1657.50000,8608.59082
1658.00000,8593.87598
1658.50000,8578.43359
1659.00000,8565.88477
1659.50000,8554.83398
1660.00000,8540.75195
1660.50000,8521.48926
1661.00000,8499.76367
1661.50000,8481.66406
1662.00000,8473.29102
1662.50000,8472.53711
1663.00000,8473.85352
1663.50000,8470.30859
1664.00000,8457.29492
1664.50000,8436.92871
1665.00000,8414.49805
1665.50000,8395.91895
1666.00000,8383.57813
1666.50000,8377.13672
1667.00000,8373.25000
1667.50000,8369.37305
1668.00000,8363.85547
1668.50000,8355.53125
1669.00000,8344.17773
1669.50000,8329.11328
1670.00000,8310.75977
1670.50000,8290.16699
1671.00000,8268.97070
1671.50000,8249.02344
1672.00000,8232.78418
1672.50000,8221.51758
1673.00000,8217.42578
1673.50000,8218.21484
1674.00000,8220.42676
1674.50000,8220.27246
1675.00000,8215.89160
1675.50000,8207.97266
1676.00000,8198.45117
1676.50000,8188.58350
1677.00000,8179.16553
1677.50000,8172.05664
1678.00000,8169.13330
1678.50000,8172.90479
1679.00000,8181.02734
1679.50000,8188.15674
1680.00000,8189.19727
1680.50000,8182.59961
1681.00000,8170.66406
1681.50000,8158.07178
1682.00000,8147.65381
1682.50000,8138.58105
1683.00000,8129.38623
1683.50000,8119.78418
1684.00000,8111.23389
1684.50000,8105.14355
1685.00000,8100.94580
1685.50000,8096.04395
1686.00000,8088.09424
1686.50000,8076.71436
1687.00000,8065.15576
1687.50000,8058.72656
1688.00000,8058.28662
1688.50000,8061.69434
1689.00000,8062.41162
1689.50000,8054.21338
1690.00000,8036.78125
1690.50000,8016.73389
1691.00000,8001.74902
1691.50000,7994.18115
1692.00000,7991.26709
1692.50000,7986.28711
1693.00000,7976.16943
1693.50000,7965.33740
1694.00000,7959.13428
1694.50000,7957.83398
1695.00000,7955.85791
1695.50000,7945.57813
1696.00000,7926.53564
1696.50000,7904.13916
1697.00000,7886.00000
1697.50000,7876.68848
1698.00000,7871.77832
1698.50000,7865.81982
1699.00000,7856.75244
1699.50000,7846.34619
1700.00000,7837.42383
1700.50000,7830.44385
1701.00000,7823.26270
1701.50000,7814.26172
1702.00000,7803.87500
1702.50000,7794.11719
1703.00000,7786.57031
1703.50000,7781.13965
1704.00000,7778.63623
1704.50000,7780.29980
1705.00000,7786.59424
1705.50000,7793.75781
1706.00000,7793.32715
1706.50000,7777.14307
1707.00000,7748.17334
1707.50000,7714.91211
1708.00000,7690.23633
1708.50000,7683.85986
1709.00000,7689.20654
1709.50000,7695.31104
1710.00000,7693.81885
1710.50000,7684.58936
1711.00000,7673.97021
1711.50000,7668.16455
1712.00000,7667.28174
1712.50000,7665.48389
1713.00000,7657.05420
1713.50000,7642.78906
1714.00000,7627.55811
1714.50000,7617.09619
1715.00000,7613.75342
1715.50000,7615.62061
1716.00000,7617.95752
1716.50000,7615.82666
1717.00000,7608.31152
1717.50000,7595.84961
1718.00000,7582.62158
1718.50000,7572.47461
1719.00000,7567.09082
1719.50000,7566.03125
1720.00000,7567.56934
1720.50000,7570.39307
1721.00000,7573.48779
1721.50000,7574.74658
1722.00000,7570.24951
1722.50000,7559.09375
1723.00000,7542.02734
1723.50000,7525.25391
1724.00000,7515.96875
1724.50000,7515.15527
1725.00000,7518.74365
1725.50000,7519.99463
1726.00000,7514.28711
1726.50000,7500.34863
1727.00000,7483.16895
1727.50000,7466.86035
1728.00000,7453.10498
1728.50000,7441.71826
1729.00000,7431.08496
1729.50000,7421.11377
1730.00000,7413.58936
1730.50000,7410.86230
1731.00000,7414.25635
1731.50000,7421.52197
1732.00000,7429.08545
1732.50000,7434.36865
1733.00000,7436.36914
1733.50000,7436.13623
1734.00000,7433.27979
1734.50000,7427.53564
1735.00000,7419.58643
1735.50000,7412.13965
1736.00000,7408.04639
1736.50000,7407.83789
1737.00000,7407.22266
1737.50000,7401.39258
1738.00000,7391.01172
1738.50000,7380.03125
1739.00000,7374.03662
1739.50000,7375.39502
1740.00000,7381.99805
1740.50000,7390.58154
1741.00000,7398.96875
1741.50000,7405.70557
1742.00000,7408.31934
1742.50000,7405.56934
1743.00000,7395.89404
1743.50000,7382.32031
1744.00000,7368.35254
1744.50000,7356.53516
1745.00000,7347.43164
1745.50000,7340.87891
1746.00000,7336.70313
1746.50000,7334.85498
1747.00000,7333.36914
1747.50000,7329.87793
1748.00000,7324.09082
1748.50000,7317.58838
1749.00000,7312.86914
1749.50000,7310.05859
1750.00000,7306.71875
1750.50000,7300.58252
1751.00000,7292.07666
1751.50000,7284.80469
1752.00000,7281.88184
1752.50000,7281.76074
1753.00000,7280.86084
1753.50000,7276.25049
1754.00000,7268.64063
1754.50000,7261.99268
1755.00000,7259.56787
1755.50000,7261.36670
1756.00000,7263.53125
1756.50000,7261.77148
1757.00000,7255.76416
1757.50000,7247.48682
1758.00000,7241.03857
1758.50000,7238.85010
1759.00000,7238.96436
1759.50000,7238.31836
1760.00000,7234.96533
1760.50000,7229.57617
1761.00000,7224.37842
1761.50000,7220.39893
1762.00000,7216.88281
1762.50000,7212.80176
1763.00000,7209.73486
1763.50000,7210.78320
1764.00000,7217.71436
1764.50000,7226.38330
1765.00000,7228.25146
1765.50000,7215.30859
1766.00000,7191.33789
1766.50000,7166.15039
1767.00000,7150.45313
1767.50000,7150.68652
1768.00000,7156.88477
1768.50000,7157.17334
1769.00000,7146.71387
1769.50000,7129.10547
1770.00000,7114.10010
1770.50000,7107.37939
1771.00000,7106.68506
1771.50000,7104.71240
1772.00000,7096.03516
1772.50000,7083.70410
1773.00000,7074.74121
1773.50000,7073.00977
1774.00000,7077.69385
1774.50000,7081.88525
1775.00000,7078.53369
1775.50000,7065.99902
1776.00000,7049.49463
1776.50000,7037.16992
1777.00000,7034.48242
1777.50000,7042.39160
1778.00000,7053.05322
1778.50000,7058.73779
1779.00000,7055.54980
1779.50000,7045.22412
1780.00000,7034.31836
1780.50000,7028.18652
1781.00000,7028.42090
1781.50000,7030.65674
1782.00000,7028.46289
1782.50000,7019.86914
1783.00000,7006.34131
1783.50000,6994.40430
1784.00000,6989.73633
1784.50000,6991.12549
1785.00000,6992.74561
1785.50000,6988.13086
1786.00000,6975.47266
1786.50000,6958.50781
1787.00000,6943.54883
1787.50000,6935.30176
1788.00000,6933.17920
1788.50000,6936.13721
1789.00000,6940.95996
1789.50000,6944.57910
1790.00000,6943.77490
1790.50000,6936.80371
1791.00000,6926.05322
1791.50000,6917.21777
1792.00000,6916.10596
1792.50000,6921.97803
1793.00000,6930.56299
1793.50000,6935.28369
1794.00000,6932.23047
1794.50000,6922.49707
1795.00000,6909.88281
1795.50000,6898.59326
1796.00000,6890.37451
1796.50000,6885.41602
1797.00000,6882.32129
1797.50000,6881.69482
1798.00000,6884.65820
1798.50000,6893.49365
1799.00000,6907.02832
1799.50000,6920.77783
1800.00000,6928.16895
1800.50000,6924.61133
1801.00000,6907.71533
1801.50000,6882.38135
1802.00000,6857.49512
1802.50000,6842.59619
1803.00000,6846.09180
1803.50000,6863.42139
1804.00000,6883.18164
1804.50000,6892.75439
1805.00000,6888.58594
1805.50000,6876.65625
1806.00000,6867.25049
1806.50000,6863.82275
1807.00000,6860.71680
1807.50000,6851.11670
1808.00000,6835.28125
1808.50000,6818.05469
1809.00000,6804.27881
1809.50000,6795.17725
1810.00000,6789.91016
