440.00000,12753.70313
440.50000,12752.63281
441.00000,12749.18164
441.50000,12744.10742
442.00000,12739.45996
442.50000,12737.20313
443.00000,12737.03027
443.50000,12738.46680
444.00000,12740.53516
444.50000,12742.81543
445.00000,12745.31836
445.50000,12747.67090
446.00000,12748.73730
446.50000,12747.51172
447.00000,12742.82129
447.50000,12736.73828
448.00000,12732.85254
448.50000,12733.48535
449.00000,12739.85059
449.50000,12749.77344
450.00000,12758.41797
450.50000,12761.88965
451.00000,12760.12598
451.50000,12754.90332
452.00000,12750.60938
452.50000,12752.27539
453.00000,12759.04297
453.50000,12769.02344
454.00000,12778.55176
454.50000,12784.32813
455.00000,12784.61914
455.50000,12781.21387
456.00000,12776.15820
456.50000,12771.66699
457.00000,12769.59766
457.50000,12770.21777
458.00000,12773.15332
458.50000,12776.81641
459.00000,12779.65430
459.50000,12780.31152
460.00000,12777.81152
460.50000,12772.75488
461.00000,12767.02539
461.50000,12762.49414
462.00000,12760.20898
462.50000,12761.10156
463.00000,12763.63574
463.50000,12766.12598
464.00000,12767.23242
464.50000,12766.02930
465.00000,12762.17383
465.50000,12756.09473
466.00000,12748.41113
466.50000,12740.03906
467.00000,12731.80469
467.50000,12724.59961
468.00000,12720.03906
468.50000,12718.45117
469.00000,12720.50684
469.50000,12726.05371
470.00000,12734.52930
470.50000,12744.90820
471.00000,12755.07715
471.50000,12762.97168
472.00000,12767.75977
472.50000,12768.37598
473.00000,12766.16895
473.50000,12763.09473
474.00000,12761.12012
474.50000,12761.19531
475.00000,12763.12793
475.50000,12765.68457
476.00000,12767.23926
476.50000,12767.26953
477.00000,12765.54199
477.50000,12762.77539
478.00000,12759.09961
478.50000,12754.51270
479.00000,12748.85742
479.50000,12742.63379
480.00000,12737.09668
480.50000,12734.18457
481.00000,12735.75195
481.50000,12742.89355
482.00000,12753.26074
482.50000,12764.52051
483.00000,12773.56836
483.50000,12776.98242
484.00000,12773.70996
484.50000,12765.16211
485.00000,12753.75195
485.50000,12742.62598
486.00000,12734.93652
486.50000,12732.15820
487.00000,12734.63574
487.50000,12739.56348
488.00000,12744.69531
488.50000,12747.83398
489.00000,12747.34961
489.50000,12744.07617
490.00000,12740.10156
490.50000,12737.47656
491.00000,12737.40527
491.50000,12740.65234
492.00000,12745.60547
492.50000,12750.20605
493.00000,12752.94629
493.50000,12752.65723
494.00000,12749.63086
494.50000,12744.92578
495.00000,12740.62305
495.50000,12738.39648
496.00000,12739.77148
496.50000,12744.68652
497.00000,12753.78223
497.50000,12765.42383
498.00000,12778.45605
498.50000,12791.50098
499.00000,12803.10449
499.50000,12811.67188
500.00000,12814.82617
500.50000,12810.61914
501.00000,12799.33398
501.50000,12780.88184
502.00000,12759.14648
502.50000,12739.10742
503.00000,12726.29590
503.50000,12724.93848
504.00000,12734.49316
504.50000,12752.18945
505.00000,12772.62402
505.50000,12788.75781
506.00000,12795.71484
506.50000,12794.80176
507.00000,12787.72461
507.50000,12780.00781
508.00000,12776.45898
508.50000,12778.43555
509.00000,12783.93555
509.50000,12789.41895
510.00000,12791.69922
510.50000,12788.97168
511.00000,12782.70898
511.50000,12776.03613
512.00000,12771.48926
512.50000,12770.75586
513.00000,12773.02148
513.50000,12777.48047
514.00000,12783.01172
514.50000,12789.39648
515.00000,12796.75195
515.50000,12804.59473
516.00000,12811.54102
516.50000,12815.59766
517.00000,12814.68359
517.50000,12810.32324
518.00000,12804.25977
518.50000,12799.33887
519.00000,12797.96582
519.50000,12800.62207
520.00000,12805.05176
520.50000,12809.01074
521.00000,12810.98438
521.50000,12810.07129
522.00000,12807.18848
522.50000,12802.97070
523.00000,12797.95215
523.50000,12791.98340
524.00000,12785.36816
524.50000,12779.28027
525.00000,12776.39551
525.50000,12778.89160
526.00000,12788.49512
526.50000,12803.27441
527.00000,12821.02148
527.50000,12837.06543
528.00000,12845.92090
528.50000,12846.40527
529.00000,12838.41602
529.50000,12824.63867
530.00000,12809.31934
530.50000,12797.56738
531.00000,12792.68164
531.50000,12796.42383
532.00000,12805.53613
532.50000,12816.77051
533.00000,12825.52637
533.50000,12827.27441
534.00000,12822.72070
534.50000,12815.30859
535.00000,12809.96387
535.50000,12810.98145
536.00000,12822.04297
536.50000,12840.80664
537.00000,12862.78906
537.50000,12882.14355
538.00000,12893.71094
538.50000,12896.08984
539.00000,12888.96875
539.50000,12875.37500
540.00000,12860.02539
540.50000,12846.34766
541.00000,12836.41504
541.50000,12832.18457
542.00000,12832.66309
542.50000,12836.86816
543.00000,12842.26563
543.50000,12847.40918
544.00000,12851.62695
544.50000,12855.15332
545.00000,12858.94922
545.50000,12863.73828
546.00000,12869.25879
546.50000,12874.24121
547.00000,12876.62695
547.50000,12875.62207
548.00000,12870.33691
548.50000,12863.02246
549.00000,12856.02148
549.50000,12851.41602
550.00000,12850.32031
550.50000,12853.13574
551.00000,12858.44727
551.50000,12864.66992
552.00000,12870.29883
552.50000,12874.18262
553.00000,12876.15723
553.50000,12876.12695
554.00000,12874.74414
554.50000,12872.95313
555.00000,12871.37598
555.50000,12870.27441
556.00000,12869.66406
556.50000,12869.26660
557.00000,12868.94922
557.50000,12868.64844
558.00000,12868.09570
558.50000,12866.64648
559.00000,12863.10547
559.50000,12856.34473
560.00000,12846.56836
560.50000,12836.04492
561.00000,12828.02148
561.50000,12826.46191
562.00000,12831.36426
562.50000,12841.73340
563.00000,12851.50000
563.50000,12854.30078
564.00000,12847.48730
564.50000,12831.73047
565.00000,12810.85645
565.50000,12791.04492
566.00000,12778.26563
566.50000,12772.20898
567.00000,12772.11523
567.50000,12774.10449
568.00000,12775.92969
568.50000,12776.80078
569.00000,12777.54688
569.50000,12778.99902
570.00000,12780.61914
570.50000,12780.54199
571.00000,12777.00586
571.50000,12767.85938
572.00000,12754.98828
572.50000,12741.74121
573.00000,12731.59766
573.50000,12727.22559
574.00000,12728.39844
574.50000,12732.75293
575.00000,12736.28320
575.50000,12736.21973
576.00000,12731.77637
576.50000,12725.38379
577.00000,12719.97949
577.50000,12717.63184
578.00000,12718.77539
578.50000,12719.90820
579.00000,12717.29297
579.50000,12708.90332
580.00000,12695.90039
580.50000,12682.03125
581.00000,12673.07324
581.50000,12674.06445
582.00000,12682.56543
582.50000,12695.40918
583.00000,12706.67383
583.50000,12711.27832
584.00000,12707.59668
584.50000,12698.46484
585.00000,12688.42969
585.50000,12681.04102
586.00000,12678.39355
586.50000,12679.13574
587.00000,12681.44141
587.50000,12682.63281
588.00000,12681.33398
588.50000,12677.75684
589.00000,12672.57910
589.50000,12666.93066
590.00000,12662.09668
590.50000,12659.54199
591.00000,12659.30371
591.50000,12661.14258
592.00000,12663.10938
592.50000,12662.65527
593.00000,12658.09277
593.50000,12648.33496
594.00000,12636.15723
594.50000,12625.42480
595.00000,12619.93555
595.50000,12621.03027
596.00000,12628.91309
596.50000,12639.35059
597.00000,12647.25586
597.50000,12650.04199
598.00000,12646.52539
598.50000,12639.15820
599.00000,12631.53418
599.50000,12627.68750
600.00000,12629.77832
600.50000,12637.27734
601.00000,12646.71094
601.50000,12654.17676
602.00000,12657.06152
602.50000,12653.09766
603.00000,12644.22852
603.50000,12634.03906
604.00000,12626.04883
604.50000,12622.26367
605.00000,12622.94434
605.50000,12626.04590
606.00000,12629.14941
606.50000,12630.40234
607.00000,12629.17480
607.50000,12626.43262
608.00000,12622.68359
608.50000,12618.23438
609.00000,12612.80078
609.50000,12606.20605
610.00000,12599.43555
610.50000,12594.28613
611.00000,12592.16992
611.50000,12594.95703
612.00000,12601.58398
612.50000,12611.19922
613.00000,12621.21973
613.50000,12629.69434
614.00000,12635.33691
614.50000,12637.14844
615.00000,12634.04980
615.50000,12626.11426
616.00000,12612.97559
616.50000,12597.79980
617.00000,12583.46680
617.50000,12572.44336
618.00000,12566.81348
618.50000,12566.08984
619.00000,12568.96484
619.50000,12573.49902
620.00000,12578.78320
620.50000,12585.39063
621.00000,12593.91895
621.50000,12605.22168
622.00000,12618.09668
622.50000,12630.42480
623.00000,12639.89551
623.50000,12644.59277
624.00000,12644.10645
624.50000,12638.98730
625.00000,12630.20410
625.50000,12619.76660
626.00000,12609.81152
626.50000,12601.99512
627.00000,12598.00684
627.50000,12597.36133
628.00000,12599.39258
628.50000,12602.16406
629.00000,12603.73242
629.50000,12603.44629
630.00000,12602.48145
630.50000,12603.09766
631.00000,12607.22852
631.50000,12617.45996
632.00000,12632.64453
632.50000,12651.17480
633.00000,12668.39844
633.50000,12679.64844
634.00000,12681.82422
634.50000,12674.06836
635.00000,12657.58008
635.50000,12637.42969
636.00000,12619.72363
636.50000,12607.91699
637.00000,12604.23926
637.50000,12605.93457
638.00000,12610.61328
638.50000,12615.70215
639.00000,12620.53516
639.50000,12626.20410
640.00000,12633.44922
640.50000,12641.53613
641.00000,12648.18945
641.50000,12649.97559
642.00000,12646.59863
642.50000,12638.70801
643.00000,12630.73047
643.50000,12626.29688
644.00000,12626.59766
644.50000,12630.51563
645.00000,12635.98535
645.50000,12641.07617
646.00000,12645.40234
646.50000,12649.88379
647.00000,12654.48535
647.50000,12657.62305
648.00000,12656.32813
648.50000,12649.10156
649.00000,12636.56641
649.50000,12622.76465
650.00000,12613.01953
650.50000,12610.45605
651.00000,12612.70410
651.50000,12615.49121
652.00000,12613.89355
652.50000,12604.55273
653.00000,12590.45898
653.50000,12578.07910
654.00000,12572.71875
654.50000,12575.77832
655.00000,12584.96680
655.50000,12594.37793
656.00000,12597.95801
656.50000,12594.22168
657.00000,12584.55469
657.50000,12573.58984
658.00000,12564.09863
658.50000,12556.37012
659.00000,12548.55762
659.50000,12538.07227
660.00000,12523.89551
660.50000,12507.70898
661.00000,12492.91602
661.50000,12483.32520
662.00000,12479.34961
662.50000,12481.27637
663.00000,12486.58301
663.50000,12493.09863
664.00000,12499.24219
664.50000,12504.49512
665.00000,12508.34570
665.50000,12510.05566
666.00000,12507.27148
666.50000,12498.96289
667.00000,12482.47461
667.50000,12460.41797
668.00000,12436.41797
668.50000,12415.44824
669.00000,12402.03906
669.50000,12398.65918
670.00000,12403.65820
670.50000,12414.06641
671.00000,12424.36816
671.50000,12431.19043
672.00000,12435.06738
672.50000,12437.59375
673.00000,12441.04297
673.50000,12446.38672
674.00000,12452.44434
674.50000,12456.66016
675.00000,12457.27637
675.50000,12455.06543
676.00000,12451.44629
676.50000,12448.27930
677.00000,12446.14746
677.50000,12443.97559
678.00000,12440.08398
678.50000,12434.48926
679.00000,12428.75684
679.50000,12424.92969
680.00000,12423.76953
680.50000,12424.54492
681.00000,12424.71289
681.50000,12421.24219
682.00000,12414.45605
682.50000,12405.89551
683.00000,12397.84863
683.50000,12391.53027
684.00000,12386.63574
684.50000,12382.14258
685.00000,12377.78223
685.50000,12374.67480
686.00000,12374.77441
686.50000,12377.55176
687.00000,12381.09961
687.50000,12382.17480
688.00000,12377.95020
688.50000,12368.88281
689.00000,12358.47070
689.50000,12351.64746
690.00000,12350.78809
690.50000,12356.69336
691.00000,12366.54199
691.50000,12378.63086
692.00000,12391.08789
692.50000,12402.82031
693.00000,12411.88184
693.50000,12414.57617
694.00000,12407.43652
694.50000,12389.59961
695.00000,12362.76953
695.50000,12333.58105
696.00000,12309.61621
696.50000,12295.15723
697.00000,12291.75488
697.50000,12294.45117
698.00000,12299.66699
698.50000,12304.75781
699.00000,12309.03027
699.50000,12312.68262
700.00000,12315.54492
700.50000,12316.05176
701.00000,12313.87500
701.50000,12309.45410
702.00000,12305.28613
702.50000,12303.62891
703.00000,12304.49023
703.50000,12305.58496
704.00000,12302.93652
704.50000,12294.18359
705.00000,12280.27246
705.50000,12265.39941
706.00000,12253.92188
706.50000,12247.14844
707.00000,12244.93652
707.50000,12244.07031
708.00000,12241.98438
708.50000,12238.45898
709.00000,12235.04785
709.50000,12233.22852
710.00000,12232.94043
710.50000,12232.88184
711.00000,12231.38086
711.50000,12227.29590
712.00000,12221.99805
712.50000,12217.55469
713.00000,12215.16797
713.50000,12214.95996
714.00000,12216.16699
714.50000,12218.13770
715.00000,12221.23145
715.50000,12226.15137
716.00000,12233.92285
716.50000,12242.73340
717.00000,12249.90625
717.50000,12253.24805
718.00000,12251.42773
718.50000,12245.96094
719.00000,12239.95703
719.50000,12236.87891
720.00000,12238.23242
720.50000,12243.26172
721.00000,12248.84570
721.50000,12252.19629
722.00000,12252.65039
722.50000,12250.83496
723.00000,12249.19727
723.50000,12250.21777
724.00000,12254.91602
724.50000,12261.40918
725.00000,12266.73926
725.50000,12268.41016
726.00000,12263.98438
726.50000,12254.93262
727.00000,12242.56836
727.50000,12229.69922
728.00000,12218.32813
728.50000,12208.93359
729.00000,12201.36426
729.50000,12195.77832
730.00000,12192.60059
730.50000,12193.36523
731.00000,12198.06836
731.50000,12207.03320
732.00000,12217.77930
732.50000,12227.60156
733.00000,12234.64160
733.50000,12238.11133
734.00000,12238.55566
734.50000,12237.32617
735.00000,12235.47461
735.50000,12233.74219
736.00000,12232.47168
736.50000,12231.74609
737.00000,12231.95996
737.50000,12233.16797
738.00000,12235.20898
738.50000,12237.32227
739.00000,12238.45117
739.50000,12237.60352
740.00000,12234.64746
740.50000,12229.96289
741.00000,12225.04199
741.50000,12221.16113
742.00000,12218.73730
742.50000,12217.59277
743.00000,12216.38574
743.50000,12213.17676
744.00000,12206.12500
744.50000,12194.61621
745.00000,12179.58008
745.50000,12163.77637
746.00000,12149.97461
746.50000,12139.27246
747.00000,12132.06348
747.50000,12126.54102
748.00000,12121.06348
748.50000,12114.92773
749.00000,12109.10840
749.50000,12105.28223
750.00000,12103.96680
750.50000,12104.66602
751.00000,12105.24902
751.50000,12103.57129
752.00000,12099.37598
752.50000,12093.53223
753.00000,12088.31836
753.50000,12085.43945
754.00000,12085.11035
754.50000,12086.37793
755.00000,12088.35938
755.50000,12090.43164
756.00000,12092.48340
756.50000,12094.31543
757.00000,12094.87695
757.50000,12092.93652
758.00000,12087.55273
758.50000,12079.27930
759.00000,12069.73926
759.50000,12060.86914
760.00000,12054.01758
760.50000,12050.25293
761.00000,12049.14941
761.50000,12051.47754
762.00000,12056.76855
762.50000,12064.73047
763.00000,12073.41797
763.50000,12079.81738
764.00000,12080.75098
764.50000,12074.76953
765.00000,12061.54980
765.50000,12044.59668
766.00000,12027.81445
766.50000,12014.60742
767.00000,12007.36426
767.50000,12005.29199
768.00000,12007.10742
768.50000,12010.24219
769.00000,12011.98340
769.50000,12010.08594
770.00000,12004.32324
770.50000,11995.57227
771.00000,11987.20410
771.50000,11981.98340
772.00000,11979.83203
772.50000,11978.95410
773.00000,11976.15234
773.50000,11969.10254
774.00000,11958.18457
774.50000,11946.78711
775.00000,11939.47852
775.50000,11937.13086
776.00000,11938.14844
776.50000,11937.85547
777.00000,11932.46777
777.50000,11922.50000
778.00000,11911.49902
778.50000,11904.78711
779.00000,11906.06250
779.50000,11915.65820
780.00000,11927.89844
780.50000,11936.44629
781.00000,11937.98730
781.50000,11930.23242
782.00000,11916.74316
782.50000,11901.21680
783.00000,11887.92969
783.50000,11880.03613
784.00000,11879.00684
784.50000,11883.38672
785.00000,11891.10352
785.50000,11899.22461
786.00000,11905.83887
786.50000,11911.00586
787.00000,11915.75391
787.50000,11921.44824
788.00000,11928.20313
788.50000,11933.86426
789.00000,11934.83594
789.50000,11928.59668
790.00000,11917.03223
790.50000,11904.10645
791.00000,11895.08789
791.50000,11894.51855
792.00000,11900.68066
792.50000,11909.68262
793.00000,11915.75586
793.50000,11914.76953
794.00000,11907.57617
794.50000,11898.51953
795.00000,11891.86914
795.50000,11889.18359
796.00000,11890.27148
796.50000,11891.81348
797.00000,11890.79785
797.50000,11885.98828
798.00000,11877.27148
798.50000,11866.07422
799.00000,11854.41309
799.50000,11844.29297
800.00000,11837.41602
800.50000,11836.19238
801.00000,11840.07617
801.50000,11848.55566
802.00000,11858.25098
802.50000,11865.94336
803.00000,11869.83105
803.50000,11870.37695
804.00000,11869.38574
804.50000,11868.12793
805.00000,11866.05859
805.50000,11861.85547
806.00000,11853.72656
806.50000,11843.02637
807.00000,11832.30469
807.50000,11824.68262
808.00000,11822.17871
808.50000,11823.24316
809.00000,11824.93359
809.50000,11825.22363
810.00000,11824.29688
810.50000,11823.80469
811.00000,11825.10449
811.50000,11828.23438
812.00000,11830.90234
812.50000,11830.15918
813.00000,11824.77051
813.50000,11815.93066
814.00000,11805.97754
814.50000,11796.79590
815.00000,11789.18457
815.50000,11782.94629
816.00000,11779.13672
816.50000,11778.86914
817.00000,11784.71582
817.50000,11796.41016
818.00000,11811.63477
818.50000,11825.30566
819.00000,11833.25781
819.50000,11833.49902
820.00000,11828.51367
820.50000,11821.10352
821.00000,11814.42090
821.50000,11809.57324
822.00000,11805.50488
822.50000,11800.99219
823.00000,11795.96387
823.50000,11792.05176
824.00000,11791.41797
824.50000,11794.89258
825.00000,11802.63770
825.50000,11812.60254
826.00000,11823.18848
826.50000,11832.83594
827.00000,11840.20898
827.50000,11844.61719
828.00000,11844.87305
828.50000,11840.10547
829.00000,11830.86426
829.50000,11818.18457
830.00000,11804.64453
830.50000,11792.97363
831.00000,11784.68555
831.50000,11781.14941
832.00000,11780.97070
832.50000,11782.45996
833.00000,11783.40430
833.50000,11782.40332
834.00000,11779.85449
834.50000,11777.80957
835.00000,11778.82910
835.50000,11783.49023
836.00000,11791.36328
836.50000,11799.09375
837.00000,11802.80566
837.50000,11800.59277
838.00000,11792.40332
838.50000,11780.99707
839.00000,11770.36035
839.50000,11763.30664
840.00000,11759.54102
840.50000,11757.87793
841.00000,11756.20703
841.50000,11753.77734
842.00000,11751.31348
842.50000,11750.09766
843.00000,11750.53809
843.50000,11751.54883
844.00000,11750.79980
844.50000,11746.38867
845.00000,11737.88086
845.50000,11728.00684
846.00000,11720.37598
846.50000,11717.31348
847.00000,11720.38086
847.50000,11727.56348
848.00000,11735.66602
848.50000,11741.01758
849.00000,11741.13672
849.50000,11734.72852
850.00000,11723.86035
850.50000,11711.25293
851.00000,11700.36719
851.50000,11694.26660
852.00000,11693.23047
852.50000,11696.74707
853.00000,11702.36230
853.50000,11707.38086
854.00000,11709.70508
854.50000,11708.78906
855.00000,11704.36523
855.50000,11697.44531
856.00000,11687.94531
856.50000,11676.65723
857.00000,11664.37402
857.50000,11652.95898
858.00000,11644.67090
858.50000,11640.82227
859.00000,11640.68066
859.50000,11642.13867
860.00000,11642.30859
860.50000,11639.04688
861.00000,11633.42383
861.50000,11627.50586
862.00000,11623.08594
862.50000,11619.92285
863.00000,11615.83691
863.50000,11608.54590
864.00000,11597.44531
864.50000,11584.94922
865.00000,11575.00195
865.50000,11570.14355
866.00000,11572.16895
866.50000,11578.02539
867.00000,11584.66016
867.50000,11589.56152
868.00000,11592.32031
868.50000,11593.70117
869.00000,11594.06348
869.50000,11592.13770
870.00000,11586.55469
870.50000,11575.48828
871.00000,11561.23438
871.50000,11547.53516
872.00000,11538.87891
872.50000,11538.98926
873.00000,11547.30273
873.50000,11559.55078
874.00000,11570.23145
874.50000,11575.72949
875.00000,11574.11230
875.50000,11567.92480
876.00000,11558.96582
876.50000,11549.28809
877.00000,11538.95703
877.50000,11527.51660
878.00000,11515.28711
878.50000,11504.56348
879.00000,11499.02832
879.50000,11502.51367
880.00000,11512.91406
880.50000,11525.84863
881.00000,11534.21484
881.50000,11531.54980
882.00000,11518.95117
882.50000,11501.41406
883.00000,11487.42578
883.50000,11483.64258
884.00000,11491.81543
884.50000,11506.06250
885.00000,11518.48535
885.50000,11523.54102
886.00000,11520.21582
886.50000,11515.00391
887.00000,11514.49805
887.50000,11521.55762
888.00000,11534.63184
888.50000,11548.30566
889.00000,11556.72461
889.50000,11555.50293
890.00000,11545.79297
890.50000,11528.37402
891.00000,11507.65039
891.50000,11486.26367
892.00000,11467.04297
892.50000,11452.73926
893.00000,11444.60059
893.50000,11441.81250
894.00000,11441.38379
894.50000,11438.81543
895.00000,11429.95508
895.50000,11415.44043
896.00000,11397.61523
896.50000,11381.49902
897.00000,11371.26855
897.50000,11367.35938
898.00000,11367.92871
898.50000,11369.86426
899.00000,11370.90527
899.50000,11370.53516
900.00000,11369.50488
900.50000,11368.54199
901.00000,11368.25781
901.50000,11369.68359
902.00000,11373.62402
902.50000,11380.88770
903.00000,11390.50195
903.50000,11399.58887
904.00000,11404.09473
904.50000,11401.84766
905.00000,11391.93457
905.50000,11379.13281
906.00000,11368.28125
906.50000,11362.21191
907.00000,11362.10938
907.50000,11366.21387
908.00000,11372.95801
908.50000,11381.65137
909.00000,11392.07617
909.50000,11403.66504
910.00000,11414.19141
910.50000,11419.47754
911.00000,11418.08203
911.50000,11409.16895
912.00000,11396.94141
912.50000,11386.39063
913.00000,11380.64648
913.50000,11379.58887
914.00000,11380.84473
914.50000,11381.29492
915.00000,11379.28418
915.50000,11375.92871
916.00000,11373.02148
916.50000,11371.46777
917.00000,11370.25781
917.50000,11366.78223
918.00000,11358.59082
918.50000,11345.69629
919.00000,11332.06250
919.50000,11324.34766
920.00000,11326.53320
920.50000,11342.53711
921.00000,11366.54785
921.50000,11392.06055
922.00000,11411.36133
922.50000,11418.91895
923.00000,11414.94238
923.50000,11404.04297
924.00000,11392.01270
924.50000,11383.29004
925.00000,11379.62793
925.50000,11378.42773
926.00000,11377.06445
926.50000,11374.10645
927.00000,11370.10254
927.50000,11366.61719
928.00000,11364.71973
928.50000,11364.53418
929.00000,11365.65137
929.50000,11368.43359
930.00000,11373.27441
930.50000,11381.07910
931.00000,11390.37500
931.50000,11398.59375
932.00000,11403.00488
932.50000,11401.82031
933.00000,11396.19531
933.50000,11389.41211
934.00000,11385.11816
934.50000,11384.78809
935.00000,11388.96289
935.50000,11395.68848
936.00000,11403.91211
936.50000,11412.22656
937.00000,11419.19531
937.50000,11423.36328
938.00000,11423.43066
938.50000,11419.26074
939.00000,11412.66016
939.50000,11405.78223
940.00000,11400.03223
940.50000,11395.03906
941.00000,11388.91699
941.50000,11380.18066
942.00000,11370.41895
942.50000,11363.21191
943.00000,11361.56445
943.50000,11365.43750
944.00000,11371.86035
944.50000,11376.30957
945.00000,11375.58301
945.50000,11371.54102
946.00000,11367.75098
946.50000,11367.38086
947.00000,11370.90430
947.50000,11374.87500
948.00000,11374.85254
948.50000,11368.43652
949.00000,11357.62305
949.50000,11346.53125
950.00000,11338.90723
950.50000,11336.50293
951.00000,11336.77539
951.50000,11337.65039
952.00000,11338.02930
952.50000,11338.54395
953.00000,11340.34375
953.50000,11343.62500
954.00000,11347.38379
954.50000,11350.25488
955.00000,11351.78613
955.50000,11353.44629
956.00000,11357.50684
956.50000,11364.49023
957.00000,11373.04297
957.50000,11379.62012
958.00000,11380.35742
958.50000,11373.76855
959.00000,11362.24512
959.50000,11349.42480
960.00000,11339.24805
960.50000,11334.92578
961.00000,11335.46875
961.50000,11339.76953
962.00000,11345.16797
962.50000,11349.47559
963.00000,11351.01367
963.50000,11348.63086
964.00000,11341.09863
964.50000,11329.08789
965.00000,11313.48340
965.50000,11297.90137
966.00000,11286.94824
966.50000,11283.25391
967.00000,11287.92676
967.50000,11296.90625
968.00000,11303.86816
968.50000,11302.41602
969.00000,11290.27734
969.50000,11267.75586
970.00000,11241.52441
970.50000,11218.29980
971.00000,11201.81445
971.50000,11193.39551
972.00000,11189.12109
972.50000,11184.29004
973.00000,11175.37305
973.50000,11161.87988
974.00000,11145.66797
974.50000,11130.39355
975.00000,11119.95508
975.50000,11115.15918
976.00000,11116.68750
976.50000,11121.04883
977.00000,11124.22852
977.50000,11122.42578
978.00000,11113.83691
978.50000,11099.98926
979.00000,11086.03516
979.50000,11078.00195
980.00000,11077.48242
980.50000,11083.14453
981.00000,11087.63477
981.50000,11083.18652
982.00000,11067.58984
982.50000,11043.60156
983.00000,11018.94922
983.50000,11001.40332
984.00000,10995.65527
984.50000,10998.76855
985.00000,11006.68945
985.50000,11013.53125
986.00000,11016.03027
986.50000,11014.56836
987.00000,11009.99316
987.50000,11003.84961
988.00000,10997.51074
988.50000,10992.20996
989.00000,10988.49023
989.50000,10986.03613
990.00000,10983.19141
990.50000,10978.12500
991.00000,10971.23828
991.50000,10964.76855
992.00000,10961.79590
992.50000,10964.23242
993.00000,10970.72754
993.50000,10977.51953
994.00000,10981.37109
994.50000,10982.62988
995.00000,10984.55371
995.50000,10990.55078
996.00000,11002.00781
996.50000,11014.84180
997.00000,11024.09375
997.50000,11027.51953
998.00000,11026.91602
998.50000,11026.48145
999.00000,11029.28613
999.50000,11035.40137
1000.00000,11041.34863
1000.50000,11043.59766
1001.00000,11042.32422
1001.50000,11039.49121
1002.00000,11037.60645
1002.50000,11036.64941
1003.00000,11033.75684
1003.50000,11025.77441
1004.00000,11011.37305
1004.50000,10993.97070
1005.00000,10978.08203
1005.50000,10966.16309
1006.00000,10957.95313
1006.50000,10949.70703
1007.00000,10938.38965
1007.50000,10924.50781
1008.00000,10911.45215
1008.50000,10903.13574
1009.00000,10900.56641
1009.50000,10902.99121
1010.00000,10906.73535
1010.50000,10909.07617
1011.00000,10909.03320
1011.50000,10906.06055
1012.00000,10900.39746
1012.50000,10892.00000
1013.00000,10881.62891
1013.50000,10871.42090
1014.00000,10864.42188
1014.50000,10862.03125
1015.00000,10864.78516
1015.50000,10869.40234
1016.00000,10873.29395
1016.50000,10875.78125
1017.00000,10878.58887
1017.50000,10884.12695
1018.00000,10892.82324
1018.50000,10901.85938
1019.00000,10906.66992
1019.50000,10903.08203
1020.00000,10892.87598
1020.50000,10878.77930
1021.00000,10865.26172
1021.50000,10854.50586
1022.00000,10846.06836
1022.50000,10839.24121
1023.00000,10834.62891
1023.50000,10834.07715
1024.00000,10839.80566
1024.50000,10850.27539
1025.00000,10862.56934
1025.50000,10872.61719
1026.00000,10878.23145
1026.50000,10881.33105
1027.00000,10884.84375
1027.50000,10890.17676
1028.00000,10895.33984
1028.50000,10895.90918
1029.00000,10889.33887
1029.50000,10875.54297
1030.00000,10860.42773
1030.50000,10850.93848
1031.00000,10849.89453
1031.50000,10857.56738
1032.00000,10869.13672
1032.50000,10880.09668
1033.00000,10888.13086
1033.50000,10893.41309
1034.00000,10896.38379
1034.50000,10897.32422
1035.00000,10894.69434
1035.50000,10888.82422
1036.00000,10880.88184
1036.50000,10874.12500
1037.00000,10871.57715
1037.50000,10873.46191
1038.00000,10877.01172
1038.50000,10878.22754
1039.00000,10875.22559
1039.50000,10869.13574
1040.00000,10864.87598
1040.50000,10868.30957
1041.00000,10879.79395
1041.50000,10896.74316
1042.00000,10912.40527
1042.50000,10920.46582
1043.00000,10918.29883
1043.50000,10908.70898
1044.00000,10896.49023
1044.50000,10887.06348
1045.00000,10885.04102
1045.50000,10890.00781
1046.00000,10902.35840
1046.50000,10919.33789
1047.00000,10938.05762
1047.50000,10954.57129
1048.00000,10964.98340
1048.50000,10966.45117
1049.00000,10960.53027
1049.50000,10949.92383
1050.00000,10939.80469
1050.50000,10934.12207
1051.00000,10933.13574
1051.50000,10936.12402
1052.00000,10941.03711
1052.50000,10946.69043
1053.00000,10952.52344
1053.50000,10957.67676
1054.00000,10959.99023
1054.50000,10957.58887
1055.00000,10947.36133
1055.50000,10931.03613
1056.00000,10910.33691
1056.50000,10889.32910
1057.00000,10871.65430
1057.50000,10859.63965
1058.00000,10854.30176
1058.50000,10856.19336
1059.00000,10863.46777
1059.50000,10874.36328
1060.00000,10885.10840
1060.50000,10892.20117
1061.00000,10894.91406
1061.50000,10894.15234
1062.00000,10893.12695
1062.50000,10894.68164
1063.00000,10899.64160
1063.50000,10906.17578
1064.00000,10911.68262
1064.50000,10914.60059
1065.00000,10913.83887
1065.50000,10910.37402
1066.00000,10903.87402
1066.50000,10894.55762
1067.00000,10882.78906
1067.50000,10870.61035
1068.00000,10861.28516
1068.50000,10858.22070
1069.00000,10861.75977
1069.50000,10871.38965
1070.00000,10883.06250
1070.50000,10893.43164
1071.00000,10900.30371
1071.50000,10901.65332
1072.00000,10897.00293
1072.50000,10886.41406
1073.00000,10871.72168
1073.50000,10857.21094
1074.00000,10848.32422
1074.50000,10847.12695
1075.00000,10853.79492
1075.50000,10861.66895
1076.00000,10863.68945
1076.50000,10857.04492
1077.00000,10843.71289
1077.50000,10830.68262
1078.00000,10824.83789
1078.50000,10829.20898
1079.00000,10839.19824
1079.50000,10847.64941
1080.00000,10849.03906
1080.50000,10840.65723
1081.00000,10827.48242
1081.50000,10815.55371
1082.00000,10809.49609
1082.50000,10810.28809
1083.00000,10815.18164
1083.50000,10819.44043
1084.00000,10819.12598
1084.50000,10814.23633
1085.00000,10806.11523
1085.50000,10798.28906
1086.00000,10793.01855
1086.50000,10789.91309
1087.00000,10787.00391
1087.50000,10782.37109
1088.00000,10776.38770
1088.50000,10772.33105
1089.00000,10774.01465
1089.50000,10784.97754
1090.00000,10801.43457
1090.50000,10816.71387
1091.00000,10823.22949
1091.50000,10814.93164
1092.00000,10793.85254
1092.50000,10767.08203
1093.00000,10744.10742
1093.50000,10731.73633
1094.00000,10733.70117
1094.50000,10744.80664
1095.00000,10759.63867
1095.50000,10771.50000
1096.00000,10776.14063
1096.50000,10774.32129
1097.00000,10768.79492
1097.50000,10763.51270
1098.00000,10761.24707
1098.50000,10762.82617
1099.00000,10766.43555
1099.50000,10770.01465
1100.00000,10772.15918
1100.50000,10772.47754
1101.00000,10771.93066
1101.50000,10771.10156
1102.00000,10769.88379
1102.50000,10767.54883
1103.00000,10763.58496
1103.50000,10758.70410
1104.00000,10754.73633
1104.50000,10753.57520
1105.00000,10757.49609
1105.50000,10765.40527
1106.00000,10775.44922
1106.50000,10783.94727
1107.00000,10787.21875
1107.50000,10783.70020
1108.00000,10775.13770
1108.50000,10765.54688
1109.00000,10759.60547
1109.50000,10761.00391
1110.00000,10767.36523
1110.50000,10774.84961
1111.00000,10779.13867
1111.50000,10778.62207
1112.00000,10776.00195
1112.50000,10775.37695
1113.00000,10778.90527
1113.50000,10784.39453
1114.00000,10787.10840
1114.50000,10784.22656
1115.00000,10775.50000
1115.50000,10766.48535
1116.00000,10763.16602
1116.50000,10767.67969
1117.00000,10778.70996
1117.50000,10791.91016
1118.00000,10803.18457
1118.50000,10810.47461
1119.00000,10814.59277
1119.50000,10816.10547
1120.00000,10816.09766
1120.50000,10814.36230
1121.00000,10811.20117
1121.50000,10806.92578
1122.00000,10802.33301
1122.50000,10798.58691
1123.00000,10797.58691
1123.50000,10801.34277
1124.00000,10812.55566
1124.50000,10829.49414
1125.00000,10848.42969
1125.50000,10862.78125
1126.00000,10866.31641
1126.50000,10859.71973
1127.00000,10848.27637
1127.50000,10839.99121
1128.00000,10839.85352
1128.50000,10847.75684
1129.00000,10857.41797
1129.50000,10862.30566
1130.00000,10861.03027
1130.50000,10855.04883
1131.00000,10848.95410
1131.50000,10845.51270
1132.00000,10844.52441
1132.50000,10844.45117
1133.00000,10844.45996
1133.50000,10844.93750
1134.00000,10846.54297
1134.50000,10848.53418
1135.00000,10849.39160
1135.50000,10849.06250
1136.00000,10850.03809
1136.50000,10856.01367
1137.00000,10869.37012
1137.50000,10887.63965
1138.00000,10903.95313
1138.50000,10910.52148
1139.00000,10906.10352
1139.50000,10893.27148
1140.00000,10881.73047
1140.50000,10880.46094
1141.00000,10890.77832
1141.50000,10909.33105
1142.00000,10927.84863
1142.50000,10938.98340
1143.00000,10939.41016
1143.50000,10932.36230
1144.00000,10922.71387
1144.50000,10915.80273
1145.00000,10914.89941
1145.50000,10918.20898
1146.00000,10923.15332
1146.50000,10926.86328
1147.00000,10928.36035
1147.50000,10929.04590
1148.00000,10931.70410
1148.50000,10939.24805
1149.00000,10951.71484
1149.50000,10968.05566
1150.00000,10983.98730
1150.50000,10994.72656
1151.00000,10998.23145
1151.50000,10994.38672
1152.00000,10987.23730
1152.50000,10982.42773
1153.00000,10984.62891
1153.50000,10993.75586
1154.00000,11006.68262
1154.50000,11017.20703
1155.00000,11019.60059
1155.50000,11014.45996
1156.00000,11004.46973
1156.50000,10994.95215
1157.00000,10989.81543
1157.50000,10990.07813
1158.00000,10994.03809
1158.50000,10999.59863
1159.00000,11004.58496
1159.50000,11007.26367
1160.00000,11007.60059
1160.50000,11006.47266
1161.00000,11007.03516
1161.50000,11013.65820
1162.00000,11028.20801
1162.50000,11047.71777
1163.00000,11064.17090
1163.50000,11069.00391
1164.00000,11055.13184
1164.50000,11028.99707
1165.00000,11000.51270
1165.50000,10981.39746
1166.00000,10979.14160
1166.50000,10990.00879
1167.00000,11005.80762
1167.50000,11018.29395
1168.00000,11024.11328
1168.50000,11023.89258
1169.00000,11021.18848
1169.50000,11016.66602
1170.00000,11009.47461
1170.50000,10997.33301
1171.00000,10981.28906
1171.50000,10964.65039
1172.00000,10951.98535
1172.50000,10946.19238
1173.00000,10947.12988
1173.50000,10950.37695
1174.00000,10950.19531
1174.50000,10943.00195
1175.00000,10926.21582
1175.50000,10904.27246
1176.00000,10883.56738
1176.50000,10871.12012
1177.00000,10871.80859
1177.50000,10885.22363
1178.00000,10904.86719
1178.50000,10922.46777
1179.00000,10931.85645
1179.50000,10928.22266
1180.00000,10915.91992
1180.50000,10898.66699
1181.00000,10881.80273
1181.50000,10868.83691
1182.00000,10861.08984
1182.50000,10858.44336
1183.00000,10860.24902
1183.50000,10864.44727
1184.00000,10869.26270
1184.50000,10873.21191
1185.00000,10876.12695
1185.50000,10879.53223
1186.00000,10885.38086
1186.50000,10893.79492
1187.00000,10902.39844
1187.50000,10906.75879
1188.00000,10903.38867
1188.50000,10890.54688
1189.00000,10872.68164
1189.50000,10855.94531
1190.00000,10845.96484
1190.50000,10847.18945
1191.00000,10857.31055
1191.50000,10872.20801
1192.00000,10886.26563
1192.50000,10895.33496
1193.00000,10897.41504
1193.50000,10894.04883
1194.00000,10886.76953
1194.50000,10878.66797
1195.00000,10872.15430
1195.50000,10868.62012
1196.00000,10869.21191
1196.50000,10873.11133
1197.00000,10878.37695
1197.50000,10882.30664
1198.00000,10882.99414
1198.50000,10879.96680
1199.00000,10875.71875
1199.50000,10873.63281
1200.00000,10875.24609
1200.50000,10880.28027
1201.00000,10885.18555
1201.50000,10885.96094
1202.00000,10880.91895
1202.50000,10871.79785
1203.00000,10862.43164
1203.50000,10856.38574
1204.00000,10855.55273
1204.50000,10857.48242
1205.00000,10859.33984
1205.50000,10859.06055
1206.00000,10856.30762
1206.50000,10852.60742
1207.00000,10849.56543
1207.50000,10848.02051
1208.00000,10847.87988
1208.50000,10849.04199
1209.00000,10851.02637
1209.50000,10853.36621
1210.00000,10855.13184
1210.50000,10855.52734
1211.00000,10855.21680
1211.50000,10856.34375
1212.00000,10861.35742
1212.50000,10870.97559
1213.00000,10883.35938
1213.50000,10894.22559
1214.00000,10898.92773
1214.50000,10897.35938
1215.00000,10890.51074
1215.50000,10882.38965
1216.00000,10875.61426
1216.50000,10870.98438
1217.00000,10868.41895
1217.50000,10868.19434
1218.00000,10870.96582
1218.50000,10877.65820
1219.00000,10886.63281
1219.50000,10895.03027
1220.00000,10899.81934
1220.50000,10898.28711
1221.00000,10891.20410
1221.50000,10880.36328
1222.00000,10868.78027
1222.50000,10859.49512
1223.00000,10855.19727
1223.50000,10856.21484
1224.00000,10862.30859
1224.50000,10869.90137
1225.00000,10875.82324
1225.50000,10879.10742
1226.00000,10881.40137
1226.50000,10886.09082
1227.00000,10895.03223
1227.50000,10905.96484
1228.00000,10912.87988
1228.50000,10908.38770
1229.00000,10892.18750
1229.50000,10866.38770
1230.00000,10840.35840
1230.50000,10822.45996
1231.00000,10815.61230
1231.50000,10819.17676
1232.00000,10828.83789
1232.50000,10839.99609
1233.00000,10849.85645
1233.50000,10857.54004
1234.00000,10862.51465
1234.50000,10865.56738
1235.00000,10867.25684
1235.50000,10869.18945
1236.00000,10873.37598
1236.50000,10881.11230
1237.00000,10892.50586
1237.50000,10905.95117
1238.00000,10918.23340
1238.50000,10925.21387
1239.00000,10925.41309
1239.50000,10917.72070
1240.00000,10906.74805
1240.50000,10898.16309
1241.00000,10897.05371
1241.50000,10906.25781
1242.00000,10923.48145
1242.50000,10942.48047
1243.00000,10956.25781
1243.50000,10961.52832
1244.00000,10957.03320
1244.50000,10948.24512
1245.00000,10939.99121
1245.50000,10935.60254
1246.00000,10936.14355
1246.50000,10939.91211
1247.00000,10944.95996
1247.50000,10950.33008
1248.00000,10956.08887
1248.50000,10962.61328
1249.00000,10969.30078
1249.50000,10974.42090
1250.00000,10976.84570
1250.50000,10976.17383
1251.00000,10974.50391
1251.50000,10974.75879
1252.00000,10978.97266
1252.50000,10986.83008
1253.00000,10996.42188
1253.50000,11005.17383
1254.00000,11011.52344
1254.50000,11016.20410
1255.00000,11019.91699
1255.50000,11023.10645
1256.00000,11025.32520
1256.50000,11026.60547
1257.00000,11028.12012
1257.50000,11031.60938
1258.00000,11037.32227
1258.50000,11043.31250
1259.00000,11046.28223
1259.50000,11043.10449
1260.00000,11036.09473
1260.50000,11029.67969
1261.00000,11028.13672
1261.50000,11032.22266
1262.00000,11037.68066
1262.50000,11038.54785
1263.00000,11031.39746
1263.50000,11020.19531
1264.00000,11013.24414
1264.50000,11016.86035
1265.00000,11034.77734
1265.50000,11059.89160
1266.00000,11082.35742
1266.50000,11093.69922
1267.00000,11091.18164
1267.50000,11078.41797
1268.00000,11064.16895
1268.50000,11056.55664
1269.00000,11057.99121
1269.50000,11069.03613
1270.00000,11084.18945
1270.50000,11099.53906
1271.00000,11112.17383
1271.50000,11120.21387
1272.00000,11122.56152
1272.50000,11119.03418
1273.00000,11109.99805
1273.50000,11098.98242
1274.00000,11090.95313
1274.50000,11089.32422
1275.00000,11096.41895
1275.50000,11108.36621
1276.00000,11119.79102
1276.50000,11125.92383
1277.00000,11125.37695
1277.50000,11120.31250
1278.00000,11115.16602
1278.50000,11113.23047
1279.00000,11114.19434
1279.50000,11116.00488
1280.00000,11115.83594
1280.50000,11111.95703
1281.00000,11105.35352
1281.50000,11098.04102
1282.00000,11091.86230
1282.50000,11086.97852
1283.00000,11082.01758
1283.50000,11075.42480
1284.00000,11066.74219
1284.50000,11058.44141
1285.00000,11054.56641
1285.50000,11056.84277
1286.00000,11064.44043
1286.50000,11072.55859
1287.00000,11076.08691
1287.50000,11073.12695
1288.00000,11067.60547
1288.50000,11066.11914
1289.00000,11072.00879
1289.50000,11084.74805
1290.00000,11096.72949
1290.50000,11100.10742
1291.00000,11093.36914
1291.50000,11081.13574
1292.00000,11072.02441
1292.50000,11072.07324
1293.00000,11081.82227
1293.50000,11093.67969
1294.00000,11098.51953
1294.50000,11093.81055
1295.00000,11081.02148
1295.50000,11068.26758
1296.00000,11063.46387
1296.50000,11069.68457
1297.00000,11084.33203
1297.50000,11101.09473
1298.00000,11112.95898
1298.50000,11114.26074
1299.00000,11106.45898
1299.50000,11091.62695
1300.00000,11076.02051
1300.50000,11065.29492
1301.00000,11062.64355
1301.50000,11068.89941
1302.00000,11081.22266
1302.50000,11093.81152
1303.00000,11100.47754
1303.50000,11099.24121
1304.00000,11090.60352
1304.50000,11081.76563
1305.00000,11079.81055
1305.50000,11087.10840
1306.00000,11102.56348
1306.50000,11120.74023
1307.00000,11135.75879
1307.50000,11143.16504
1308.00000,11141.99121
1308.50000,11130.56836
1309.00000,11111.73242
1309.50000,11087.58203
1310.00000,11064.04199
1310.50000,11047.82324
1311.00000,11042.54102
1311.50000,11048.47461
1312.00000,11061.79199
1312.50000,11076.97070
1313.00000,11090.77344
1313.50000,11102.98828
1314.00000,11114.16504
1314.50000,11124.06445
1315.00000,11129.76367
1315.50000,11129.29395
1316.00000,11121.78613
1316.50000,11109.71094
1317.00000,11096.72363
1317.50000,11085.58301
1318.00000,11076.97266
1318.50000,11071.01367
1319.00000,11066.93848
1319.50000,11064.99023
1320.00000,11064.10840
1320.50000,11061.96387
1321.00000,11055.49414
1321.50000,11042.28809
1322.00000,11022.92480
1322.50000,11001.80078
1323.00000,10984.98535
1323.50000,10975.85547
1324.00000,10976.19629
1324.50000,10980.81738
1325.00000,10985.12402
1325.50000,10986.04297
1326.00000,10983.62109
1326.50000,10980.75977
1327.00000,10980.32813
1327.50000,10983.06738
1328.00000,10986.69629
1328.50000,10988.04004
1329.00000,10985.93848
1329.50000,10980.53027
1330.00000,10974.29199
1330.50000,10969.14063
1331.00000,10965.99609
1331.50000,10965.55762
1332.00000,10968.90527
1332.50000,10976.42773
1333.00000,10987.51563
1333.50000,10998.57617
1334.00000,11004.33496
1334.50000,11002.77539
1335.00000,10992.77734
1335.50000,10978.00293
1336.00000,10962.07617
1336.50000,10948.11816
1337.00000,10938.43750
1337.50000,10935.82227
1338.00000,10941.40430
1338.50000,10956.58301
1339.00000,10976.14941
1339.50000,10993.02832
1340.00000,11001.28027
1340.50000,10997.95020
1341.00000,10988.10742
1341.50000,10978.57324
1342.00000,10973.88379
1342.50000,10973.39844
1343.00000,10973.69238
1343.50000,10971.64258
1344.00000,10966.56250
1344.50000,10961.06543
1345.00000,10957.08789
1345.50000,10954.06445
1346.00000,10949.36816
1346.50000,10940.42090
1347.00000,10926.67090
1347.50000,10909.42676
1348.00000,10891.59668
1348.50000,10875.50684
1349.00000,10861.67871
1349.50000,10850.82617
1350.00000,10843.15527
1350.50000,10840.71973
1351.00000,10844.79590
1351.50000,10855.27441
1352.00000,10868.78711
1352.50000,10879.03027
1353.00000,10879.00293
1353.50000,10868.50195
1354.00000,10850.46191
1354.50000,10834.21484
1355.00000,10827.32031
1355.50000,10829.38281
1356.00000,10834.67969
1356.50000,10835.85254
1357.00000,10830.98535
1357.50000,10824.14941
1358.00000,10821.38477
1358.50000,10825.40820
1359.00000,10830.63770
1359.50000,10828.37305
1360.00000,10815.02539
1360.50000,10792.03516
1361.00000,10767.77734
1361.50000,10750.62988
1362.00000,10744.63477
1362.50000,10747.13770
1363.00000,10753.91113
1363.50000,10759.96191
1364.00000,10762.56348
1364.50000,10762.10352
1365.00000,10758.86328
1365.50000,10754.02637
1366.00000,10748.36816
1366.50000,10742.39355
1367.00000,10736.19922
1367.50000,10729.77344
1368.00000,10723.62793
1368.50000,10719.25293
1369.00000,10717.53906
1369.50000,10719.07031
1370.00000,10721.81445
1370.50000,10722.90332
1371.00000,10720.21094
1371.50000,10713.66797
1372.00000,10705.33594
1372.50000,10698.68652
1373.00000,10697.57617
1373.50000,10702.74219
1374.00000,10714.22266
1374.50000,10726.97559
1375.00000,10734.69531
1375.50000,10732.98535
1376.00000,10720.33887
1376.50000,10700.92188
1377.00000,10682.18457
1377.50000,10671.19238
1378.00000,10669.17676
1378.50000,10674.96094
1379.00000,10682.91406
1379.50000,10689.13086
1380.00000,10691.65332
1380.50000,10689.05664
1381.00000,10681.31738
1381.50000,10669.11523
1382.00000,10654.56934
1382.50000,10641.23340
1383.00000,10632.60742
1383.50000,10628.53809
1384.00000,10626.84082
1384.50000,10622.68457
1385.00000,10611.98242
1385.50000,10595.05176
1386.00000,10574.85352
1386.50000,10556.38770
1387.00000,10543.92578
1387.50000,10539.89160
1388.00000,10541.79297
1388.50000,10546.40234
1389.00000,10549.59082
1389.50000,10549.43066
1390.00000,10547.45801
1390.50000,10545.87305
1391.00000,10545.41113
1391.50000,10544.15430
1392.00000,10539.38281
1392.50000,10530.83789
1393.00000,10520.74023
1393.50000,10512.75781
1394.00000,10509.32422
1394.50000,10508.46875
1395.00000,10507.87402
1395.50000,10506.79492
1396.00000,10507.32324
1396.50000,10511.91895
1397.00000,10519.87598
1397.50000,10526.75586
1398.00000,10528.33984
1398.50000,10522.77734
1399.00000,10514.68457
1399.50000,10508.40820
1400.00000,10504.90430
1400.50000,10501.65430
1401.00000,10495.84180
1401.50000,10488.47754
1402.00000,10484.74414
1402.50000,10489.12402
1403.00000,10502.86328
1403.50000,10519.01563
1404.00000,10529.45703
1404.50000,10531.61816
1405.00000,10525.90039
1405.50000,10516.39746
1406.00000,10504.96582
1406.50000,10491.22168
1407.00000,10474.96387
1407.50000,10458.49805
1408.00000,10446.33398
1408.50000,10444.05664
1409.00000,10449.89258
1409.50000,10459.59375
1410.00000,10465.93262
1410.50000,10464.18359
1411.00000,10455.18164
1411.50000,10443.65527
1412.00000,10435.56934
1412.50000,10434.17773
1413.00000,10439.52930
1413.50000,10445.75586
1414.00000,10445.46875
1414.50000,10436.16504
1415.00000,10419.27930
1415.50000,10402.78613
1416.00000,10393.58203
1416.50000,10392.12305
1417.00000,10391.95410
1417.50000,10385.03711
1418.00000,10369.85645
1418.50000,10350.90430
1419.00000,10337.24805
1419.50000,10335.11133
1420.00000,10340.10742
1420.50000,10343.70605
1421.00000,10339.31152
1421.50000,10328.93750
1422.00000,10320.85449
1422.50000,10321.83789
1423.00000,10333.29297
1423.50000,10346.72852
1424.00000,10351.93164
1424.50000,10345.61914
1425.00000,10329.18848
1425.50000,10310.60059
1426.00000,10296.87891
1426.50000,10290.98535
1427.00000,10291.01855
1427.50000,10294.80469
1428.00000,10300.53613
1428.50000,10308.37109
1429.00000,10317.07910
1429.50000,10323.83008
1430.00000,10325.71484
1430.50000,10321.22168
1431.00000,10313.40527
1431.50000,10307.96484
1432.00000,10309.68555
1432.50000,10316.83203
1433.00000,10323.12402
1433.50000,10322.29883
1434.00000,10310.69531
1434.50000,10294.19824
1435.00000,10280.56348
1435.50000,10275.07227
1436.00000,10277.81250
1436.50000,10284.12207
1437.00000,10289.03711
1437.50000,10291.10352
1438.00000,10292.95215
1438.50000,10297.23535
1439.00000,10303.22266
1439.50000,10308.12598
1440.00000,10309.45215
1440.50000,10306.44824
1441.00000,10301.03418
1441.50000,10295.67676
1442.00000,10291.82422
1442.50000,10289.40625
1443.00000,10288.09570
1443.50000,10287.48340
1444.00000,10288.00684
1444.50000,10289.87891
1445.00000,10293.66211
1445.50000,10299.35645
1446.00000,10306.58984
1446.50000,10314.05176
1447.00000,10319.63770
1447.50000,10320.75195
1448.00000,10317.03223
1448.50000,10308.92871
1449.00000,10300.08691
1449.50000,10294.38965
1450.00000,10294.30957
1450.50000,10300.99512
1451.00000,10311.89258
1451.50000,10321.74121
1452.00000,10324.38184
1452.50000,10317.53223
1453.00000,10301.96973
1453.50000,10285.92676
1454.00000,10277.17480
1454.50000,10276.85449
1455.00000,10281.82520
1455.50000,10285.20410
1456.00000,10282.73730
1456.50000,10275.77637
1457.00000,10269.70313
1457.50000,10268.91113
1458.00000,10271.61914
1458.50000,10271.59863
1459.00000,10264.41113
1459.50000,10248.70996
1460.00000,10230.11426
1460.50000,10215.43066
1461.00000,10209.12305
1461.50000,10211.71777
1462.00000,10221.64746
1462.50000,10235.41211
1463.00000,10250.98535
1463.50000,10265.83398
1464.00000,10276.86523
1464.50000,10282.31250
1465.00000,10280.46680
1465.50000,10273.18555
1466.00000,10263.96973
1466.50000,10256.95313
1467.00000,10254.70117
1467.50000,10258.13281
1468.00000,10264.54004
1468.50000,10271.38672
1469.00000,10277.21289
1469.50000,10282.46094
1470.00000,10288.78418
1470.50000,10297.41895
1471.00000,10307.75391
1471.50000,10317.85352
1472.00000,10326.03418
1472.50000,10332.58691
1473.00000,10338.88867
1473.50000,10345.46387
1474.00000,10349.87695
1474.50000,10348.74316
1475.00000,10338.52051
1475.50000,10320.84082
1476.00000,10300.90723
1476.50000,10285.52832
1477.00000,10279.19238
1477.50000,10283.50781
1478.00000,10293.85156
1478.50000,10306.28809
1479.00000,10315.98535
1479.50000,10318.00000
1480.00000,10310.48438
1480.50000,10293.05371
1481.00000,10269.93750
1481.50000,10248.23926
1482.00000,10234.83301
1482.50000,10230.08398
1483.00000,10231.37695
1483.50000,10232.33496
1484.00000,10228.99023
1484.50000,10222.25684
1485.00000,10214.72461
1485.50000,10208.46094
1486.00000,10202.99219
1486.50000,10196.31348
1487.00000,10187.95703
1487.50000,10179.86719
1488.00000,10174.81934
1488.50000,10175.57520
1489.00000,10180.64648
1489.50000,10188.61133
1490.00000,10197.33008
1490.50000,10205.54199
1491.00000,10211.96680
1491.50000,10214.97266
1492.00000,10212.69043
1492.50000,10205.82031
1493.00000,10196.11133
1493.50000,10187.27734
1494.00000,10182.61133
1494.50000,10182.74512
1495.00000,10188.36816
1495.50000,10198.80566
1496.00000,10212.74219
1496.50000,10227.27539
1497.00000,10237.86035
1497.50000,10239.24414
1498.00000,10231.80957
1498.50000,10217.87793
1499.00000,10204.69531
1499.50000,10198.07227
1500.00000,10197.81055
1500.50000,10200.32324
1501.00000,10201.32031
1501.50000,10199.19434
1502.00000,10195.57129
1502.50000,10194.06738
1503.00000,10198.74805
1503.50000,10209.55469
1504.00000,10225.23828
1504.50000,10240.01563
1505.00000,10247.32813
1505.50000,10243.78516
1506.00000,10230.89648
1506.50000,10215.93359
1507.00000,10208.36816
1507.50000,10215.48535
1508.00000,10233.16992
1508.50000,10252.44043
1509.00000,10264.02344
1509.50000,10263.58398
1510.00000,10255.86523
1510.50000,10247.40234
1511.00000,10243.08398
1511.50000,10244.19629
1512.00000,10251.12793
1512.50000,10263.59277
1513.00000,10282.74023
1513.50000,10304.97070
1514.00000,10323.82715
1514.50000,10333.13574
1515.00000,10329.17773
1515.50000,10316.67188
1516.00000,10304.63965
1516.50000,10301.89746
1517.00000,10309.76465
1517.50000,10324.94727
1518.00000,10339.73438
1518.50000,10347.38965
1519.00000,10347.08398
1519.50000,10339.89941
1520.00000,10331.31250
1520.50000,10327.61426
1521.00000,10332.65234
1521.50000,10345.40527
1522.00000,10361.39844
1522.50000,10374.04297
1523.00000,10377.61719
1523.50000,10373.92383
1524.00000,10366.89746
1524.50000,10362.87402
1525.00000,10365.36035
1525.50000,10372.31055
1526.00000,10378.94531
1526.50000,10380.62207
1527.00000,10376.36719
1527.50000,10368.09863
1528.00000,10360.88965
1528.50000,10359.60645
1529.00000,10363.33105
1529.50000,10368.24414
1530.00000,10369.43652
1530.50000,10364.81934
1531.00000,10357.45215
1531.50000,10353.29590
1532.00000,10356.95508
1532.50000,10366.08398
1533.00000,10373.71387
1533.50000,10374.31348
1534.00000,10366.32227
1534.50000,10355.98730
1535.00000,10350.30371
1535.50000,10352.19238
1536.00000,10359.29297
1536.50000,10366.58691
1537.00000,10370.97559
1537.50000,10372.70313
1538.00000,10373.84473
1538.50000,10374.18262
1539.00000,10371.83887
1539.50000,10364.52930
1540.00000,10353.83496
1540.50000,10344.09375
1541.00000,10339.03516
1541.50000,10338.18945
1542.00000,10337.74414
1542.50000,10333.62891
1543.00000,10324.24805
1543.50000,10313.95215
1544.00000,10308.96973
1544.50000,10311.87305
1545.00000,10321.05957
1545.50000,10330.88574
1546.00000,10335.74414
1546.50000,10332.42676
1547.00000,10322.00000
1547.50000,10305.70313
1548.00000,10286.76367
1548.50000,10267.63184
1549.00000,10251.20605
1549.50000,10241.08887
1550.00000,10237.87891
1550.50000,10239.37207
1551.00000,10240.52930
1551.50000,10237.34082
1552.00000,10230.66504
1552.50000,10226.76758
1553.00000,10232.92871
1553.50000,10247.44824
1554.00000,10263.54980
1554.50000,10270.88867
1555.00000,10261.37793
1555.50000,10236.44531
1556.00000,10205.08301
1556.50000,10176.80371
1557.00000,10157.35938
1557.50000,10150.28027
1558.00000,10152.21191
1558.50000,10160.63574
1559.00000,10169.08594
1559.50000,10171.42871
1560.00000,10165.66113
1560.50000,10153.73242
1561.00000,10141.28125
1561.50000,10133.78516
1562.00000,10134.11328
1562.50000,10139.78125
1563.00000,10147.82129
1563.50000,10154.65527
1564.00000,10157.11621
1564.50000,10153.29492
1565.00000,10141.56934
1565.50000,10124.84766
1566.00000,10110.11133
1566.50000,10105.58691
1567.00000,10111.29688
1567.50000,10121.43359
1568.00000,10126.19531
1568.50000,10118.76953
1569.00000,10104.21875
1569.50000,10091.32520
1570.00000,10086.97656
1570.50000,10089.78613
1571.00000,10092.41699
1571.50000,10088.86914
1572.00000,10078.45215
1572.50000,10067.05762
1573.00000,10061.47461
1573.50000,10062.76953
1574.00000,10068.09668
1574.50000,10071.41797
1575.00000,10067.67773
1575.50000,10055.33301
1576.00000,10036.26172
1576.50000,10015.06348
1577.00000,9998.33496
1577.50000,9992.09180
1578.00000,9994.72949
1578.50000,10002.58398
1579.00000,10008.45410
1579.50000,10007.85938
1580.00000,10002.52930
1580.50000,9997.97070
1581.00000,9998.43945
1581.50000,10002.49512
1582.00000,10004.79883
1582.50000,10001.24023
1583.00000,9991.21094
1583.50000,9981.27246
1584.00000,9978.56934
1584.50000,9982.65625
1585.00000,9987.72168
1585.50000,9986.17285
1586.00000,9974.85156
1586.50000,9956.77734
1587.00000,9939.71387
1587.50000,9930.61621
1588.00000,9928.46777
1588.50000,9931.22461
1589.00000,9935.06934
1589.50000,9937.89355
1590.00000,9937.46777
1590.50000,9929.50391
1591.00000,9909.86328
1591.50000,9880.71777
1592.00000,9849.22754
1592.50000,9825.72266
1593.00000,9820.79980
1593.50000,9830.58887
1594.00000,9848.13672
1594.50000,9861.18848
1595.00000,9861.98633
1595.50000,9850.42578
1596.00000,9831.81543
1596.50000,9813.19824
1597.00000,9800.14746
1597.50000,9795.59570
1598.00000,9794.29492
1598.50000,9789.75098
1599.00000,9778.35547
1599.50000,9760.73926
1600.00000,9743.11035
1600.50000,9731.25684
1601.00000,9724.93359
1601.50000,9717.26660
1602.00000,9701.67383
1602.50000,9679.66797
1603.00000,9658.81152
1603.50000,9647.41309
1604.00000,9650.65625
1604.50000,9661.16309
1605.00000,9669.69824
1605.50000,9669.72754
1606.00000,9659.69336
1606.50000,9640.42578
1607.00000,9615.24805
1607.50000,9586.76270
1608.00000,9560.23242
1608.50000,9542.31250
1609.00000,9534.95117
1609.50000,9537.69727
1610.00000,9544.28613
1610.50000,9547.88086
1611.00000,9544.93066
1611.50000,9536.15527
1612.00000,9522.66602
1612.50000,9506.73730
1613.00000,9489.99512
1613.50000,9475.38965
1614.00000,9466.60449
1614.50000,9463.10840
1615.00000,9460.95117
1615.50000,9453.71777
1616.00000,9437.14844
1616.50000,9411.80176
1617.00000,9385.26855
1617.50000,9366.25391
1618.00000,9356.19141
1618.50000,9352.52539
1619.00000,9347.53613
1619.50000,9335.99707
1620.00000,9319.75684
1620.50000,9306.18066
1621.00000,9301.63379
1621.50000,9305.26758
1622.00000,9310.68945
1622.50000,9309.77441
1623.00000,9296.46875
1623.50000,9275.89453
1624.00000,9254.28418
1624.50000,9235.77051
1625.00000,9220.59082
1625.50000,9206.87598
1626.00000,9193.82129
1626.50000,9182.21484
1627.00000,9171.50098
1627.50000,9159.04883
1628.00000,9143.10938
1628.50000,9124.66797
1629.00000,9108.81738
1629.50000,9100.66602
1630.00000,9097.79883
1630.50000,9093.13574
1631.00000,9080.29297
1631.50000,9060.19922
1632.00000,9040.04785
1632.50000,9028.39551
1633.00000,9028.87891
1633.50000,9032.90332
1634.00000,9030.12793
1634.50000,9014.98535
1635.00000,8988.22559
1635.50000,8957.91797
1636.00000,8933.20313
1636.50000,8918.80664
1637.00000,8912.15625
1637.50000,8909.56445
1638.00000,8906.30176
1638.50000,8899.87988
1639.00000,8890.27148
1639.50000,8876.43262
1640.00000,8857.49219
1640.50000,8833.64453
1641.00000,8808.08789
1641.50000,8786.84668
1642.00000,8775.51172
1642.50000,8772.13965
1643.00000,8772.75000
1643.50000,8771.18848
1644.00000,8764.42969
1644.50000,8754.32129
1645.00000,8743.84473
1645.50000,8733.97168
1646.00000,8723.16992
1646.50000,8709.33691
1647.00000,8692.82910
1647.50000,8676.36328
1648.00000,8663.81543
1648.50000,8658.84180
1649.00000,8660.14648
1649.50000,8664.25977
1650.00000,8665.12012
1650.50000,8657.15332
1651.00000,8640.44922
1651.50000,8621.13574
1652.00000,8606.42188
1652.50000,8598.48242
1653.00000,8594.52734
1653.50000,8586.72461
1654.00000,8570.30371
1654.50000,8548.78125
1655.00000,8528.99316
1655.50000,8516.31836
1656.00000,8510.83594
1656.50000,8509.20313
1657.00000,8507.13184
1657.50000,8503.45801
1658.00000,8499.15918
1658.50000,8494.76367
1659.00000,8490.04590
1659.50000,8484.69824
1660.00000,8479.32227
1660.50000,8474.92090
1661.00000,8472.12598
1661.50000,8470.55371
1662.00000,8469.28027
1662.50000,8466.87695
1663.00000,8461.57813
1663.50000,8453.53027
1664.00000,8443.88086
1664.50000,8435.22266
1665.00000,8428.90723
1665.50000,8422.20410
1666.00000,8410.35742
1666.50000,8390.12305
1667.00000,8365.44629
1667.50000,8345.04492
1668.00000,8335.81738
1668.50000,8339.61328
1669.00000,8348.38281
1669.50000,8353.75293
1670.00000,8351.02441
1670.50000,8340.16699
1671.00000,8323.87207
1671.50000,8305.00586
1672.00000,8284.63770
1672.50000,8264.71777
1673.00000,8248.54004
1673.50000,8237.53320
1674.00000,8231.14063
1674.50000,8225.87207
1675.00000,8219.19434
1675.50000,8211.22754
1676.00000,8204.45605
1676.50000,8201.44727
1677.00000,8201.14160
1677.50000,8200.65039
1678.00000,8196.99902
1678.50000,8188.64258
1679.00000,8178.38330
1679.50000,8170.60156
1680.00000,8167.87207
1680.50000,8169.24072
1681.00000,8170.64893
1681.50000,8167.73193
1682.00000,8158.51660
1682.50000,8147.34473
1683.00000,8139.00732
1683.50000,8134.94971
1684.00000,8133.35547
1684.50000,8129.83252
1685.00000,8122.14648
1685.50000,8111.96533
1686.00000,8102.47412
1686.50000,8095.52979
1687.00000,8090.22607
1687.50000,8085.30762
1688.00000,8080.75439
1688.50000,8078.20947
1689.00000,8078.24658
1689.50000,8080.03711
1690.00000,8081.25000
1690.50000,8080.14551
1691.00000,8076.21973
1691.50000,8069.91699
1692.00000,8060.96191
1692.50000,8050.15332
1693.00000,8039.10010
1693.50000,8029.96289
1694.00000,8023.71875
1694.50000,8018.34082
1695.00000,8010.49365
1695.50000,7998.43506
1696.00000,7985.02100
1696.50000,7975.06787
1697.00000,7970.99268
1697.50000,7972.86816
1698.00000,7975.59814
1698.50000,7975.28223
1699.00000,7972.08594
1699.50000,7968.29541
1700.00000,7965.91504
1700.50000,7964.16260
1701.00000,7959.87988
1701.50000,7951.65576
1702.00000,7940.94092
1702.50000,7932.34131
1703.00000,7930.79834
1703.50000,7935.27539
1704.00000,7941.12207
1704.50000,7942.76660
1705.00000,7937.00342
1705.50000,7924.50488
1706.00000,7908.70313
1706.50000,7892.61084
1707.00000,7877.85596
1707.50000,7866.03076
1708.00000,7857.65430
1708.50000,7854.09375
1709.00000,7853.63867
1709.50000,7854.38721
1710.00000,7855.29248
1710.50000,7857.10938
1711.00000,7861.13428
1711.50000,7866.05957
1712.00000,7867.50830
1712.50000,7862.43457
1713.00000,7848.98926
1713.50000,7831.95508
1714.00000,7817.17041
1714.50000,7808.32275
1715.00000,7806.44727
1715.50000,7810.31299
1716.00000,7817.08350
1716.50000,7823.29883
1717.00000,7826.06494
1717.50000,7823.83496
1718.00000,7820.11035
1718.50000,7819.78760
1719.00000,7824.91357
1719.50000,7831.78076
1720.00000,7833.30566
1720.50000,7824.66504
1721.00000,7806.31006
1721.50000,7785.32178
1722.00000,7768.65820
1722.50000,7757.85498
1723.00000,7752.65771
1723.50000,7750.03711
1724.00000,7748.52686
1724.50000,7746.69141
1725.00000,7743.35596
1725.50000,7738.39600
1726.00000,7733.67480
1726.50000,7732.43506
1727.00000,7734.97510
1727.50000,7739.01563
1728.00000,7740.53906
1728.50000,7737.14111
1729.00000,7731.12695
1729.50000,7726.15674
1730.00000,7723.30664
1730.50000,7719.96045
1731.00000,7712.11865
1731.50000,7699.18701
1732.00000,7685.56494
1732.50000,7677.65430
1733.00000,7681.22705
1733.50000,7693.39160
1734.00000,7708.30176
1734.50000,7718.61328
1735.00000,7721.17090
1735.50000,7717.29053
1736.00000,7710.68750
1736.50000,7703.20947
1737.00000,7694.74951
1737.50000,7684.21631
1738.00000,7672.81006
1738.50000,7663.04443
1739.00000,7656.76025
1739.50000,7653.76855
1740.00000,7652.41211
1740.50000,7651.78955
1741.00000,7652.39600
1741.50000,7654.36426
1742.00000,7655.93115
1742.50000,7654.47656
1743.00000,7647.48047
1743.50000,7636.65430
1744.00000,7625.08740
1744.50000,7615.82422
1745.00000,7610.13281
1745.50000,7608.18848
1746.00000,7609.77588
1746.50000,7615.15967
1747.00000,7622.10107
1747.50000,7627.29688
1748.00000,7628.36816
1748.50000,7624.41553
1749.00000,7618.92188
1749.50000,7615.28223
1750.00000,7613.67773
1750.50000,7610.82520
1751.00000,7602.08398
1751.50000,7587.11377
1752.00000,7568.61475
1752.50000,7551.45313
1753.00000,7539.04932
1753.50000,7531.17383
1754.00000,7527.67822
1754.50000,7528.89014
1755.00000,7536.04980
1755.50000,7548.36768
1756.00000,7560.65332
1756.50000,7565.71387
1757.00000,7561.51709
1757.50000,7549.02002
1758.00000,7536.60303
1758.50000,7532.17285
1759.00000,7536.12695
1759.50000,7543.83984
1760.00000,7547.81396
1760.50000,7543.11328
1761.00000,7531.35986
1761.50000,7519.98779
1762.00000,7515.54443
1762.50000,7517.30420
1763.00000,7520.28711
1763.50000,7518.55273
1764.00000,7511.29053
1764.50000,7503.54785
1765.00000,7500.91992
1765.50000,7504.72021
1766.00000,7509.79443
1766.50000,7511.13037
1767.00000,7507.98633
1767.50000,7501.86670
1768.00000,7495.89063
1768.50000,7491.00195
1769.00000,7487.33838
1769.50000,7486.18848
1770.00000,7488.95850
1770.50000,7494.30176
1771.00000,7498.48438
1771.50000,7498.59473
1772.00000,7494.34082
1772.50000,7490.32178
1773.00000,7490.61963
1773.50000,7494.46924
1774.00000,7498.65918
1774.50000,7499.72021
1775.00000,7497.10840
1775.50000,7492.79688
1776.00000,7488.77930
1776.50000,7485.46826
1777.00000,7481.70898
1777.50000,7475.80078
1778.00000,7467.56348
1778.50000,7457.22705
1779.00000,7446.63428
1779.50000,7438.46436
1780.00000,7434.91309
1780.50000,7436.68066
1781.00000,7442.98633
1781.50000,7450.09180
1782.00000,7453.31787
1782.50000,7451.11377
1783.00000,7443.69092
1783.50000,7435.59375
1784.00000,7430.88867
1784.50000,7429.11475
1785.00000,7426.18604
1785.50000,7418.04688
1786.00000,7405.57275
1786.50000,7394.72998
1787.00000,7390.14014
1787.50000,7392.91260
1788.00000,7396.85645
1788.50000,7396.20215
1789.00000,7391.09033
1789.50000,7385.44580
1790.00000,7383.44434
1790.50000,7386.06641
1791.00000,7390.71094
1791.50000,7394.07959
1792.00000,7393.91357
1792.50000,7390.75195
1793.00000,7386.05957
1793.50000,7382.95703
1794.00000,7384.48730
1794.50000,7391.04736
1795.00000,7399.54346
1795.50000,7404.22217
1796.00000,7401.67529
1796.50000,7391.43994
1797.00000,7379.12842
1797.50000,7371.15771
1798.00000,7368.83691
1798.50000,7370.04590
1799.00000,7369.64893
1799.50000,7364.30957
1800.00000,7356.15332
1800.50000,7349.58936
1801.00000,7347.34961
1801.50000,7347.46924
1802.00000,7346.07910
1802.50000,7342.02197
1803.00000,7336.24756
1803.50000,7330.11768
1804.00000,7322.68994
1804.50000,7313.85352
1805.00000,7307.29004
1805.50000,7308.95947
1806.00000,7319.48145
1806.50000,7330.51807
1807.00000,7331.99902
1807.50000,7318.84521
1808.00000,7301.65186
1808.50000,7293.80566
1809.00000,7298.58252
1809.50000,7310.11377
1810.00000,7318.92188
