440.00000,6196.59814
440.50000,6198.41406
441.00000,6202.57080
441.50000,6205.81299
442.00000,6205.59375
442.50000,6201.04541
443.00000,6195.02295
443.50000,6190.15430
444.00000,6188.43066
444.50000,6190.97510
445.00000,6196.55566
445.50000,6202.61230
446.00000,6207.19531
446.50000,6209.50244
447.00000,6209.04150
447.50000,6207.16064
448.00000,6204.63623
448.50000,6201.64063
449.00000,6197.58643
449.50000,6191.72998
450.00000,6183.84082
450.50000,6174.91602
451.00000,6166.45410
451.50000,6159.98926
452.00000,6155.86914
452.50000,6154.17432
453.00000,6153.18311
453.50000,6152.02002
454.00000,6150.29932
454.50000,6148.05859
455.00000,6145.43604
455.50000,6142.23145
456.00000,6137.82764
456.50000,6132.07324
457.00000,6124.98291
457.50000,6117.85010
458.00000,6112.17725
458.50000,6108.22021
459.00000,6105.41992
459.50000,6102.20557
460.00000,6096.48682
460.50000,6087.40137
461.00000,6076.36768
461.50000,6065.58301
462.00000,6057.48877
462.50000,6055.56689
463.00000,6059.62305
463.50000,6068.62402
464.00000,6079.80811
464.50000,6090.28271
465.00000,6097.13428
465.50000,6098.71143
466.00000,6094.98486
466.50000,6088.04004
467.00000,6079.48242
467.50000,6071.48047
468.00000,6065.71143
468.50000,6061.85840
469.00000,6059.55225
469.50000,6058.29199
470.00000,6058.01611
470.50000,6059.32813
471.00000,6062.36133
471.50000,6066.92383
472.00000,6071.81543
472.50000,6075.58398
473.00000,6077.27148
473.50000,6076.91699
474.00000,6076.16309
474.50000,6076.76025
475.00000,6079.95361
475.50000,6085.67822
476.00000,6092.32031
476.50000,6097.29443
477.00000,6097.99316
477.50000,6094.41260
478.00000,6086.40527
478.50000,6076.32617
479.00000,6066.60010
479.50000,6058.53125
480.00000,6052.31445
480.50000,6047.38379
481.00000,6042.65283
481.50000,6037.79541
482.00000,6033.54834
482.50000,6031.58691
483.00000,6032.69727
483.50000,6037.65234
484.00000,6044.77148
484.50000,6051.16748
485.00000,6054.34131
485.50000,6052.99170
486.00000,6046.43213
486.50000,6036.65088
487.00000,6025.93066
487.50000,6016.29199
488.00000,6009.23730
488.50000,6004.99561
489.00000,6003.94678
489.50000,6005.36182
490.00000,6008.07813
490.50000,6010.72510
491.00000,6011.77295
491.50000,6009.23730
492.00000,6003.12354
492.50000,5994.54443
493.00000,5986.18701
493.50000,5980.81006
494.00000,5979.89258
494.50000,5983.69385
495.00000,5989.33203
495.50000,5993.46387
496.00000,5993.26318
496.50000,5988.58105
497.00000,5979.97754
497.50000,5971.55029
498.00000,5967.13330
498.50000,5968.13232
499.00000,5975.09570
499.50000,5986.41650
500.00000,5999.39795
500.50000,6011.54541
501.00000,6021.92920
501.50000,6030.21436
502.00000,6037.23975
502.50000,6043.31104
503.00000,6048.58496
503.50000,6052.39258
504.00000,6054.12988
504.50000,6053.18359
505.00000,6049.32422
505.50000,6043.13330
506.00000,6035.82764
506.50000,6029.01660
507.00000,6024.69775
507.50000,6023.68115
508.00000,6027.40186
508.50000,6034.61230
509.00000,6043.03564
509.50000,6050.07178
510.00000,6053.51367
510.50000,6051.83350
511.00000,6045.84082
511.50000,6037.41211
512.00000,6029.08838
512.50000,6022.69336
513.00000,6018.73926
513.50000,6017.74561
514.00000,6019.39258
514.50000,6023.31348
515.00000,6029.21875
515.50000,6036.26758
516.00000,6043.33594
516.50000,6049.03369
517.00000,6052.48682
517.50000,6054.92871
518.00000,6058.12451
518.50000,6063.80566
519.00000,6073.20361
519.50000,6085.49121
520.00000,6097.81641
520.50000,6107.76172
521.00000,6114.49365
521.50000,6117.94482
522.00000,6120.31445
522.50000,6123.51270
523.00000,6127.74219
523.50000,6131.97705
524.00000,6134.65723
524.50000,6134.55762
525.00000,6131.64600
525.50000,6127.78857
526.00000,6124.47119
526.50000,6122.05664
527.00000,6119.79980
527.50000,6116.01465
528.00000,6108.54883
528.50000,6097.77930
529.00000,6084.64893
529.50000,6070.77002
530.00000,6057.50098
530.50000,6045.56299
531.00000,6034.69873
531.50000,6025.03564
532.00000,6016.88672
532.50000,6011.67188
533.00000,6009.75293
533.50000,6011.45947
534.00000,6014.51611
534.50000,6016.48828
535.00000,6015.66504
535.50000,6012.15820
536.00000,6007.58643
536.50000,6005.20996
537.00000,6008.15137
537.50000,6015.44971
538.00000,6025.37109
538.50000,6034.19678
539.00000,6037.97900
539.50000,6034.89111
540.00000,6027.19922
540.50000,6018.10059
541.00000,6011.11621
541.50000,6009.15918
542.00000,6011.47510
542.50000,6015.59717
543.00000,6018.02100
543.50000,6016.50439
544.00000,6011.27246
544.50000,6004.27832
545.00000,5998.74463
545.50000,5996.74854
546.00000,5998.35547
546.50000,6001.07080
547.00000,6001.82324
547.50000,5998.77490
548.00000,5990.58398
548.50000,5979.97412
549.00000,5969.66846
549.50000,5961.73926
550.00000,5956.88086
550.50000,5954.86914
551.00000,5954.41992
551.50000,5955.33350
552.00000,5957.82666
552.50000,5962.85010
553.00000,5969.79590
553.50000,5976.86182
554.00000,5980.47852
554.50000,5977.88184
555.00000,5968.48926
555.50000,5955.09131
556.00000,5941.94189
556.50000,5933.72754
557.00000,5935.91895
557.50000,5945.75244
558.00000,5960.84619
558.50000,5976.51416
559.00000,5988.88428
559.50000,5995.81543
560.00000,5997.77002
560.50000,5996.56250
561.00000,5994.21191
561.50000,5991.47070
562.00000,5988.48193
562.50000,5984.77979
563.00000,5980.36572
563.50000,5976.00635
564.00000,5972.81104
564.50000,5971.83691
565.00000,5973.69141
565.50000,5977.88379
566.00000,5983.47852
566.50000,5988.85254
567.00000,5992.78467
567.50000,5995.00684
568.00000,5995.24121
568.50000,5994.00391
569.00000,5991.85449
569.50000,5989.41211
570.00000,5987.03076
570.50000,5984.83643
571.00000,5982.71826
571.50000,5980.37598
572.00000,5977.50928
572.50000,5973.85303
573.00000,5969.56201
573.50000,5964.82373
574.00000,5959.98730
574.50000,5955.42236
575.00000,5951.62549
575.50000,5948.99902
576.00000,5948.44775
576.50000,5950.22217
577.00000,5955.12939
577.50000,5962.19287
578.00000,5969.87061
578.50000,5975.65186
579.00000,5977.44238
579.50000,5974.47168
580.00000,5967.66943
580.50000,5958.69287
581.00000,5950.05762
581.50000,5943.25391
582.00000,5937.70068
582.50000,5932.57129
583.00000,5927.15234
583.50000,5921.81689
584.00000,5918.24170
584.50000,5918.24072
585.00000,5922.13574
585.50000,5928.00146
586.00000,5932.89795
586.50000,5934.23926
587.00000,5929.44141
587.50000,5920.71191
588.00000,5911.34814
588.50000,5904.54346
589.00000,5902.31445
589.50000,5904.52979
590.00000,5909.04004
590.50000,5912.84424
591.00000,5914.02881
591.50000,5911.30957
592.00000,5905.77051
592.50000,5898.00146
593.00000,5889.41162
593.50000,5881.12939
594.00000,5873.96289
594.50000,5868.37744
595.00000,5864.60303
595.50000,5862.27686
596.00000,5861.16357
596.50000,5860.71826
597.00000,5861.00732
597.50000,5862.11621
598.00000,5864.27490
598.50000,5867.02393
599.00000,5869.32813
599.50000,5869.66113
600.00000,5866.95264
600.50000,5861.20020
601.00000,5853.98682
601.50000,5846.94482
602.00000,5841.34180
602.50000,5837.93311
603.00000,5835.96338
603.50000,5834.55664
604.00000,5833.46680
604.50000,5833.26367
605.00000,5834.90430
605.50000,5838.59033
606.00000,5843.68750
606.50000,5847.78223
607.00000,5848.10693
607.50000,5844.36816
608.00000,5837.05859
608.50000,5828.94287
609.00000,5823.32471
609.50000,5822.84961
610.00000,5826.68213
610.50000,5832.74463
611.00000,5837.90723
611.50000,5839.26123
612.00000,5836.81250
612.50000,5831.33545
613.00000,5826.06641
613.50000,5823.71094
614.00000,5825.48730
614.50000,5831.33398
615.00000,5840.40234
615.50000,5850.84473
616.00000,5860.85986
616.50000,5869.05957
617.00000,5873.63525
617.50000,5874.28809
618.00000,5870.29053
618.50000,5862.87402
619.00000,5854.37158
619.50000,5848.39063
620.00000,5847.48779
620.50000,5853.36328
621.00000,5864.10840
621.50000,5877.43457
622.00000,5889.24707
622.50000,5894.92578
623.00000,5893.87354
623.50000,5886.08740
624.00000,5873.60449
624.50000,5859.13867
625.00000,5845.51953
625.50000,5835.38818
626.00000,5831.97900
626.50000,5834.73926
627.00000,5844.05127
627.50000,5856.68066
628.00000,5869.39746
628.50000,5878.84229
629.00000,5882.44385
629.50000,5880.93896
630.00000,5877.45068
630.50000,5875.07373
631.00000,5875.46387
631.50000,5878.98877
632.00000,5883.04004
632.50000,5884.23145
633.00000,5881.68311
633.50000,5876.55469
634.00000,5872.05029
634.50000,5871.58838
635.00000,5877.52100
635.50000,5888.68799
636.00000,5901.95898
636.50000,5912.72949
637.00000,5917.23779
637.50000,5915.72510
638.00000,5909.05713
638.50000,5900.41797
639.00000,5893.10840
639.50000,5889.44189
640.00000,5889.39160
640.50000,5892.21680
641.00000,5895.74658
641.50000,5897.73438
642.00000,5896.98828
642.50000,5892.58936
643.00000,5886.56885
643.50000,5881.83691
644.00000,5881.09814
644.50000,5885.68262
645.00000,5895.17041
645.50000,5906.25977
646.00000,5914.22559
646.50000,5916.53809
647.00000,5911.73975
647.50000,5902.65723
648.00000,5891.88818
648.50000,5881.98438
649.00000,5873.98486
649.50000,5867.36182
650.00000,5860.93848
650.50000,5854.66113
651.00000,5849.32959
651.50000,5846.50928
652.00000,5846.14893
652.50000,5847.64941
653.00000,5848.79395
653.50000,5847.69238
654.00000,5844.11475
654.50000,5839.17041
655.00000,5834.48535
655.50000,5831.33301
656.00000,5830.63916
656.50000,5831.94922
657.00000,5835.37939
657.50000,5840.66113
658.00000,5847.86279
658.50000,5855.91895
659.00000,5862.72900
659.50000,5865.46582
660.00000,5862.14844
660.50000,5852.86279
661.00000,5841.35205
661.50000,5831.90381
662.00000,5827.39502
662.50000,5829.80713
663.00000,5836.71533
663.50000,5843.71094
664.00000,5845.87451
664.50000,5840.69092
665.00000,5827.64453
665.50000,5810.02539
666.00000,5791.65527
666.50000,5776.82959
667.00000,5770.65381
667.50000,5773.01074
668.00000,5783.15479
668.50000,5797.45508
669.00000,5811.72852
669.50000,5821.99170
670.00000,5826.14990
670.50000,5823.08643
671.00000,5816.27637
671.50000,5809.59131
672.00000,5806.20215
672.50000,5808.39746
673.00000,5815.05225
673.50000,5823.74414
674.00000,5830.92725
674.50000,5834.00244
675.00000,5832.83691
675.50000,5829.99707
676.00000,5828.54785
676.50000,5830.39941
677.00000,5836.66260
677.50000,5845.33301
678.00000,5853.89844
678.50000,5860.63965
679.00000,5865.61133
679.50000,5869.93994
680.00000,5874.66455
680.50000,5879.57178
681.00000,5883.09863
681.50000,5881.95313
682.00000,5875.91650
682.50000,5865.92871
683.00000,5855.29785
683.50000,5847.10742
684.00000,5842.69385
684.50000,5840.85205
685.00000,5838.51074
685.50000,5832.49561
686.00000,5821.08252
686.50000,5806.62646
687.00000,5791.95215
687.50000,5780.07959
688.00000,5773.27979
688.50000,5771.31982
689.00000,5772.57715
689.50000,5774.27295
690.00000,5774.21484
690.50000,5770.76953
691.00000,5764.26758
691.50000,5754.96484
692.00000,5744.72607
692.50000,5735.08105
693.00000,5726.88086
693.50000,5719.73242
694.00000,5712.44629
694.50000,5703.90479
695.00000,5693.72803
695.50000,5683.04150
696.00000,5674.06494
696.50000,5668.72461
697.00000,5668.67920
697.50000,5672.53613
698.00000,5678.94141
698.50000,5685.92334
699.00000,5691.98828
699.50000,5696.23877
700.00000,5698.50537
700.50000,5698.43848
701.00000,5696.89404
701.50000,5694.51758
702.00000,5692.54785
702.50000,5692.15771
703.00000,5693.57373
703.50000,5696.25977
704.00000,5698.79736
704.50000,5699.86572
705.00000,5699.16797
705.50000,5697.71582
706.00000,5696.70215
706.50000,5696.67627
707.00000,5697.36328
707.50000,5697.49902
708.00000,5695.55371
708.50000,5691.35693
709.00000,5685.77930
709.50000,5679.98291
710.00000,5674.75439
710.50000,5670.19189
711.00000,5665.71582
711.50000,5660.85596
712.00000,5655.89893
712.50000,5651.78369
713.00000,5649.07861
713.50000,5647.70166
714.00000,5646.69775
714.50000,5644.85352
715.00000,5641.41113
715.50000,5637.07275
716.00000,5633.99561
716.50000,5634.08008
717.00000,5639.31641
717.50000,5648.84717
718.00000,5661.31396
718.50000,5674.20996
719.00000,5685.33545
719.50000,5693.45361
720.00000,5699.19385
720.50000,5703.89307
721.00000,5708.84326
721.50000,5714.20801
722.00000,5718.93994
722.50000,5721.13379
723.00000,5719.75488
723.50000,5714.77295
724.00000,5708.25000
724.50000,5703.53076
725.00000,5703.52588
725.50000,5708.54834
726.00000,5718.72607
726.50000,5731.33887
727.00000,5744.80811
727.50000,5758.11865
728.00000,5771.50830
728.50000,5785.36475
729.00000,5798.96484
729.50000,5810.05957
730.00000,5816.10742
730.50000,5813.73779
731.00000,5803.88818
731.50000,5787.35156
732.00000,5769.13135
732.50000,5753.47607
733.00000,5742.06543
733.50000,5734.50684
734.00000,5728.63281
734.50000,5722.00879
735.00000,5713.18945
735.50000,5702.70703
736.00000,5691.84814
736.50000,5681.96484
737.00000,5673.44873
737.50000,5665.62158
738.00000,5657.93994
738.50000,5650.36328
739.00000,5643.46533
739.50000,5638.00391
740.00000,5634.02295
740.50000,5630.96777
741.00000,5627.77295
741.50000,5624.03955
742.00000,5620.25342
742.50000,5617.28369
743.00000,5615.54932
743.50000,5614.77490
744.00000,5613.96826
744.50000,5612.15186
745.00000,5609.18018
745.50000,5605.87012
746.00000,5602.99365
746.50000,5600.61523
747.00000,5598.21338
747.50000,5595.11768
748.00000,5591.16113
748.50000,5587.21484
749.00000,5584.58594
749.50000,5583.90479
750.00000,5584.44873
750.50000,5585.08447
751.00000,5584.93896
751.50000,5584.00537
752.00000,5583.42725
752.50000,5584.63281
753.00000,5587.99463
753.50000,5592.64307
754.00000,5597.28369
754.50000,5601.09131
755.00000,5603.83594
755.50000,5605.80713
756.00000,5606.46387
756.50000,5605.09180
757.00000,5599.88867
757.50000,5591.09473
758.00000,5580.51270
758.50000,5571.05664
759.00000,5565.09863
759.50000,5563.39307
760.00000,5563.97705
760.50000,5564.12402
761.00000,5561.77100
761.50000,5555.96631
762.00000,5548.87549
762.50000,5542.37158
763.00000,5536.96240
763.50000,5531.54004
764.00000,5524.15723
764.50000,5513.67578
765.00000,5500.25146
765.50000,5486.38623
766.00000,5475.87402
766.50000,5470.19873
767.00000,5470.42041
767.50000,5474.69287
768.00000,5481.48486
768.50000,5489.34766
769.00000,5497.61523
769.50000,5506.12207
770.00000,5514.46191
770.50000,5521.10010
771.00000,5524.62793
771.50000,5522.82471
772.00000,5516.36035
772.50000,5506.34180
773.00000,5495.84570
773.50000,5488.22168
774.00000,5486.03369
774.50000,5489.64795
775.00000,5498.38916
775.50000,5508.58203
776.00000,5517.01807
776.50000,5521.95947
777.00000,5521.91211
777.50000,5517.82715
778.00000,5510.65381
778.50000,5501.75195
779.00000,5492.04590
779.50000,5481.80762
780.00000,5471.21875
780.50000,5460.69873
781.00000,5451.08105
781.50000,5443.89502
782.00000,5439.65576
782.50000,5438.86230
783.00000,5440.53809
783.50000,5443.38574
784.00000,5446.19238
784.50000,5448.47900
785.00000,5450.44336
785.50000,5452.41553
786.00000,5454.23340
786.50000,5455.38867
787.00000,5455.16113
787.50000,5453.70654
788.00000,5451.79492
788.50000,5450.65625
789.00000,5450.95166
789.50000,5452.07861
790.00000,5452.49121
790.50000,5450.35938
791.00000,5445.51611
791.50000,5438.09229
792.00000,5429.78418
792.50000,5421.99756
793.00000,5415.54980
793.50000,5410.77637
794.00000,5407.66504
794.50000,5406.20361
795.00000,5406.72461
795.50000,5408.63525
796.00000,5411.07080
796.50000,5412.55420
797.00000,5411.54932
797.50000,5407.88330
798.00000,5402.09570
798.50000,5395.77051
799.00000,5390.46924
799.50000,5387.18604
800.00000,5385.88330
800.50000,5386.60400
801.00000,5388.48730
801.50000,5391.01904
802.00000,5393.42188
802.50000,5395.02637
803.00000,5395.59521
803.50000,5395.51221
804.00000,5395.70410
804.50000,5397.09521
805.00000,5400.44629
805.50000,5405.32178
806.00000,5411.04102
806.50000,5416.24951
807.00000,5419.56689
807.50000,5420.53320
808.00000,5419.19482
808.50000,5416.94727
809.00000,5415.59082
809.50000,5416.69824
810.00000,5420.26172
810.50000,5425.27832
811.00000,5429.26172
811.50000,5429.41211
812.00000,5425.40674
812.50000,5418.28516
813.00000,5411.39355
813.50000,5407.79590
814.00000,5408.27393
814.50000,5410.77588
815.00000,5412.27881
815.50000,5410.80420
816.00000,5405.66064
816.50000,5399.47559
817.00000,5395.24072
817.50000,5394.66357
818.00000,5397.93262
818.50000,5403.06982
819.00000,5408.13086
819.50000,5412.09961
820.00000,5414.86670
820.50000,5415.82715
821.00000,5414.47705
821.50000,5409.12207
822.00000,5400.10693
822.50000,5388.93311
823.00000,5379.46289
823.50000,5375.88184
824.00000,5380.07910
824.50000,5389.92188
825.00000,5401.77686
825.50000,5411.25342
826.00000,5415.00146
826.50000,5414.41113
827.00000,5411.92285
827.50000,5411.04590
828.00000,5413.92529
828.50000,5419.91260
829.00000,5425.91162
829.50000,5428.69531
830.00000,5427.02930
830.50000,5420.42871
831.00000,5411.60645
831.50000,5402.98193
832.00000,5396.44824
832.50000,5392.91699
833.00000,5391.62988
833.50000,5391.34814
834.00000,5391.23145
834.50000,5391.50098
835.00000,5393.45313
835.50000,5397.88770
836.00000,5405.59912
836.50000,5414.93457
837.00000,5423.66943
837.50000,5429.55322
838.00000,5431.19189
838.50000,5429.30518
839.00000,5426.52051
839.50000,5425.84570
840.00000,5428.41113
840.50000,5434.20801
841.00000,5440.77197
841.50000,5445.82275
842.00000,5448.48340
842.50000,5449.10107
843.00000,5449.41943
843.50000,5451.14258
844.00000,5455.03369
844.50000,5460.32080
845.00000,5465.77197
845.50000,5470.56299
846.00000,5474.49707
846.50000,5478.07422
847.00000,5481.42773
847.50000,5484.21875
848.00000,5485.56689
848.50000,5484.68945
849.00000,5481.39893
849.50000,5475.73340
850.00000,5468.48828
850.50000,5460.02344
851.00000,5451.15918
851.50000,5442.95410
852.00000,5436.66553
852.50000,5433.85205
853.00000,5434.80225
853.50000,5438.59229
854.00000,5443.30957
854.50000,5446.86914
855.00000,5447.96680
855.50000,5447.39355
856.00000,5446.52344
856.50000,5446.42480
857.00000,5447.08496
857.50000,5447.57959
858.00000,5447.12988
858.50000,5445.88965
859.00000,5444.92334
859.50000,5445.48877
860.00000,5447.73242
860.50000,5451.13184
861.00000,5454.29395
861.50000,5456.36963
862.00000,5457.76758
862.50000,5458.97461
863.00000,5459.75977
863.50000,5458.73486
864.00000,5453.97021
864.50000,5445.07520
865.00000,5432.85986
865.50000,5420.71680
866.00000,5412.50146
866.50000,5409.24805
867.00000,5410.55273
867.50000,5412.88428
868.00000,5413.09473
868.50000,5410.10205
869.00000,5405.20752
869.50000,5400.68506
870.00000,5398.20850
870.50000,5398.42529
871.00000,5399.55029
871.50000,5399.48438
872.00000,5396.91406
872.50000,5391.46436
873.00000,5384.43164
873.50000,5377.83350
874.00000,5373.39453
874.50000,5371.53955
875.00000,5372.12598
875.50000,5373.50244
876.00000,5374.03564
876.50000,5372.82471
877.00000,5369.58984
877.50000,5365.37695
878.00000,5361.44385
878.50000,5358.52783
879.00000,5356.23535
879.50000,5353.33301
880.00000,5349.10107
880.50000,5343.84863
881.00000,5339.46924
881.50000,5338.50391
882.00000,5341.59863
882.50000,5348.02246
883.00000,5354.82178
883.50000,5358.57129
884.00000,5356.86719
884.50000,5350.53564
885.00000,5341.89502
885.50000,5334.93848
886.00000,5332.85840
886.50000,5334.69824
887.00000,5337.94775
887.50000,5338.66406
888.00000,5333.64160
888.50000,5322.29980
889.00000,5307.43652
889.50000,5293.42529
890.00000,5284.12012
890.50000,5282.79639
891.00000,5286.78711
891.50000,5292.67578
892.00000,5295.74756
892.50000,5293.17480
893.00000,5285.59814
893.50000,5275.71240
894.00000,5266.56592
894.50000,5260.03223
895.00000,5256.99072
895.50000,5256.17188
896.00000,5256.81104
896.50000,5257.79346
897.00000,5258.32617
897.50000,5257.59863
898.00000,5254.67627
898.50000,5249.18555
899.00000,5242.29102
899.50000,5235.94141
900.00000,5231.84863
900.50000,5231.35498
901.00000,5232.95068
901.50000,5234.81885
902.00000,5235.14990
902.50000,5233.22754
903.00000,5229.97754
903.50000,5227.03418
904.00000,5225.72266
904.50000,5226.07666
905.00000,5227.48779
905.50000,5228.69580
906.00000,5228.82373
906.50000,5227.82324
907.00000,5225.72559
907.50000,5222.95166
908.00000,5219.92725
908.50000,5217.04248
909.00000,5214.44434
909.50000,5211.91406
910.00000,5208.97852
910.50000,5205.19043
911.00000,5201.09863
911.50000,5198.13770
912.00000,5197.84424
912.50000,5201.20850
913.00000,5207.43799
913.50000,5214.73389
914.00000,5221.42969
914.50000,5226.93896
915.00000,5231.49512
915.50000,5235.81348
916.00000,5239.59375
916.50000,5241.86084
917.00000,5241.21143
917.50000,5237.92139
918.00000,5233.88086
918.50000,5232.05469
919.00000,5234.57080
919.50000,5241.77197
920.00000,5250.94971
920.50000,5259.32080
921.00000,5265.19727
921.50000,5267.72070
922.00000,5267.90234
922.50000,5266.64697
923.00000,5264.88477
923.50000,5263.43311
924.00000,5263.23096
924.50000,5264.90137
925.00000,5269.11768
925.50000,5275.00537
926.00000,5281.82275
926.50000,5288.78711
927.00000,5296.12598
927.50000,5304.35107
928.00000,5313.34033
928.50000,5321.66162
929.00000,5327.20996
929.50000,5327.82617
930.00000,5324.30029
930.50000,5317.97217
931.00000,5311.86768
931.50000,5307.94189
932.00000,5306.23926
932.50000,5306.16992
933.00000,5307.23730
933.50000,5309.81738
934.00000,5314.62695
934.50000,5320.51953
935.00000,5324.27490
935.50000,5322.66992
936.00000,5312.11865
936.50000,5295.00195
937.00000,5275.65283
937.50000,5260.25684
938.00000,5253.49463
938.50000,5256.31104
939.00000,5264.77490
939.50000,5273.69336
940.00000,5278.52051
940.50000,5276.03174
941.00000,5268.55371
941.50000,5258.55078
942.00000,5249.20068
942.50000,5241.78760
943.00000,5235.65088
943.50000,5229.24561
944.00000,5221.42969
944.50000,5212.60449
945.00000,5204.39502
945.50000,5198.50342
946.00000,5196.41553
946.50000,5196.80859
947.00000,5197.36230
947.50000,5195.38818
948.00000,5189.47363
948.50000,5180.56445
949.00000,5171.93262
949.50000,5167.62256
950.00000,5168.62695
950.50000,5174.04248
951.00000,5179.03320
951.50000,5178.54346
952.00000,5170.85938
952.50000,5157.23047
953.00000,5142.54346
953.50000,5132.34033
954.00000,5130.46777
954.50000,5135.44287
955.00000,5144.26709
955.50000,5152.07324
956.00000,5156.13525
956.50000,5157.78271
957.00000,5160.02832
957.50000,5165.54150
958.00000,5174.60840
958.50000,5184.45215
959.00000,5191.34473
959.50000,5192.12500
960.00000,5187.68506
960.50000,5179.56299
961.00000,5171.59521
961.50000,5166.97998
962.00000,5166.94727
962.50000,5171.60010
963.00000,5179.23730
963.50000,5187.16748
964.00000,5192.65137
964.50000,5194.48145
965.00000,5192.23291
965.50000,5188.48242
966.00000,5186.03564
966.50000,5186.72119
967.00000,5190.86914
967.50000,5196.27783
968.00000,5200.11279
968.50000,5200.14893
969.00000,5196.23926
969.50000,5189.15137
970.00000,5181.36621
970.50000,5175.13330
971.00000,5171.41016
971.50000,5170.65332
972.00000,5171.67041
972.50000,5173.06348
973.00000,5173.66992
973.50000,5173.21680
974.00000,5172.21777
974.50000,5171.53223
975.00000,5171.52979
975.50000,5171.50635
976.00000,5170.18457
976.50000,5167.22900
977.00000,5163.14160
977.50000,5159.21875
978.00000,5156.27148
978.50000,5153.93506
979.00000,5150.98242
979.50000,5146.42480
980.00000,5141.02930
980.50000,5136.74072
981.00000,5134.94678
981.50000,5135.82373
982.00000,5136.96826
982.50000,5135.26025
983.00000,5128.98242
983.50000,5119.21973
984.00000,5108.79297
984.50000,5100.64404
985.00000,5096.59668
985.50000,5095.07520
986.00000,5094.48730
986.50000,5093.71533
987.00000,5093.03564
987.50000,5093.01904
988.00000,5093.30713
988.50000,5092.25342
989.00000,5088.21387
989.50000,5080.23047
990.00000,5070.50781
990.50000,5062.57422
991.00000,5059.23633
991.50000,5062.46826
992.00000,5070.24268
992.50000,5078.98779
993.00000,5084.65869
993.50000,5084.92383
994.00000,5079.41064
994.50000,5071.34082
995.00000,5064.72607
995.50000,5062.54297
996.00000,5066.89746
996.50000,5075.29688
997.00000,5084.60547
997.50000,5091.87305
998.00000,5096.27539
998.50000,5099.33887
999.00000,5103.74609
999.50000,5111.36768
1000.00000,5120.75586
1000.50000,5128.44629
1001.00000,5131.37549
1001.50000,5127.60400
1002.00000,5119.72559
1002.50000,5112.17334
1003.00000,5109.23877
1003.50000,5112.30957
1004.00000,5120.10303
1004.50000,5128.32715
1005.00000,5132.63232
1005.50000,5131.81543
1006.00000,5125.41113
1006.50000,5116.04834
1007.00000,5106.13477
1007.50000,5097.75635
1008.00000,5092.16113
1008.50000,5089.88623
1009.00000,5090.09424
1009.50000,5091.65430
1010.00000,5092.70361
1010.50000,5091.49219
1011.00000,5087.85400
1011.50000,5082.00586
1012.00000,5075.25879
1012.50000,5068.92285
1013.00000,5064.12988
1013.50000,5061.63184
1014.00000,5062.19043
1014.50000,5065.15332
1015.00000,5069.38916
1015.50000,5072.41748
1016.00000,5071.55518
1016.50000,5066.72510
1017.00000,5059.85107
1017.50000,5054.96631
1018.00000,5055.64648
1018.50000,5062.99707
1019.00000,5073.57471
1019.50000,5082.57422
1020.00000,5086.88818
1020.50000,5085.09082
1021.00000,5080.36865
1021.50000,5075.76270
1022.00000,5073.33398
1022.50000,5073.55566
1023.00000,5075.94238
1023.50000,5080.05811
1024.00000,5086.26514
1024.50000,5094.15479
1025.00000,5102.64160
1025.50000,5109.58057
1026.00000,5112.71045
1026.50000,5112.31299
1027.00000,5110.01563
1027.50000,5108.47363
1028.00000,5109.40430
1028.50000,5112.78613
1029.00000,5116.80322
1029.50000,5119.44336
1030.00000,5119.89502
1030.50000,5117.60645
1031.00000,5113.41602
1031.50000,5107.70801
1032.00000,5101.50244
1032.50000,5096.33105
1033.00000,5093.98730
1033.50000,5095.30957
1034.00000,5100.01367
1034.50000,5105.47510
1035.00000,5108.48779
1035.50000,5107.70361
1036.00000,5102.63330
1036.50000,5095.53369
1037.00000,5088.73584
1037.50000,5083.95557
1038.00000,5081.83447
1038.50000,5082.53027
1039.00000,5085.59961
1039.50000,5091.36719
1040.00000,5099.11084
1040.50000,5108.28369
1041.00000,5117.39648
1041.50000,5124.95801
1042.00000,5130.18457
1042.50000,5132.84570
1043.00000,5133.40381
1043.50000,5132.90039
1044.00000,5132.38330
1044.50000,5132.74316
1045.00000,5134.63623
1045.50000,5137.30322
1046.00000,5139.30176
1046.50000,5139.17432
1047.00000,5136.29150
1047.50000,5132.05762
1048.00000,5129.25928
1048.50000,5130.74951
1049.00000,5136.85010
1049.50000,5146.38818
1050.00000,5155.69189
1050.50000,5161.47070
1051.00000,5163.42578
1051.50000,5162.71484
1052.00000,5162.00293
1052.50000,5163.14111
1053.00000,5166.31006
1053.50000,5170.36182
1054.00000,5174.54834
1054.50000,5179.29150
1055.00000,5186.70850
1055.50000,5197.62891
1056.00000,5211.96631
1056.50000,5226.40967
1057.00000,5236.32129
1057.50000,5238.27051
1058.00000,5231.80127
1058.50000,5219.09912
1059.00000,5205.16748
1059.50000,5194.28418
1060.00000,5187.50293
1060.50000,5184.30859
1061.00000,5181.70508
1061.50000,5177.60938
1062.00000,5171.94775
1062.50000,5166.42725
1063.00000,5163.36621
1063.50000,5163.64795
1064.00000,5166.60107
1064.50000,5169.50439
1065.00000,5169.30957
1065.50000,5165.45898
1066.00000,5158.50342
1066.50000,5151.29932
1067.00000,5146.59277
1067.50000,5145.39502
1068.00000,5146.43066
1068.50000,5147.15088
1069.00000,5145.54932
1069.50000,5141.18896
1070.00000,5136.58496
1070.50000,5135.07275
1071.00000,5137.82617
1071.50000,5144.31006
1072.00000,5151.52002
1072.50000,5156.77148
1073.00000,5159.44238
1073.50000,5161.36182
1074.00000,5164.91650
1074.50000,5170.58984
1075.00000,5176.91211
1075.50000,5181.15527
1076.00000,5181.19238
1076.50000,5177.96631
1077.00000,5173.31836
1077.50000,5168.62305
1078.00000,5163.33984
1078.50000,5155.60840
1079.00000,5145.04785
1079.50000,5133.42334
1080.00000,5124.58105
1080.50000,5122.57715
1081.00000,5126.43457
1081.50000,5133.11719
1082.00000,5138.19189
1082.50000,5139.43457
1083.00000,5137.95508
1083.50000,5136.91016
1084.00000,5138.72021
1084.50000,5142.81934
1085.00000,5148.07471
1085.50000,5153.82031
1086.00000,5161.84668
1086.50000,5173.90869
1087.00000,5190.03418
1087.50000,5206.30371
1088.00000,5216.55908
1088.50000,5215.10498
1089.00000,5202.97607
1089.50000,5183.83008
1090.00000,5166.09082
1090.50000,5156.96729
1091.00000,5157.13184
1091.50000,5164.41162
1092.00000,5172.88330
1092.50000,5177.24951
1093.00000,5174.85742
1093.50000,5167.14746
1094.00000,5156.99219
1094.50000,5148.16309
1095.00000,5143.40430
1095.50000,5141.96973
1096.00000,5142.48828
1096.50000,5142.85986
1097.00000,5142.19336
1097.50000,5141.07178
1098.00000,5140.67383
1098.50000,5141.60303
1099.00000,5143.03955
1099.50000,5143.52686
1100.00000,5142.50830
1100.50000,5140.47559
1101.00000,5139.11133
1101.50000,5139.78760
1102.00000,5142.24512
1102.50000,5145.07031
1103.00000,5146.80713
1103.50000,5147.22559
1104.00000,5147.07129
1104.50000,5147.31982
1105.00000,5147.93115
1105.50000,5147.79053
1106.00000,5145.73633
1106.50000,5142.34814
1107.00000,5139.65576
1107.50000,5139.97217
1108.00000,5143.97559
1108.50000,5150.35547
1109.00000,5155.98682
1109.50000,5157.83984
1110.00000,5156.17236
1110.50000,5152.66406
1111.00000,5150.73975
1111.50000,5153.43066
1112.00000,5161.22021
1112.50000,5172.36084
1113.00000,5183.37012
1113.50000,5190.46924
1114.00000,5190.05322
1114.50000,5182.91455
1115.00000,5170.42383
1115.50000,5157.74365
1116.00000,5149.86279
1116.50000,5149.15039
1117.00000,5155.79883
1117.50000,5166.91016
1118.00000,5178.23828
1118.50000,5186.20459
1119.00000,5189.91357
1119.50000,5189.55762
1120.00000,5188.09375
1120.50000,5188.15137
1121.00000,5191.05811
1121.50000,5196.92236
1122.00000,5203.93945
1122.50000,5209.77832
1123.00000,5212.80029
1123.50000,5213.48779
1124.00000,5213.78711
1124.50000,5216.25830
1125.00000,5223.22021
1125.50000,5233.55225
1126.00000,5245.38574
1126.50000,5256.12842
1127.00000,5264.22754
1127.50000,5269.71680
1128.00000,5273.53418
1128.50000,5276.07715
1129.00000,5277.36865
1129.50000,5276.73975
1130.00000,5274.87109
1130.50000,5273.11816
1131.00000,5273.14990
1131.50000,5276.09570
1132.00000,5281.34668
1132.50000,5287.45996
1133.00000,5293.32275
1133.50000,5299.02148
1134.00000,5305.81641
1134.50000,5314.58496
1135.00000,5325.67285
1135.50000,5337.35449
1136.00000,5347.56396
1136.50000,5355.10352
1137.00000,5359.89697
1137.50000,5363.11768
1138.00000,5366.28857
1138.50000,5370.40576
1139.00000,5375.54785
1139.50000,5381.67773
1140.00000,5388.34521
1140.50000,5395.22900
1141.00000,5401.49463
1141.50000,5405.37598
1142.00000,5404.98389
1142.50000,5398.98682
1143.00000,5387.57764
1143.50000,5373.89502
1144.00000,5362.29053
1144.50000,5356.06348
1145.00000,5358.20361
1145.50000,5366.19580
1146.00000,5377.29883
1146.50000,5387.88428
1147.00000,5395.91113
1147.50000,5401.26855
1148.00000,5404.99609
1148.50000,5407.63184
1149.00000,5409.28223
1149.50000,5409.40527
1150.00000,5408.68018
1150.50000,5408.62354
1151.00000,5410.89941
1151.50000,5416.60938
1152.00000,5424.84375
1152.50000,5433.46582
1153.00000,5440.20898
1153.50000,5444.07959
1154.00000,5444.72998
1154.50000,5443.61719
1155.00000,5441.91943
1155.50000,5441.09131
1156.00000,5442.63232
1156.50000,5446.97998
1157.00000,5453.33496
1157.50000,5458.91748
1158.00000,5459.97656
1158.50000,5452.84961
1159.00000,5438.75732
1159.50000,5420.89990
1160.00000,5405.95703
1160.50000,5400.39209
1161.00000,5404.78125
1161.50000,5416.83984
1162.00000,5430.66113
1162.50000,5440.90430
1163.00000,5445.02295
1163.50000,5444.82764
1164.00000,5443.17920
1164.50000,5442.85498
1165.00000,5444.69385
1165.50000,5447.12451
1166.00000,5448.59912
1166.50000,5449.08203
1167.00000,5450.31641
1167.50000,5454.63184
1168.00000,5462.74707
1168.50000,5473.40674
1169.00000,5483.20801
1169.50000,5488.47314
1170.00000,5489.17139
1170.50000,5486.24658
1171.00000,5482.63184
1171.50000,5480.10107
1172.00000,5478.70898
1172.50000,5477.59131
1173.00000,5476.44580
1173.50000,5476.12451
1174.00000,5478.31836
1174.50000,5482.94922
1175.00000,5488.68213
1175.50000,5492.70068
1176.00000,5492.42236
1176.50000,5487.86523
1177.00000,5480.68994
1177.50000,5473.43506
1178.00000,5468.00879
1178.50000,5465.23340
1179.00000,5464.10303
1179.50000,5463.25635
1180.00000,5460.98682
1180.50000,5455.52881
1181.00000,5446.95313
1181.50000,5436.55029
1182.00000,5427.18799
1182.50000,5421.62842
1183.00000,5421.06885
1183.50000,5423.34229
1184.00000,5425.22119
1184.50000,5424.33838
1185.00000,5420.21338
1185.50000,5415.54883
1186.00000,5413.11621
1186.50000,5413.65283
1187.00000,5415.76123
1187.50000,5416.98926
1188.00000,5415.86768
1188.50000,5412.26660
1189.00000,5407.58301
1189.50000,5402.64258
1190.00000,5397.85156
1190.50000,5393.71484
1191.00000,5391.27051
1191.50000,5392.34521
1192.00000,5397.74316
1192.50000,5406.41504
1193.00000,5415.86133
1193.50000,5423.33887
1194.00000,5427.05566
1194.50000,5428.27246
1195.00000,5428.46875
1195.50000,5429.00146
1196.00000,5429.58154
1196.50000,5428.71875
1197.00000,5424.74756
1197.50000,5417.11475
1198.00000,5407.25635
1198.50000,5397.73389
1199.00000,5391.31689
1199.50000,5391.43945
1200.00000,5397.53711
1200.50000,5409.04248
1201.00000,5422.50342
1201.50000,5434.69531
1202.00000,5443.66846
1202.50000,5449.50293
1203.00000,5453.52100
1203.50000,5457.50586
1204.00000,5462.20508
1204.50000,5467.15137
1205.00000,5471.67383
1205.50000,5475.78223
1206.00000,5480.08691
1206.50000,5485.00098
1207.00000,5489.86963
1207.50000,5492.93555
1208.00000,5492.71436
1208.50000,5488.60742
1209.00000,5482.89795
1209.50000,5478.82129
1210.00000,5478.50586
1210.50000,5483.04785
1211.00000,5490.24756
1211.50000,5497.20557
1212.00000,5501.48730
1212.50000,5502.42529
1213.00000,5500.89258
1213.50000,5499.13867
1214.00000,5499.32715
1214.50000,5502.07910
1215.00000,5507.59863
1215.50000,5514.31445
1216.00000,5520.56152
1216.50000,5524.87793
1217.00000,5526.39795
1217.50000,5525.13770
1218.00000,5522.18311
1218.50000,5518.67969
1219.00000,5515.61230
1219.50000,5513.22998
1220.00000,5510.74756
1220.50000,5506.92676
1221.00000,5501.21533
1221.50000,5494.09033
1222.00000,5487.63086
1222.50000,5484.70752
1223.00000,5488.04590
1223.50000,5497.06201
1224.00000,5509.72461
1224.50000,5521.05957
1225.00000,5526.01367
1225.50000,5523.86328
1226.00000,5516.12891
1226.50000,5507.82080
1227.00000,5503.93408
1227.50000,5507.23633
1228.00000,5516.42334
1228.50000,5528.81201
1229.00000,5540.50781
1229.50000,5548.49658
1230.00000,5552.60254
1230.50000,5552.84131
1231.00000,5551.18945
1231.50000,5550.30176
1232.00000,5553.42676
1232.50000,5563.13184
1233.00000,5580.68799
1233.50000,5603.00439
1234.00000,5625.83887
1234.50000,5644.89404
1235.00000,5657.31055
1235.50000,5665.05859
1236.00000,5670.56982
1236.50000,5675.85352
1237.00000,5680.55811
1237.50000,5682.72217
1238.00000,5681.27393
1238.50000,5676.62500
1239.00000,5671.72949
1239.50000,5669.44336
1240.00000,5670.06836
1240.50000,5672.84717
1241.00000,5675.99023
1241.50000,5678.69531
1242.00000,5681.24512
1242.50000,5684.14746
1243.00000,5687.24268
1243.50000,5689.72852
1244.00000,5690.85742
1244.50000,5691.41357
1245.00000,5693.24072
1245.50000,5697.92285
1246.00000,5706.52441
1246.50000,5718.15137
1247.00000,5731.14404
1247.50000,5743.81982
1248.00000,5755.00635
1248.50000,5763.55859
1249.00000,5769.28857
1249.50000,5771.17090
1250.00000,5770.23975
1250.50000,5767.65527
1251.00000,5765.64648
1251.50000,5766.22119
1252.00000,5770.19531
1252.50000,5776.96143
1253.00000,5785.53516
1253.50000,5794.66846
1254.00000,5803.84863
1254.50000,5812.80811
1255.00000,5821.02197
1255.50000,5828.01953
1256.00000,5833.46484
1256.50000,5838.10205
1257.00000,5843.45459
1257.50000,5851.09277
1258.00000,5861.28027
1258.50000,5873.37598
1259.00000,5885.48633
1259.50000,5895.88379
1260.00000,5904.10156
1260.50000,5909.45166
1261.00000,5911.71582
1261.50000,5909.99561
1262.00000,5904.09180
1262.50000,5895.52441
1263.00000,5887.21436
1263.50000,5882.23242
1264.00000,5883.19141
1264.50000,5888.18555
1265.00000,5894.87451
1265.50000,5900.57129
1266.00000,5904.61865
1266.50000,5908.45508
1267.00000,5913.73682
1267.50000,5920.54492
1268.00000,5926.84521
1268.50000,5929.75537
1269.00000,5928.86865
1269.50000,5925.34277
1270.00000,5922.68896
1270.50000,5923.59424
1271.00000,5927.83643
1271.50000,5933.33447
1272.00000,5937.43311
1272.50000,5939.03369
1273.00000,5939.09473
1273.50000,5940.23926
1274.00000,5945.32617
1274.50000,5954.02344
1275.00000,5964.62744
1275.50000,5973.40771
1276.00000,5976.62012
1276.50000,5973.04785
1277.00000,5964.02930
1277.50000,5952.76807
1278.00000,5943.14258
1278.50000,5938.15723
1279.00000,5937.37744
1279.50000,5939.93115
1280.00000,5943.32520
1280.50000,5946.44873
1281.00000,5949.52490
1281.50000,5953.67041
1282.00000,5959.66895
1282.50000,5966.82275
1283.00000,5973.18506
1283.50000,5976.73682
1284.00000,5975.17969
1284.50000,5969.40479
1285.00000,5959.97266
1285.50000,5948.95215
1286.00000,5937.83057
1286.50000,5927.92725
1287.00000,5920.62207
1287.50000,5917.60156
1288.00000,5919.41992
1288.50000,5926.53174
1289.00000,5936.26270
1289.50000,5945.70117
1290.00000,5952.26416
1290.50000,5954.29346
1291.00000,5952.74121
1291.50000,5949.34717
1292.00000,5946.12158
1292.50000,5944.57471
1293.00000,5945.82520
1293.50000,5949.56738
1294.00000,5955.16113
1294.50000,5960.53516
1295.00000,5963.78906
1295.50000,5964.99854
1296.00000,5966.33887
1296.50000,5971.33105
1297.00000,5982.32275
1297.50000,5998.57813
1298.00000,6015.32275
1298.50000,6026.75488
1299.00000,6031.28418
1299.50000,6029.79346
1300.00000,6027.98926
1300.50000,6030.61768
1301.00000,6038.45508
1301.50000,6049.06885
1302.00000,6058.70117
1302.50000,6065.37549
1303.00000,6069.67432
1303.50000,6074.30518
1304.00000,6081.85889
1304.50000,6092.05273
1305.00000,6103.90723
1305.50000,6115.66260
1306.00000,6126.14551
1306.50000,6134.70801
1307.00000,6140.51807
1307.50000,6142.02783
1308.00000,6138.52930
1308.50000,6129.08154
1309.00000,6116.31055
1309.50000,6103.42139
1310.00000,6093.93457
1310.50000,6090.40625
1311.00000,6091.61328
1311.50000,6094.22656
1312.00000,6094.25684
1312.50000,6089.82422
1313.00000,6081.73047
1313.50000,6073.90820
1314.00000,6070.93848
1314.50000,6073.22168
1315.00000,6079.95508
1315.50000,6087.86768
1316.00000,6094.84961
1316.50000,6100.51221
1317.00000,6105.41309
1317.50000,6109.48389
1318.00000,6111.67871
1318.50000,6109.87354
1319.00000,6104.28516
1319.50000,6095.76465
1320.00000,6087.05762
1320.50000,6079.94385
1321.00000,6074.36035
1321.50000,6069.26123
1322.00000,6064.06152
1322.50000,6059.66846
1323.00000,6058.41846
1323.50000,6061.31299
1324.00000,6069.14258
1324.50000,6079.84326
1325.00000,6092.83496
1325.50000,6107.55664
1326.00000,6123.64844
1326.50000,6139.14648
1327.00000,6150.52686
1327.50000,6154.17725
1328.00000,6150.88818
1328.50000,6144.25879
1329.00000,6140.78369
1329.50000,6145.70068
1330.00000,6156.89258
1330.50000,6169.29541
1331.00000,6177.28076
1331.50000,6179.13428
1332.00000,6178.19141
1332.50000,6179.72900
1333.00000,6186.47021
1333.50000,6195.79346
1334.00000,6203.43604
1334.50000,6207.30469
1335.00000,6208.06982
1335.50000,6209.31445
1336.00000,6213.87061
1336.50000,6221.87646
1337.00000,6231.53174
1337.50000,6241.15674
1338.00000,6250.17188
1338.50000,6258.47949
1339.00000,6265.71973
1339.50000,6270.30078
1340.00000,6272.02393
1340.50000,6272.09277
1341.00000,6273.57227
1341.50000,6278.85352
1342.00000,6287.86865
1342.50000,6297.94678
1343.00000,6306.30078
1343.50000,6312.43604
1344.00000,6317.74023
1344.50000,6324.50000
1345.00000,6333.64111
1345.50000,6343.30420
1346.00000,6350.28027
1346.50000,6351.88672
1347.00000,6347.08496
1347.50000,6335.69873
1348.00000,6319.78076
1348.50000,6301.15137
1349.00000,6283.72461
1349.50000,6272.57764
1350.00000,6269.92383
1350.50000,6276.55713
1351.00000,6287.80225
1351.50000,6297.07666
1352.00000,6299.09619
1352.50000,6293.76416
1353.00000,6284.43652
1353.50000,6276.70752
1354.00000,6274.05273
1354.50000,6274.21191
1355.00000,6273.37012
1355.50000,6268.93066
1356.00000,6261.39209
1356.50000,6253.90234
1357.00000,6248.43408
1357.50000,6243.81104
1358.00000,6236.75537
1358.50000,6224.07959
1359.00000,6207.46631
1359.50000,6190.18115
1360.00000,6175.75488
1360.50000,6165.52588
1361.00000,6157.45117
1361.50000,6148.49023
1362.00000,6136.33203
1362.50000,6120.47852
1363.00000,6100.71289
1363.50000,6078.55615
1364.00000,6056.39551
1364.50000,6038.12109
1365.00000,6029.10107
1365.50000,6030.14746
1366.00000,6038.34814
1366.50000,6045.93945
1367.00000,6045.00049
1367.50000,6031.34863
1368.00000,6009.98828
1368.50000,5989.41162
1369.00000,5977.29590
1369.50000,5978.06299
1370.00000,5986.06445
1370.50000,5993.83789
1371.00000,5995.61816
1371.50000,5991.50098
1372.00000,5986.31055
1372.50000,5985.62744
1373.00000,5992.66846
1373.50000,6004.33203
1374.00000,6016.14307
1374.50000,6024.17529
1375.00000,6026.55664
1375.50000,6025.08740
1376.00000,6021.88330
1376.50000,6018.72559
1377.00000,6016.74707
1377.50000,6017.19434
1378.00000,6020.56641
1378.50000,6026.96436
1379.00000,6033.78906
1379.50000,6037.38477
1380.00000,6035.80322
1380.50000,6028.71631
1381.00000,6019.05713
1381.50000,6010.36768
1382.00000,6005.04053
1382.50000,6003.14551
1383.00000,6004.29346
1383.50000,6007.27100
1384.00000,6012.15381
1384.50000,6018.24609
1385.00000,6024.48535
1385.50000,6029.33936
1386.00000,6031.47119
1386.50000,6030.69629
1387.00000,6028.18164
1387.50000,6026.02051
1388.00000,6026.72705
1388.50000,6033.84814
1389.00000,6047.39648
1389.50000,6066.98438
1390.00000,6088.01807
1390.50000,6105.58008
1391.00000,6117.04541
1391.50000,6123.79541
1392.00000,6129.41113
1392.50000,6136.81445
1393.00000,6145.90137
1393.50000,6153.62744
1394.00000,6156.35352
1394.50000,6154.71826
1395.00000,6151.10938
1395.50000,6148.85107
1396.00000,6148.82617
1396.50000,6148.64746
1397.00000,6144.52490
1397.50000,6133.56445
1398.00000,6117.06348
1398.50000,6096.21826
1399.00000,6073.75293
1399.50000,6050.81689
1400.00000,6028.53564
1400.50000,6008.46240
1401.00000,5991.82959
1401.50000,5978.93262
1402.00000,5968.77246
1402.50000,5959.46191
1403.00000,5950.45801
1403.50000,5942.82031
1404.00000,5939.10791
1404.50000,5939.40283
1405.00000,5942.72266
1405.50000,5946.21240
1406.00000,5947.76953
1406.50000,5947.16406
1407.00000,5945.65381
1407.50000,5944.21973
1408.00000,5942.55713
1408.50000,5938.66260
1409.00000,5931.15039
1409.50000,5918.37988
1410.00000,5901.86572
1410.50000,5883.60986
1411.00000,5866.74219
1411.50000,5854.48340
1412.00000,5849.20361
1412.50000,5849.88379
1413.00000,5853.81885
1413.50000,5855.98730
1414.00000,5851.57617
1414.50000,5840.68604
1415.00000,5824.76465
1415.50000,5807.83594
1416.00000,5792.93750
1416.50000,5781.66260
1417.00000,5774.65430
1417.50000,5773.03223
1418.00000,5775.94873
1418.50000,5782.28467
1419.00000,5788.30518
1419.50000,5790.59766
1420.00000,5788.83350
1420.50000,5784.88037
1421.00000,5782.05273
1421.50000,5781.91895
1422.00000,5783.36133
1422.50000,5783.73926
1423.00000,5780.75342
1423.50000,5774.68945
1424.00000,5765.81689
1424.50000,5755.27100
1425.00000,5743.05664
1425.50000,5729.63965
1426.00000,5716.02930
1426.50000,5703.59082
1427.00000,5692.77637
1427.50000,5682.85254
1428.00000,5672.34424
1428.50000,5660.07275
1429.00000,5646.56738
1429.50000,5632.89893
1430.00000,5620.49902
1430.50000,5610.90430
1431.00000,5605.04395
1431.50000,5603.18066
1432.00000,5604.55859
1432.50000,5606.54199
1433.00000,5606.42529
1433.50000,5603.55127
1434.00000,5598.73682
1434.50000,5594.65479
1435.00000,5593.41650
1435.50000,5594.85791
1436.00000,5597.48633
1436.50000,5599.66602
1437.00000,5600.95166
1437.50000,5602.08008
1438.00000,5604.03809
1438.50000,5607.41016
1439.00000,5611.54199
1439.50000,5615.37939
1440.00000,5617.38818
1440.50000,5615.33838
1441.00000,5607.93555
1441.50000,5595.81104
1442.00000,5582.08301
1442.50000,5571.73340
1443.00000,5569.59814
1443.50000,5573.98877
1444.00000,5581.24316
1444.50000,5585.41504
1445.00000,5582.08643
1445.50000,5571.70313
1446.00000,5557.17822
1446.50000,5542.48584
1447.00000,5530.66895
1447.50000,5523.86523
1448.00000,5521.96875
1448.50000,5525.53369
1449.00000,5531.96924
1449.50000,5538.18945
1450.00000,5540.24707
1450.50000,5534.59766
1451.00000,5521.36084
1451.50000,5504.28955
1452.00000,5489.16553
1452.50000,5480.46631
1453.00000,5480.63184
1453.50000,5484.66797
1454.00000,5486.94238
1454.50000,5483.81885
1455.00000,5474.62158
1455.50000,5463.20313
1456.00000,5454.18115
1456.50000,5450.45166
1457.00000,5451.61621
1457.50000,5456.09082
1458.00000,5461.27441
1458.50000,5465.54297
1459.00000,5468.08203
1459.50000,5467.49707
1460.00000,5463.56592
1460.50000,5456.71338
1461.00000,5448.99707
1461.50000,5442.92578
1462.00000,5440.35840
1462.50000,5441.12744
1463.00000,5444.89941
1463.50000,5450.01563
1464.00000,5455.77051
1464.50000,5461.35498
1465.00000,5466.19434
1465.50000,5470.37891
1466.00000,5474.64502
1466.50000,5479.86865
1467.00000,5486.16016
1467.50000,5492.97168
1468.00000,5499.71973
1468.50000,5506.87402
1469.00000,5514.88623
1469.50000,5522.76221
1470.00000,5527.66064
1470.50000,5526.30908
1471.00000,5519.04932
1471.50000,5510.60889
1472.00000,5507.49561
1472.50000,5512.20947
1473.00000,5522.20801
1473.50000,5530.67627
1474.00000,5533.43896
1474.50000,5533.16309
1475.00000,5535.13135
1475.50000,5542.51660
1476.00000,5553.64795
1476.50000,5563.50439
1477.00000,5568.62646
1477.50000,5569.83203
1478.00000,5571.43994
1478.50000,5575.96094
1479.00000,5581.43652
1479.50000,5584.55322
1480.00000,5584.47656
1480.50000,5583.85547
1481.00000,5587.13428
1481.50000,5596.57861
1482.00000,5610.43115
1482.50000,5623.34326
1483.00000,5630.74170
1483.50000,5633.06152
1484.00000,5632.50537
1484.50000,5633.08398
1485.00000,5637.03564
1485.50000,5643.24902
1486.00000,5648.53027
1486.50000,5649.62061
1487.00000,5646.47217
1487.50000,5641.00244
1488.00000,5636.26074
1488.50000,5633.27246
1489.00000,5629.56543
1489.50000,5620.95313
1490.00000,5606.20898
1490.50000,5587.83936
1491.00000,5572.55908
1491.50000,5566.34326
1492.00000,5571.99414
1492.50000,5585.71191
1493.00000,5603.53564
1493.50000,5620.84814
1494.00000,5635.53027
1494.50000,5647.71680
1495.00000,5657.13770
1495.50000,5663.73633
1496.00000,5667.81250
1496.50000,5670.63135
1497.00000,5674.23730
1497.50000,5680.37451
1498.00000,5688.77051
1498.50000,5698.63623
1499.00000,5708.53955
1499.50000,5717.91650
1500.00000,5726.55420
1500.50000,5733.06348
1501.00000,5734.83447
1501.50000,5729.55273
1502.00000,5716.67480
1502.50000,5700.72705
1503.00000,5688.21875
1503.50000,5683.07275
1504.00000,5685.94873
1504.50000,5689.39063
1505.00000,5685.48828
1505.50000,5671.03320
1506.00000,5648.61670
1506.50000,5625.09863
1507.00000,5607.05371
1507.50000,5597.76514
1508.00000,5593.37695
1508.50000,5588.30469
1509.00000,5578.60742
1509.50000,5563.08154
1510.00000,5544.96143
1510.50000,5528.45508
1511.00000,5516.83545
1511.50000,5510.83105
1512.00000,5509.50000
1512.50000,5509.96143
1513.00000,5510.40576
1513.50000,5510.17041
1514.00000,5508.93994
1514.50000,5506.40625
1515.00000,5501.49805
1515.50000,5493.77441
1516.00000,5483.69922
1516.50000,5472.63184
1517.00000,5462.10449
1517.50000,5453.04883
1518.00000,5445.65186
1518.50000,5441.10156
1519.00000,5439.61719
1519.50000,5441.43262
1520.00000,5444.55273
1520.50000,5446.35938
1521.00000,5445.64063
1521.50000,5443.77881
1522.00000,5443.38574
1522.50000,5445.81787
1523.00000,5450.97949
1523.50000,5456.72852
1524.00000,5462.25439
1524.50000,5468.66943
1525.00000,5478.29395
1525.50000,5491.88867
1526.00000,5508.47070
1526.50000,5525.96240
1527.00000,5542.20410
1527.50000,5555.23975
1528.00000,5564.64355
1528.50000,5569.56592
1529.00000,5572.55811
1529.50000,5577.02393
1530.00000,5585.59082
1530.50000,5598.48535
1531.00000,5612.53174
1531.50000,5623.49512
1532.00000,5628.65820
1532.50000,5629.45850
1533.00000,5627.87793
1533.50000,5625.37793
1534.00000,5620.84814
1534.50000,5613.93750
1535.00000,5605.96387
1535.50000,5599.88623
1536.00000,5597.53564
1536.50000,5597.49707
1537.00000,5595.57031
1537.50000,5588.29297
1538.00000,5577.01953
1538.50000,5565.03955
1539.00000,5556.14746
1539.50000,5552.47314
1540.00000,5552.49658
1540.50000,5553.39600
1541.00000,5552.21484
1541.50000,5547.25537
1542.00000,5537.87549
1542.50000,5526.18213
1543.00000,5515.51367
1543.50000,5508.96826
1544.00000,5508.92139
1544.50000,5512.54688
1545.00000,5515.31543
1545.50000,5513.50244
1546.00000,5506.29541
1546.50000,5495.93945
1547.00000,5486.44775
1547.50000,5481.00146
1548.00000,5478.99170
1548.50000,5477.66650
1549.00000,5473.64160
1549.50000,5465.07422
1550.00000,5454.14209
1550.50000,5445.32031
1551.00000,5442.86279
1551.50000,5447.47412
1552.00000,5456.14941
1552.50000,5463.50195
1553.00000,5466.34131
1553.50000,5466.59814
1554.00000,5467.29102
1554.50000,5470.01465
1555.00000,5473.31006
1555.50000,5474.12500
1556.00000,5471.79980
1556.50000,5469.03809
1557.00000,5469.38916
1557.50000,5474.50342
1558.00000,5481.12305
1558.50000,5484.37646
1559.00000,5481.75879
1559.50000,5473.36816
1560.00000,5462.77979
1560.50000,5453.10693
1561.00000,5446.28174
1561.50000,5442.81543
1562.00000,5442.77881
1562.50000,5444.56934
1563.00000,5446.07959
1563.50000,5445.59326
1564.00000,5442.42139
1564.50000,5437.88916
1565.00000,5432.96924
1565.50000,5427.40283
1566.00000,5419.89990
1566.50000,5409.94434
1567.00000,5399.96826
1567.50000,5393.77930
1568.00000,5392.58838
1568.50000,5396.00928
1569.00000,5400.23828
1569.50000,5402.55273
1570.00000,5402.46484
1570.50000,5400.45801
1571.00000,5395.93359
1571.50000,5387.31982
1572.00000,5373.22021
1572.50000,5356.20605
1573.00000,5340.88135
1573.50000,5330.95459
1574.00000,5327.52051
1574.50000,5326.93799
1575.00000,5326.04248
1575.50000,5323.60986
1576.00000,5320.28027
1576.50000,5316.43115
1577.00000,5310.80908
1577.50000,5300.85156
1578.00000,5287.00439
1578.50000,5271.29883
1579.00000,5257.50195
1579.50000,5248.17236
1580.00000,5242.32861
1580.50000,5237.07861
1581.00000,5229.72461
1581.50000,5220.00684
1582.00000,5209.76025
1582.50000,5202.05518
1583.00000,5201.16260
1583.50000,5207.29053
1584.00000,5219.75195
1584.50000,5232.03613
1585.00000,5236.66016
1585.50000,5229.22412
1586.00000,5211.07715
1586.50000,5188.62744
1587.00000,5170.51660
1587.50000,5163.13428
1588.00000,5162.53369
1588.50000,5163.56836
1589.00000,5161.58691
1589.50000,5155.78760
1590.00000,5148.93799
1590.50000,5143.36279
1591.00000,5138.72461
1591.50000,5133.08545
1592.00000,5125.80762
1592.50000,5118.84521
1593.00000,5115.36279
1593.50000,5115.36133
1594.00000,5116.50439
1594.50000,5114.70703
1595.00000,5107.85840
1595.50000,5097.61133
1596.00000,5087.60107
1596.50000,5080.88281
1597.00000,5077.57959
1597.50000,5076.23096
1598.00000,5074.19434
1598.50000,5070.02002
1599.00000,5064.04590
1599.50000,5056.78174
1600.00000,5049.16992
1600.50000,5042.29736
1601.00000,5037.35303
1601.50000,5034.52637
1602.00000,5032.91699
1602.50000,5030.30029
1603.00000,5024.18799
1603.50000,5015.18799
1604.00000,5005.45215
1604.50000,4997.95215
1605.00000,4993.68457
1605.50000,4990.92432
1606.00000,4987.21240
1606.50000,4981.56689
1607.00000,4975.42969
1607.50000,4970.83105
1608.00000,4967.47168
1608.50000,4963.37256
1609.00000,4956.91064
1609.50000,4947.94531
1610.00000,4938.24072
1610.50000,4929.08643
1611.00000,4920.00537
1611.50000,4909.96143
1612.00000,4898.86816
1612.50000,4887.78076
1613.00000,4876.59912
1613.50000,4862.94238
1614.00000,4842.68896
1614.50000,4816.45752
1615.00000,4788.33350
1615.50000,4764.04102
1616.00000,4745.84717
1616.50000,4730.84521
1617.00000,4712.79248
1617.50000,4687.97705
1618.00000,4660.07617
1618.50000,4634.54102
1619.00000,4614.18311
1619.50000,4598.03857
1620.00000,4581.46143
1620.50000,4560.89258
1621.00000,4536.22168
1621.50000,4509.95459
1622.00000,4484.70654
1622.50000,4461.94482
1623.00000,4443.10596
1623.50000,4427.28125
1624.00000,4413.65186
1624.50000,4400.99023
1625.00000,4389.63281
1625.50000,4381.43066
1626.00000,4378.19824
1626.50000,4379.39355
1627.00000,4379.66992
1627.50000,4372.43799
1628.00000,4356.86084
1628.50000,4335.20752
1629.00000,4314.72412
1629.50000,4301.15869
1630.00000,4293.41211
1630.50000,4286.81836
1631.00000,4276.67139
1631.50000,4261.70508
1632.00000,4243.42188
1632.50000,4225.91699
1633.00000,4213.22412
1633.50000,4205.76074
1634.00000,4203.03174
1634.50000,4201.08154
1635.00000,4195.00635
1635.50000,4181.48389
1636.00000,4162.16357
1636.50000,4141.97852
1637.00000,4125.57764
1637.50000,4114.66455
1638.00000,4105.17773
1638.50000,4092.17529
1639.00000,4074.68530
1639.50000,4054.86719
1640.00000,4035.84497
1640.50000,4018.55396
1641.00000,4001.90479
1641.50000,3985.33228
1642.00000,3971.27466
1642.50000,3962.23633
1643.00000,3960.24951
1643.50000,3961.58350
1644.00000,3962.23853
1644.50000,3959.89063
1645.00000,3955.64209
1645.50000,3952.01758
1646.00000,3949.75000
1646.50000,3947.16504
1647.00000,3941.96875
1647.50000,3932.25269
1648.00000,3919.83667
1648.50000,3906.39307
1649.00000,3893.53809
1649.50000,3882.23975
1650.00000,3872.74805
1650.50000,3864.79956
1651.00000,3857.17896
1651.50000,3848.55298
1652.00000,3838.38623
1652.50000,3827.89722
1653.00000,3818.85571
1653.50000,3811.29297
1654.00000,3803.15332
1654.50000,3792.19922
1655.00000,3778.23193
1655.50000,3764.40161
1656.00000,3755.20605
1656.50000,3753.81714
1657.00000,3756.62573
1657.50000,3758.14941
1658.00000,3754.18042
1658.50000,3743.10205
1659.00000,3729.26318
1659.50000,3717.59546
1660.00000,3709.78613
1660.50000,3703.62427
1661.00000,3695.30884
1661.50000,3683.20654
1662.00000,3668.88062
1662.50000,3656.53003
1663.00000,3649.00903
1663.50000,3644.24756
1664.00000,3639.04883
1664.50000,3631.32471
1665.00000,3621.95801
1665.50000,3613.87964
1666.00000,3608.29541
1666.50000,3603.75928
1667.00000,3597.50928
1667.50000,3587.85107
1668.00000,3577.15137
1668.50000,3569.01563
1669.00000,3564.83740
1669.50000,3564.07007
1670.00000,3564.25806
1670.50000,3563.37646
1671.00000,3560.67993
1671.50000,3556.28369
1672.00000,3549.51587
1672.50000,3540.55200
1673.00000,3530.22925
1673.50000,3521.48486
1674.00000,3517.34937
1674.50000,3517.49194
1675.00000,3519.10620
1675.50000,3518.21777
1676.00000,3512.72559
1676.50000,3503.53516
1677.00000,3494.30786
1677.50000,3487.52759
1678.00000,3482.76318
1678.50000,3478.88843
1679.00000,3474.95239
1679.50000,3471.32031
1680.00000,3468.30981
1680.50000,3465.22461
1681.00000,3461.05347
1681.50000,3456.40576
1682.00000,3454.45435
1682.50000,3457.07690
1683.00000,3463.93018
1683.50000,3469.66602
1684.00000,3468.09399
1684.50000,3457.86108
1685.00000,3443.30396
1685.50000,3431.18604
1686.00000,3425.23560
1686.50000,3425.07959
1687.00000,3426.15210
1687.50000,3424.40918
1688.00000,3419.52954
1688.50000,3411.97827
1689.00000,3403.18774
1689.50000,3394.04956
1690.00000,3385.91748
1690.50000,3380.39355
1691.00000,3378.30908
1691.50000,3378.40186
1692.00000,3378.84814
1692.50000,3378.45288
1693.00000,3378.00391
1693.50000,3378.84155
1694.00000,3380.82056
1694.50000,3381.48730
1695.00000,3377.62793
1695.50000,3367.89014
1696.00000,3354.97729
1696.50000,3342.26758
1697.00000,3332.03149
1697.50000,3325.09399
1698.00000,3319.76587
1698.50000,3315.06982
1699.00000,3310.71313
1699.50000,3307.09204
1700.00000,3304.51245
1700.50000,3303.30542
1701.00000,3304.20093
1701.50000,3307.68970
1702.00000,3314.45898
1702.50000,3322.93970
1703.00000,3330.23340
1703.50000,3332.81982
1704.00000,3327.40015
1704.50000,3314.34546
1705.00000,3295.90308
1705.50000,3276.40918
1706.00000,3260.70239
1706.50000,3251.87988
1707.00000,3248.51196
1707.50000,3248.50269
1708.00000,3248.03394
1708.50000,3244.83862
1709.00000,3239.75317
1709.50000,3234.79297
1710.00000,3231.61963
1710.50000,3230.30078
1711.00000,3229.17676
1711.50000,3225.88574
1712.00000,3218.68823
1712.50000,3208.91870
1713.00000,3199.20068
1713.50000,3192.91333
1714.00000,3192.46997
1714.50000,3195.64429
1715.00000,3198.16602
1715.50000,3195.89478
1716.00000,3188.10181
1716.50000,3177.52734
1717.00000,3169.04688
1717.50000,3165.60840
1718.00000,3165.19922
1718.50000,3165.42871
1719.00000,3164.97119
1719.50000,3164.97729
1720.00000,3166.39624
1720.50000,3167.65015
1721.00000,3164.92993
1721.50000,3156.23975
1722.00000,3143.66602
1722.50000,3133.23242
1723.00000,3130.34253
1723.50000,3133.56860
1724.00000,3137.82153
1724.50000,3136.98706
1725.00000,3128.93994
1725.50000,3116.24585
1726.00000,3104.08643
1726.50000,3097.26660
1727.00000,3095.90845
1727.50000,3098.86890
1728.00000,3102.35522
1728.50000,3103.57666
1729.00000,3101.75708
1729.50000,3097.95044
1730.00000,3094.00391
1730.50000,3090.66016
1731.00000,3087.14063
1731.50000,3082.30493
1732.00000,3076.57642
1732.50000,3072.26294
1733.00000,3072.00195
1733.50000,3074.88403
1734.00000,3077.46558
1734.50000,3075.67505
1735.00000,3067.98413
1735.50000,3056.26611
1736.00000,3044.55884
1736.50000,3036.79785
1737.00000,3033.60376
1737.50000,3035.33447
1738.00000,3039.74023
1738.50000,3045.39014
1739.00000,3050.32104
1739.50000,3053.06689
1740.00000,3053.35107
1740.50000,3051.85791
1741.00000,3049.53125
1741.50000,3047.11768
1742.00000,3044.44678
1742.50000,3041.03516
1743.00000,3036.36914
1743.50000,3031.01392
1744.00000,3026.21704
1744.50000,3023.05200
1745.00000,3021.60913
1745.50000,3020.74512
1746.00000,3018.96582
1746.50000,3015.94775
1747.00000,3013.37769
1747.50000,3013.34082
1748.00000,3015.33252
1748.50000,3017.15430
1749.00000,3016.47681
1749.50000,3013.64795
1750.00000,3011.47070
1750.50000,3012.26123
1751.00000,3015.32910
1751.50000,3016.60498
1752.00000,3012.07617
1752.50000,3002.79028
1753.00000,2991.47095
1753.50000,2982.16895
1754.00000,2976.87280
1754.50000,2974.81763
1755.00000,2974.80029
1755.50000,2975.73975
1756.00000,2976.53833
1756.50000,2976.23633
1757.00000,2974.88940
1757.50000,2973.42456
1758.00000,2973.21289
1758.50000,2974.68726
1759.00000,2976.03003
1759.50000,2974.78198
1760.00000,2969.70435
1760.50000,2961.82788
1761.00000,2954.15820
1761.50000,2949.37769
1762.00000,2948.82568
1762.50000,2949.87183
1763.00000,2947.81104
1763.50000,2939.91919
1764.00000,2926.44751
1764.50000,2912.45117
1765.00000,2904.26636
1765.50000,2905.68848
1766.00000,2912.94189
1766.50000,2920.89111
1767.00000,2925.81958
1767.50000,2927.38696
1768.00000,2928.82471
1768.50000,2931.03687
1769.00000,2931.71460
1769.50000,2927.35352
1770.00000,2917.28149
1770.50000,2905.60254
1771.00000,2897.43921
1771.50000,2894.60864
1772.00000,2896.27124
1772.50000,2898.15967
1773.00000,2898.10327
1773.50000,2897.16187
1774.00000,2897.20435
1774.50000,2898.59741
1775.00000,2899.42700
1775.50000,2897.62939
1776.00000,2893.42725
1776.50000,2888.71606
1777.00000,2885.55396
1777.50000,2884.06323
1778.00000,2882.39063
1778.50000,2879.31934
1779.00000,2875.47290
1779.50000,2872.31812
1780.00000,2870.37500
1780.50000,2868.95776
1781.00000,2867.43335
1781.50000,2866.17993
1782.00000,2866.29883
1782.50000,2867.55664
1783.00000,2868.67358
1783.50000,2868.00317
1784.00000,2864.72241
1784.50000,2860.12378
1785.00000,2856.26514
1785.50000,2855.20801
1786.00000,2857.68506
1786.50000,2862.24341
1787.00000,2865.23682
1787.50000,2862.42651
1788.00000,2854.24097
1788.50000,2844.20996
1789.00000,2837.57642
1789.50000,2836.13379
1790.00000,2836.65894
1790.50000,2833.67798
1791.00000,2825.18994
1791.50000,2814.94507
1792.00000,2807.99731
1792.50000,2805.74829
1793.00000,2806.25464
1793.50000,2805.60303
1794.00000,2802.85620
1794.50000,2800.41772
1795.00000,2801.94116
1795.50000,2808.54028
1796.00000,2817.72461
1796.50000,2825.71021
1797.00000,2829.43604
1797.50000,2826.98657
1798.00000,2821.16357
1798.50000,2814.16284
1799.00000,2807.81030
1799.50000,2802.42798
1800.00000,2797.26270
1800.50000,2791.70557
1801.00000,2785.59546
1801.50000,2779.48389
1802.00000,2775.20850
1802.50000,2774.49927
1803.00000,2779.23584
1803.50000,2786.74780
1804.00000,2791.33423
1804.50000,2788.97290
1805.00000,2781.08496
1805.50000,2773.99243
1806.00000,2773.79150
1806.50000,2780.41040
1807.00000,2787.05615
1807.50000,2787.54565
1808.00000,2782.14307
1808.50000,2774.19458
1809.00000,2767.41040
1809.50000,2763.23193
1810.00000,2762.19336
