440.00000,22697.98828
440.50000,22647.87500
441.00000,22594.79297
441.50000,22540.27148
442.00000,22488.37109
442.50000,22445.70313
443.00000,22416.22461
443.50000,22399.04297
444.00000,22394.52539
444.50000,22399.99805
445.00000,22419.27148
445.50000,22450.06250
446.00000,22490.49609
446.50000,22533.50195
447.00000,22570.97656
447.50000,22595.84961
448.00000,22608.24414
448.50000,22614.83789
449.00000,22623.54492
449.50000,22640.73438
450.00000,22666.23633
450.50000,22696.94727
451.00000,22727.62305
451.50000,22756.37695
452.00000,22783.30078
452.50000,22808.20703
453.00000,22828.09570
453.50000,22839.41406
454.00000,22838.63477
454.50000,22828.94141
455.00000,22815.57813
455.50000,22808.13281
456.00000,22812.09180
456.50000,22823.96875
457.00000,22837.43555
457.50000,22845.03906
458.00000,22843.29102
458.50000,22837.38477
459.00000,22835.56250
459.50000,22845.59375
460.00000,22866.87695
460.50000,22895.26172
461.00000,22919.14648
461.50000,22930.34961
462.00000,22927.80273
462.50000,22914.73828
463.00000,22898.90234
463.50000,22888.76758
464.00000,22888.69141
464.50000,22896.57422
465.00000,22909.88672
465.50000,22922.35156
466.00000,22928.13867
466.50000,22925.85547
467.00000,22914.63281
467.50000,22895.65625
468.00000,22870.55469
468.50000,22840.19531
469.00000,22806.37500
469.50000,22768.68750
470.00000,22727.73047
470.50000,22682.44922
471.00000,22632.89648
471.50000,22578.67578
472.00000,22520.72656
472.50000,22460.69727
473.00000,22401.67969
473.50000,22348.88672
474.00000,22308.43164
474.50000,22280.79492
475.00000,22268.58789
475.50000,22265.68164
476.00000,22266.78711
476.50000,22263.61914
477.00000,22250.79492
477.50000,22227.42383
478.00000,22196.18555
478.50000,22162.22656
479.00000,22132.90625
479.50000,22114.34180
480.00000,22105.62500
480.50000,22105.91406
481.00000,22109.01367
481.50000,22107.65039
482.00000,22097.39648
482.50000,22077.00391
483.00000,22047.92578
483.50000,22014.03516
484.00000,21978.84961
484.50000,21945.21484
485.00000,21914.18359
485.50000,21884.97656
486.00000,21857.40430
486.50000,21831.13672
487.00000,21806.68359
487.50000,21784.32227
488.00000,21764.14258
488.50000,21746.07617
489.00000,21729.29688
489.50000,21712.69727
490.00000,21694.70508
490.50000,21673.56055
491.00000,21649.13477
491.50000,21621.61523
492.00000,21593.17578
492.50000,21567.33008
493.00000,21546.98438
493.50000,21533.09961
494.00000,21526.27539
494.50000,21524.00391
495.00000,21524.19141
495.50000,21523.02148
496.00000,21516.96484
496.50000,21503.92773
497.00000,21481.56250
497.50000,21449.96484
498.00000,21413.58789
498.50000,21379.39453
499.00000,21353.27930
499.50000,21341.45703
500.00000,21342.05469
500.50000,21352.88672
501.00000,21365.33398
501.50000,21375.27344
502.00000,21382.24414
502.50000,21388.80859
503.00000,21399.26953
503.50000,21415.20508
504.00000,21434.36133
504.50000,21451.66016
505.00000,21460.05273
505.50000,21456.70313
506.00000,21436.95117
506.50000,21405.30664
507.00000,21364.73438
507.50000,21319.76172
508.00000,21275.13281
508.50000,21235.93750
509.00000,21204.78125
509.50000,21183.59961
510.00000,21169.66211
510.50000,21162.07031
511.00000,21158.00195
511.50000,21157.50391
512.00000,21161.30078
512.50000,21171.08398
513.00000,21187.91797
513.50000,21211.04688
514.00000,21240.27539
514.50000,21273.78320
515.00000,21312.66992
515.50000,21356.84766
516.00000,21407.84180
516.50000,21464.26563
517.00000,21523.79688
517.50000,21582.46094
518.00000,21637.52148
518.50000,21687.06836
519.00000,21731.09766
519.50000,21767.84375
520.00000,21797.48633
520.50000,21818.21289
521.00000,21831.29297
521.50000,21836.99414
522.00000,21837.76172
522.50000,21835.58008
523.00000,21831.47852
523.50000,21824.95313
524.00000,21814.20117
524.50000,21799.05273
525.00000,21779.16602
525.50000,21757.93945
526.00000,21739.46289
526.50000,21726.27734
527.00000,21719.95898
527.50000,21719.40039
528.00000,21721.16211
528.50000,21719.78711
529.00000,21711.46680
529.50000,21692.34570
530.00000,21664.41016
530.50000,21628.84961
531.00000,21591.03711
531.50000,21555.57617
532.00000,21524.53516
532.50000,21498.54492
533.00000,21477.81445
533.50000,21462.94922
534.00000,21459.42188
534.50000,21469.46875
535.00000,21499.77930
535.50000,21546.22852
536.00000,21605.95703
536.50000,21668.40820
537.00000,21720.78711
537.50000,21755.12695
538.00000,21768.97656
538.50000,21762.02734
539.00000,21740.25977
539.50000,21704.90820
540.00000,21660.19727
540.50000,21604.33008
541.00000,21538.19727
541.50000,21461.40430
542.00000,21377.81250
542.50000,21293.93359
543.00000,21217.77539
543.50000,21153.69922
544.00000,21105.22656
544.50000,21068.70117
545.00000,21042.52930
545.50000,21020.29492
546.00000,20998.20117
546.50000,20974.40039
547.00000,20948.38281
547.50000,20920.70117
548.00000,20892.52734
548.50000,20865.85742
549.00000,20842.62891
549.50000,20825.73438
550.00000,20815.05469
550.50000,20811.01563
551.00000,20810.06641
551.50000,20807.65234
552.00000,20800.53711
552.50000,20788.27539
553.00000,20773.34766
553.50000,20760.29492
554.00000,20754.56836
554.50000,20757.32617
555.00000,20767.26563
555.50000,20778.85742
556.00000,20787.61328
556.50000,20791.30273
557.00000,20789.98438
557.50000,20787.27148
558.00000,20787.26563
558.50000,20792.38867
559.00000,20801.94336
559.50000,20814.24609
560.00000,20825.45898
560.50000,20831.06445
561.00000,20829.64258
561.50000,20818.82031
562.00000,20798.32617
562.50000,20767.60352
563.00000,20725.94531
563.50000,20674.82617
564.00000,20615.27734
564.50000,20550.49219
565.00000,20482.04883
565.50000,20413.13477
566.00000,20347.02539
566.50000,20286.57617
567.00000,20234.05078
567.50000,20189.99023
568.00000,20153.22070
568.50000,20122.06836
569.00000,20093.51367
569.50000,20066.55469
570.00000,20041.70117
570.50000,20021.91797
571.00000,20008.25586
571.50000,20001.30273
572.00000,19997.98438
572.50000,19993.35547
573.00000,19984.21875
573.50000,19971.56445
574.00000,19959.40039
574.50000,19952.77539
575.00000,19958.05273
575.50000,19973.22461
576.00000,19993.26953
576.50000,20011.49805
577.00000,20023.08984
577.50000,20027.04102
578.00000,20025.71680
578.50000,20022.10938
579.00000,20017.63086
579.50000,20009.79883
580.00000,19996.57422
580.50000,19975.73242
581.00000,19950.73242
581.50000,19929.16602
582.00000,19918.93359
582.50000,19925.13281
583.00000,19948.69922
583.50000,19984.70508
584.00000,20028.32422
584.50000,20072.83789
585.00000,20114.79102
585.50000,20154.23633
586.00000,20191.12695
586.50000,20225.48242
587.00000,20255.58594
587.50000,20278.72852
588.00000,20293.26367
588.50000,20298.89063
589.00000,20298.38867
589.50000,20293.87891
590.00000,20288.98242
590.50000,20286.67773
591.00000,20288.58008
591.50000,20295.97266
592.00000,20308.87500
592.50000,20326.89648
593.00000,20348.66211
593.50000,20371.29102
594.00000,20390.83203
594.50000,20405.65430
595.00000,20414.91797
595.50000,20421.96484
596.00000,20430.74805
596.50000,20444.77930
597.00000,20466.70898
597.50000,20494.39648
598.00000,20524.12109
598.50000,20552.81250
599.00000,20579.23438
599.50000,20603.67188
600.00000,20628.15625
600.50000,20653.70508
601.00000,20678.83203
601.50000,20700.32813
602.00000,20715.54492
602.50000,20723.19141
603.00000,20724.53906
603.50000,20724.54883
604.00000,20729.13867
604.50000,20741.02148
605.00000,20762.94336
605.50000,20791.37500
606.00000,20822.77734
606.50000,20851.16602
607.00000,20871.08984
607.50000,20880.57227
608.00000,20880.72852
608.50000,20874.34180
609.00000,20866.90234
609.50000,20864.32813
610.00000,20869.82227
610.50000,20885.65625
611.00000,20909.58398
611.50000,20940.99414
612.00000,20978.39063
612.50000,21021.57813
613.00000,21071.38086
613.50000,21126.91992
614.00000,21187.27734
614.50000,21249.39453
615.00000,21310.07422
615.50000,21366.74609
616.00000,21416.21875
616.50000,21458.02930
617.00000,21493.05469
617.50000,21523.23828
618.00000,21551.28516
618.50000,21579.82422
619.00000,21610.88086
619.50000,21646.39258
620.00000,21684.96484
620.50000,21725.00195
621.00000,21763.92969
621.50000,21798.63672
622.00000,21826.34180
622.50000,21843.13086
623.00000,21842.80469
623.50000,21823.41211
624.00000,21779.49219
624.50000,21715.56641
625.00000,21633.23047
625.50000,21544.77930
626.00000,21463.61914
626.50000,21401.45508
627.00000,21365.39063
627.50000,21355.06250
628.00000,21364.21094
628.50000,21385.96875
629.00000,21411.27930
629.50000,21434.59961
630.00000,21454.56641
630.50000,21470.72461
631.00000,21483.65430
631.50000,21492.51758
632.00000,21497.38477
632.50000,21500.02734
633.00000,21506.11719
633.50000,21522.41602
634.00000,21556.50195
634.50000,21606.94141
635.00000,21672.49219
635.50000,21742.28711
636.00000,21805.48047
636.50000,21855.18164
637.00000,21890.88477
637.50000,21917.45508
638.00000,21941.62695
638.50000,21968.12695
639.00000,21997.40234
639.50000,22025.34570
640.00000,22046.43945
640.50000,22055.86523
641.00000,22056.09570
641.50000,22051.28320
642.00000,22048.05273
642.50000,22051.50586
643.00000,22062.39453
643.50000,22073.89453
644.00000,22075.90625
644.50000,22062.43164
645.00000,22025.97461
645.50000,21972.95117
646.00000,21909.66602
646.50000,21848.07422
647.00000,21796.64844
647.50000,21756.62305
648.00000,21723.63672
648.50000,21691.43555
649.00000,21654.69531
649.50000,21610.57422
650.00000,21563.14453
650.50000,21518.11523
651.00000,21478.73828
651.50000,21445.79297
652.00000,21415.88086
652.50000,21384.02930
653.00000,21345.41016
653.50000,21298.45313
654.00000,21244.20313
654.50000,21187.07617
655.00000,21130.58789
655.50000,21077.10547
656.00000,21028.04492
656.50000,20982.30469
657.00000,20937.90820
657.50000,20892.52148
658.00000,20844.82617
658.50000,20794.44727
659.00000,20742.69727
659.50000,20691.57813
660.00000,20643.22070
660.50000,20600.87891
661.00000,20564.59766
661.50000,20535.13477
662.00000,20511.54297
662.50000,20492.72461
663.00000,20477.49609
663.50000,20464.33398
664.00000,20452.80273
664.50000,20442.75977
665.00000,20435.99805
665.50000,20433.57813
666.00000,20437.75781
666.50000,20448.35352
667.00000,20464.62891
667.50000,20484.16016
668.00000,20503.89648
668.50000,20522.24219
669.00000,20539.46875
669.50000,20557.01953
670.00000,20576.51367
670.50000,20599.30078
671.00000,20624.08594
671.50000,20647.91992
672.00000,20667.96484
672.50000,20682.92188
673.00000,20693.80273
673.50000,20704.11133
674.00000,20718.00195
674.50000,20737.21094
675.00000,20760.62891
675.50000,20782.45313
676.00000,20796.66406
676.50000,20801.55859
677.00000,20799.28320
677.50000,20797.07617
678.00000,20804.20898
678.50000,20829.54297
679.00000,20869.43555
679.50000,20918.58008
680.00000,20965.95508
680.50000,21001.51563
681.00000,21022.35156
681.50000,21027.38281
682.00000,21021.18359
682.50000,21009.31836
683.00000,20995.42578
683.50000,20982.21289
684.00000,20972.73633
684.50000,20969.37109
685.00000,20977.08398
685.50000,20995.61523
686.00000,21023.54688
686.50000,21053.68945
687.00000,21078.94922
687.50000,21094.19531
688.00000,21098.22070
688.50000,21092.00977
689.00000,21080.51367
689.50000,21066.59375
690.00000,21051.79492
690.50000,21034.17188
691.00000,21011.90039
691.50000,20983.10938
692.00000,20948.94531
692.50000,20912.84961
693.00000,20880.52734
693.50000,20857.31445
694.00000,20847.80078
694.50000,20849.94922
695.00000,20863.27148
695.50000,20881.84766
696.00000,20901.97266
696.50000,20920.52734
697.00000,20935.46094
697.50000,20945.48828
698.00000,20948.34375
698.50000,20939.21094
699.00000,20915.96875
699.50000,20873.45508
700.00000,20816.40820
700.50000,20747.62500
701.00000,20675.54102
701.50000,20605.32422
702.00000,20537.72852
702.50000,20470.34766
703.00000,20399.83789
703.50000,20325.11914
704.00000,20248.08398
704.50000,20174.67773
705.00000,20113.36914
705.50000,20065.57813
706.00000,20033.52930
706.50000,20013.52539
707.00000,20003.03125
707.50000,19999.95703
708.00000,20003.50781
708.50000,20015.08594
709.00000,20032.99805
709.50000,20056.19531
710.00000,20081.04688
710.50000,20104.90820
711.00000,20126.23633
711.50000,20144.04688
712.00000,20158.10352
712.50000,20167.23828
713.00000,20169.74023
713.50000,20165.19922
714.00000,20153.48047
714.50000,20138.76953
715.00000,20126.71484
715.50000,20122.66211
716.00000,20133.20898
716.50000,20159.21875
717.00000,20197.91016
717.50000,20244.06836
718.00000,20291.30078
718.50000,20334.00195
719.00000,20369.63672
719.50000,20396.32227
720.00000,20417.79102
720.50000,20437.90820
721.00000,20460.53516
721.50000,20487.38281
722.00000,20517.35352
722.50000,20548.23047
723.00000,20578.34180
723.50000,20608.01953
724.00000,20640.05664
724.50000,20677.08008
725.00000,20720.63086
725.50000,20767.25977
726.00000,20813.04102
726.50000,20855.07031
727.00000,20893.34375
727.50000,20931.49023
728.00000,20974.67969
728.50000,21027.06641
729.00000,21085.67773
729.50000,21146.25586
730.00000,21203.87109
730.50000,21255.71094
731.00000,21303.77930
731.50000,21351.20117
732.00000,21400.33008
732.50000,21449.58984
733.00000,21493.22070
733.50000,21525.49805
734.00000,21539.39453
734.50000,21536.17969
735.00000,21513.48828
735.50000,21477.57227
736.00000,21430.46484
736.50000,21376.71484
737.00000,21319.70703
737.50000,21261.64063
738.00000,21203.02734
738.50000,21142.32422
739.00000,21077.42383
739.50000,21004.76172
740.00000,20925.22266
740.50000,20840.17578
741.00000,20755.34570
741.50000,20676.41016
742.00000,20606.95117
742.50000,20549.16992
743.00000,20504.68945
743.50000,20472.74023
744.00000,20455.22266
744.50000,20448.70508
745.00000,20451.05273
745.50000,20454.28125
746.00000,20451.83789
746.50000,20440.63281
747.00000,20420.70313
747.50000,20395.95898
748.00000,20371.54688
748.50000,20350.70117
749.00000,20332.15820
749.50000,20310.88281
750.00000,20282.92773
750.50000,20244.80859
751.00000,20199.02930
751.50000,20148.85742
752.00000,20098.90234
752.50000,20052.92188
753.00000,20013.75977
753.50000,19982.38477
754.00000,19960.23633
754.50000,19945.07031
755.00000,19935.61914
755.50000,19927.48438
756.00000,19917.27734
756.50000,19903.80859
757.00000,19888.48438
757.50000,19874.99023
758.00000,19866.31055
758.50000,19862.89648
759.00000,19862.03711
759.50000,19861.83984
760.00000,19862.15625
760.50000,19866.14453
761.00000,19876.78516
761.50000,19896.50781
762.00000,19923.10938
762.50000,19951.91211
763.00000,19980.36719
763.50000,20009.82617
764.00000,20045.09375
764.50000,20088.19922
765.00000,20138.49414
765.50000,20187.11133
766.00000,20220.84570
766.50000,20230.44727
767.00000,20213.49805
767.50000,20175.13281
768.00000,20123.63086
768.50000,20063.26367
769.00000,19996.95313
769.50000,19923.35547
770.00000,19845.29492
770.50000,19768.55078
771.00000,19702.00781
771.50000,19653.41992
772.00000,19622.47656
772.50000,19603.83203
773.00000,19590.48633
773.50000,19576.89453
774.00000,19562.60547
774.50000,19550.89844
775.00000,19547.07617
775.50000,19550.87695
776.00000,19558.71680
776.50000,19564.38672
777.00000,19562.63672
777.50000,19551.19531
778.00000,19531.03320
778.50000,19503.37305
779.00000,19471.32813
779.50000,19436.43359
780.00000,19401.82422
780.50000,19371.59375
781.00000,19348.40234
781.50000,19334.53320
782.00000,19328.35156
782.50000,19325.93555
783.00000,19322.51953
783.50000,19314.71875
784.00000,19300.79102
784.50000,19283.08789
785.00000,19263.91992
785.50000,19245.22070
786.00000,19227.80664
786.50000,19212.22852
787.00000,19200.35352
787.50000,19195.09766
788.00000,19198.90820
788.50000,19213.70117
789.00000,19235.98633
789.50000,19261.00781
790.00000,19283.26953
790.50000,19300.01172
791.00000,19313.30664
791.50000,19326.83789
792.00000,19344.04102
792.50000,19365.89648
793.00000,19390.58398
793.50000,19414.53906
794.00000,19434.78711
794.50000,19452.22461
795.00000,19468.14063
795.50000,19483.40625
796.00000,19495.48633
796.50000,19500.00391
797.00000,19491.09570
797.50000,19465.49609
798.00000,19425.09961
798.50000,19373.99414
799.00000,19320.90430
799.50000,19272.62500
800.00000,19231.12500
800.50000,19197.77539
801.00000,19170.35547
801.50000,19148.34766
802.00000,19131.67578
802.50000,19121.46680
803.00000,19119.29688
803.50000,19124.58203
804.00000,19135.91797
804.50000,19149.32617
805.00000,19162.13672
805.50000,19173.21484
806.00000,19182.97070
806.50000,19193.14648
807.00000,19205.23438
807.50000,19219.21094
808.00000,19233.16797
808.50000,19243.93359
809.00000,19250.30664
809.50000,19252.16211
810.00000,19252.91797
810.50000,19256.25977
811.00000,19264.25977
811.50000,19277.32422
812.00000,19292.64648
812.50000,19305.86328
813.00000,19312.50977
813.50000,19311.11133
814.00000,19302.44531
814.50000,19291.53711
815.00000,19282.96680
815.50000,19278.71484
816.00000,19277.96680
816.50000,19275.95117
817.00000,19266.77344
817.50000,19247.21680
818.00000,19220.16016
818.50000,19194.20898
819.00000,19179.26172
819.50000,19184.64453
820.00000,19205.42383
820.50000,19235.27539
821.00000,19263.04492
821.50000,19281.52344
822.00000,19291.62500
822.50000,19300.76367
823.00000,19318.49414
823.50000,19349.45313
824.00000,19391.66406
824.50000,19434.77734
825.00000,19468.47461
825.50000,19489.50586
826.00000,19497.35742
826.50000,19498.48438
827.00000,19499.69727
827.50000,19506.31055
828.00000,19520.26563
828.50000,19541.69141
829.00000,19566.85742
829.50000,19591.58008
830.00000,19612.07227
830.50000,19624.79102
831.00000,19631.06055
831.50000,19634.38281
832.00000,19640.47656
832.50000,19653.76172
833.00000,19674.82031
833.50000,19698.23438
834.00000,19715.29688
834.50000,19721.59375
835.00000,19715.85938
835.50000,19706.08984
836.00000,19700.95898
836.50000,19706.04102
837.00000,19721.90625
837.50000,19742.75000
838.00000,19759.27734
838.50000,19761.87891
839.00000,19748.10352
839.50000,19714.91406
840.00000,19671.62305
840.50000,19623.57617
841.00000,19576.45117
841.50000,19532.68945
842.00000,19491.39453
842.50000,19450.03711
843.00000,19406.61133
843.50000,19361.73633
844.00000,19318.82813
844.50000,19281.76172
845.00000,19255.37305
845.50000,19237.28906
846.00000,19225.91016
846.50000,19218.80469
847.00000,19216.86328
847.50000,19223.23047
848.00000,19240.26172
848.50000,19268.83984
849.00000,19303.24609
849.50000,19336.54102
850.00000,19362.92578
850.50000,19378.22070
851.00000,19385.30078
851.50000,19385.58008
852.00000,19379.69727
852.50000,19366.56250
853.00000,19344.95898
853.50000,19317.23828
854.00000,19286.87891
854.50000,19258.35938
855.00000,19234.17773
855.50000,19212.41211
856.00000,19190.29492
856.50000,19166.86914
857.00000,19144.47656
857.50000,19126.75781
858.00000,19115.15430
858.50000,19108.26172
859.00000,19101.30273
859.50000,19089.81836
860.00000,19074.08008
860.50000,19056.97266
861.00000,19043.08594
861.50000,19035.31641
862.00000,19031.66406
862.50000,19026.99414
863.00000,19016.56445
863.50000,18999.38867
864.00000,18976.82422
864.50000,18954.32617
865.00000,18938.53906
865.50000,18932.82227
866.00000,18940.23242
866.50000,18957.45117
867.00000,18978.36914
867.50000,18994.51758
868.00000,18999.77734
868.50000,18992.09180
869.00000,18977.30469
869.50000,18961.92773
870.00000,18951.32617
870.50000,18947.65039
871.00000,18947.64648
871.50000,18948.03320
872.00000,18947.77734
872.50000,18949.49023
873.00000,18957.85742
873.50000,18975.11523
874.00000,19000.76563
874.50000,19029.02539
875.00000,19055.18555
875.50000,19077.23438
876.00000,19094.87305
876.50000,19109.99219
877.00000,19124.08008
877.50000,19137.94727
878.00000,19151.80664
878.50000,19165.29492
879.00000,19177.31055
879.50000,19184.01758
880.00000,19182.56055
880.50000,19168.72852
881.00000,19144.57031
881.50000,19113.52734
882.00000,19081.03125
882.50000,19050.29492
883.00000,19020.53906
883.50000,18988.01367
884.00000,18948.33398
884.50000,18902.82422
885.00000,18856.42773
885.50000,18817.17188
886.00000,18793.80859
886.50000,18786.10156
887.00000,18789.75195
887.50000,18796.92969
888.00000,18799.89648
888.50000,18793.12891
889.00000,18777.10547
889.50000,18752.22070
890.00000,18723.19531
890.50000,18691.93555
891.00000,18659.41797
891.50000,18624.61719
892.00000,18586.52148
892.50000,18545.85938
893.00000,18505.84766
893.50000,18470.47266
894.00000,18443.86719
894.50000,18424.68750
895.00000,18411.33984
895.50000,18399.64063
896.00000,18388.42188
896.50000,18379.39063
897.00000,18376.36523
897.50000,18381.81445
898.00000,18393.65820
898.50000,18406.39648
899.00000,18413.50000
899.50000,18410.57422
900.00000,18402.10352
900.50000,18394.50391
901.00000,18394.00391
901.50000,18403.88672
902.00000,18421.38281
902.50000,18440.57617
903.00000,18455.83594
903.50000,18465.45117
904.00000,18471.06836
904.50000,18478.24023
905.00000,18493.64453
905.50000,18519.36914
906.00000,18555.80469
906.50000,18598.12891
907.00000,18640.46484
907.50000,18676.81836
908.00000,18703.47461
908.50000,18718.20117
909.00000,18725.00781
909.50000,18728.45508
910.00000,18735.20703
910.50000,18750.77344
911.00000,18774.62695
911.50000,18802.73828
912.00000,18827.28516
912.50000,18840.60156
913.00000,18838.92578
913.50000,18826.20898
914.00000,18807.75977
914.50000,18791.05664
915.00000,18781.24414
915.50000,18777.66797
916.00000,18778.23828
916.50000,18779.17383
917.00000,18778.00781
917.50000,18774.29883
918.00000,18769.48828
918.50000,18765.87305
919.00000,18765.61719
919.50000,18772.67578
920.00000,18787.26172
920.50000,18810.79688
921.00000,18839.96875
921.50000,18870.26367
922.00000,18896.26563
922.50000,18914.26172
923.00000,18923.36133
923.50000,18927.35547
924.00000,18930.30469
924.50000,18935.20313
925.00000,18941.71875
925.50000,18946.07422
926.00000,18943.41406
926.50000,18932.78516
927.00000,18918.05664
927.50000,18907.14844
928.00000,18907.05469
928.50000,18922.22656
929.00000,18947.75391
929.50000,18977.34570
930.00000,19002.87891
930.50000,19019.09570
931.00000,19027.42773
931.50000,19030.73242
932.00000,19031.86523
932.50000,19030.50000
933.00000,19023.07031
933.50000,19007.07227
934.00000,18980.74219
934.50000,18949.43555
935.00000,18918.70508
935.50000,18892.06445
936.00000,18869.73438
936.50000,18848.03711
937.00000,18822.71680
937.50000,18791.45703
938.00000,18755.48633
938.50000,18717.80664
939.00000,18682.21484
939.50000,18652.16406
940.00000,18627.06250
940.50000,18605.97070
941.00000,18585.79102
941.50000,18564.09961
942.00000,18540.33789
942.50000,18516.42578
943.00000,18495.43750
943.50000,18478.69922
944.00000,18465.43555
944.50000,18451.49609
945.00000,18432.70117
945.50000,18409.73242
946.00000,18387.53125
946.50000,18373.66602
947.00000,18374.39258
947.50000,18389.88281
948.00000,18412.80078
948.50000,18433.92383
949.00000,18447.07422
949.50000,18449.36328
950.00000,18446.40430
950.50000,18442.32617
951.00000,18438.88086
951.50000,18434.63867
952.00000,18427.73438
952.50000,18418.03125
953.00000,18406.97461
953.50000,18396.11523
954.00000,18385.16992
954.50000,18372.77344
955.00000,18358.14258
955.50000,18343.79297
956.00000,18334.49805
956.50000,18333.07617
957.00000,18338.37891
957.50000,18344.21094
958.00000,18343.08789
958.50000,18330.19922
959.00000,18311.12500
959.50000,18295.84961
960.00000,18292.79297
960.50000,18308.44922
961.00000,18337.69141
961.50000,18372.71289
962.00000,18404.44531
962.50000,18427.51172
963.00000,18441.01758
963.50000,18449.49219
964.00000,18458.00000
964.50000,18470.82617
965.00000,18491.45508
965.50000,18518.38281
966.00000,18549.11328
966.50000,18578.62109
967.00000,18601.51172
967.50000,18614.43555
968.00000,18618.79297
968.50000,18617.81250
969.00000,18616.78516
969.50000,18618.80859
970.00000,18622.33594
970.50000,18622.89453
971.00000,18616.23633
971.50000,18599.44922
972.00000,18574.06250
972.50000,18543.94531
973.00000,18512.42383
973.50000,18481.01953
974.00000,18448.82617
974.50000,18414.72656
975.00000,18378.33789
975.50000,18341.64063
976.00000,18307.18359
976.50000,18276.24414
977.00000,18248.33594
977.50000,18221.83984
978.00000,18195.17578
978.50000,18167.75586
979.00000,18140.04883
979.50000,18113.01172
980.00000,18087.31445
980.50000,18063.65625
981.00000,18041.46484
981.50000,18019.15820
982.00000,17994.03125
982.50000,17963.40625
983.00000,17925.94922
983.50000,17884.57617
984.00000,17844.45508
984.50000,17810.58789
985.00000,17787.27148
985.50000,17771.47461
986.00000,17759.15430
986.50000,17745.74023
987.00000,17729.88672
987.50000,17713.01953
988.00000,17697.11523
988.50000,17682.78906
989.00000,17668.91406
989.50000,17654.70898
990.00000,17640.96680
990.50000,17629.90234
991.00000,17622.34570
991.50000,17617.45703
992.00000,17612.82031
992.50000,17607.35938
993.00000,17603.39063
993.50000,17605.19922
994.00000,17617.92383
994.50000,17638.99609
995.00000,17663.40430
995.50000,17683.66797
996.00000,17695.48828
996.50000,17702.01172
997.00000,17710.19531
997.50000,17725.57227
998.00000,17747.95117
998.50000,17773.24023
999.00000,17795.92773
999.50000,17813.09375
1000.00000,17828.22461
1000.50000,17846.52734
1001.00000,17870.94727
1001.50000,17900.30859
1002.00000,17928.19531
1002.50000,17946.30273
1003.00000,17947.20898
1003.50000,17931.25586
1004.00000,17899.64844
1004.50000,17861.76367
1005.00000,17824.87109
1005.50000,17794.03711
1006.00000,17771.94336
1006.50000,17756.89063
1007.00000,17746.42969
1007.50000,17738.39844
1008.00000,17731.54492
1008.50000,17725.77344
1009.00000,17720.72266
1009.50000,17715.87305
1010.00000,17710.52344
1010.50000,17704.22266
1011.00000,17697.14453
1011.50000,17689.30469
1012.00000,17680.26172
1012.50000,17668.91016
1013.00000,17653.58789
1013.50000,17633.71875
1014.00000,17608.10547
1014.50000,17578.21289
1015.00000,17544.88867
1015.50000,17511.23438
1016.00000,17481.45117
1016.50000,17459.53906
1017.00000,17448.70313
1017.50000,17449.11328
1018.00000,17456.46680
1018.50000,17465.78711
1019.00000,17472.85156
1019.50000,17476.88867
1020.00000,17481.26563
1020.50000,17489.31836
1021.00000,17500.43164
1021.50000,17509.83789
1022.00000,17510.85547
1022.50000,17499.51172
1023.00000,17476.96289
1023.50000,17452.13867
1024.00000,17436.63672
1024.50000,17436.15234
1025.00000,17454.45313
1025.50000,17482.99609
1026.00000,17512.79883
1026.50000,17535.72656
1027.00000,17547.99023
1027.50000,17550.46875
1028.00000,17547.27539
1028.50000,17540.97461
1029.00000,17533.22070
1029.50000,17523.42773
1030.00000,17511.78125
1030.50000,17498.85938
1031.00000,17486.66797
1031.50000,17478.21289
1032.00000,17476.95117
1032.50000,17486.33398
1033.00000,17509.76563
1033.50000,17545.08594
1034.00000,17588.44141
1034.50000,17630.07813
1035.00000,17659.65625
1035.50000,17674.81836
1036.00000,17677.12109
1036.50000,17675.37305
1037.00000,17677.92969
1037.50000,17688.55273
1038.00000,17704.65820
1038.50000,17721.86328
1039.00000,17737.23047
1039.50000,17751.34180
1040.00000,17766.77734
1040.50000,17784.16016
1041.00000,17800.23828
1041.50000,17809.91992
1042.00000,17811.03516
1042.50000,17806.57031
1043.00000,17802.83203
1043.50000,17805.20117
1044.00000,17816.13867
1044.50000,17830.92578
1045.00000,17844.11719
1045.50000,17851.89844
1046.00000,17852.02539
1046.50000,17845.17773
1047.00000,17832.24609
1047.50000,17814.99414
1048.00000,17797.35742
1048.50000,17785.14258
1049.00000,17781.79297
1049.50000,17789.89648
1050.00000,17803.08203
1050.50000,17814.27148
1051.00000,17818.39648
1051.50000,17815.07227
1052.00000,17809.80859
1052.50000,17809.98828
1053.00000,17821.53320
1053.50000,17844.21680
1054.00000,17877.42383
1054.50000,17915.84766
1055.00000,17956.48633
1055.50000,17995.85156
1056.00000,18030.62305
1056.50000,18059.24609
1057.00000,18082.24023
1057.50000,18103.01953
1058.00000,18126.34766
1058.50000,18155.56445
1059.00000,18188.34961
1059.50000,18218.42969
1060.00000,18239.43750
1060.50000,18245.26563
1061.00000,18238.34766
1061.50000,18223.51758
1062.00000,18207.71680
1062.50000,18196.24219
1063.00000,18192.24023
1063.50000,18195.71484
1064.00000,18208.11133
1064.50000,18227.17188
1065.00000,18251.15039
1065.50000,18274.52930
1066.00000,18290.98047
1066.50000,18297.33984
1067.00000,18294.70898
1067.50000,18288.94141
1068.00000,18287.75977
1068.50000,18297.55859
1069.00000,18317.35156
1069.50000,18345.60547
1070.00000,18376.91211
1070.50000,18409.70508
1071.00000,18444.26758
1071.50000,18481.96875
1072.00000,18522.55664
1072.50000,18563.80859
1073.00000,18602.97461
1073.50000,18639.11719
1074.00000,18672.64648
1074.50000,18705.51953
1075.00000,18737.98047
1075.50000,18768.59180
1076.00000,18794.42383
1076.50000,18814.16992
1077.00000,18828.11133
1077.50000,18837.90430
1078.00000,18845.70898
1078.50000,18852.58203
1079.00000,18859.58789
1079.50000,18868.58398
1080.00000,18880.94336
1080.50000,18897.49219
1081.00000,18914.90820
1081.50000,18926.66797
1082.00000,18926.37500
1082.50000,18912.29102
1083.00000,18888.99609
1083.50000,18868.69922
1084.00000,18867.19336
1084.50000,18889.32813
1085.00000,18937.97461
1085.50000,18999.53320
1086.00000,19060.10938
1086.50000,19107.92383
1087.00000,19137.74219
1087.50000,19151.75781
1088.00000,19158.21484
1088.50000,19164.05664
1089.00000,19173.37500
1089.50000,19187.38672
1090.00000,19203.44141
1090.50000,19219.03711
1091.00000,19231.70508
1091.50000,19238.41016
1092.00000,19236.49023
1092.50000,19224.54688
1093.00000,19202.68164
1093.50000,19175.80078
1094.00000,19149.55273
1094.50000,19128.59766
1095.00000,19116.23633
1095.50000,19110.26953
1096.00000,19108.70508
1096.50000,19109.22266
1097.00000,19110.89258
1097.50000,19113.15820
1098.00000,19114.71875
1098.50000,19113.31445
1099.00000,19108.15430
1099.50000,19099.34766
1100.00000,19090.29688
1100.50000,19084.75781
1101.00000,19084.47266
1101.50000,19089.62891
1102.00000,19098.46484
1102.50000,19109.01758
1103.00000,19120.29883
1103.50000,19131.84375
1104.00000,19143.40039
1104.50000,19154.56445
1105.00000,19164.83984
1105.50000,19174.30469
1106.00000,19183.07617
1106.50000,19191.34375
1107.00000,19199.23438
1107.50000,19207.31641
1108.00000,19216.89844
1108.50000,19230.17383
1109.00000,19247.61133
1109.50000,19269.39063
1110.00000,19292.68164
1110.50000,19315.23047
1111.00000,19336.12891
1111.50000,19356.02930
1112.00000,19376.39258
1112.50000,19398.19336
1113.00000,19421.92578
1113.50000,19447.91602
1114.00000,19478.45313
1114.50000,19514.48242
1115.00000,19557.13281
1115.50000,19602.65625
1116.00000,19646.08594
1116.50000,19684.13281
1117.00000,19718.03906
1117.50000,19753.85938
1118.00000,19798.38672
1118.50000,19856.38477
1119.00000,19923.00586
1119.50000,19990.91992
1120.00000,20052.24414
1120.50000,20102.19922
1121.00000,20143.91992
1121.50000,20182.79688
1122.00000,20224.46875
1122.50000,20272.12500
1123.00000,20327.32227
1123.50000,20389.06250
1124.00000,20458.13477
1124.50000,20532.12109
1125.00000,20608.89648
1125.50000,20684.32813
1126.00000,20754.66797
1126.50000,20819.06055
1127.00000,20878.93555
1127.50000,20936.80273
1128.00000,20994.59180
1128.50000,21052.60938
1129.00000,21110.76172
1129.50000,21170.56641
1130.00000,21234.25781
1130.50000,21304.78320
1131.00000,21380.75391
1131.50000,21458.20898
1132.00000,21532.52344
1132.50000,21603.01758
1133.00000,21675.08789
1133.50000,21757.39063
1134.00000,21861.08789
1134.50000,21984.14648
1135.00000,22123.62891
1135.50000,22267.66602
1136.00000,22407.52148
1136.50000,22539.46875
1137.00000,22664.10547
1137.50000,22784.00977
1138.00000,22902.10156
1138.50000,23020.23242
1139.00000,23140.05664
1139.50000,23263.69141
1140.00000,23390.46484
1140.50000,23517.89258
1141.00000,23641.59766
1141.50000,23757.71484
1142.00000,23866.01563
1142.50000,23969.27148
1143.00000,24069.34961
1143.50000,24165.74219
1144.00000,24252.98047
1144.50000,24329.44727
1145.00000,24394.89648
1145.50000,24457.28516
1146.00000,24523.96289
1146.50000,24596.01953
1147.00000,24665.53125
1147.50000,24718.54688
1148.00000,24745.75781
1148.50000,24742.34375
1149.00000,24721.98438
1149.50000,24698.52344
1150.00000,24684.22070
1150.50000,24683.40430
1151.00000,24688.53906
1151.50000,24688.73633
1152.00000,24676.08398
1152.50000,24650.78906
1153.00000,24619.52539
1153.50000,24592.57617
1154.00000,24578.13867
1154.50000,24573.14844
1155.00000,24570.30469
1155.50000,24559.88672
1156.00000,24535.56445
1156.50000,24500.22070
1157.00000,24461.36328
1157.50000,24425.98633
1158.00000,24395.50977
1158.50000,24366.52148
1159.00000,24334.31836
1159.50000,24296.93555
1160.00000,24258.22852
1160.50000,24221.90039
1161.00000,24187.19336
1161.50000,24147.60547
1162.00000,24094.68555
1162.50000,24023.97461
1163.00000,23935.48438
1163.50000,23837.33984
1164.00000,23735.23242
1164.50000,23633.67383
1165.00000,23534.52344
1165.50000,23439.19336
1166.00000,23351.91016
1166.50000,23276.03906
1167.00000,23212.69336
1167.50000,23158.83203
1168.00000,23107.49414
1168.50000,23052.83008
1169.00000,22993.41211
1169.50000,22930.75586
1170.00000,22869.53906
1170.50000,22814.34570
1171.00000,22766.77148
1171.50000,22727.25391
1172.00000,22693.98242
1172.50000,22664.10352
1173.00000,22635.71680
1173.50000,22608.45703
1174.00000,22585.29688
1174.50000,22568.71875
1175.00000,22561.92773
1175.50000,22561.98828
1176.00000,22564.90039
1176.50000,22566.67969
1177.00000,22567.07617
1177.50000,22569.69141
1178.00000,22578.28711
1178.50000,22594.24609
1179.00000,22612.31055
1179.50000,22624.35156
1180.00000,22625.59375
1180.50000,22612.63672
1181.00000,22589.40039
1181.50000,22560.21680
1182.00000,22529.21680
1182.50000,22498.64648
1183.00000,22469.06836
1183.50000,22440.20703
1184.00000,22412.49609
1184.50000,22387.06250
1185.00000,22367.60352
1185.50000,22356.46289
1186.00000,22356.13086
1186.50000,22364.13672
1187.00000,22375.26758
1187.50000,22384.26758
1188.00000,22390.01758
1188.50000,22396.56641
1189.00000,22409.73047
1189.50000,22435.06055
1190.00000,22468.38477
1190.50000,22503.72656
1191.00000,22534.83008
1191.50000,22559.27344
1192.00000,22578.54688
1192.50000,22594.33984
1193.00000,22605.07617
1193.50000,22608.84961
1194.00000,22603.27734
1194.50000,22592.41992
1195.00000,22579.16992
1195.50000,22563.94922
1196.00000,22540.88281
1196.50000,22503.71289
1197.00000,22450.85156
1197.50000,22389.17383
1198.00000,22331.94922
1198.50000,22291.75781
1199.00000,22268.48242
1199.50000,22258.70117
1200.00000,22250.89063
1200.50000,22236.95508
1201.00000,22213.18164
1201.50000,22176.61133
1202.00000,22125.93555
1202.50000,22063.15234
1203.00000,21994.38086
1203.50000,21931.16211
1204.00000,21887.02344
1204.50000,21862.04102
1205.00000,21852.59766
1205.50000,21845.55469
1206.00000,21832.40430
1206.50000,21813.44531
1207.00000,21795.29883
1207.50000,21784.34570
1208.00000,21780.32617
1208.50000,21778.82227
1209.00000,21775.26563
1209.50000,21770.79297
1210.00000,21771.37695
1210.50000,21783.50977
1211.00000,21805.24805
1211.50000,21829.05664
1212.00000,21845.78906
1212.50000,21851.84766
1213.00000,21850.19141
1213.50000,21849.05273
1214.00000,21854.77930
1214.50000,21865.72070
1215.00000,21876.61328
1215.50000,21882.10547
1216.00000,21880.95117
1216.50000,21878.44141
1217.00000,21882.52539
1217.50000,21899.43555
1218.00000,21928.36719
1218.50000,21965.02930
1219.00000,22000.45703
1219.50000,22026.15234
1220.00000,22040.28125
1220.50000,22041.62891
1221.00000,22034.59180
1221.50000,22023.46680
1222.00000,22012.58594
1222.50000,22005.07813
1223.00000,22002.88672
1223.50000,22005.08984
1224.00000,22010.44922
1224.50000,22015.94531
1225.00000,22019.08203
1225.50000,22018.98438
1226.00000,22015.24219
1226.50000,22008.70703
1227.00000,22000.88281
1227.50000,21994.75000
1228.00000,21995.03711
1228.50000,22010.28711
1229.00000,22044.00000
1229.50000,22103.37109
1230.00000,22181.53320
1230.50000,22273.35156
1231.00000,22368.97266
1231.50000,22461.38086
1232.00000,22546.97070
1232.50000,22624.85742
1233.00000,22693.33594
1233.50000,22752.02930
1234.00000,22796.44531
1234.50000,22828.12305
1235.00000,22845.65430
1235.50000,22853.42773
1236.00000,22853.97070
1236.50000,22850.58398
1237.00000,22845.52930
1237.50000,22840.07422
1238.00000,22834.63281
1238.50000,22828.92773
1239.00000,22822.99219
1239.50000,22818.36328
1240.00000,22817.29492
1240.50000,22822.74219
1241.00000,22833.77734
1241.50000,22846.55664
1242.00000,22855.42578
1242.50000,22857.00195
1243.00000,22851.69336
1243.50000,22844.68359
1244.00000,22840.28906
1244.50000,22838.04688
1245.00000,22833.40820
1245.50000,22822.32422
1246.00000,22804.47266
1246.50000,22786.06641
1247.00000,22775.01367
1247.50000,22775.26758
1248.00000,22782.04492
1248.50000,22786.31055
1249.00000,22781.23438
1249.50000,22763.97266
1250.00000,22742.51367
1250.50000,22726.25000
1251.00000,22721.58594
1251.50000,22731.39648
1252.00000,22754.19336
1252.50000,22786.47656
1253.00000,22825.88086
1253.50000,22868.16211
1254.00000,22909.31445
1254.50000,22946.59961
1255.00000,22979.55273
1255.50000,23012.70313
1256.00000,23052.56250
1256.50000,23103.07813
1257.00000,23164.37500
1257.50000,23233.46289
1258.00000,23305.59375
1258.50000,23378.59766
1259.00000,23452.13672
1259.50000,23527.31836
1260.00000,23603.96484
1260.50000,23680.26953
1261.00000,23752.44336
1261.50000,23814.63672
1262.00000,23861.58398
1262.50000,23891.93945
1263.00000,23907.83984
1263.50000,23919.36719
1264.00000,23936.53906
1264.50000,23961.86328
1265.00000,23988.87695
1265.50000,24003.14453
1266.00000,23988.79688
1266.50000,23943.73047
1267.00000,23879.00195
1267.50000,23813.93555
1268.00000,23765.75391
1268.50000,23745.28516
1269.00000,23744.92969
1269.50000,23758.41797
1270.00000,23775.24609
1270.50000,23791.47461
1271.00000,23805.87305
1271.50000,23817.57617
1272.00000,23825.60547
1272.50000,23829.97461
1273.00000,23832.19727
1273.50000,23835.66016
1274.00000,23844.54297
1274.50000,23859.72852
1275.00000,23882.19531
1275.50000,23909.17969
1276.00000,23938.00391
1276.50000,23965.59961
1277.00000,23989.77930
1277.50000,24009.62305
1278.00000,24026.01953
1278.50000,24039.25391
1279.00000,24049.86719
1279.50000,24056.36719
1280.00000,24059.01563
1280.50000,24058.56445
1281.00000,24058.16406
1281.50000,24061.56445
1282.00000,24071.47070
1282.50000,24087.94531
1283.00000,24109.19922
1283.50000,24130.49805
1284.00000,24145.26172
1284.50000,24149.86133
1285.00000,24140.41211
1285.50000,24121.31250
1286.00000,24098.02344
1286.50000,24076.03516
1287.00000,24056.91016
1287.50000,24039.28711
1288.00000,24023.14063
1288.50000,24015.21875
1289.00000,24023.14844
1289.50000,24057.32813
1290.00000,24109.58594
1290.50000,24167.41797
1291.00000,24216.43555
1291.50000,24252.52539
1292.00000,24285.19141
1292.50000,24328.38672
1293.00000,24389.21289
1293.50000,24458.03711
1294.00000,24519.22852
1294.50000,24566.67188
1295.00000,24605.31445
1295.50000,24650.26758
1296.00000,24712.70508
1296.50000,24789.85742
1297.00000,24870.55273
1297.50000,24945.74023
1298.00000,25016.85352
1298.50000,25093.63086
1299.00000,25182.66797
1299.50000,25284.72852
1300.00000,25388.39648
1300.50000,25483.57227
1301.00000,25569.36914
1301.50000,25653.00977
1302.00000,25743.94727
1302.50000,25845.13672
1303.00000,25951.94531
1303.50000,26054.88477
1304.00000,26145.39258
1304.50000,26224.60742
1305.00000,26292.79883
1305.50000,26351.44531
1306.00000,26395.89063
1306.50000,26422.71484
1307.00000,26431.96289
1307.50000,26428.07227
1308.00000,26418.99609
1308.50000,26407.57617
1309.00000,26392.15234
1309.50000,26366.16211
1310.00000,26329.71875
1310.50000,26287.08984
1311.00000,26248.28320
1311.50000,26221.86719
1312.00000,26209.58984
1312.50000,26206.18164
1313.00000,26205.85938
1313.50000,26205.03320
1314.00000,26204.46680
1314.50000,26205.74023
1315.00000,26208.37891
1315.50000,26209.07227
1316.00000,26203.54883
1316.50000,26189.68359
1317.00000,26167.30664
1317.50000,26137.74023
1318.00000,26105.14844
1318.50000,26075.19922
1319.00000,26052.97070
1319.50000,26043.51563
1320.00000,26042.48242
1320.50000,26043.26758
1321.00000,26038.63477
1321.50000,26026.13867
1322.00000,26009.84961
1322.50000,25996.58594
1323.00000,25991.33398
1323.50000,25993.32617
1324.00000,26002.21289
1324.50000,26016.52148
1325.00000,26038.23828
1325.50000,26065.20703
1326.00000,26092.22070
1326.50000,26112.55273
1327.00000,26123.00000
1327.50000,26126.00781
1328.00000,26128.23242
1328.50000,26133.80078
1329.00000,26140.86914
1329.50000,26144.11523
1330.00000,26140.90039
1330.50000,26131.29492
1331.00000,26118.89844
1331.50000,26105.20117
1332.00000,26088.39648
1332.50000,26065.43164
1333.00000,26033.79883
1333.50000,25994.65039
1334.00000,25946.09766
1334.50000,25888.69141
1335.00000,25819.85156
1335.50000,25742.70313
1336.00000,25661.09961
1336.50000,25579.24219
1337.00000,25498.55859
1337.50000,25419.08398
1338.00000,25343.06250
1338.50000,25279.33984
1339.00000,25234.37109
1339.50000,25216.69336
1340.00000,25217.14063
1340.50000,25225.79492
1341.00000,25232.08594
1341.50000,25233.89844
1342.00000,25235.68359
1342.50000,25241.90039
1343.00000,25253.14258
1343.50000,25266.09961
1344.00000,25280.36719
1344.50000,25299.26758
1345.00000,25329.51367
1345.50000,25370.44922
1346.00000,25415.51758
1346.50000,25453.30664
1347.00000,25474.87695
1347.50000,25477.01758
1348.00000,25464.36719
1348.50000,25437.26172
1349.00000,25397.14063
1349.50000,25338.22852
1350.00000,25263.82227
1350.50000,25178.16016
1351.00000,25090.79102
1351.50000,25008.53906
1352.00000,24932.52344
1352.50000,24858.69141
1353.00000,24781.89453
1353.50000,24699.48047
1354.00000,24608.74609
1354.50000,24510.35742
1355.00000,24401.76563
1355.50000,24285.16992
1356.00000,24166.35156
1356.50000,24056.80664
1357.00000,23968.18750
1357.50000,23907.02930
1358.00000,23866.22070
1358.50000,23835.41992
1359.00000,23800.97266
1359.50000,23755.12305
1360.00000,23701.98633
1360.50000,23649.82813
1361.00000,23607.26758
1361.50000,23579.22266
1362.00000,23564.17578
1362.50000,23555.08008
1363.00000,23543.69336
1363.50000,23523.89844
1364.00000,23491.11523
1364.50000,23451.26758
1365.00000,23411.35742
1365.50000,23378.20898
1366.00000,23354.24609
1366.50000,23334.05859
1367.00000,23308.12891
1367.50000,23267.99219
1368.00000,23213.97656
1368.50000,23151.78516
1369.00000,23093.80469
1369.50000,23053.76758
1370.00000,23034.84375
1370.50000,23038.97852
1371.00000,23057.55078
1371.50000,23079.89453
1372.00000,23096.58203
1372.50000,23103.70898
1373.00000,23102.65039
1373.50000,23100.56641
1374.00000,23104.16602
1374.50000,23113.71875
1375.00000,23125.46484
1375.50000,23132.86523
1376.00000,23131.29297
1376.50000,23121.86328
1377.00000,23109.40234
1377.50000,23099.52344
1378.00000,23096.03125
1378.50000,23102.03516
1379.00000,23115.95508
1379.50000,23136.41602
1380.00000,23156.83203
1380.50000,23168.80078
1381.00000,23167.06445
1381.50000,23150.68164
1382.00000,23125.00000
1382.50000,23097.97852
1383.00000,23074.14648
1383.50000,23052.22461
1384.00000,23027.88867
1384.50000,22999.20703
1385.00000,22967.83984
1385.50000,22938.14453
1386.00000,22912.26563
1386.50000,22888.00391
1387.00000,22861.21680
1387.50000,22829.50977
1388.00000,22795.21289
1388.50000,22763.45703
1389.00000,22738.23242
1389.50000,22723.09180
1390.00000,22715.61719
1390.50000,22714.16211
1391.00000,22715.14453
1391.50000,22714.40430
1392.00000,22707.12891
1392.50000,22689.78320
1393.00000,22660.09766
1393.50000,22622.59961
1394.00000,22582.57031
1394.50000,22545.92969
1395.00000,22515.53516
1395.50000,22488.60156
1396.00000,22460.91992
1396.50000,22429.90234
1397.00000,22397.22266
1397.50000,22368.58594
1398.00000,22348.97656
1398.50000,22342.08984
1399.00000,22343.71289
1399.50000,22350.48633
1400.00000,22358.18359
1400.50000,22366.22461
1401.00000,22375.78711
1401.50000,22387.96094
1402.00000,22402.20703
1402.50000,22416.91211
1403.00000,22431.28320
1403.50000,22446.03906
1404.00000,22463.03516
1404.50000,22482.79492
1405.00000,22506.60547
1405.50000,22535.50000
1406.00000,22572.74805
1406.50000,22620.01367
1407.00000,22675.64648
1407.50000,22734.60156
1408.00000,22790.76367
1408.50000,22841.46484
1409.00000,22890.96094
1409.50000,22946.31250
1410.00000,23009.28711
1410.50000,23075.97656
1411.00000,23138.19531
1411.50000,23189.86523
1412.00000,23231.14453
1412.50000,23267.48633
1413.00000,23303.32617
1413.50000,23339.55469
1414.00000,23372.90234
1414.50000,23400.82031
1415.00000,23420.81250
1415.50000,23433.41406
1416.00000,23436.81836
1416.50000,23428.98047
1417.00000,23408.78711
1417.50000,23377.76172
1418.00000,23342.33008
1418.50000,23308.71289
1419.00000,23280.39648
1419.50000,23259.54297
1420.00000,23244.59961
1420.50000,23236.63867
1421.00000,23236.59375
1421.50000,23246.15234
1422.00000,23265.07813
1422.50000,23290.52344
1423.00000,23318.58594
1423.50000,23343.39258
1424.00000,23356.05469
1424.50000,23352.94336
1425.00000,23328.28125
1425.50000,23287.15234
1426.00000,23236.45508
1426.50000,23185.96484
1427.00000,23142.83203
1427.50000,23109.24609
1428.00000,23082.34375
1428.50000,23060.43359
1429.00000,23041.58984
1429.50000,23026.60156
1430.00000,23014.60742
1430.50000,23004.39648
1431.00000,22994.26367
1431.50000,22984.50000
1432.00000,22977.96875
1432.50000,22977.68750
1433.00000,22983.89063
1433.50000,22990.80273
1434.00000,22989.24805
1434.50000,22975.16602
1435.00000,22946.30078
1435.50000,22909.13477
1436.00000,22869.16992
1436.50000,22829.13086
1437.00000,22788.11133
1437.50000,22745.16016
1438.00000,22703.38477
1438.50000,22669.88672
1439.00000,22646.98828
1439.50000,22633.77148
1440.00000,22621.20703
1440.50000,22601.63672
1441.00000,22574.51367
1441.50000,22545.53711
1442.00000,22522.29102
1442.50000,22507.82227
1443.00000,22500.74414
1443.50000,22495.50000
1444.00000,22489.58008
1444.50000,22483.01563
1445.00000,22475.63086
1445.50000,22466.06055
1446.00000,22452.40430
1446.50000,22435.61133
1447.00000,22419.68945
1447.50000,22409.33594
1448.00000,22405.53125
1448.50000,22406.33594
1449.00000,22406.83594
1449.50000,22403.25391
1450.00000,22394.50391
1450.50000,22379.42969
1451.00000,22360.27148
1451.50000,22343.56250
1452.00000,22340.69727
1452.50000,22361.66406
1453.00000,22412.99219
1453.50000,22481.55859
1454.00000,22548.99023
1454.50000,22600.56836
1455.00000,22629.25586
1455.50000,22644.51172
1456.00000,22657.09375
1456.50000,22674.13281
1457.00000,22695.76758
1457.50000,22718.82617
1458.00000,22740.95898
1458.50000,22761.71289
1459.00000,22780.17383
1459.50000,22790.27734
1460.00000,22787.03125
1460.50000,22764.52930
1461.00000,22725.84375
1461.50000,22677.82422
1462.00000,22629.25586
1462.50000,22586.80859
1463.00000,22554.41797
1463.50000,22530.17188
1464.00000,22513.45508
1464.50000,22501.59375
1465.00000,22495.73438
1465.50000,22496.21875
1466.00000,22503.92773
1466.50000,22517.18164
1467.00000,22533.07031
1467.50000,22550.05273
1468.00000,22569.50977
1468.50000,22595.58984
1469.00000,22627.38477
1469.50000,22658.23438
1470.00000,22677.24414
1470.50000,22673.45117
1471.00000,22649.58398
1471.50000,22617.96094
1472.00000,22594.92969
1472.50000,22589.13086
1473.00000,22598.28711
1473.50000,22608.47461
1474.00000,22609.40039
1474.50000,22602.86914
1475.00000,22596.16016
1475.50000,22596.74219
1476.00000,22606.81055
1476.50000,22622.20117
1477.00000,22638.52148
1477.50000,22655.69531
1478.00000,22676.26758
1478.50000,22701.49219
1479.00000,22727.01758
1479.50000,22746.56641
1480.00000,22759.26563
1480.50000,22769.70898
1481.00000,22786.63281
1481.50000,22816.44531
1482.00000,22858.38672
1482.50000,22904.53711
1483.00000,22948.58984
1483.50000,22990.30664
1484.00000,23034.81250
1484.50000,23086.18750
1485.00000,23144.96289
1485.50000,23203.91211
1486.00000,23253.58984
1486.50000,23288.68359
1487.00000,23312.30859
1487.50000,23333.00781
1488.00000,23358.98633
1488.50000,23393.53125
1489.00000,23430.55664
1489.50000,23461.02734
1490.00000,23480.86523
1490.50000,23491.30664
1491.00000,23501.05664
1491.50000,23517.63086
1492.00000,23541.27539
1492.50000,23565.86133
1493.00000,23585.85156
1493.50000,23603.15820
1494.00000,23627.62305
1494.50000,23667.06250
1495.00000,23726.61719
1495.50000,23797.28125
1496.00000,23867.49805
1496.50000,23930.68164
1497.00000,23988.71875
1497.50000,24047.81250
1498.00000,24111.77539
1498.50000,24179.14063
1499.00000,24243.75391
1499.50000,24299.67578
1500.00000,24348.09180
1500.50000,24392.56055
1501.00000,24436.50977
1501.50000,24479.37305
1502.00000,24517.36719
1502.50000,24547.19727
1503.00000,24567.02148
1503.50000,24580.85742
1504.00000,24592.67969
1504.50000,24606.30664
1505.00000,24622.61523
1505.50000,24640.07617
1506.00000,24657.60156
1506.50000,24675.58008
1507.00000,24695.42969
1507.50000,24717.98047
1508.00000,24741.64648
1508.50000,24763.43945
1509.00000,24782.29102
1509.50000,24799.46289
1510.00000,24818.46094
1510.50000,24842.06445
1511.00000,24869.32813
1511.50000,24896.83008
1512.00000,24920.82031
1512.50000,24940.00391
1513.00000,24955.79492
1513.50000,24972.13477
1514.00000,24993.83984
1514.50000,25023.01953
1515.00000,25062.44141
1515.50000,25109.33008
1516.00000,25158.68750
1516.50000,25203.52148
1517.00000,25239.49805
1517.50000,25268.20898
1518.00000,25297.11523
1518.50000,25334.93359
1519.00000,25383.74219
1519.50000,25443.41406
1520.00000,25506.92969
1520.50000,25568.21680
1521.00000,25622.55859
1521.50000,25666.61914
1522.00000,25698.04297
1522.50000,25717.85547
1523.00000,25728.62891
1523.50000,25737.51758
1524.00000,25750.05469
1524.50000,25766.00391
1525.00000,25780.22852
1525.50000,25787.31641
1526.00000,25785.56641
1526.50000,25778.88867
1527.00000,25771.94141
1527.50000,25764.98047
1528.00000,25753.37109
1528.50000,25729.13672
1529.00000,25692.48633
1529.50000,25647.58789
1530.00000,25603.61914
1530.50000,25566.46289
1531.00000,25536.02344
1531.50000,25509.33984
1532.00000,25483.85742
1532.50000,25459.51367
1533.00000,25438.81250
1533.50000,25422.51172
1534.00000,25411.37500
1534.50000,25403.52734
1535.00000,25399.52148
1535.50000,25400.59570
1536.00000,25410.54492
1536.50000,25432.73047
1537.00000,25467.83008
1537.50000,25512.14844
1538.00000,25556.41797
1538.50000,25589.11914
1539.00000,25605.83203
1539.50000,25604.23633
1540.00000,25594.09961
1540.50000,25584.57617
1541.00000,25581.04297
1541.50000,25582.43945
1542.00000,25584.98438
1542.50000,25586.77148
1543.00000,25590.20313
1543.50000,25599.11719
1544.00000,25617.86719
1544.50000,25642.77148
1545.00000,25666.79102
1545.50000,25681.76758
1546.00000,25681.19531
1546.50000,25665.68359
1547.00000,25642.53320
1547.50000,25621.91406
1548.00000,25611.11719
1548.50000,25612.14258
1549.00000,25616.38281
1549.50000,25616.57617
1550.00000,25611.03320
1550.50000,25601.72852
1551.00000,25591.20313
1551.50000,25577.34180
1552.00000,25554.76758
1552.50000,25523.11133
1553.00000,25488.23438
1553.50000,25458.59375
1554.00000,25437.47461
1554.50000,25415.24023
1555.00000,25376.52344
1555.50000,25314.76758
1556.00000,25234.61133
1556.50000,25151.97656
1557.00000,25079.22461
1557.50000,25019.36523
1558.00000,24964.95508
1558.50000,24908.15430
1559.00000,24845.80273
1559.50000,24777.18945
1560.00000,24704.53320
1560.50000,24627.78906
1561.00000,24549.48242
1561.50000,24476.41406
1562.00000,24417.94922
1562.50000,24378.30664
1563.00000,24356.22852
1563.50000,24337.73438
1564.00000,24310.00977
1564.50000,24270.89844
1565.00000,24224.21875
1565.50000,24179.06445
1566.00000,24139.71289
1566.50000,24101.13477
1567.00000,24052.20508
1567.50000,23984.06641
1568.00000,23900.50391
1568.50000,23811.50000
1569.00000,23731.49219
1569.50000,23672.43555
1570.00000,23630.88281
1570.50000,23597.94531
1571.00000,23561.38281
1571.50000,23515.41016
1572.00000,23462.66211
1572.50000,23411.95703
1573.00000,23372.67773
1573.50000,23345.98633
1574.00000,23329.50586
1574.50000,23313.89844
1575.00000,23295.01953
1575.50000,23274.85352
1576.00000,23259.11523
1576.50000,23251.94727
1577.00000,23252.35742
1577.50000,23255.81445
1578.00000,23258.58008
1578.50000,23263.25195
1579.00000,23275.42578
1579.50000,23302.21875
1580.00000,23340.57617
1580.50000,23383.40625
1581.00000,23420.23242
1581.50000,23445.09766
1582.00000,23458.06641
1582.50000,23463.98047
1583.00000,23466.07617
1583.50000,23466.34180
1584.00000,23463.71484
1584.50000,23458.39258
1585.00000,23451.07813
1585.50000,23442.90039
1586.00000,23433.07813
1586.50000,23419.28906
1587.00000,23399.61133
1587.50000,23374.40430
1588.00000,23348.66602
1588.50000,23328.69141
1589.00000,23316.50195
1589.50000,23312.91602
1590.00000,23313.73633
1590.50000,23315.56836
1591.00000,23314.47070
1591.50000,23304.97461
1592.00000,23279.90039
1592.50000,23234.88672
1593.00000,23166.64844
1593.50000,23084.09375
1594.00000,22994.09961
1594.50000,22902.98242
1595.00000,22807.09180
1595.50000,22699.61133
1596.00000,22574.32422
1596.50000,22432.84375
1597.00000,22282.65625
1597.50000,22131.49023
1598.00000,21984.32227
1598.50000,21843.36328
1599.00000,21707.58789
1599.50000,21577.22070
1600.00000,21449.06836
1600.50000,21318.59375
1601.00000,21182.35156
1601.50000,21042.56836
1602.00000,20907.59766
1602.50000,20785.97070
1603.00000,20683.62305
1603.50000,20593.81445
1604.00000,20508.39844
1604.50000,20418.75781
1605.00000,20323.78516
1605.50000,20229.48828
1606.00000,20143.75781
1606.50000,20071.46289
1607.00000,20012.49805
1607.50000,19963.84180
1608.00000,19917.94727
1608.50000,19868.86523
1609.00000,19815.00977
1609.50000,19758.43750
1610.00000,19705.29688
1610.50000,19661.82617
1611.00000,19627.28711
1611.50000,19592.23438
1612.00000,19543.60742
1612.50000,19473.63477
1613.00000,19380.51758
1613.50000,19278.02734
1614.00000,19182.34375
1614.50000,19100.69531
1615.00000,19029.25977
1615.50000,18952.16406
1616.00000,18852.58789
1616.50000,18725.61914
1617.00000,18583.29883
1617.50000,18450.23828
1618.00000,18345.86719
1618.50000,18283.70508
1619.00000,18248.42969
1619.50000,18225.16797
1620.00000,18196.13672
1620.50000,18152.22852
1621.00000,18096.33398
1621.50000,18033.06641
1622.00000,17965.41797
1622.50000,17895.30078
1623.00000,17824.70313
1623.50000,17757.06641
1624.00000,17695.42383
1624.50000,17636.30273
1625.00000,17571.88672
1625.50000,17493.96875
1626.00000,17395.85352
1626.50000,17278.67383
1627.00000,17152.13281
1627.50000,17028.37500
1628.00000,16915.49219
1628.50000,16817.12500
1629.00000,16724.86523
1629.50000,16628.56445
1630.00000,16522.72070
1630.50000,16410.85156
1631.00000,16303.57715
1631.50000,16210.63574
1632.00000,16134.64746
1632.50000,16068.72070
1633.00000,16005.10449
1633.50000,15939.55273
1634.00000,15873.15234
1634.50000,15807.95410
1635.00000,15743.29004
1635.50000,15676.38184
1636.00000,15605.67871
1636.50000,15533.67090
1637.00000,15464.07910
1637.50000,15399.08789
1638.00000,15337.41309
1638.50000,15277.62207
1639.00000,15218.43750
1639.50000,15159.65234
1640.00000,15100.37402
1640.50000,15039.17578
1641.00000,14976.27930
1641.50000,14914.61523
1642.00000,14859.00781
1642.50000,14811.00879
1643.00000,14769.95605
1643.50000,14731.61523
1644.00000,14694.19141
1644.50000,14658.20898
1645.00000,14627.22754
1645.50000,14602.84277
1646.00000,14585.55176
1646.50000,14573.00391
1647.00000,14560.29199
1647.50000,14539.83203
1648.00000,14505.31250
1648.50000,14451.62500
1649.00000,14386.84570
1649.50000,14321.56836
1650.00000,14267.03906
1650.50000,14229.20215
1651.00000,14201.13965
1651.50000,14169.20898
1652.00000,14123.07324
1652.50000,14062.30371
1653.00000,13992.02930
1653.50000,13922.12891
1654.00000,13858.00879
1654.50000,13796.46289
1655.00000,13732.06250
1655.50000,13661.79395
1656.00000,13587.11914
1656.50000,13514.23535
1657.00000,13449.41016
1657.50000,13395.15137
1658.00000,13347.25098
1658.50000,13300.11816
1659.00000,13248.66895
1659.50000,13190.29883
1660.00000,13129.02637
1660.50000,13069.99707
1661.00000,13016.90332
1661.50000,12970.37891
1662.00000,12927.63770
1662.50000,12883.55078
1663.00000,12833.98145
1663.50000,12779.68848
1664.00000,12724.05469
1664.50000,12672.86035
1665.00000,12632.09766
1665.50000,12601.29395
1666.00000,12574.27832
1666.50000,12542.09277
1667.00000,12498.10840
1667.50000,12441.02637
1668.00000,12379.19336
1668.50000,12324.03418
1669.00000,12280.27344
1669.50000,12248.39941
1670.00000,12220.65039
1670.50000,12191.00488
1671.00000,12157.57520
1671.50000,12122.27344
1672.00000,12086.62793
1672.50000,12050.45410
1673.00000,12013.84668
1673.50000,11979.93457
1674.00000,11956.10938
1674.50000,11942.26855
1675.00000,11933.55957
1675.50000,11919.16699
1676.00000,11890.89746
1676.50000,11851.43750
1677.00000,11814.14746
1677.50000,11791.65137
1678.00000,11783.43945
1678.50000,11780.26953
1679.00000,11767.77734
1679.50000,11737.32324
1680.00000,11699.72559
1680.50000,11670.80371
1681.00000,11661.82813
1681.50000,11673.32715
1682.00000,11694.76172
1682.50000,11710.69043
1683.00000,11711.40918
1683.50000,11699.74121
1684.00000,11679.88281
1684.50000,11659.16016
1685.00000,11641.01367
1685.50000,11626.01270
1686.00000,11614.76563
1686.50000,11607.36816
1687.00000,11602.20703
1687.50000,11595.52246
1688.00000,11583.85742
1688.50000,11565.16602
1689.00000,11542.32227
1689.50000,11516.92480
1690.00000,11489.49316
1690.50000,11457.86133
1691.00000,11421.65332
1691.50000,11383.12988
1692.00000,11346.11816
1692.50000,11312.64355
1693.00000,11281.67969
1693.50000,11249.71289
1694.00000,11215.62988
1694.50000,11182.49316
1695.00000,11155.17480
1695.50000,11135.00293
1696.00000,11118.25098
1696.50000,11097.86426
1697.00000,11069.38574
1697.50000,11033.33105
1698.00000,10996.84961
1698.50000,10969.33594
1699.00000,10951.78320
1699.50000,10941.78613
1700.00000,10931.71289
1700.50000,10916.42578
1701.00000,10896.20703
1701.50000,10874.63770
1702.00000,10853.30957
1702.50000,10830.33789
1703.00000,10802.58398
1703.50000,10771.81055
1704.00000,10745.26563
1704.50000,10728.43164
1705.00000,10723.09375
1705.50000,10721.78125
1706.00000,10714.82324
1706.50000,10696.74512
1707.00000,10671.10352
1707.50000,10644.67383
1708.00000,10623.25781
1708.50000,10609.70996
1709.00000,10600.29883
1709.50000,10591.16992
1710.00000,10579.92773
1710.50000,10566.05664
1711.00000,10550.38770
1711.50000,10532.93457
1712.00000,10512.59180
1712.50000,10489.03516
1713.00000,10464.05664
1713.50000,10442.36133
1714.00000,10430.68848
1714.50000,10426.87891
1715.00000,10423.98438
1715.50000,10412.49316
1716.00000,10385.97852
1716.50000,10346.43945
1717.00000,10303.29785
1717.50000,10265.33398
1718.00000,10235.25879
1718.50000,10213.39453
1719.00000,10195.77637
1719.50000,10180.86523
1720.00000,10166.90234
1720.50000,10152.17383
1721.00000,10134.62988
1721.50000,10112.68164
1722.00000,10086.54395
1722.50000,10059.14746
1723.00000,10034.13281
1723.50000,10014.26074
1724.00000,10003.27148
1724.50000,9999.55176
1725.00000,9999.70215
1725.50000,9997.70508
1726.00000,9987.57324
1726.50000,9966.64551
1727.00000,9938.47852
1727.50000,9911.26563
1728.00000,9892.31445
1728.50000,9886.36914
1729.00000,9886.94141
1729.50000,9884.28516
1730.00000,9872.32910
1730.50000,9851.79395
1731.00000,9830.71289
1731.50000,9817.03223
1732.00000,9812.86523
1732.50000,9811.69141
1733.00000,9806.98730
1733.50000,9796.64844
1734.00000,9780.87891
1734.50000,9763.16504
1735.00000,9745.80566
1735.50000,9730.98535
1736.00000,9721.29492
1736.50000,9717.04102
1737.00000,9713.52832
1737.50000,9703.43555
1738.00000,9684.74023
1738.50000,9661.09473
1739.00000,9642.53027
1739.50000,9636.96875
1740.00000,9639.25488
1740.50000,9640.14453
1741.00000,9631.90039
1741.50000,9613.32910
1742.00000,9589.73145
1742.50000,9567.53613
1743.00000,9549.64258
1743.50000,9535.11914
1744.00000,9523.52637
1744.50000,9513.22266
1745.00000,9502.28418
1745.50000,9488.52148
1746.00000,9471.10840
1746.50000,9453.23340
1747.00000,9441.01367
1747.50000,9439.39063
1748.00000,9445.90234
1748.50000,9454.47559
1749.00000,9456.90332
1749.50000,9449.03809
1750.00000,9435.62598
1750.50000,9422.70117
1751.00000,9414.38672
1751.50000,9410.33887
1752.00000,9407.22559
1752.50000,9402.87500
1753.00000,9397.14746
1753.50000,9390.79004
1754.00000,9382.68652
1754.50000,9371.82422
1755.00000,9357.91895
1755.50000,9343.29102
1756.00000,9330.56055
1756.50000,9320.15723
1757.00000,9309.97070
1757.50000,9297.94141
1758.00000,9284.27344
1758.50000,9271.39355
1759.00000,9261.88574
1759.50000,9257.35547
1760.00000,9255.58398
1760.50000,9252.78125
1761.00000,9245.01270
1761.50000,9232.14063
1762.00000,9218.42188
1762.50000,9209.71973
1763.00000,9209.75098
1763.50000,9213.21094
1764.00000,9211.03809
1764.50000,9199.95313
1765.00000,9182.64160
1765.50000,9168.41504
1766.00000,9163.65918
1766.50000,9166.14648
1767.00000,9169.12305
1767.50000,9167.62793
1768.00000,9162.43555
1768.50000,9156.49707
1769.00000,9150.79395
1769.50000,9142.98926
1770.00000,9131.42480
1770.50000,9117.13477
1771.00000,9103.74805
1771.50000,9093.11035
1772.00000,9084.03809
1772.50000,9073.91504
1773.00000,9062.61621
1773.50000,9053.40625
1774.00000,9050.88965
1774.50000,9054.23145
1775.00000,9058.79102
1775.50000,9057.32617
1776.00000,9044.95313
1776.50000,9021.85254
1777.00000,8992.63867
1777.50000,8963.51074
1778.00000,8939.72266
1778.50000,8926.02344
1779.00000,8920.26074
1779.50000,8917.89551
1780.00000,8910.53223
1780.50000,8893.20117
1781.00000,8869.04492
1781.50000,8846.10352
1782.00000,8830.79883
1782.50000,8820.37402
1783.00000,8809.02832
1783.50000,8794.26172
1784.00000,8779.70020
1784.50000,8769.81738
1785.00000,8763.48340
1785.50000,8754.65039
1786.00000,8739.83203
1786.50000,8723.18359
1787.00000,8711.85352
1787.50000,8708.08301
1788.00000,8706.82715
1788.50000,8702.66504
1789.00000,8695.45313
1789.50000,8686.34668
1790.00000,8674.69434
1790.50000,8657.45898
1791.00000,8635.88770
1791.50000,8617.14258
1792.00000,8607.20508
1792.50000,8604.18457
1793.00000,8601.41504
1793.50000,8594.44336
1794.00000,8585.21289
1794.50000,8578.04102
1795.00000,8573.65332
1795.50000,8569.30371
1796.00000,8564.65527
1796.50000,8562.04590
1797.00000,8561.30859
1797.50000,8556.82520
1798.00000,8544.96191
1798.50000,8528.99414
1799.00000,8518.44336
1799.50000,8519.62207
1800.00000,8525.16895
1800.50000,8524.74805
1801.00000,8516.14355
1801.50000,8505.48242
1802.00000,8499.42480
1802.50000,8495.90137
1803.00000,8488.56445
1803.50000,8475.62891
1804.00000,8460.82617
1804.50000,8450.64258
1805.00000,8448.42285
1805.50000,8452.24121
1806.00000,8458.13281
1806.50000,8459.64453
1807.00000,8452.12695
1807.50000,8435.85156
1808.00000,8419.62207
1808.50000,8414.88086
1809.00000,8419.06055
1809.50000,8423.56348
1810.00000,8421.71680
