440.00000,6724.25342
440.50000,6719.55908
441.00000,6719.19336
441.50000,6720.37598
442.00000,6720.52539
442.50000,6718.65918
443.00000,6715.64209
443.50000,6712.18750
444.00000,6707.91260
444.50000,6702.19043
445.00000,6693.91309
445.50000,6684.27100
446.00000,6674.74072
446.50000,6666.31152
447.00000,6659.03760
447.50000,6651.59229
448.00000,6642.26611
448.50000,6630.74902
449.00000,6618.60449
449.50000,6608.68408
450.00000,6603.81738
450.50000,6607.60254
451.00000,6618.10986
451.50000,6633.98633
452.00000,6651.83789
452.50000,6668.10449
453.00000,6679.64307
453.50000,6686.26758
454.00000,6688.09766
454.50000,6687.00098
455.00000,6683.51074
455.50000,6678.22070
456.00000,6670.34668
456.50000,6660.01221
457.00000,6647.96631
457.50000,6636.40381
458.00000,6628.61084
458.50000,6626.39795
459.00000,6628.46631
459.50000,6632.88232
460.00000,6636.49268
460.50000,6636.63232
461.00000,6634.57031
461.50000,6632.49854
462.00000,6632.48779
462.50000,6635.55566
463.00000,6641.05908
463.50000,6646.93652
464.00000,6652.04443
464.50000,6656.55908
465.00000,6661.16895
465.50000,6666.30225
466.00000,6671.05273
466.50000,6674.03662
467.00000,6674.37256
467.50000,6672.77295
468.00000,6671.34033
468.50000,6672.71777
469.00000,6676.56787
469.50000,6680.66211
470.00000,6681.73047
470.50000,6675.75781
471.00000,6663.18701
471.50000,6647.57080
472.00000,6633.82959
472.50000,6625.59131
473.00000,6623.84961
473.50000,6625.78467
474.00000,6626.21582
474.50000,6622.16406
475.00000,6611.90430
475.50000,6598.44092
476.00000,6585.46484
476.50000,6576.52148
477.00000,6572.14844
477.50000,6570.03906
478.00000,6566.50244
478.50000,6557.52686
479.00000,6541.98877
479.50000,6521.82813
480.00000,6501.97705
480.50000,6487.80713
481.00000,6481.75635
481.50000,6486.18799
482.00000,6496.71582
482.50000,6508.94824
483.00000,6519.29102
483.50000,6526.08887
484.00000,6529.34570
484.50000,6531.79346
485.00000,6535.77979
485.50000,6541.82178
486.00000,6549.91846
486.50000,6558.87842
487.00000,6567.66992
487.50000,6575.89502
488.00000,6583.47266
488.50000,6590.09082
489.00000,6595.34668
489.50000,6598.14746
490.00000,6599.11768
490.50000,6599.30078
491.00000,6600.32080
491.50000,6603.53369
492.00000,6608.79688
492.50000,6614.06006
493.00000,6616.54297
493.50000,6614.69043
494.00000,6607.68018
494.50000,6597.44580
495.00000,6585.91406
495.50000,6575.05762
496.00000,6565.00391
496.50000,6554.86084
497.00000,6543.68164
497.50000,6531.43115
498.00000,6519.57764
498.50000,6509.93555
499.00000,6502.95508
499.50000,6498.27051
500.00000,6493.55127
500.50000,6485.32617
501.00000,6472.74902
501.50000,6455.53320
502.00000,6435.33008
502.50000,6413.99170
503.00000,6393.23486
503.50000,6373.89258
504.00000,6356.23926
504.50000,6339.99219
505.00000,6325.45264
505.50000,6312.24365
506.00000,6300.28613
506.50000,6288.87354
507.00000,6277.78711
507.50000,6267.20264
508.00000,6257.65186
508.50000,6249.83838
509.00000,6243.33057
509.50000,6237.06396
510.00000,6229.96875
510.50000,6221.57080
511.00000,6213.08740
511.50000,6207.60547
512.00000,6207.18115
512.50000,6212.33643
513.00000,6221.46094
513.50000,6231.12842
514.00000,6237.54590
514.50000,6239.85840
515.00000,6239.66016
515.50000,6240.55762
516.00000,6245.89941
516.50000,6256.22021
517.00000,6269.64404
517.50000,6281.35449
518.00000,6287.70947
518.50000,6286.78174
519.00000,6280.49268
519.50000,6271.95947
520.00000,6266.24170
520.50000,6267.32031
521.00000,6274.96924
521.50000,6288.68311
522.00000,6305.53271
522.50000,6322.02832
523.00000,6335.08008
523.50000,6343.52100
524.00000,6346.49609
524.50000,6345.50879
525.00000,6341.31055
525.50000,6336.30420
526.00000,6332.32178
526.50000,6330.39014
527.00000,6331.35352
527.50000,6335.32764
528.00000,6341.92188
528.50000,6350.07520
529.00000,6357.82910
529.50000,6362.86719
530.00000,6363.90820
530.50000,6358.68457
531.00000,6347.64600
531.50000,6332.05664
532.00000,6315.04541
532.50000,6299.72412
533.00000,6288.98047
533.50000,6284.35303
534.00000,6287.59619
534.50000,6295.74023
535.00000,6307.08447
535.50000,6318.48438
536.00000,6327.26270
536.50000,6331.71680
537.00000,6330.40186
537.50000,6323.90625
538.00000,6313.26367
538.50000,6299.49316
539.00000,6284.42383
539.50000,6269.83594
540.00000,6257.31006
540.50000,6248.09717
541.00000,6241.54492
541.50000,6236.66162
542.00000,6231.47412
542.50000,6223.79736
543.00000,6213.03174
543.50000,6200.90186
544.00000,6190.38184
544.50000,6184.21631
545.00000,6186.17920
545.50000,6195.20801
546.00000,6208.72852
546.50000,6221.98633
547.00000,6230.99414
547.50000,6233.76221
548.00000,6230.84814
548.50000,6224.87695
549.00000,6220.24805
549.50000,6220.20850
550.00000,6224.86475
550.50000,6234.23584
551.00000,6245.78809
551.50000,6257.34131
552.00000,6267.65527
552.50000,6276.69336
553.00000,6285.14600
553.50000,6294.00098
554.00000,6304.20947
554.50000,6315.83545
555.00000,6328.45459
555.50000,6340.89551
556.00000,6351.65186
556.50000,6359.53857
557.00000,6363.00586
557.50000,6361.55811
558.00000,6356.32031
558.50000,6348.49805
559.00000,6340.04053
559.50000,6332.59717
560.00000,6327.03809
560.50000,6323.88623
561.00000,6322.17676
561.50000,6321.28174
562.00000,6320.42139
562.50000,6318.89502
563.00000,6315.93115
563.50000,6311.03174
564.00000,6303.92334
564.50000,6295.43018
565.00000,6286.61621
565.50000,6278.97852
566.00000,6274.22412
566.50000,6272.32422
567.00000,6272.05176
567.50000,6271.63428
568.00000,6269.57959
568.50000,6265.11768
569.00000,6258.92529
569.50000,6251.99707
570.00000,6245.01904
570.50000,6237.33936
571.00000,6227.93750
571.50000,6215.53857
572.00000,6200.30957
572.50000,6184.14844
573.00000,6169.86768
573.50000,6159.27979
574.00000,6153.49707
574.50000,6150.92725
575.00000,6149.95215
575.50000,6148.17236
576.00000,6144.34326
576.50000,6138.57422
577.00000,6131.05713
577.50000,6122.16553
578.00000,6112.25439
578.50000,6101.88477
579.00000,6092.23145
579.50000,6084.85791
580.00000,6080.17090
580.50000,6078.65527
581.00000,6078.95703
581.50000,6079.71094
582.00000,6079.99268
582.50000,6079.99756
583.00000,6080.45020
583.50000,6081.82715
584.00000,6084.00244
584.50000,6085.86719
585.00000,6086.27197
585.50000,6085.63184
586.00000,6085.04688
586.50000,6085.89697
587.00000,6089.10645
587.50000,6094.17676
588.00000,6099.34277
588.50000,6103.21338
589.00000,6105.78369
589.50000,6107.74121
590.00000,6110.11182
590.50000,6112.99463
591.00000,6114.78955
591.50000,6113.20801
592.00000,6107.49609
592.50000,6098.42871
593.00000,6088.31055
593.50000,6080.01318
594.00000,6076.00830
594.50000,6074.97607
595.00000,6075.56201
595.50000,6075.95264
596.00000,6075.69482
596.50000,6075.83447
597.00000,6078.95410
597.50000,6087.05029
598.00000,6100.92090
598.50000,6121.05664
599.00000,6145.92773
599.50000,6174.66943
600.00000,6204.33984
600.50000,6231.09717
601.00000,6252.08789
601.50000,6264.03223
602.00000,6266.61475
602.50000,6260.82373
603.00000,6248.96387
603.50000,6234.42188
604.00000,6218.82715
604.50000,6202.27295
605.00000,6183.19775
605.50000,6161.03174
606.00000,6135.26465
606.50000,6107.82959
607.00000,6081.93359
607.50000,6060.39893
608.00000,6044.67529
608.50000,6035.21436
609.00000,6029.77441
609.50000,6026.09473
610.00000,6021.12598
610.50000,6013.11914
611.00000,6002.82080
611.50000,5991.76807
612.00000,5982.18848
612.50000,5975.99512
613.00000,5974.11621
613.50000,5975.11914
614.00000,5977.47412
614.50000,5979.68848
615.00000,5981.08691
615.50000,5982.01855
616.00000,5983.14746
616.50000,5985.07715
617.00000,5988.06641
617.50000,5992.29297
618.00000,5998.13135
618.50000,6006.40088
619.00000,6017.32422
619.50000,6031.47998
620.00000,6047.24365
620.50000,6063.24951
621.00000,6078.32324
621.50000,6091.79297
622.00000,6103.83154
622.50000,6114.79395
623.00000,6124.78760
623.50000,6133.83252
624.00000,6141.72852
624.50000,6148.90771
625.00000,6155.80566
625.50000,6162.75049
626.00000,6169.00684
626.50000,6172.93555
627.00000,6172.76514
627.50000,6168.18164
628.00000,6160.73193
628.50000,6153.03662
629.00000,6147.68213
629.50000,6146.29541
630.00000,6146.06689
630.50000,6143.29541
631.00000,6135.81934
631.50000,6123.03857
632.00000,6107.89795
632.50000,6095.04248
633.00000,6089.11523
633.50000,6089.91162
634.00000,6095.63330
634.50000,6101.97119
635.00000,6105.31934
635.50000,6104.89795
636.00000,6101.11279
636.50000,6096.64453
637.00000,6093.40771
637.50000,6091.88232
638.00000,6091.53076
638.50000,6091.64746
639.00000,6091.78467
639.50000,6092.26855
640.00000,6093.58105
640.50000,6096.08301
641.00000,6099.30469
641.50000,6102.58594
642.00000,6105.18506
642.50000,6106.53320
643.00000,6106.26367
643.50000,6104.58789
644.00000,6101.55127
644.50000,6097.69775
645.00000,6093.56299
645.50000,6090.04688
646.00000,6088.48828
646.50000,6089.92773
647.00000,6095.09424
647.50000,6103.85449
648.00000,6115.36230
648.50000,6128.56201
649.00000,6141.87207
649.50000,6153.75244
650.00000,6163.47705
650.50000,6170.42432
651.00000,6175.04639
651.50000,6177.06299
652.00000,6176.36084
652.50000,6172.54736
653.00000,6165.43750
653.50000,6156.25928
654.00000,6147.28320
654.50000,6140.67969
655.00000,6138.57178
655.50000,6139.83936
656.00000,6142.51416
656.50000,6143.14014
657.00000,6138.49951
657.50000,6128.63916
658.00000,6115.94336
658.50000,6103.36621
659.00000,6092.94873
659.50000,6085.09277
660.00000,6077.31201
660.50000,6065.85498
661.00000,6050.05859
661.50000,6031.43359
662.00000,6014.14941
662.50000,6002.86816
663.00000,6000.84912
663.50000,6007.21777
664.00000,6019.42871
664.50000,6031.59570
665.00000,6040.12402
665.50000,6045.09131
666.00000,6047.76074
666.50000,6050.62842
667.00000,6054.95654
667.50000,6059.48242
668.00000,6061.03516
668.50000,6056.77051
669.00000,6047.36621
669.50000,6035.21875
670.00000,6025.35352
670.50000,6023.29297
671.00000,6029.96436
671.50000,6042.43213
672.00000,6053.78223
672.50000,6057.43311
673.00000,6049.30762
673.50000,6031.06201
674.00000,6006.66650
674.50000,5983.84277
675.00000,5969.80127
675.50000,5964.05615
676.00000,5964.83691
676.50000,5967.07227
677.00000,5966.81055
677.50000,5962.76416
678.00000,5956.83154
678.50000,5952.90186
679.00000,5953.14014
679.50000,5958.16748
680.00000,5965.06250
680.50000,5971.02881
681.00000,5974.38574
681.50000,5974.88965
682.00000,5974.20947
682.50000,5973.99121
683.00000,5974.48779
683.50000,5974.92432
684.00000,5974.61523
684.50000,5974.09961
685.00000,5975.44141
685.50000,5980.49902
686.00000,5990.12598
686.50000,6001.08984
687.00000,6008.57520
687.50000,6008.14893
688.00000,5998.20605
688.50000,5979.76855
689.00000,5958.54785
689.50000,5941.61182
690.00000,5932.02686
690.50000,5931.20068
691.00000,5935.12793
691.50000,5939.68555
692.00000,5941.15527
692.50000,5937.82666
693.00000,5930.27344
693.50000,5921.45361
694.00000,5914.10010
694.50000,5909.29492
695.00000,5907.70654
695.50000,5908.08057
696.00000,5909.72705
696.50000,5911.93799
697.00000,5914.56787
697.50000,5917.39404
698.00000,5919.72607
698.50000,5920.29395
699.00000,5918.28760
699.50000,5912.82275
700.00000,5905.35205
700.50000,5897.87207
701.00000,5892.75244
701.50000,5890.96875
702.00000,5891.03613
702.50000,5889.96143
703.00000,5884.37305
703.50000,5872.81885
704.00000,5855.08105
704.50000,5835.02930
705.00000,5817.43311
705.50000,5804.76367
706.00000,5798.20068
706.50000,5795.36475
707.00000,5793.28857
707.50000,5789.43408
708.00000,5783.22217
708.50000,5776.27148
709.00000,5771.43701
709.50000,5771.18018
710.00000,5774.52344
710.50000,5779.75635
711.00000,5783.79932
711.50000,5784.15234
712.00000,5780.55811
712.50000,5774.89697
713.00000,5770.22363
713.50000,5768.54395
714.00000,5770.89795
714.50000,5775.77979
715.00000,5781.68994
715.50000,5786.82178
716.00000,5789.99609
716.50000,5791.21533
717.00000,5790.93506
717.50000,5789.60449
718.00000,5787.60254
718.50000,5785.14600
719.00000,5782.54297
719.50000,5780.03418
720.00000,5777.69092
720.50000,5775.28662
721.00000,5772.36914
721.50000,5768.30322
722.00000,5762.68945
722.50000,5755.28320
723.00000,5746.09131
723.50000,5735.74805
724.00000,5725.17676
724.50000,5715.74121
725.00000,5709.06494
725.50000,5705.19531
726.00000,5704.15869
726.50000,5704.66406
727.00000,5705.51025
727.50000,5705.95264
728.00000,5706.17969
728.50000,5707.26172
729.00000,5709.90283
729.50000,5714.41357
730.00000,5719.60645
730.50000,5724.03320
731.00000,5726.61963
731.50000,5726.73535
732.00000,5724.97803
732.50000,5722.54541
733.00000,5720.60986
733.50000,5719.64160
734.00000,5719.64063
734.50000,5719.89990
735.00000,5719.57520
735.50000,5718.18262
736.00000,5715.48145
736.50000,5712.28027
737.00000,5710.08496
737.50000,5710.30859
738.00000,5713.44092
738.50000,5718.98877
739.00000,5724.78516
739.50000,5727.86182
740.00000,5726.64014
740.50000,5719.40479
741.00000,5708.29492
741.50000,5695.88965
742.00000,5684.84033
742.50000,5676.91699
743.00000,5672.76514
743.50000,5671.42871
744.00000,5671.80713
744.50000,5672.06543
745.00000,5670.21631
745.50000,5665.66406
746.00000,5657.93164
746.50000,5648.30029
747.00000,5638.78857
747.50000,5631.79785
748.00000,5628.95801
748.50000,5630.93359
749.00000,5635.62158
749.50000,5639.95361
750.00000,5641.51563
750.50000,5638.70410
751.00000,5632.87646
751.50000,5626.10156
752.00000,5620.94775
752.50000,5619.27051
753.00000,5621.79004
753.50000,5627.31104
754.00000,5634.32275
754.50000,5641.10498
755.00000,5646.26758
755.50000,5649.36816
756.00000,5649.63428
756.50000,5647.06299
757.00000,5641.31055
757.50000,5632.09131
758.00000,5619.54004
758.50000,5603.81592
759.00000,5586.25684
759.50000,5568.52100
760.00000,5552.83545
760.50000,5542.17725
761.00000,5537.37402
761.50000,5538.98389
762.00000,5545.02637
762.50000,5552.28027
763.00000,5558.01025
763.50000,5561.00977
764.00000,5561.01514
764.50000,5559.57471
765.00000,5557.93164
765.50000,5556.94971
766.00000,5556.79590
766.50000,5556.95654
767.00000,5556.95605
767.50000,5556.65771
768.00000,5556.13965
768.50000,5555.40479
769.00000,5554.33301
769.50000,5552.45801
770.00000,5549.56787
770.50000,5545.10205
771.00000,5539.00439
771.50000,5531.14844
772.00000,5521.91406
772.50000,5512.16504
773.00000,5503.33350
773.50000,5496.88135
774.00000,5494.42627
774.50000,5495.34082
775.00000,5498.66357
775.50000,5501.55078
776.00000,5501.58691
776.50000,5498.40918
777.00000,5493.06250
777.50000,5487.83789
778.00000,5484.96436
778.50000,5485.86182
779.00000,5489.53760
779.50000,5494.29590
780.00000,5497.62500
780.50000,5497.87988
781.00000,5495.82910
781.50000,5492.98047
782.00000,5491.18262
782.50000,5491.40283
783.00000,5493.24268
783.50000,5495.01758
784.00000,5494.88867
784.50000,5492.72510
785.00000,5490.14648
785.50000,5489.71582
786.00000,5493.58350
786.50000,5501.00586
787.00000,5509.41016
787.50000,5515.26758
788.00000,5516.40576
788.50000,5512.81543
789.00000,5508.13525
789.50000,5507.16455
790.00000,5511.29736
790.50000,5520.10498
791.00000,5529.43262
791.50000,5534.78564
792.00000,5533.64697
792.50000,5526.21680
793.00000,5515.11816
793.50000,5504.65137
794.00000,5499.12891
794.50000,5498.89453
795.00000,5503.70264
795.50000,5509.99219
796.00000,5514.14404
796.50000,5513.38428
797.00000,5506.02393
797.50000,5492.72412
798.00000,5476.32324
798.50000,5460.30127
799.00000,5447.43896
799.50000,5439.40479
800.00000,5434.63672
800.50000,5432.07080
801.00000,5430.17480
801.50000,5428.50977
802.00000,5427.32617
802.50000,5427.20117
803.00000,5428.67383
803.50000,5431.88623
804.00000,5437.13672
804.50000,5443.95898
805.00000,5452.03320
805.50000,5460.07568
806.00000,5466.55176
806.50000,5470.58594
807.00000,5472.09961
807.50000,5472.25391
808.00000,5472.80273
808.50000,5475.15674
809.00000,5479.01611
809.50000,5483.64941
810.00000,5488.09766
810.50000,5492.02197
811.00000,5495.57178
811.50000,5498.52783
812.00000,5500.06494
812.50000,5498.93164
813.00000,5494.32666
813.50000,5487.69971
814.00000,5482.32617
814.50000,5481.19434
815.00000,5487.39111
815.50000,5499.20068
816.00000,5514.17432
816.50000,5527.94922
817.00000,5536.45850
817.50000,5537.38281
818.00000,5531.17188
818.50000,5519.77441
819.00000,5508.27637
819.50000,5501.97363
820.00000,5502.80225
820.50000,5511.91846
821.00000,5524.95410
821.50000,5536.28369
822.00000,5540.87061
822.50000,5536.81055
823.00000,5526.15967
823.50000,5514.97559
824.00000,5508.96924
824.50000,5508.60303
825.00000,5512.09912
825.50000,5514.91895
826.00000,5514.14404
826.50000,5510.43018
827.00000,5506.62256
827.50000,5505.66162
828.00000,5507.89453
828.50000,5510.70850
829.00000,5510.10596
829.50000,5503.30078
830.00000,5493.13525
830.50000,5483.95313
831.00000,5479.71143
831.50000,5482.02686
832.00000,5487.86523
832.50000,5491.83838
833.00000,5489.03467
833.50000,5479.10400
834.00000,5465.22168
834.50000,5454.39697
835.00000,5452.82813
835.50000,5459.46582
836.00000,5470.56641
836.50000,5478.89697
837.00000,5478.15234
837.50000,5466.39111
838.00000,5447.50342
838.50000,5428.30811
839.00000,5415.78613
839.50000,5416.63037
840.00000,5426.96680
840.50000,5442.93994
841.00000,5457.95215
841.50000,5467.17139
842.00000,5469.47852
842.50000,5466.91406
843.00000,5463.36865
843.50000,5462.90332
844.00000,5468.72803
844.50000,5479.81104
845.00000,5494.39795
845.50000,5508.72217
846.00000,5520.72461
846.50000,5530.74561
847.00000,5540.62744
847.50000,5552.45459
848.00000,5566.81689
848.50000,5582.60693
849.00000,5597.41211
849.50000,5609.04736
850.00000,5618.39014
850.50000,5627.84961
851.00000,5639.86475
851.50000,5654.85693
852.00000,5670.29980
852.50000,5682.46143
853.00000,5688.41260
853.50000,5688.72070
854.00000,5685.15332
854.50000,5681.10693
855.00000,5677.90723
855.50000,5674.33691
856.00000,5667.20801
856.50000,5654.92236
857.00000,5637.73975
857.50000,5617.97217
858.00000,5598.58301
858.50000,5581.83643
859.00000,5568.16064
859.50000,5558.09570
860.00000,5550.42529
860.50000,5544.48340
861.00000,5538.48828
861.50000,5530.08545
862.00000,5517.62305
862.50000,5501.79150
863.00000,5485.72266
863.50000,5473.87500
864.00000,5471.16357
864.50000,5476.97900
865.00000,5489.99316
865.50000,5504.26416
866.00000,5514.55127
866.50000,5518.18896
867.00000,5514.71094
867.50000,5505.96680
868.00000,5495.13525
868.50000,5484.67920
869.00000,5476.12354
869.50000,5470.77734
870.00000,5467.78174
870.50000,5465.90137
871.00000,5462.81445
871.50000,5456.26221
872.00000,5445.69727
872.50000,5432.48096
873.00000,5419.30469
873.50000,5408.93506
874.00000,5403.24316
874.50000,5401.15674
875.00000,5402.51367
875.50000,5406.39844
876.00000,5413.35547
876.50000,5422.99854
877.00000,5433.89258
877.50000,5443.16748
878.00000,5447.99854
878.50000,5446.58740
879.00000,5441.26807
879.50000,5435.84229
880.00000,5434.16895
880.50000,5438.00488
881.00000,5444.66455
881.50000,5450.29395
882.00000,5451.73486
882.50000,5448.28955
883.00000,5441.63574
883.50000,5435.09717
884.00000,5431.50293
884.50000,5431.14258
885.00000,5433.69873
885.50000,5437.33057
886.00000,5441.23926
886.50000,5445.44043
887.00000,5450.39209
887.50000,5456.12939
888.00000,5461.80713
888.50000,5465.75049
889.00000,5466.63477
889.50000,5462.45313
890.00000,5454.06787
890.50000,5442.07520
891.00000,5429.02979
891.50000,5417.44873
892.00000,5409.09521
892.50000,5404.17725
893.00000,5401.35791
893.50000,5398.40527
894.00000,5393.37305
894.50000,5385.93066
895.00000,5375.91260
895.50000,5364.41455
896.00000,5351.93604
896.50000,5339.13916
897.00000,5326.99365
897.50000,5317.03564
898.00000,5310.63867
898.50000,5308.59082
899.00000,5308.49609
899.50000,5306.20117
900.00000,5298.73975
900.50000,5284.15137
901.00000,5265.52246
901.50000,5247.34863
902.00000,5233.80908
902.50000,5226.40918
903.00000,5223.80371
903.50000,5222.24268
904.00000,5218.67432
904.50000,5212.54639
905.00000,5204.51123
905.50000,5196.42627
906.00000,5189.29736
906.50000,5183.30615
907.00000,5178.87793
907.50000,5176.90820
908.00000,5178.00342
908.50000,5182.11426
909.00000,5186.99707
909.50000,5189.34521
910.00000,5187.23291
910.50000,5179.02686
911.00000,5166.42676
911.50000,5151.09961
912.00000,5134.80029
912.50000,5118.67432
913.00000,5103.88477
913.50000,5091.82422
914.00000,5084.89893
914.50000,5082.96045
915.00000,5085.74512
915.50000,5090.02832
916.00000,5093.15625
916.50000,5093.96338
917.00000,5092.95020
917.50000,5091.52246
918.00000,5090.48584
918.50000,5089.23438
919.00000,5086.58350
919.50000,5081.55371
920.00000,5075.77393
920.50000,5071.50244
921.00000,5070.03711
921.50000,5071.25879
922.00000,5073.17529
922.50000,5073.52197
923.00000,5071.01514
923.50000,5066.42969
924.00000,5061.31201
924.50000,5057.46973
925.00000,5056.54590
925.50000,5058.57080
926.00000,5063.93262
926.50000,5072.02393
927.00000,5081.79590
927.50000,5091.33789
928.00000,5098.48193
928.50000,5101.10303
929.00000,5099.50391
929.50000,5094.29346
930.00000,5088.49316
930.50000,5084.86182
931.00000,5084.83789
931.50000,5088.91162
932.00000,5095.68018
932.50000,5102.85596
933.00000,5108.11719
933.50000,5110.36816
934.00000,5109.28613
934.50000,5106.92725
935.00000,5105.39160
935.50000,5105.70508
936.00000,5107.63965
936.50000,5109.38965
937.00000,5108.99854
937.50000,5105.74072
938.00000,5101.01270
938.50000,5097.61035
939.00000,5097.94336
939.50000,5104.38770
940.00000,5115.07422
940.50000,5128.08154
941.00000,5140.51465
941.50000,5150.58252
942.00000,5158.22363
942.50000,5164.48926
943.00000,5170.17139
943.50000,5175.30176
944.00000,5178.75000
944.50000,5179.75684
945.00000,5177.14893
945.50000,5171.68896
946.00000,5163.86328
946.50000,5154.71631
947.00000,5144.91162
947.50000,5134.99414
948.00000,5125.61475
948.50000,5117.69336
949.00000,5111.53564
949.50000,5107.32666
950.00000,5103.84277
950.50000,5100.33643
951.00000,5097.19922
951.50000,5096.43652
952.00000,5100.09277
952.50000,5108.49902
953.00000,5119.31006
953.50000,5127.79297
954.00000,5128.80225
954.50000,5122.70117
955.00000,5112.25879
955.50000,5104.09326
956.00000,5103.68164
956.50000,5110.72559
957.00000,5120.40771
957.50000,5125.77881
958.00000,5122.86865
958.50000,5112.03320
959.00000,5099.98584
959.50000,5093.21143
960.00000,5092.59521
960.50000,5095.82422
961.00000,5097.18066
961.50000,5092.22803
962.00000,5080.98877
962.50000,5067.36963
963.00000,5056.69287
963.50000,5052.16650
964.00000,5055.09424
964.50000,5061.53027
965.00000,5067.14014
965.50000,5068.23242
966.00000,5062.12207
966.50000,5049.83643
967.00000,5034.22266
967.50000,5019.76367
968.00000,5010.44727
968.50000,5009.31006
969.00000,5014.75195
969.50000,5024.77490
970.00000,5034.61035
970.50000,5040.46484
971.00000,5041.21045
971.50000,5036.95752
972.00000,5029.55664
972.50000,5020.99072
973.00000,5012.56689
973.50000,5004.82666
974.00000,4997.81348
974.50000,4990.92432
975.00000,4983.15039
975.50000,4973.65527
976.00000,4961.67432
976.50000,4948.07422
977.00000,4935.12354
977.50000,4925.60938
978.00000,4920.93701
978.50000,4920.86816
979.00000,4921.81543
979.50000,4919.14941
980.00000,4910.87158
980.50000,4896.58008
981.00000,4880.52051
981.50000,4867.90088
982.00000,4862.12842
982.50000,4862.74707
983.00000,4865.83740
983.50000,4865.78662
984.00000,4857.97705
984.50000,4844.21533
985.00000,4828.74512
985.50000,4817.68701
986.00000,4815.79785
986.50000,4821.56445
987.00000,4830.31445
987.50000,4836.51367
988.00000,4836.99609
988.50000,4830.97461
989.00000,4821.40918
989.50000,4810.30811
990.00000,4799.20117
990.50000,4788.13623
991.00000,4777.00830
991.50000,4766.51904
992.00000,4758.09570
992.50000,4753.09619
993.00000,4752.25342
993.50000,4754.48633
994.00000,4758.96777
994.50000,4764.34277
995.00000,4770.20654
995.50000,4776.12891
996.00000,4781.42725
996.50000,4785.31104
997.00000,4787.38086
997.50000,4788.16260
998.00000,4788.94238
998.50000,4790.78809
999.00000,4793.46973
999.50000,4795.68750
1000.00000,4796.20264
1000.50000,4794.66553
1001.00000,4793.09375
1001.50000,4794.76514
1002.00000,4802.05322
1002.50000,4814.67188
1003.00000,4829.50732
1003.50000,4841.56787
1004.00000,4846.00879
1004.50000,4843.69678
1005.00000,4837.39893
1005.50000,4832.90771
1006.00000,4834.39893
1006.50000,4840.96240
1007.00000,4847.66895
1007.50000,4847.97949
1008.00000,4838.90039
1008.50000,4820.77783
1009.00000,4799.62207
1009.50000,4781.27344
1010.00000,4768.29004
1010.50000,4761.41895
1011.00000,4758.14844
1011.50000,4757.22656
1012.00000,4758.75342
1012.50000,4763.75537
1013.00000,4772.82178
1013.50000,4784.03271
1014.00000,4794.31055
1014.50000,4801.05713
1015.00000,4802.18506
1015.50000,4799.23730
1016.00000,4793.79736
1016.50000,4787.94043
1017.00000,4782.96143
1017.50000,4779.49609
1018.00000,4777.58887
1018.50000,4777.05908
1019.00000,4776.76025
1019.50000,4774.85498
1020.00000,4770.31592
1020.50000,4762.34570
1021.00000,4752.20166
1021.50000,4741.41162
1022.00000,4731.34082
1022.50000,4722.61279
1023.00000,4715.57471
1023.50000,4710.47559
1024.00000,4708.70361
1024.50000,4710.37402
1025.00000,4715.68555
1025.50000,4722.31152
1026.00000,4727.66943
1026.50000,4730.12744
1027.00000,4729.90527
1027.50000,4729.18359
1028.00000,4730.72754
1028.50000,4736.60156
1029.00000,4745.69141
1029.50000,4755.59619
1030.00000,4762.74707
1030.50000,4763.38135
1031.00000,4756.95947
1031.50000,4744.14941
1032.00000,4728.23926
1032.50000,4713.50000
1033.00000,4703.57275
1033.50000,4699.09473
1034.00000,4699.35693
1034.50000,4700.42969
1035.00000,4698.52441
1035.50000,4692.10449
1036.00000,4680.87256
1036.50000,4667.01221
1037.00000,4652.95459
1037.50000,4640.57910
1038.00000,4630.62891
1038.50000,4623.55273
1039.00000,4618.69092
1039.50000,4615.96582
1040.00000,4614.13330
1040.50000,4611.90479
1041.00000,4607.96045
1041.50000,4601.22998
1042.00000,4591.77246
1042.50000,4580.58887
1043.00000,4569.06299
1043.50000,4558.57422
1044.00000,4550.43408
1044.50000,4544.67432
1045.00000,4541.68701
1045.50000,4540.57080
1046.00000,4540.70361
1046.50000,4541.21143
1047.00000,4541.46973
1047.50000,4541.01709
1048.00000,4539.35889
1048.50000,4535.36133
1049.00000,4528.48779
1049.50000,4517.69580
1050.00000,4504.59814
1050.50000,4491.22803
1051.00000,4480.00000
1051.50000,4472.41162
1052.00000,4467.79492
1052.50000,4464.08105
1053.00000,4459.41260
1053.50000,4453.62207
1054.00000,4448.31885
1054.50000,4445.50146
1055.00000,4446.89258
1055.50000,4451.01660
1056.00000,4455.51172
1056.50000,4457.88037
1057.00000,4457.00781
1057.50000,4453.61279
1058.00000,4449.62695
1058.50000,4446.55615
1059.00000,4444.54492
1059.50000,4442.90332
1060.00000,4440.71240
1060.50000,4438.01123
1061.00000,4436.24609
1061.50000,4437.86768
1062.00000,4444.60693
1062.50000,4456.23291
1063.00000,4470.44873
1063.50000,4482.98438
1064.00000,4489.31201
1064.50000,4489.35352
1065.00000,4484.40625
1065.50000,4479.38623
1066.00000,4478.55615
1066.50000,4483.01514
1067.00000,4490.89453
1067.50000,4498.52100
1068.00000,4502.98145
1068.50000,4503.23047
1069.00000,4501.37939
1069.50000,4499.58057
1070.00000,4499.05859
1070.50000,4499.76123
1071.00000,4500.70605
1071.50000,4501.48926
1072.00000,4502.61279
1072.50000,4504.91113
1073.00000,4508.76367
1073.50000,4513.36865
1074.00000,4517.62842
1074.50000,4521.05713
1075.00000,4524.15137
1075.50000,4528.28955
1076.00000,4535.04639
1076.50000,4544.79785
1077.00000,4557.03418
1077.50000,4570.46240
1078.00000,4583.37549
1078.50000,4593.88574
1079.00000,4601.00146
1079.50000,4602.79639
1080.00000,4600.17041
1080.50000,4593.72266
1081.00000,4586.05029
1081.50000,4579.57959
1082.00000,4575.55029
1082.50000,4573.20264
1083.00000,4570.27393
1083.50000,4564.62695
1084.00000,4555.09961
1084.50000,4544.03906
1085.00000,4534.81689
1085.50000,4529.48633
1086.00000,4528.10205
1086.50000,4527.44824
1087.00000,4523.61621
1087.50000,4514.46582
1088.00000,4501.61768
1088.50000,4488.69336
1089.00000,4479.15771
1089.50000,4475.18701
1090.00000,4474.27002
1090.50000,4473.74951
1091.00000,4471.64941
1091.50000,4467.97510
1092.00000,4464.17188
1092.50000,4461.31836
1093.00000,4459.16602
1093.50000,4456.55176
1094.00000,4452.81689
1094.50000,4449.06836
1095.00000,4447.44775
1095.50000,4448.69727
1096.00000,4451.96533
1096.50000,4454.40137
1097.00000,4453.33057
1097.50000,4448.05908
1098.00000,4440.61377
1098.50000,4433.56738
1099.00000,4428.24512
1099.50000,4424.24609
1100.00000,4419.68311
1100.50000,4413.56494
1101.00000,4407.17725
1101.50000,4403.33789
1102.00000,4404.35986
1102.50000,4410.32178
1103.00000,4419.32080
1103.50000,4427.85547
1104.00000,4432.74805
1104.50000,4433.52148
1105.00000,4429.78857
1105.50000,4423.36719
1106.00000,4415.71875
1106.50000,4408.83594
1107.00000,4404.80371
1107.50000,4405.13232
1108.00000,4409.30518
1108.50000,4415.59033
1109.00000,4421.02051
1109.50000,4423.43945
1110.00000,4424.05566
1110.50000,4425.78223
1111.00000,4431.53613
1111.50000,4442.77295
1112.00000,4458.05566
1112.50000,4474.74561
1113.00000,4491.43359
1113.50000,4508.71436
1114.00000,4528.77490
1114.50000,4551.82129
1115.00000,4576.11572
1115.50000,4597.66992
1116.00000,4612.66211
1116.50000,4621.35596
1117.00000,4627.21143
1117.50000,4635.05469
1118.00000,4647.55225
1118.50000,4664.19287
1119.00000,4680.61475
1119.50000,4691.87109
1120.00000,4697.37646
1120.50000,4698.58008
1121.00000,4699.99414
1121.50000,4705.34863
1122.00000,4715.58594
1122.50000,4728.96387
1123.00000,4743.07715
1123.50000,4756.21045
1124.00000,4767.90576
1124.50000,4778.83789
1125.00000,4789.06689
1125.50000,4798.52979
1126.00000,4807.36768
1126.50000,4816.73633
1127.00000,4828.21338
1127.50000,4842.35205
1128.00000,4857.38330
1128.50000,4870.10449
1129.00000,4878.79736
1129.50000,4883.39795
1130.00000,4887.76855
1130.50000,4895.60059
1131.00000,4907.36670
1131.50000,4920.57813
1132.00000,4931.34961
1132.50000,4937.79248
1133.00000,4940.98535
1133.50000,4944.31445
1134.00000,4950.17139
1134.50000,4957.72021
1135.00000,4965.20166
1135.50000,4971.96631
1136.00000,4979.95752
1136.50000,4991.92529
1137.00000,5008.79541
1137.50000,5027.89648
1138.00000,5044.15527
1138.50000,5052.71240
1139.00000,5054.01953
1139.50000,5049.35400
1140.00000,5043.11035
1140.50000,5037.88477
1141.00000,5035.31006
1141.50000,5037.48389
1142.00000,5046.40234
1142.50000,5062.51709
1143.00000,5083.83154
1143.50000,5104.55762
1144.00000,5117.84521
1144.50000,5122.14502
1145.00000,5117.55273
1145.50000,5109.65088
1146.00000,5102.78662
1146.50000,5099.20215
1147.00000,5099.35889
1147.50000,5103.33496
1148.00000,5110.90186
1148.50000,5121.85889
1149.00000,5133.52051
1149.50000,5141.92334
1150.00000,5145.30664
1150.50000,5143.77979
1151.00000,5141.21875
1151.50000,5141.12354
1152.00000,5144.01123
1152.50000,5147.28906
1153.00000,5148.09717
1153.50000,5146.85498
1154.00000,5147.34961
1154.50000,5153.09570
1155.00000,5165.49219
1155.50000,5179.46582
1156.00000,5188.25488
1156.50000,5188.15234
1157.00000,5180.34570
1157.50000,5169.88965
1158.00000,5161.86230
1158.50000,5157.88770
1159.00000,5154.86133
1159.50000,5148.53223
1160.00000,5137.78809
1160.50000,5123.51367
1161.00000,5108.77100
1161.50000,5095.23926
1162.00000,5082.37939
1162.50000,5068.65723
1163.00000,5053.55566
1163.50000,5038.71729
1164.00000,5027.13184
1164.50000,5019.61572
1165.00000,5015.83789
1165.50000,5012.79980
1166.00000,5008.27734
1166.50000,5002.16602
1167.00000,4996.23535
1167.50000,4992.63965
1168.00000,4991.98438
1168.50000,4993.79688
1169.00000,4996.42969
1169.50000,4999.32080
1170.00000,5002.59277
1170.50000,5006.43506
1171.00000,5010.02051
1171.50000,5011.76855
1172.00000,5010.83252
1172.50000,5008.29932
1173.00000,5006.80420
1173.50000,5008.57080
1174.00000,5014.68311
1174.50000,5022.46533
1175.00000,5028.63818
1175.50000,5031.11621
1176.00000,5028.99609
1176.50000,5023.33545
1177.00000,5015.03955
1177.50000,5004.38672
1178.00000,4991.87598
1178.50000,4978.36084
1179.00000,4965.50000
1179.50000,4954.69873
1180.00000,4945.22070
1180.50000,4935.43701
1181.00000,4924.05322
1181.50000,4911.47461
1182.00000,4899.80957
1182.50000,4890.90186
1183.00000,4884.84277
1183.50000,4879.32617
1184.00000,4872.23877
1184.50000,4864.17676
1185.00000,4858.27734
1185.50000,4857.10840
1186.00000,4860.99561
1186.50000,4865.77539
1187.00000,4865.95947
1187.50000,4858.38379
1188.00000,4845.48389
1188.50000,4832.14111
1189.00000,4822.66309
1189.50000,4818.76074
1190.00000,4817.01123
1190.50000,4814.41553
1191.00000,4810.26758
1191.50000,4806.44678
1192.00000,4805.17432
1192.50000,4806.22070
1193.00000,4806.55078
1193.50000,4802.65527
1194.00000,4791.89648
1194.50000,4777.24561
1195.00000,4762.75732
1195.50000,4752.18896
1196.00000,4747.29199
1196.50000,4746.15918
1197.00000,4745.43555
1197.50000,4741.97852
1198.00000,4734.69482
1198.50000,4724.09766
1199.00000,4713.25488
1199.50000,4705.88623
1200.00000,4703.23730
1200.50000,4704.86621
1201.00000,4706.60352
1201.50000,4703.51221
1202.00000,4693.11035
1202.50000,4677.53906
1203.00000,4662.22705
1203.50000,4652.68115
1204.00000,4652.82227
1204.50000,4658.93311
1205.00000,4666.57129
1205.50000,4671.41162
1206.00000,4672.10986
1206.50000,4670.68457
1207.00000,4669.61133
1207.50000,4669.96289
1208.00000,4671.21729
1208.50000,4673.19580
1209.00000,4676.78027
1209.50000,4684.57373
1210.00000,4696.40674
1210.50000,4709.93262
1211.00000,4719.88672
1211.50000,4721.01221
1212.00000,4712.15088
1212.50000,4697.33691
1213.00000,4682.81006
1213.50000,4673.39111
1214.00000,4670.82324
1214.50000,4670.52197
1215.00000,4667.33057
1215.50000,4658.91162
1216.00000,4646.11768
1216.50000,4633.14453
1217.00000,4623.82275
1217.50000,4619.34277
1218.00000,4617.40576
1218.50000,4614.98242
1219.00000,4610.35449
1219.50000,4603.23975
1220.00000,4595.17969
1220.50000,4586.90283
1221.00000,4578.58203
1221.50000,4570.65625
1222.00000,4564.82910
1222.50000,4563.69092
1223.00000,4569.79541
1223.50000,4581.72363
1224.00000,4596.69482
1224.50000,4610.01465
1225.00000,4618.50635
1225.50000,4623.29150
1226.00000,4627.06055
1226.50000,4632.60254
1227.00000,4640.55664
1227.50000,4649.26465
1228.00000,4656.22852
1228.50000,4659.46533
1229.00000,4659.54443
1229.50000,4656.96729
1230.00000,4653.34326
1230.50000,4649.71484
1231.00000,4647.28711
1231.50000,4647.43164
1232.00000,4650.54248
1232.50000,4654.97119
1233.00000,4657.13672
1233.50000,4653.89404
1234.00000,4642.83252
1234.50000,4627.88232
1235.00000,4614.77100
1235.50000,4608.70752
1236.00000,4612.77441
1236.50000,4624.42139
1237.00000,4638.74707
1237.50000,4651.28271
1238.00000,4660.44189
1238.50000,4666.89844
1239.00000,4673.04102
1239.50000,4680.04541
1240.00000,4687.19482
1240.50000,4692.62939
1241.00000,4694.94189
1241.50000,4693.41064
1242.00000,4688.84570
1242.50000,4683.34521
1243.00000,4679.67871
1243.50000,4679.99707
1244.00000,4686.55859
1244.50000,4697.43311
1245.00000,4709.83154
1245.50000,4719.37012
1246.00000,4722.06543
1246.50000,4717.34521
1247.00000,4707.54102
1247.50000,4697.01514
1248.00000,4690.21338
1248.50000,4690.53076
1249.00000,4696.59521
1249.50000,4706.31201
1250.00000,4715.32129
1250.50000,4720.29199
1251.00000,4720.86670
1251.50000,4718.70850
1252.00000,4716.95898
1252.50000,4718.14551
1253.00000,4723.21191
1253.50000,4730.44141
1254.00000,4737.92773
1254.50000,4744.41650
1255.00000,4750.09473
1255.50000,4756.34668
1256.00000,4764.35107
1256.50000,4773.84619
1257.00000,4783.30225
1257.50000,4790.64648
1258.00000,4794.80713
1258.50000,4795.68750
1259.00000,4795.66064
1259.50000,4797.70068
1260.00000,4803.21973
1260.50000,4811.99219
1261.00000,4820.66455
1261.50000,4825.15039
1262.00000,4823.54150
1262.50000,4818.18164
1263.00000,4814.56592
1263.50000,4817.81982
1264.00000,4831.85010
1264.50000,4852.22314
1265.00000,4873.30518
1265.50000,4889.20996
1266.00000,4896.38232
1266.50000,4895.97705
1267.00000,4891.12207
1267.50000,4885.08105
1268.00000,4880.30957
1268.50000,4878.27979
1269.00000,4878.59131
1269.50000,4880.47754
1270.00000,4881.88916
1270.50000,4881.04346
1271.00000,4877.81055
1271.50000,4873.20605
1272.00000,4868.61865
1272.50000,4864.31787
1273.00000,4859.12695
1273.50000,4852.07324
1274.00000,4843.57324
1274.50000,4836.55225
1275.00000,4834.99463
1275.50000,4839.43896
1276.00000,4848.15625
1276.50000,4856.69238
1277.00000,4861.22021
1277.50000,4860.34424
1278.00000,4855.85986
1278.50000,4849.54395
1279.00000,4842.66406
1279.50000,4834.30811
1280.00000,4823.42676
1280.50000,4808.78564
1281.00000,4791.10938
1281.50000,4771.92529
1282.00000,4753.64160
1282.50000,4738.80469
1283.00000,4729.87939
1283.50000,4726.59961
1284.00000,4728.36084
1284.50000,4731.31738
1285.00000,4732.13867
1285.50000,4729.46582
1286.00000,4723.66211
1286.50000,4717.00928
1287.00000,4711.66162
1287.50000,4708.51172
1288.00000,4706.68652
1288.50000,4704.67773
1289.00000,4701.13818
1289.50000,4694.80273
1290.00000,4686.17920
1290.50000,4676.10889
1291.00000,4666.63623
1291.50000,4660.12695
1292.00000,4657.95752
1292.50000,4659.29785
1293.00000,4661.67578
1293.50000,4661.95166
1294.00000,4658.09717
1294.50000,4652.32520
1295.00000,4648.33545
1295.50000,4648.97656
1296.00000,4654.95264
1296.50000,4662.96973
1297.00000,4668.13721
1297.50000,4666.49316
1298.00000,4658.23242
1298.50000,4645.73047
1299.00000,4634.04053
1299.50000,4627.76074
1300.00000,4627.41064
1300.50000,4632.56396
1301.00000,4640.20166
1301.50000,4647.71484
1302.00000,4653.40039
1302.50000,4656.73389
1303.00000,4657.54102
1303.50000,4656.50146
1304.00000,4653.96484
1304.50000,4651.25098
1305.00000,4650.02393
1305.50000,4651.43506
1306.00000,4656.31641
1306.50000,4663.92236
1307.00000,4672.74268
1307.50000,4681.26758
1308.00000,4688.75488
1308.50000,4695.25049
1309.00000,4701.60840
1309.50000,4708.69238
1310.00000,4716.92578
1310.50000,4727.00928
1311.00000,4739.35645
1311.50000,4754.59229
1312.00000,4772.64941
1312.50000,4792.27881
1313.00000,4811.41455
1313.50000,4827.99805
1314.00000,4839.73291
1314.50000,4847.38086
1315.00000,4851.48438
1315.50000,4853.97607
1316.00000,4855.94385
1316.50000,4857.83447
1317.00000,4859.41260
1317.50000,4860.14355
1318.00000,4859.79932
1318.50000,4858.37451
1319.00000,4856.64258
1319.50000,4855.68750
1320.00000,4856.30078
1320.50000,4859.05420
1321.00000,4862.94824
1321.50000,4865.67871
1322.00000,4864.14502
1322.50000,4856.24219
1323.00000,4841.43164
1323.50000,4823.76367
1324.00000,4809.06543
1324.50000,4801.00928
1325.00000,4801.20117
1325.50000,4804.76855
1326.00000,4805.56982
1326.50000,4799.55908
1327.00000,4787.22266
1327.50000,4772.78125
1328.00000,4761.04004
1328.50000,4754.03760
1329.00000,4748.66357
1329.50000,4740.39795
1330.00000,4727.44922
1330.50000,4710.67432
1331.00000,4693.84131
1331.50000,4679.64795
1332.00000,4667.77197
1332.50000,4655.49512
1333.00000,4640.47900
1333.50000,4623.32910
1334.00000,4606.28857
1334.50000,4591.41895
1335.00000,4579.31201
1335.50000,4568.10889
1336.00000,4556.21143
1336.50000,4543.85645
1337.00000,4533.39307
1337.50000,4527.85693
1338.00000,4527.80029
1338.50000,4531.89014
1339.00000,4535.70703
1339.50000,4534.99414
1340.00000,4529.36084
1340.50000,4520.22412
1341.00000,4511.07373
1341.50000,4503.75732
1342.00000,4497.37744
1342.50000,4489.52344
1343.00000,4478.58057
1343.50000,4466.16748
1344.00000,4455.92188
1344.50000,4450.08984
1345.00000,4448.96973
1345.50000,4448.58789
1346.00000,4444.56738
1346.50000,4435.25195
1347.00000,4422.56055
1347.50000,4410.41895
1348.00000,4401.77246
1348.50000,4397.44336
1349.00000,4394.67725
1349.50000,4390.96924
1350.00000,4385.58447
1350.50000,4379.12695
1351.00000,4372.87695
1351.50000,4367.26855
1352.00000,4361.51904
1352.50000,4354.27246
1353.00000,4344.33154
1353.50000,4332.26318
1354.00000,4319.49854
1354.50000,4308.38818
1355.00000,4301.32080
1355.50000,4298.11572
1356.00000,4297.26807
1356.50000,4295.72314
1357.00000,4291.00781
1357.50000,4282.38379
1358.00000,4271.46533
1358.50000,4260.19287
1359.00000,4250.17529
1359.50000,4242.53369
1360.00000,4237.11182
1360.50000,4234.33252
1361.00000,4233.81982
1361.50000,4234.73975
1362.00000,4235.47412
1362.50000,4234.47314
1363.00000,4230.94287
1363.50000,4225.85645
1364.00000,4220.25635
1364.50000,4214.74756
1365.00000,4208.73291
1365.50000,4201.46387
1366.00000,4192.54590
1366.50000,4182.47900
1367.00000,4171.88086
1367.50000,4160.93750
1368.00000,4149.67383
1368.50000,4138.52051
1369.00000,4128.46924
1369.50000,4120.97021
1370.00000,4115.59961
1370.50000,4111.01660
1371.00000,4105.18018
1371.50000,4097.15527
1372.00000,4087.82861
1372.50000,4079.02368
1373.00000,4072.27173
1373.50000,4067.69116
1374.00000,4065.69263
1374.50000,4065.88159
1375.00000,4068.67090
1375.50000,4072.80078
1376.00000,4075.88184
1376.50000,4075.47314
1377.00000,4071.18311
1377.50000,4065.75073
1378.00000,4063.88452
1378.50000,4069.41846
1379.00000,4080.03345
1379.50000,4091.37378
1380.00000,4098.72949
1380.50000,4099.96191
1381.00000,4097.66602
1381.50000,4095.37964
1382.00000,4094.96753
1382.50000,4095.36743
1383.00000,4094.26685
1383.50000,4091.02759
1384.00000,4087.17212
1384.50000,4085.54443
1385.00000,4087.81543
1385.50000,4091.93311
1386.00000,4094.71631
1386.50000,4093.98120
1387.00000,4089.93335
1387.50000,4084.44824
1388.00000,4079.53735
1388.50000,4075.85010
1389.00000,4072.63452
1389.50000,4069.67822
1390.00000,4067.82227
1390.50000,4068.94360
1391.00000,4073.42480
1391.50000,4079.60400
1392.00000,4084.37183
1392.50000,4085.64502
1393.00000,4083.35693
1393.50000,4080.26685
1394.00000,4079.37207
1394.50000,4081.37622
1395.00000,4085.74341
1395.50000,4090.42578
1396.00000,4094.08374
1396.50000,4096.41797
1397.00000,4097.48389
1397.50000,4096.98682
1398.00000,4095.11792
1398.50000,4092.99023
1399.00000,4092.87378
1399.50000,4097.78271
1400.00000,4107.28662
1400.50000,4119.61426
1401.00000,4131.33691
1401.50000,4140.32520
1402.00000,4146.91553
1402.50000,4153.01514
1403.00000,4159.65332
1403.50000,4165.71045
1404.00000,4168.06494
1404.50000,4165.94434
1405.00000,4159.64795
1405.50000,4152.46826
1406.00000,4147.57031
1406.50000,4146.50830
1407.00000,4148.94971
1407.50000,4153.40479
1408.00000,4157.61084
1408.50000,4159.20703
1409.00000,4157.16016
1409.50000,4150.07178
1410.00000,4139.70703
1410.50000,4128.16455
1411.00000,4118.08154
1411.50000,4111.43896
1412.00000,4108.77979
1412.50000,4108.91650
1413.00000,4109.94287
1413.50000,4109.47070
1414.00000,4105.06250
1414.50000,4097.22266
1415.00000,4087.47583
1415.50000,4079.21216
1416.00000,4075.07373
1416.50000,4074.58276
1417.00000,4074.64233
1417.50000,4071.35156
1418.00000,4063.08398
1418.50000,4050.10449
1419.00000,4036.02539
1419.50000,4024.19360
1420.00000,4015.96753
1420.50000,4011.93726
1421.00000,4010.90210
1421.50000,4011.27979
1422.00000,4010.84106
1422.50000,4007.26880
1423.00000,3998.40576
1423.50000,3985.16333
1424.00000,3969.38354
1424.50000,3954.78687
1425.00000,3944.33545
1425.50000,3937.93164
1426.00000,3934.11768
1426.50000,3930.40186
1427.00000,3925.11768
1427.50000,3918.25635
1428.00000,3911.35352
1428.50000,3906.66626
1429.00000,3905.34302
1429.50000,3908.46216
1430.00000,3914.24463
1430.50000,3920.84741
1431.00000,3926.59619
1431.50000,3931.30737
1432.00000,3936.21558
1432.50000,3942.51392
1433.00000,3949.86792
1433.50000,3956.33130
1434.00000,3959.59668
1434.50000,3960.26294
1435.00000,3960.20801
1435.50000,3961.85620
1436.00000,3965.88989
1436.50000,3970.36035
1437.00000,3972.58154
1437.50000,3971.48657
1438.00000,3969.46655
1438.50000,3970.36914
1439.00000,3975.48877
1439.50000,3984.00342
1440.00000,3991.90186
1440.50000,3995.75293
1441.00000,3995.40210
1441.50000,3993.10547
1442.00000,3991.88745
1442.50000,3993.00928
1443.00000,3995.41406
1443.50000,3996.61377
1444.00000,3994.86963
1444.50000,3991.56641
1445.00000,3989.19824
1445.50000,3989.95776
1446.00000,3994.79834
1446.50000,4002.22070
1447.00000,4009.46313
1447.50000,4013.71948
1448.00000,4013.75757
1448.50000,4009.13037
1449.00000,4002.29932
1449.50000,3995.76392
1450.00000,3992.12866
1450.50000,3994.11621
1451.00000,4002.16968
1451.50000,4015.36548
1452.00000,4030.75903
1452.50000,4044.24414
1453.00000,4051.68481
1453.50000,4052.55444
1454.00000,4047.56641
1454.50000,4041.23877
1455.00000,4037.28369
1455.50000,4037.39917
1456.00000,4041.73462
1456.50000,4048.64063
1457.00000,4056.39722
1457.50000,4064.10181
1458.00000,4071.60693
1458.50000,4079.00879
1459.00000,4086.18408
1459.50000,4092.38452
1460.00000,4096.97021
1460.50000,4099.12354
1461.00000,4099.28906
1461.50000,4098.97217
1462.00000,4100.55273
1462.50000,4105.80273
1463.00000,4115.30518
1463.50000,4126.60840
1464.00000,4137.26563
1464.50000,4146.70068
1465.00000,4156.31348
1465.50000,4167.76318
1466.00000,4180.65332
1466.50000,4191.67285
1467.00000,4197.03809
1467.50000,4195.44922
1468.00000,4190.88086
1468.50000,4188.85742
1469.00000,4191.36182
1469.50000,4196.97607
1470.00000,4201.44141
1470.50000,4202.85254
1471.00000,4203.84033
1471.50000,4209.18066
1472.00000,4221.56787
1472.50000,4238.43799
1473.00000,4253.94824
1473.50000,4263.79443
1474.00000,4266.15381
1474.50000,4265.38770
1475.00000,4265.26904
1475.50000,4267.68799
1476.00000,4271.72168
1476.50000,4274.32227
1477.00000,4272.56836
1477.50000,4265.16260
1478.00000,4254.94092
1478.50000,4246.16797
1479.00000,4242.03809
1479.50000,4244.02490
1480.00000,4248.18164
1480.50000,4249.64160
1481.00000,4245.92285
1481.50000,4238.80566
1482.00000,4233.77246
1482.50000,4235.15625
1483.00000,4243.33301
1483.50000,4253.28760
1484.00000,4259.80762
1484.50000,4261.88281
1485.00000,4261.06250
1485.50000,4260.64893
1486.00000,4261.47070
1486.50000,4261.06543
1487.00000,4256.18848
1487.50000,4245.92969
1488.00000,4233.46533
1488.50000,4223.24854
1489.00000,4217.74365
1489.50000,4217.85400
1490.00000,4220.43262
1490.50000,4222.57617
1491.00000,4222.31152
1491.50000,4219.22998
1492.00000,4214.05469
1492.50000,4207.93799
1493.00000,4201.80713
1493.50000,4196.30371
1494.00000,4191.70996
1494.50000,4187.34424
1495.00000,4182.30859
1495.50000,4176.44238
1496.00000,4171.11719
1496.50000,4168.68311
1497.00000,4170.72021
1497.50000,4176.60059
1498.00000,4182.48584
1498.50000,4183.49805
1499.00000,4178.62061
1499.50000,4169.78809
1500.00000,4163.64404
1500.50000,4166.23291
1501.00000,4177.36816
1501.50000,4191.89404
1502.00000,4201.82568
1502.50000,4201.67383
1503.00000,4189.82666
1503.50000,4172.76953
1504.00000,4158.79639
1504.50000,4153.58447
1505.00000,4159.63574
1505.50000,4172.22461
1506.00000,4185.50635
1506.50000,4194.30127
1507.00000,4196.71973
1507.50000,4193.98047
1508.00000,4190.04492
1508.50000,4188.47803
1509.00000,4189.92871
1509.50000,4193.81348
1510.00000,4198.09912
1510.50000,4201.73633
1511.00000,4204.99512
1511.50000,4209.00684
1512.00000,4214.81055
1512.50000,4222.42627
1513.00000,4231.07568
1513.50000,4239.59424
1514.00000,4247.55762
1514.50000,4255.57910
1515.00000,4264.64209
1515.50000,4274.90674
1516.00000,4285.46826
1516.50000,4294.55029
1517.00000,4300.92432
1517.50000,4305.12939
1518.00000,4309.64502
1518.50000,4317.71631
1519.00000,4330.35645
1519.50000,4348.07715
1520.00000,4368.21973
1520.50000,4388.37598
1521.00000,4406.55420
1521.50000,4421.92334
1522.00000,4434.55811
1522.50000,4445.37354
1523.00000,4455.44531
1523.50000,4466.20068
1524.00000,4479.14355
1524.50000,4494.12988
1525.00000,4510.30176
1525.50000,4525.49805
1526.00000,4537.74658
1526.50000,4546.50439
1527.00000,4552.78223
1527.50000,4558.34766
1528.00000,4564.83447
1528.50000,4572.81836
1529.00000,4581.04248
1529.50000,4587.45703
1530.00000,4591.00586
1530.50000,4591.07373
1531.00000,4588.73242
1531.50000,4585.48877
1532.00000,4582.82813
1532.50000,4581.47607
1533.00000,4581.13525
1533.50000,4580.14795
1534.00000,4576.19922
1534.50000,4569.04443
1535.00000,4559.65625
1535.50000,4551.54688
1536.00000,4548.84277
1536.50000,4553.47852
1537.00000,4563.64404
1537.50000,4574.90332
1538.00000,4583.13135
1538.50000,4586.12598
1539.00000,4586.08105
1539.50000,4585.09277
1540.00000,4584.13965
1540.50000,4581.17529
1541.00000,4573.62988
1541.50000,4561.26514
1542.00000,4547.64014
1542.50000,4538.48096
1543.00000,4539.06787
1543.50000,4547.98340
1544.00000,4561.57813
1544.50000,4572.65186
1545.00000,4576.52295
1545.50000,4574.31592
1546.00000,4568.79932
1546.50000,4562.81689
1547.00000,4557.01611
1547.50000,4550.31836
1548.00000,4542.27588
1548.50000,4534.70850
1549.00000,4530.58301
1549.50000,4532.79395
1550.00000,4539.19482
1550.50000,4545.28955
1551.00000,4545.63232
1551.50000,4536.66113
1552.00000,4518.70410
1552.50000,4496.61719
1553.00000,4474.61865
1553.50000,4454.62695
1554.00000,4436.59033
1554.50000,4419.29199
1555.00000,4403.81641
1555.50000,4392.66943
1556.00000,4388.28027
1556.50000,4388.37256
1557.00000,4386.77295
1557.50000,4376.41357
1558.00000,4355.95117
1558.50000,4328.49561
1559.00000,4303.35547
1559.50000,4289.92090
1560.00000,4287.06738
1560.50000,4290.12842
1561.00000,4291.54248
1561.50000,4286.65332
1562.00000,4275.41504
1562.50000,4261.39209
1563.00000,4247.81152
1563.50000,4235.77979
1564.00000,4224.71143
1564.50000,4213.33252
1565.00000,4201.06006
1565.50000,4188.20996
1566.00000,4175.25635
1566.50000,4162.40869
1567.00000,4149.38428
1567.50000,4135.78760
1568.00000,4121.88623
1568.50000,4108.95166
1569.00000,4098.23438
1569.50000,4090.58154
1570.00000,4083.68652
1570.50000,4073.38696
1571.00000,4057.22339
1571.50000,4036.29858
1572.00000,4015.69702
1572.50000,4001.24902
1573.00000,3996.79688
1573.50000,3998.87817
1574.00000,4002.20630
1574.50000,4002.12451
1575.00000,3997.62671
1575.50000,3991.57617
1576.00000,3986.80566
1576.50000,3984.40161
1577.00000,3983.74829
1577.50000,3984.16016
1578.00000,3985.53613
1578.50000,3988.83301
1579.00000,3994.17407
1579.50000,4001.87744
1580.00000,4011.00488
1580.50000,4020.19678
1581.00000,4026.91943
1581.50000,4028.32446
1582.00000,4023.01343
1582.50000,4013.33447
1583.00000,4003.94434
1583.50000,3999.42114
1584.00000,4003.01123
1584.50000,4010.67969
1585.00000,4017.31934
1585.50000,4019.41675
1586.00000,4016.10449
1586.50000,4009.43140
1587.00000,4002.14331
1587.50000,3996.30640
1588.00000,3992.69653
1588.50000,3991.66602
1589.00000,3991.86426
1589.50000,3991.22046
1590.00000,3987.57764
1590.50000,3979.01831
1591.00000,3965.87964
1591.50000,3949.51294
1592.00000,3931.05518
1592.50000,3911.28882
1593.00000,3890.97729
1593.50000,3871.74316
1594.00000,3856.22534
1594.50000,3844.75806
1595.00000,3836.60132
1595.50000,3829.30591
1596.00000,3821.19360
1596.50000,3811.59229
1597.00000,3800.14917
1597.50000,3785.74121
1598.00000,3767.90942
1598.50000,3747.10010
1599.00000,3726.32349
1599.50000,3709.01392
1600.00000,3696.04639
1600.50000,3686.77734
1601.00000,3678.68555
1601.50000,3670.07959
1602.00000,3660.92627
1602.50000,3652.09106
1603.00000,3644.56470
1603.50000,3638.72363
1604.00000,3635.32349
1604.50000,3633.38989
1605.00000,3630.70215
1605.50000,3624.64844
1606.00000,3613.74780
1606.50000,3600.01758
1607.00000,3587.88989
1607.50000,3581.40137
1608.00000,3579.36743
1608.50000,3577.45020
1609.00000,3571.36328
1609.50000,3558.79224
1610.00000,3542.58936
1610.50000,3525.89917
1611.00000,3511.02197
1611.50000,3498.44849
1612.00000,3488.33887
1612.50000,3480.86377
1613.00000,3476.43652
1613.50000,3473.58203
1614.00000,3470.08472
1614.50000,3464.36304
1615.00000,3455.93726
1615.50000,3446.04199
1616.00000,3435.79858
1616.50000,3425.93628
1617.00000,3416.76758
1617.50000,3408.26294
1618.00000,3399.56030
1618.50000,3388.74072
1619.00000,3374.63208
1619.50000,3356.40161
1620.00000,3336.39038
1620.50000,3317.61328
1621.00000,3301.68945
1621.50000,3288.09229
1622.00000,3275.07617
1622.50000,3261.35181
1623.00000,3247.00684
1623.50000,3233.07471
1624.00000,3220.16992
1624.50000,3207.60718
1625.00000,3194.49854
1625.50000,3180.41870
1626.00000,3165.29590
1626.50000,3149.22241
1627.00000,3132.38867
1627.50000,3115.53638
1628.00000,3100.24829
1628.50000,3089.26001
1629.00000,3082.97192
1629.50000,3081.07935
1630.00000,3079.71826
1630.50000,3075.27930
1631.00000,3066.87598
1631.50000,3056.27222
1632.00000,3046.49609
1632.50000,3039.14624
1633.00000,3033.13818
1633.50000,3025.65308
1634.00000,3015.12134
1634.50000,3003.68115
1635.00000,2994.49512
1635.50000,2988.74951
1636.00000,2984.47583
1636.50000,2977.84937
1637.00000,2967.07324
1637.50000,2953.10693
1638.00000,2938.90723
1638.50000,2926.18823
1639.00000,2914.09961
1639.50000,2901.14819
1640.00000,2887.24756
1640.50000,2873.25635
1641.00000,2859.76245
1641.50000,2846.34595
1642.00000,2832.61792
1642.50000,2819.70313
1643.00000,2809.84863
1643.50000,2803.15796
1644.00000,2797.84961
1644.50000,2790.40649
1645.00000,2778.51489
1645.50000,2764.21509
1646.00000,2750.09521
1646.50000,2737.17822
1647.00000,2724.36304
1647.50000,2710.47827
1648.00000,2696.72119
1648.50000,2686.47070
1649.00000,2680.65991
1649.50000,2678.36670
1650.00000,2675.63770
1650.50000,2669.22388
1651.00000,2658.69849
1651.50000,2645.64258
1652.00000,2631.34473
1652.50000,2616.78711
1653.00000,2603.47388
1653.50000,2593.54932
1654.00000,2590.19995
1654.50000,2591.18726
1655.00000,2592.45752
1655.50000,2588.99341
1656.00000,2578.02344
1656.50000,2561.69189
1657.00000,2545.51270
1657.50000,2533.97534
1658.00000,2527.30249
1658.50000,2524.14331
1659.00000,2521.51880
1659.50000,2518.15210
1660.00000,2514.06226
1660.50000,2508.86475
1661.00000,2501.68872
1661.50000,2491.85425
1662.00000,2480.14111
1662.50000,2469.01025
1663.00000,2460.59180
1663.50000,2454.22632
1664.00000,2448.03882
1664.50000,2440.48145
1665.00000,2432.27710
1665.50000,2426.36890
1666.00000,2424.99390
1666.50000,2427.15674
1667.00000,2429.11548
1667.50000,2426.65747
1668.00000,2418.45654
1668.50000,2405.50415
1669.00000,2392.02905
1669.50000,2381.40479
1670.00000,2374.73975
1670.50000,2371.99902
1671.00000,2370.98389
1671.50000,2369.01147
1672.00000,2364.53931
1672.50000,2358.21802
1673.00000,2352.06812
1673.50000,2347.96826
1674.00000,2346.11938
1674.50000,2343.68579
1675.00000,2337.88550
1675.50000,2328.83423
1676.00000,2319.18262
1676.50000,2312.77148
1677.00000,2310.90308
1677.50000,2311.74438
1678.00000,2311.71875
1678.50000,2308.29761
1679.00000,2302.59180
1679.50000,2296.87305
1680.00000,2292.60986
1680.50000,2289.18872
1681.00000,2284.80713
1681.50000,2278.42847
1682.00000,2270.72925
1682.50000,2263.44946
1683.00000,2257.38892
1683.50000,2251.66968
1684.00000,2245.01270
1684.50000,2237.42456
1685.00000,2230.38794
1685.50000,2225.55225
1686.00000,2223.54712
1686.50000,2223.28491
1687.00000,2222.87842
1687.50000,2220.70166
1688.00000,2216.60010
1688.50000,2210.82642
1689.00000,2204.52783
1689.50000,2198.84595
1690.00000,2194.85352
1690.50000,2193.58472
1691.00000,2194.57275
1691.50000,2196.46045
1692.00000,2197.27832
1692.50000,2195.39038
1693.00000,2189.23242
1693.50000,2179.85425
1694.00000,2167.94019
1694.50000,2155.41724
1695.00000,2143.89868
1695.50000,2134.76001
1696.00000,2129.29785
1696.50000,2127.97485
1697.00000,2130.37842
1697.50000,2135.32397
1698.00000,2140.08984
1698.50000,2141.14111
1699.00000,2137.64795
1699.50000,2129.06836
1700.00000,2117.63892
1700.50000,2105.06079
1701.00000,2092.92529
1701.50000,2082.69019
1702.00000,2076.27515
1702.50000,2075.08447
1703.00000,2080.27075
1703.50000,2088.90576
1704.00000,2096.55054
1704.50000,2099.81934
1705.00000,2097.02832
1705.50000,2090.31519
1706.00000,2082.08789
1706.50000,2073.82397
1707.00000,2065.39307
1707.50000,2056.39551
1708.00000,2047.45459
1708.50000,2040.22156
1709.00000,2035.23669
1709.50000,2031.64233
1710.00000,2027.32178
1710.50000,2020.99048
1711.00000,2013.58093
1711.50000,2007.70117
1712.00000,2005.31055
1712.50000,2005.69507
1713.00000,2006.61707
1713.50000,2005.58044
1714.00000,2000.95935
1714.50000,1994.62244
1715.00000,1988.66333
1715.50000,1984.51282
1716.00000,1982.49023
1716.50000,1981.72937
1717.00000,1980.83386
1717.50000,1978.69006
1718.00000,1975.14917
1718.50000,1970.69043
1719.00000,1966.97339
1719.50000,1966.13647
1720.00000,1968.38525
1720.50000,1972.87512
1721.00000,1977.12366
1721.50000,1978.43066
1722.00000,1975.28845
1722.50000,1969.08496
1723.00000,1961.88403
1723.50000,1956.00806
1724.00000,1953.00488
1724.50000,1951.84106
1725.00000,1951.02197
1725.50000,1949.62488
1726.00000,1947.99707
1726.50000,1947.22791
1727.00000,1947.65662
1727.50000,1948.07178
1728.00000,1946.85217
1728.50000,1942.94934
1729.00000,1937.85205
1729.50000,1933.45117
1730.00000,1930.15417
1730.50000,1926.59875
1731.00000,1921.15295
1731.50000,1913.95215
1732.00000,1907.76147
1732.50000,1905.40857
1733.00000,1907.91919
1733.50000,1912.08081
1734.00000,1913.52588
1734.50000,1910.37524
1735.00000,1903.89758
1735.50000,1897.76453
1736.00000,1894.43079
1736.50000,1893.23279
1737.00000,1891.01453
1737.50000,1885.38379
1738.00000,1877.56995
1738.50000,1870.90417
1739.00000,1868.06360
1739.50000,1869.33020
1740.00000,1870.74561
1740.50000,1868.70886
1741.00000,1862.58923
1741.50000,1854.77002
1742.00000,1848.76477
1742.50000,1845.64697
1743.00000,1844.21912
1743.50000,1841.93738
1744.00000,1837.08020
1744.50000,1830.76782
1745.00000,1824.47595
1745.50000,1819.01685
1746.00000,1814.52832
1746.50000,1811.41858
1747.00000,1810.82556
1747.50000,1813.93188
1748.00000,1819.33496
1748.50000,1823.46558
1749.00000,1822.39880
1749.50000,1814.04529
1750.00000,1802.27173
1750.50000,1792.24414
1751.00000,1787.99365
1751.50000,1790.22815
1752.00000,1795.90198
1752.50000,1801.14148
1753.00000,1803.08752
1753.50000,1801.17896
1754.00000,1794.81409
1754.50000,1786.46985
1755.00000,1778.85364
1755.50000,1774.77014
1756.00000,1775.91919
1756.50000,1780.53406
1757.00000,1784.58899
1757.50000,1784.72192
1758.00000,1780.76831
1758.50000,1774.11414
1759.00000,1768.05176
1759.50000,1764.39148
1760.00000,1762.62988
1760.50000,1761.41016
1761.00000,1758.97095
1761.50000,1754.48450
1762.00000,1748.38794
1762.50000,1742.32373
1763.00000,1738.47888
1763.50000,1737.75964
1764.00000,1740.21533
1764.50000,1743.62952
1765.00000,1745.51208
1765.50000,1743.80017
1766.00000,1737.89990
1766.50000,1729.75867
1767.00000,1722.61755
1767.50000,1719.49011
1768.00000,1720.29260
1768.50000,1722.48499
1769.00000,1722.79138
1769.50000,1719.90674
1770.00000,1716.17847
1770.50000,1714.99841
1771.00000,1717.24658
1771.50000,1720.82520
1772.00000,1722.15417
1772.50000,1718.86084
1773.00000,1711.11584
1773.50000,1702.58984
1774.00000,1697.03137
1774.50000,1695.69604
1775.00000,1698.08167
1775.50000,1700.41370
1776.00000,1699.87805
1776.50000,1696.57190
1777.00000,1693.80029
1777.50000,1695.58313
1778.00000,1701.38318
1778.50000,1707.45581
1779.00000,1709.01794
1779.50000,1702.67908
1780.00000,1692.47607
1780.50000,1683.14185
1781.00000,1677.33118
1781.50000,1674.05151
1782.00000,1670.00891
1782.50000,1663.50500
1783.00000,1655.73267
1783.50000,1649.95044
1784.00000,1650.00916
1784.50000,1654.80530
1785.00000,1662.02832
1785.50000,1668.26965
1786.00000,1670.99988
1786.50000,1669.14404
1787.00000,1663.49548
1787.50000,1654.76050
1788.00000,1645.02417
1788.50000,1637.17334
1789.00000,1632.87354
1789.50000,1632.45410
1790.00000,1633.23743
1790.50000,1632.53186
1791.00000,1629.44421
1791.50000,1625.47424
1792.00000,1622.13000
1792.50000,1619.56091
1793.00000,1616.91565
1793.50000,1613.81006
1794.00000,1610.98315
1794.50000,1609.21985
1795.00000,1608.96118
1795.50000,1609.98157
1796.00000,1612.28259
1796.50000,1615.69202
1797.00000,1619.06421
1797.50000,1620.34509
1798.00000,1618.97192
1798.50000,1615.37134
1799.00000,1611.17017
1799.50000,1606.66943
1800.00000,1601.72302
1800.50000,1597.11987
1801.00000,1594.39856
1801.50000,1593.90430
1802.00000,1593.12183
1802.50000,1588.83240
1803.00000,1580.13867
1803.50000,1570.63477
1804.00000,1565.07776
1804.50000,1564.48853
1805.00000,1568.50671
1805.50000,1575.44275
1806.00000,1583.71887
1806.50000,1589.81677
1807.00000,1589.88403
1807.50000,1582.47473
1808.00000,1572.58264
1808.50000,1567.60730
1809.00000,1568.18652
1809.50000,1569.85925
1810.00000,1567.25635
