440.00000,13698.28516
440.50000,13703.17578
441.00000,13707.58984
441.50000,13711.78418
442.00000,13718.08496
442.50000,13731.55078
443.00000,13755.26367
443.50000,13787.15918
444.00000,13823.70020
444.50000,13859.34180
445.00000,13888.77539
445.50000,13912.68066
446.00000,13932.75977
446.50000,13951.12012
447.00000,13967.41602
447.50000,13978.51270
448.00000,13979.81641
448.50000,13968.05957
449.00000,13944.18164
449.50000,13907.99121
450.00000,13864.47949
450.50000,13817.34082
451.00000,13770.94238
451.50000,13728.10449
452.00000,13690.07617
452.50000,13657.52051
453.00000,13629.86914
453.50000,13605.11328
454.00000,13582.71387
454.50000,13562.04004
455.00000,13543.59277
455.50000,13526.59473
456.00000,13509.32422
456.50000,13489.80566
457.00000,13466.30664
457.50000,13438.88965
458.00000,13410.09277
458.50000,13384.10742
459.00000,13363.49707
459.50000,13350.60840
460.00000,13343.64648
460.50000,13341.90234
461.00000,13342.15625
461.50000,13343.28418
462.00000,13344.39941
462.50000,13344.43457
463.00000,13341.35645
463.50000,13333.18262
464.00000,13318.18262
464.50000,13297.60449
465.00000,13272.24316
465.50000,13245.87207
466.00000,13222.18359
466.50000,13202.88770
467.00000,13189.03516
467.50000,13180.06445
468.00000,13174.52441
468.50000,13170.28223
469.00000,13164.81641
469.50000,13156.10352
470.00000,13144.05762
470.50000,13128.69434
471.00000,13112.53125
471.50000,13098.46875
472.00000,13088.00000
472.50000,13081.38281
473.00000,13077.29590
473.50000,13072.89063
474.00000,13065.47559
474.50000,13055.03223
475.00000,13042.35938
475.50000,13030.09180
476.00000,13021.06055
476.50000,13015.68066
477.00000,13011.89063
477.50000,13006.49023
478.00000,12996.61523
478.50000,12980.65625
479.00000,12961.17871
479.50000,12943.01465
480.00000,12929.58301
480.50000,12923.45020
481.00000,12921.99023
481.50000,12920.27832
482.00000,12912.82324
482.50000,12897.10840
483.00000,12873.95605
483.50000,12847.48535
484.00000,12823.19629
484.50000,12805.34863
485.00000,12797.29883
485.50000,12797.24414
486.00000,12805.50391
486.50000,12819.66602
487.00000,12837.53223
487.50000,12855.28809
488.00000,12869.31543
488.50000,12876.22656
489.00000,12875.46484
489.50000,12866.63574
490.00000,12855.01953
490.50000,12844.28320
491.00000,12836.26074
491.50000,12831.18848
492.00000,12827.05078
492.50000,12821.49512
493.00000,12814.00391
493.50000,12805.84473
494.00000,12798.95117
494.50000,12794.49512
495.00000,12793.32715
495.50000,12793.38184
496.00000,12793.98535
496.50000,12795.49902
497.00000,12800.02246
497.50000,12810.68359
498.00000,12829.31738
498.50000,12855.37012
499.00000,12885.50879
499.50000,12916.55566
500.00000,12945.46875
500.50000,12970.11914
501.00000,12992.17285
501.50000,13012.65723
502.00000,13032.27441
502.50000,13050.53711
503.00000,13066.06836
503.50000,13078.67285
504.00000,13089.81836
504.50000,13102.25293
505.00000,13119.42871
505.50000,13141.69629
506.00000,13167.71777
506.50000,13192.26660
507.00000,13210.56934
507.50000,13220.08105
508.00000,13220.83594
508.50000,13214.11230
509.00000,13203.54199
509.50000,13189.87500
510.00000,13173.24805
510.50000,13151.98828
511.00000,13126.48145
511.50000,13097.71582
512.00000,13068.60840
512.50000,13040.78125
513.00000,13014.32617
513.50000,12988.04590
514.00000,12960.66602
514.50000,12933.06055
515.00000,12909.05371
515.50000,12891.61035
516.00000,12884.77441
516.50000,12887.62988
517.00000,12897.76172
517.50000,12909.25391
518.00000,12918.18359
518.50000,12922.80859
519.00000,12924.37793
519.50000,12925.25195
520.00000,12928.52637
520.50000,12936.50879
521.00000,12948.93750
521.50000,12965.85547
522.00000,12985.85840
522.50000,13007.05566
523.00000,13026.53711
523.50000,13041.58301
524.00000,13048.67480
524.50000,13047.09375
525.00000,13033.30859
525.50000,13009.23730
526.00000,12975.71484
526.50000,12936.47559
527.00000,12894.71875
527.50000,12854.28320
528.00000,12819.00391
528.50000,12791.87598
529.00000,12771.26270
529.50000,12755.70801
530.00000,12741.40234
530.50000,12725.76074
531.00000,12708.43164
531.50000,12692.22559
532.00000,12680.97852
532.50000,12677.90723
533.00000,12683.88379
533.50000,12695.74805
534.00000,12707.52930
534.50000,12712.90723
535.00000,12706.16992
535.50000,12689.33398
536.00000,12664.29590
536.50000,12637.53516
537.00000,12615.91113
537.50000,12602.80859
538.00000,12598.34668
538.50000,12601.30469
539.00000,12608.20313
539.50000,12616.96387
540.00000,12625.85547
540.50000,12634.38770
541.00000,12642.08398
541.50000,12647.43555
542.00000,12648.54688
542.50000,12642.15820
543.00000,12626.31152
543.50000,12601.60547
544.00000,12567.93164
544.50000,12528.43262
545.00000,12484.69531
545.50000,12440.44531
546.00000,12399.11230
546.50000,12362.73145
547.00000,12333.11523
547.50000,12310.29297
548.00000,12292.99219
548.50000,12279.95313
549.00000,12269.33105
549.50000,12262.28027
550.00000,12259.74219
550.50000,12264.45996
551.00000,12275.62793
551.50000,12290.70605
552.00000,12303.81152
552.50000,12309.82813
553.00000,12305.85645
553.50000,12293.29004
554.00000,12275.28711
554.50000,12258.07617
555.00000,12246.13574
555.50000,12238.88379
556.00000,12234.70508
556.50000,12230.03027
557.00000,12221.59766
557.50000,12208.29492
558.00000,12191.82422
558.50000,12174.30664
559.00000,12158.05957
559.50000,12145.36523
560.00000,12136.78906
560.50000,12133.08594
561.00000,12132.11719
561.50000,12131.91016
562.00000,12130.10742
562.50000,12125.04492
563.00000,12116.82129
563.50000,12108.58887
564.00000,12104.74805
564.50000,12106.95996
565.00000,12116.03906
565.50000,12127.35645
566.00000,12134.82324
566.50000,12134.02637
567.00000,12125.10547
567.50000,12112.49609
568.00000,12102.20117
568.50000,12099.12305
569.00000,12103.17383
569.50000,12110.12598
570.00000,12113.62500
570.50000,12109.66406
571.00000,12100.45605
571.50000,12090.80078
572.00000,12087.34375
572.50000,12094.24707
573.00000,12109.50781
573.50000,12127.43555
574.00000,12142.40625
574.50000,12151.81934
575.00000,12155.03027
575.50000,12156.86426
576.00000,12161.37012
576.50000,12169.27930
577.00000,12178.83496
577.50000,12186.33984
578.00000,12188.11035
578.50000,12181.38672
579.00000,12168.93848
579.50000,12152.79590
580.00000,12136.08496
580.50000,12120.29199
581.00000,12105.27832
581.50000,12089.63281
582.00000,12072.00684
582.50000,12051.90918
583.00000,12029.89551
583.50000,12007.55273
584.00000,11986.95508
584.50000,11969.73438
585.00000,11957.47070
585.50000,11948.88477
586.00000,11943.31934
586.50000,11938.93066
587.00000,11934.17969
587.50000,11927.89355
588.00000,11919.76660
588.50000,11909.97168
589.00000,11899.11914
589.50000,11887.60742
590.00000,11876.21973
590.50000,11866.42383
591.00000,11859.97559
591.50000,11859.14160
592.00000,11864.54688
592.50000,11875.52148
593.00000,11889.45508
593.50000,11901.92578
594.00000,11907.08398
594.50000,11904.25293
595.00000,11893.00781
595.50000,11878.39355
596.00000,11865.24316
596.50000,11857.68457
597.00000,11858.92480
597.50000,11867.38965
598.00000,11880.03125
598.50000,11894.50195
599.00000,11909.24023
599.50000,11924.49805
600.00000,11941.45215
600.50000,11961.69141
601.00000,11984.22266
601.50000,12006.95020
602.00000,12026.64453
602.50000,12039.88574
603.00000,12044.19727
603.50000,12040.73633
604.00000,12033.41211
604.50000,12027.94336
605.00000,12030.41211
605.50000,12041.84473
606.00000,12062.56445
606.50000,12087.15234
607.00000,12108.85547
607.50000,12123.39453
608.00000,12130.34961
608.50000,12131.99512
609.00000,12133.35742
609.50000,12139.46680
610.00000,12151.29980
610.50000,12166.77734
611.00000,12180.93164
611.50000,12188.31934
612.00000,12185.69629
612.50000,12171.54785
613.00000,12146.58105
613.50000,12115.84570
614.00000,12083.66602
614.50000,12053.86719
615.00000,12029.90820
615.50000,12011.60840
616.00000,11999.23047
616.50000,11990.62500
617.00000,11984.04688
617.50000,11978.60254
618.00000,11973.89551
618.50000,11969.70313
619.00000,11965.36523
619.50000,11959.29883
620.00000,11950.47070
620.50000,11937.65039
621.00000,11921.63574
621.50000,11903.21191
622.00000,11883.94727
622.50000,11865.31152
623.00000,11848.63379
623.50000,11834.30176
624.00000,11822.86816
624.50000,11813.64355
625.00000,11806.21875
625.50000,11799.21191
626.00000,11791.70215
626.50000,11783.98145
627.00000,11777.99805
627.50000,11776.45605
628.00000,11781.71094
628.50000,11795.69434
629.00000,11816.79883
629.50000,11843.74902
630.00000,11871.99902
630.50000,11898.97949
631.00000,11923.59766
631.50000,11945.41602
632.00000,11965.09570
632.50000,11983.28418
633.00000,12000.20117
633.50000,12015.69043
634.00000,12028.50098
634.50000,12037.89844
635.00000,12041.80664
635.50000,12040.78320
636.00000,12034.85742
636.50000,12026.92090
637.00000,12020.15820
637.50000,12016.86621
638.00000,12017.76367
638.50000,12022.29492
639.00000,12028.03711
639.50000,12032.30469
640.00000,12033.85352
640.50000,12032.47754
641.00000,12029.93555
641.50000,12028.27051
642.00000,12029.32324
642.50000,12034.27344
643.00000,12043.12695
643.50000,12053.55078
644.00000,12062.79883
644.50000,12068.96777
645.00000,12070.52441
645.50000,12069.50098
646.00000,12069.09766
646.50000,12073.46289
647.00000,12085.05566
647.50000,12102.72949
648.00000,12122.66992
648.50000,12140.16895
649.00000,12152.13281
649.50000,12156.60840
650.00000,12157.45801
650.50000,12159.58301
651.00000,12166.20117
651.50000,12178.33496
652.00000,12193.01953
652.50000,12205.11328
653.00000,12208.73926
653.50000,12201.09961
654.00000,12182.79492
654.50000,12160.27246
655.00000,12140.37695
655.50000,12128.44434
656.00000,12129.38184
656.50000,12141.84668
657.00000,12162.23145
657.50000,12184.06055
658.00000,12202.35645
658.50000,12213.87598
659.00000,12219.06250
659.50000,12218.48047
660.00000,12215.61230
660.50000,12213.22070
661.00000,12213.07813
661.50000,12215.97559
662.00000,12221.12207
662.50000,12226.90527
663.00000,12231.19531
663.50000,12232.19922
664.00000,12227.79688
664.50000,12219.05566
665.00000,12205.76563
665.50000,12189.38184
666.00000,12169.80957
666.50000,12147.58008
667.00000,12123.20020
667.50000,12098.54785
668.00000,12076.87988
668.50000,12062.03125
669.00000,12055.33301
669.50000,12058.64258
670.00000,12068.21191
670.50000,12080.81445
671.00000,12091.44727
671.50000,12096.45410
672.00000,12095.63672
672.50000,12090.45215
673.00000,12083.10938
673.50000,12075.57324
674.00000,12068.22852
674.50000,12060.02637
675.00000,12049.28613
675.50000,12037.09375
676.00000,12026.75977
676.50000,12022.71094
677.00000,12029.62695
677.50000,12048.72656
678.00000,12076.50488
678.50000,12105.94922
679.00000,12129.68359
679.50000,12142.76367
680.00000,12148.13477
680.50000,12149.47559
681.00000,12152.35742
681.50000,12160.04004
682.00000,12171.46973
682.50000,12182.66113
683.00000,12190.41895
683.50000,12194.63574
684.00000,12197.42871
684.50000,12202.46875
685.00000,12213.94434
685.50000,12232.27051
686.00000,12257.45313
686.50000,12286.70508
687.00000,12318.35449
687.50000,12351.11719
688.00000,12384.28516
688.50000,12417.82227
689.00000,12452.13770
689.50000,12488.71484
690.00000,12527.77637
690.50000,12569.14941
691.00000,12610.50195
691.50000,12648.48242
692.00000,12680.45410
692.50000,12705.20898
693.00000,12723.34180
693.50000,12737.45508
694.00000,12747.52344
694.50000,12751.91699
695.00000,12744.04688
695.50000,12721.98828
696.00000,12682.12598
696.50000,12628.83301
697.00000,12568.18262
697.50000,12507.72656
698.00000,12451.32324
698.50000,12399.86816
699.00000,12351.52246
699.50000,12305.79004
700.00000,12262.76563
700.50000,12225.55469
701.00000,12195.22852
701.50000,12170.63184
702.00000,12147.20703
702.50000,12119.23535
703.00000,12081.84668
703.50000,12034.41699
704.00000,11978.02148
704.50000,11918.83105
705.00000,11862.73535
705.50000,11811.90625
706.00000,11766.60352
706.50000,11723.62891
707.00000,11679.52246
707.50000,11632.02539
708.00000,11581.53320
708.50000,11531.15234
709.00000,11485.03223
709.50000,11447.36621
710.00000,11417.12207
710.50000,11393.45996
711.00000,11372.34668
711.50000,11351.10254
712.00000,11328.99805
712.50000,11308.31836
713.00000,11293.23047
713.50000,11286.77539
714.00000,11292.62305
714.50000,11309.11426
715.00000,11337.22266
715.50000,11373.06348
716.00000,11415.68262
716.50000,11462.67578
717.00000,11511.95898
717.50000,11561.29785
718.00000,11608.00586
718.50000,11648.59375
719.00000,11681.16211
719.50000,11701.69434
720.00000,11711.44141
720.50000,11709.56445
721.00000,11700.65820
721.50000,11687.36133
722.00000,11672.58203
722.50000,11658.17676
723.00000,11645.16309
723.50000,11633.96094
724.00000,11625.62891
724.50000,11620.55762
725.00000,11619.68555
725.50000,11621.68652
726.00000,11625.33105
726.50000,11628.76855
727.00000,11630.89160
727.50000,11631.88770
728.00000,11633.10449
728.50000,11636.39258
729.00000,11642.24902
729.50000,11651.28809
730.00000,11662.84766
730.50000,11677.57910
731.00000,11695.14453
731.50000,11714.89941
732.00000,11734.10156
732.50000,11747.98145
733.00000,11752.43555
733.50000,11747.74707
734.00000,11736.49219
734.50000,11725.67969
735.00000,11722.99121
735.50000,11730.74023
736.00000,11749.69629
736.50000,11774.24414
737.00000,11797.81055
737.50000,11815.73242
738.00000,11825.96582
738.50000,11826.92578
739.00000,11819.66211
739.50000,11802.57715
740.00000,11778.28223
740.50000,11748.05664
741.00000,11716.52148
741.50000,11686.84473
742.00000,11659.56836
742.50000,11632.85645
743.00000,11603.98047
743.50000,11571.91797
744.00000,11538.12012
744.50000,11506.81152
745.00000,11483.77148
745.50000,11468.17676
746.00000,11457.75391
746.50000,11447.36035
747.00000,11433.10938
747.50000,11414.25293
748.00000,11393.32813
748.50000,11374.16895
749.00000,11359.46875
749.50000,11350.03320
750.00000,11342.92871
750.50000,11335.78613
751.00000,11326.71582
751.50000,11314.43457
752.00000,11298.77441
752.50000,11279.94434
753.00000,11258.56836
753.50000,11236.44629
754.00000,11215.89063
754.50000,11198.23730
755.00000,11184.66016
755.50000,11173.66504
756.00000,11163.83105
756.50000,11153.58887
757.00000,11142.37500
757.50000,11130.83008
758.00000,11120.31348
758.50000,11112.28711
759.00000,11107.41895
759.50000,11107.53906
760.00000,11112.58301
760.50000,11123.84961
761.00000,11139.74219
761.50000,11158.19141
762.00000,11175.50391
762.50000,11188.29102
763.00000,11194.68848
763.50000,11195.39941
764.00000,11191.03516
764.50000,11184.00391
765.00000,11175.36426
765.50000,11166.40723
766.00000,11157.92676
766.50000,11150.35547
767.00000,11143.33789
767.50000,11135.54883
768.00000,11125.22656
768.50000,11110.62793
769.00000,11092.24609
769.50000,11071.15820
770.00000,11050.33105
770.50000,11032.51074
771.00000,11018.40918
771.50000,11007.34180
772.00000,10997.55371
772.50000,10987.61914
773.00000,10976.82129
773.50000,10965.20313
774.00000,10952.97949
774.50000,10940.62695
775.00000,10928.73145
775.50000,10917.93652
776.00000,10908.96582
776.50000,10901.52344
777.00000,10894.59375
777.50000,10886.63574
778.00000,10876.59961
778.50000,10864.49512
779.00000,10852.19824
779.50000,10842.84180
780.00000,10838.39160
780.50000,10840.46582
781.00000,10847.29102
781.50000,10857.23242
782.00000,10867.98340
782.50000,10877.60742
783.00000,10884.56934
783.50000,10888.21484
784.00000,10887.57324
784.50000,10883.42773
785.00000,10876.08203
785.50000,10866.99414
786.00000,10856.61230
786.50000,10845.50098
787.00000,10834.39258
787.50000,10824.77539
788.00000,10818.73926
788.50000,10818.92578
789.00000,10825.37891
789.50000,10837.20703
790.00000,10849.88965
790.50000,10860.03809
791.00000,10866.92676
791.50000,10872.27637
792.00000,10879.97363
792.50000,10893.84082
793.00000,10915.90234
793.50000,10944.05078
794.00000,10974.80371
794.50000,11003.51367
795.00000,11026.99316
795.50000,11045.94727
796.00000,11061.62695
796.50000,11076.79102
797.00000,11093.72754
797.50000,11113.60449
798.00000,11136.12305
798.50000,11160.37402
799.00000,11184.93164
799.50000,11209.41602
800.00000,11234.35547
800.50000,11260.70703
801.00000,11288.24902
801.50000,11315.23438
802.00000,11338.50586
802.50000,11354.53027
803.00000,11360.63867
803.50000,11357.62402
804.00000,11346.90430
804.50000,11332.08984
805.00000,11313.81738
805.50000,11293.36133
806.00000,11272.01465
806.50000,11253.04102
807.00000,11241.47363
807.50000,11241.54785
808.00000,11253.51563
808.50000,11274.38281
809.00000,11295.78613
809.50000,11311.35742
810.00000,11320.92871
810.50000,11327.25391
811.00000,11335.87402
811.50000,11350.78613
812.00000,11371.38574
812.50000,11393.64941
813.00000,11412.66016
813.50000,11426.21289
814.00000,11435.08496
814.50000,11442.71484
815.00000,11450.79199
815.50000,11458.91797
816.00000,11465.24316
816.50000,11468.68652
817.00000,11469.54492
817.50000,11469.39844
818.00000,11469.25098
818.50000,11467.37012
819.00000,11460.57324
819.50000,11444.26758
820.00000,11420.13184
820.50000,11391.17090
821.00000,11364.16406
821.50000,11345.70703
822.00000,11338.70801
822.50000,11342.76660
823.00000,11355.84668
823.50000,11374.88770
824.00000,11400.01465
824.50000,11430.74512
825.00000,11468.24219
825.50000,11509.50684
826.00000,11550.98926
826.50000,11588.92188
827.00000,11621.18066
827.50000,11648.55371
828.00000,11673.86230
828.50000,11699.07422
829.00000,11723.49902
829.50000,11742.26953
830.00000,11751.78320
830.50000,11746.66797
831.00000,11728.42773
831.50000,11698.62793
832.00000,11661.56641
832.50000,11620.79199
833.00000,11578.18652
833.50000,11534.70605
834.00000,11490.63477
834.50000,11446.70508
835.00000,11403.85547
835.50000,11362.37109
836.00000,11322.46680
836.50000,11283.89453
837.00000,11246.88477
837.50000,11212.07617
838.00000,11180.11133
838.50000,11151.81445
839.00000,11126.66992
839.50000,11105.21582
840.00000,11086.65820
840.50000,11071.90430
841.00000,11060.55371
841.50000,11052.07520
842.00000,11044.70410
842.50000,11036.46484
843.00000,11025.99805
843.50000,11013.57324
844.00000,11000.33887
844.50000,10988.08887
845.00000,10978.58496
845.50000,10971.66406
846.00000,10967.33496
846.50000,10964.80957
847.00000,10963.44238
847.50000,10962.51855
848.00000,10961.47949
848.50000,10960.34863
849.00000,10959.94238
849.50000,10962.26172
850.00000,10968.21094
850.50000,10978.75684
851.00000,10991.77051
851.50000,11005.06641
852.00000,11016.86621
852.50000,11026.52441
853.00000,11033.99023
853.50000,11039.25684
854.00000,11040.54395
854.50000,11036.86230
855.00000,11026.28418
855.50000,11011.40527
856.00000,10996.21387
856.50000,10985.40234
857.00000,10981.60156
857.50000,10984.16406
858.00000,10990.02539
858.50000,10996.68652
859.00000,11003.10156
859.50000,11010.25879
860.00000,11019.19824
860.50000,11029.95020
861.00000,11039.96680
861.50000,11044.84473
862.00000,11040.83691
862.50000,11026.54004
863.00000,11001.93652
863.50000,10970.11523
864.00000,10933.15039
864.50000,10894.68457
865.00000,10857.04785
865.50000,10821.14648
866.00000,10786.40820
866.50000,10750.55859
867.00000,10710.91406
867.50000,10666.33594
868.00000,10619.19531
868.50000,10574.10547
869.00000,10534.93652
869.50000,10505.42871
870.00000,10482.89355
870.50000,10465.21973
871.00000,10449.01855
871.50000,10433.64844
872.00000,10420.74023
872.50000,10413.00293
873.00000,10412.42773
873.50000,10417.48340
874.00000,10424.87207
874.50000,10430.22461
875.00000,10429.79395
875.50000,10423.73145
876.00000,10412.76367
876.50000,10399.90234
877.00000,10388.13379
877.50000,10379.71387
878.00000,10375.23730
878.50000,10374.27051
879.00000,10374.47852
879.50000,10373.27246
880.00000,10369.02734
880.50000,10360.43652
881.00000,10348.32324
881.50000,10333.61328
882.00000,10318.09277
882.50000,10303.77832
883.00000,10292.61914
883.50000,10285.19824
884.00000,10281.48340
884.50000,10278.99902
885.00000,10275.18359
885.50000,10268.92871
886.00000,10261.14551
886.50000,10254.94629
887.00000,10252.92480
887.50000,10254.93359
888.00000,10257.60156
888.50000,10256.38086
889.00000,10249.61523
889.50000,10238.37402
890.00000,10228.77344
890.50000,10228.11230
891.00000,10238.58789
891.50000,10258.88672
892.00000,10281.90039
892.50000,10299.14063
893.00000,10304.98242
893.50000,10300.47559
894.00000,10288.60547
894.50000,10276.24609
895.00000,10269.19434
895.50000,10269.04883
896.00000,10275.70020
896.50000,10285.10645
897.00000,10292.63574
897.50000,10294.87793
898.00000,10291.78223
898.50000,10285.96680
899.00000,10282.20117
899.50000,10284.39551
900.00000,10290.84473
900.50000,10297.75781
901.00000,10300.21289
901.50000,10294.77637
902.00000,10282.56055
902.50000,10267.81934
903.00000,10255.54004
903.50000,10248.45020
904.00000,10247.34570
904.50000,10249.08008
905.00000,10251.26563
905.50000,10252.60059
906.00000,10253.63770
906.50000,10255.63867
907.00000,10259.39941
907.50000,10264.76563
908.00000,10270.99902
908.50000,10277.83301
909.00000,10285.58301
909.50000,10295.80078
910.00000,10309.10742
910.50000,10326.37207
911.00000,10346.17773
911.50000,10366.49512
912.00000,10384.94336
912.50000,10400.11035
913.00000,10412.40039
913.50000,10424.06250
914.00000,10437.64746
914.50000,10454.16602
915.00000,10473.88379
915.50000,10494.85449
916.00000,10515.50977
916.50000,10535.17285
917.00000,10554.22363
917.50000,10573.35840
918.00000,10592.44629
918.50000,10609.83887
919.00000,10623.64941
919.50000,10630.71973
920.00000,10632.26660
920.50000,10628.75684
921.00000,10622.45605
921.50000,10614.22168
922.00000,10604.10938
922.50000,10591.60645
923.00000,10576.36230
923.50000,10559.35059
924.00000,10541.91211
924.50000,10525.45605
925.00000,10510.83398
925.50000,10497.36523
926.00000,10484.20410
926.50000,10470.77734
927.00000,10457.57227
927.50000,10445.89551
928.00000,10436.80469
928.50000,10430.81641
929.00000,10426.55859
929.50000,10422.41992
930.00000,10417.10840
930.50000,10410.63281
931.00000,10405.06348
931.50000,10404.14551
932.00000,10411.39941
932.50000,10429.00977
933.00000,10457.27539
933.50000,10491.68262
934.00000,10526.01465
934.50000,10553.11328
935.00000,10565.36230
935.50000,10563.80762
936.00000,10550.61914
936.50000,10533.37891
937.00000,10518.89941
937.50000,10510.40332
938.00000,10505.60742
938.50000,10498.88379
939.00000,10485.46875
939.50000,10462.25293
940.00000,10434.48730
940.50000,10408.75488
941.00000,10390.34668
941.50000,10381.12500
942.00000,10377.29980
942.50000,10373.14746
943.00000,10365.49902
943.50000,10356.01758
944.00000,10350.08105
944.50000,10352.47559
945.00000,10368.79688
945.50000,10396.55176
946.00000,10432.81738
946.50000,10470.99609
947.00000,10504.84277
947.50000,10529.90039
948.00000,10545.42773
948.50000,10552.36230
949.00000,10555.78613
949.50000,10560.23730
950.00000,10568.53027
950.50000,10581.38184
951.00000,10596.13574
951.50000,10609.99512
952.00000,10621.21289
952.50000,10629.70605
953.00000,10636.21973
953.50000,10641.59082
954.00000,10644.97461
954.50000,10645.13184
955.00000,10639.08594
955.50000,10626.62500
956.00000,10607.31543
956.50000,10583.49219
957.00000,10557.90918
957.50000,10533.30566
958.00000,10511.39355
958.50000,10493.11230
959.00000,10477.48145
959.50000,10464.62988
960.00000,10454.20020
960.50000,10447.30078
961.00000,10443.55957
961.50000,10441.52832
962.00000,10437.98047
962.50000,10429.56836
963.00000,10414.59082
963.50000,10395.82617
964.00000,10378.66211
964.50000,10368.40723
965.00000,10370.17773
965.50000,10381.11133
966.00000,10396.93945
966.50000,10411.18945
967.00000,10419.09570
967.50000,10419.38281
968.00000,10414.44141
968.50000,10406.98242
969.00000,10400.16992
969.50000,10396.77051
970.00000,10397.21191
970.50000,10401.36719
971.00000,10405.93945
971.50000,10405.78906
972.00000,10396.22559
972.50000,10375.57813
973.00000,10346.28906
973.50000,10316.07617
974.00000,10293.33789
974.50000,10280.24219
975.00000,10275.03418
975.50000,10268.79980
976.00000,10253.08398
976.50000,10226.58691
977.00000,10195.64453
977.50000,10170.30762
978.00000,10157.12305
978.50000,10156.95898
979.00000,10161.14063
979.50000,10160.03613
980.00000,10150.08789
980.50000,10132.88379
981.00000,10116.64941
981.50000,10108.89844
982.00000,10111.16992
982.50000,10118.84570
983.00000,10124.91602
983.50000,10124.88672
984.00000,10117.76758
984.50000,10108.11328
985.00000,10099.65430
985.50000,10093.59570
986.00000,10089.27148
986.50000,10085.47852
987.00000,10082.41699
987.50000,10080.63477
988.00000,10078.97949
988.50000,10073.82617
989.00000,10062.35059
989.50000,10042.43262
990.00000,10019.33887
990.50000,9999.90723
991.00000,9988.97656
991.50000,9987.68555
992.00000,9991.58789
992.50000,9995.06836
993.00000,9995.47754
993.50000,9994.90820
994.00000,9997.80859
994.50000,10005.75977
995.00000,10017.49805
995.50000,10028.00977
996.00000,10033.44531
996.50000,10034.79785
997.00000,10036.52637
997.50000,10042.94629
998.00000,10054.72168
998.50000,10069.82520
999.00000,10084.78711
999.50000,10098.74609
1000.00000,10114.12500
1000.50000,10134.91504
1001.00000,10161.56934
1001.50000,10190.86035
1002.00000,10215.78125
1002.50000,10229.29688
1003.00000,10226.82910
1003.50000,10211.72559
1004.00000,10188.56250
1004.50000,10165.39648
1005.00000,10147.21094
1005.50000,10133.18652
1006.00000,10119.01855
1006.50000,10098.90234
1007.00000,10068.75098
1007.50000,10029.15820
1008.00000,9985.82324
1008.50000,9944.85059
1009.00000,9909.36816
1009.50000,9880.25586
1010.00000,9853.53906
1010.50000,9826.68750
1011.00000,9799.25781
1011.50000,9773.12402
1012.00000,9750.36035
1012.50000,9731.42090
1013.00000,9715.49316
1013.50000,9701.51367
1014.00000,9691.62500
1014.50000,9688.50586
1015.00000,9697.05762
1015.50000,9715.03320
1016.00000,9737.65234
1016.50000,9756.82813
1017.00000,9766.55469
1017.50000,9766.57129
1018.00000,9763.13281
1018.50000,9764.42480
1019.00000,9774.85059
1019.50000,9795.84766
1020.00000,9820.72852
1020.50000,9843.87891
1021.00000,9862.15332
1021.50000,9875.48926
1022.00000,9886.86230
1022.50000,9899.93457
1023.00000,9917.78223
1023.50000,9941.18750
1024.00000,9970.81934
1024.50000,10003.66797
1025.00000,10035.72949
1025.50000,10061.94141
1026.00000,10076.25781
1026.50000,10077.28418
1027.00000,10067.11914
1027.50000,10051.99805
1028.00000,10039.86621
1028.50000,10037.08301
1029.00000,10043.08789
1029.50000,10055.18359
1030.00000,10066.27734
1030.50000,10070.55566
1031.00000,10066.79297
1031.50000,10055.96289
1032.00000,10041.51172
1032.50000,10026.80273
1033.00000,10013.84766
1033.50000,10003.06641
1034.00000,9994.61914
1034.50000,9987.50293
1035.00000,9981.05469
1035.50000,9974.52441
1036.00000,9967.81250
1036.50000,9961.48535
1037.00000,9956.19531
1037.50000,9951.64355
1038.00000,9946.00684
1038.50000,9936.29004
1039.00000,9921.68262
1039.50000,9902.88184
1040.00000,9885.00977
1040.50000,9874.29492
1041.00000,9873.14355
1041.50000,9880.74316
1042.00000,9891.59863
1042.50000,9899.52148
1043.00000,9900.99902
1043.50000,9898.05664
1044.00000,9895.16113
1044.50000,9896.53223
1045.00000,9904.57031
1045.50000,9916.52051
1046.00000,9929.48633
1046.50000,9941.66406
1047.00000,9953.91406
1047.50000,9968.45313
1048.00000,9986.20313
1048.50000,10006.10547
1049.00000,10025.07520
1049.50000,10040.07813
1050.00000,10051.86426
1050.50000,10063.03906
1051.00000,10077.49121
1051.50000,10098.37793
1052.00000,10126.01270
1052.50000,10158.59766
1053.00000,10194.08594
1053.50000,10230.25879
1054.00000,10265.40527
1054.50000,10297.94629
1055.00000,10324.77734
1055.50000,10345.09961
1056.00000,10358.53711
1056.50000,10368.26855
1057.00000,10378.28027
1057.50000,10391.26563
1058.00000,10406.54688
1058.50000,10420.84277
1059.00000,10431.00684
1059.50000,10434.89063
1060.00000,10435.65137
1060.50000,10436.80469
1061.00000,10440.80078
1061.50000,10447.56836
1062.00000,10454.81250
1062.50000,10460.52539
1063.00000,10464.69922
1063.50000,10469.49707
1064.00000,10477.72559
1064.50000,10489.61719
1065.00000,10504.62500
1065.50000,10520.30078
1066.00000,10534.87500
1066.50000,10547.73633
1067.00000,10559.19043
1067.50000,10570.06445
1068.00000,10581.19238
1068.50000,10592.82617
1069.00000,10604.09766
1069.50000,10612.37207
1070.00000,10615.66602
1070.50000,10611.46289
1071.00000,10601.52148
1071.50000,10589.52734
1072.00000,10580.54785
1072.50000,10578.13477
1073.00000,10583.38379
1073.50000,10593.40625
1074.00000,10605.80762
1074.50000,10618.39258
1075.00000,10630.64355
1075.50000,10642.28027
1076.00000,10651.74707
1076.50000,10656.99316
1077.00000,10656.25684
1077.50000,10649.66504
1078.00000,10639.92188
1078.50000,10629.95020
1079.00000,10621.84863
1079.50000,10616.65820
1080.00000,10613.16113
1080.50000,10610.12695
1081.00000,10605.91992
1081.50000,10598.90332
1082.00000,10588.74219
1082.50000,10577.65430
1083.00000,10570.98535
1083.50000,10574.15625
1084.00000,10593.16406
1084.50000,10623.39160
1085.00000,10657.96289
1085.50000,10687.34277
1086.00000,10705.79102
1086.50000,10716.14941
1087.00000,10725.99707
1087.50000,10743.04883
1088.00000,10769.70020
1088.50000,10804.56641
1089.00000,10841.94238
1089.50000,10878.35254
1090.00000,10912.97363
1090.50000,10945.56348
1091.00000,10975.50684
1091.50000,11000.64160
1092.00000,11020.09277
1092.50000,11036.05957
1093.00000,11053.16895
1093.50000,11075.38086
1094.00000,11104.26660
1094.50000,11135.13184
1095.00000,11161.77246
1095.50000,11180.80762
1096.00000,11191.15137
1096.50000,11195.82324
1097.00000,11197.26660
1097.50000,11195.74414
1098.00000,11190.37012
1098.50000,11180.33789
1099.00000,11168.49219
1099.50000,11159.33008
1100.00000,11155.24414
1100.50000,11155.74805
1101.00000,11155.43652
1101.50000,11148.18262
1102.00000,11131.99414
1102.50000,11111.15820
1103.00000,11094.17969
1103.50000,11087.97461
1104.00000,11096.76855
1104.50000,11113.12988
1105.00000,11127.69434
1105.50000,11132.74805
1106.00000,11125.30469
1106.50000,11111.27148
1107.00000,11099.68262
1107.50000,11097.68555
1108.00000,11105.47070
1108.50000,11118.95410
1109.00000,11131.11914
1109.50000,11137.81250
1110.00000,11141.65234
1110.50000,11147.71777
1111.00000,11159.69141
1111.50000,11177.47656
1112.00000,11196.43652
1112.50000,11211.32813
1113.00000,11219.82227
1113.50000,11225.22559
1114.00000,11233.07520
1114.50000,11246.93262
1115.00000,11268.42285
1115.50000,11293.95410
1116.00000,11320.64258
1116.50000,11346.92773
1117.00000,11372.58496
1117.50000,11396.41309
1118.00000,11414.99316
1118.50000,11421.84570
1119.00000,11415.56934
1119.50000,11395.16406
1120.00000,11369.40625
1120.50000,11346.09570
1121.00000,11329.63965
1121.50000,11319.42285
1122.00000,11310.47461
1122.50000,11298.32129
1123.00000,11282.26660
1123.50000,11266.16797
1124.00000,11255.31836
1124.50000,11250.87402
1125.00000,11252.06934
1125.50000,11254.33203
1126.00000,11254.19629
1126.50000,11250.62402
1127.00000,11244.35547
1127.50000,11236.84570
1128.00000,11229.78223
1128.50000,11225.62891
1129.00000,11226.77246
1129.50000,11238.06543
1130.00000,11258.78906
1130.50000,11287.52832
1131.00000,11317.77148
1131.50000,11342.95605
1132.00000,11359.70313
1132.50000,11369.57031
1133.00000,11377.14258
1133.50000,11387.75586
1134.00000,11405.18555
1134.50000,11427.73926
1135.00000,11453.11816
1135.50000,11477.91406
1136.00000,11500.39648
1136.50000,11521.10938
1137.00000,11541.92285
1137.50000,11564.96387
1138.00000,11591.15137
1138.50000,11620.37207
1139.00000,11650.39160
1139.50000,11678.46875
1140.00000,11703.10059
1140.50000,11723.29395
1141.00000,11740.63184
1141.50000,11757.26270
1142.00000,11775.44238
1142.50000,11796.48242
1143.00000,11820.60742
1143.50000,11846.10840
1144.00000,11870.36230
1144.50000,11890.90332
1145.00000,11904.54688
1145.50000,11911.54199
1146.00000,11912.24219
1146.50000,11909.14844
1147.00000,11904.77930
1147.50000,11901.35254
1148.00000,11900.52441
1148.50000,11904.18359
1149.00000,11912.28125
1149.50000,11924.99805
1150.00000,11939.35840
1150.50000,11952.40332
1151.00000,11962.47266
1151.50000,11970.27051
1152.00000,11978.96094
1152.50000,11991.75781
1153.00000,12009.97070
1153.50000,12030.93164
1154.00000,12051.00879
1154.50000,12068.01074
1155.00000,12081.77246
1155.50000,12094.84277
1156.00000,12108.94336
1156.50000,12123.51758
1157.00000,12136.07813
1157.50000,12144.14746
1158.00000,12147.87109
1158.50000,12149.31836
1159.00000,12152.29297
1159.50000,12160.67090
1160.00000,12174.54004
1160.50000,12193.36035
1161.00000,12213.80273
1161.50000,12232.39355
1162.00000,12246.75000
1162.50000,12257.07520
1163.00000,12266.18652
1163.50000,12278.70410
1164.00000,12299.86621
1164.50000,12328.94238
1165.00000,12363.50293
1165.50000,12396.86523
1166.00000,12422.70996
1166.50000,12438.80762
1167.00000,12446.83594
1167.50000,12451.81055
1168.00000,12460.13477
1168.50000,12477.58398
1169.00000,12503.86914
1169.50000,12536.50977
1170.00000,12567.14258
1170.50000,12586.56543
1171.00000,12591.66992
1171.50000,12584.59863
1172.00000,12574.17285
1172.50000,12569.86523
1173.00000,12576.47070
1173.50000,12589.36328
1174.00000,12600.59375
1174.50000,12604.82422
1175.00000,12601.99219
1175.50000,12599.42578
1176.00000,12604.15723
1176.50000,12617.01563
1177.00000,12633.18164
1177.50000,12646.39746
1178.00000,12654.67871
1178.50000,12660.75293
1179.00000,12669.30371
1179.50000,12682.12207
1180.00000,12695.11914
1180.50000,12703.27734
1181.00000,12706.24512
1181.50000,12708.46777
1182.00000,12715.80859
1182.50000,12729.30078
1183.00000,12743.38770
1183.50000,12749.77441
1184.00000,12741.63867
1184.50000,12724.57227
1185.00000,12707.16016
1185.50000,12697.22266
1186.00000,12696.52344
1186.50000,12698.70508
1187.00000,12695.79883
1187.50000,12683.56348
1188.00000,12664.60547
1188.50000,12643.26367
1189.00000,12623.27148
1189.50000,12605.37598
1190.00000,12588.04980
1190.50000,12570.55957
1191.00000,12552.90430
1191.50000,12534.30371
1192.00000,12512.32324
1192.50000,12484.39063
1193.00000,12450.02246
1193.50000,12414.26660
1194.00000,12385.51074
1194.50000,12368.28516
1195.00000,12365.31445
1195.50000,12369.66309
1196.00000,12373.79590
1196.50000,12371.89453
1197.00000,12362.45313
1197.50000,12347.68164
1198.00000,12331.94531
1198.50000,12319.21094
1199.00000,12311.63086
1199.50000,12312.57422
1200.00000,12321.27246
1200.50000,12337.50195
1201.00000,12356.98047
1201.50000,12374.35254
1202.00000,12384.70605
1202.50000,12386.07422
1203.00000,12379.38770
1203.50000,12370.43457
1204.00000,12366.37109
1204.50000,12371.26465
1205.00000,12387.60254
1205.50000,12409.39063
1206.00000,12428.20410
1206.50000,12436.65820
1207.00000,12432.72949
1207.50000,12421.57715
1208.00000,12413.36230
1208.50000,12417.34863
1209.00000,12432.82520
1209.50000,12454.89355
1210.00000,12473.70605
1210.50000,12482.64453
1211.00000,12483.27637
1211.50000,12481.18262
1212.00000,12482.82910
1212.50000,12491.48633
1213.00000,12507.57422
1213.50000,12528.11426
1214.00000,12551.20996
1214.50000,12574.22949
1215.00000,12594.49609
1215.50000,12610.47559
1216.00000,12621.63086
1216.50000,12630.69727
1217.00000,12641.86719
1217.50000,12658.39551
1218.00000,12679.79492
1218.50000,12703.70117
1219.00000,12727.16895
1219.50000,12750.37109
1220.00000,12776.14453
1220.50000,12808.37109
1221.00000,12847.09473
1221.50000,12889.69824
1222.00000,12931.70801
1222.50000,12969.91504
1223.00000,13003.36328
1223.50000,13033.91699
1224.00000,13062.51758
1224.50000,13089.60059
1225.00000,13113.80176
1225.50000,13135.01855
1226.00000,13154.19043
1226.50000,13174.00781
1227.00000,13197.13672
1227.50000,13224.49121
1228.00000,13253.69238
1228.50000,13280.22070
1229.00000,13300.45020
1229.50000,13310.98633
1230.00000,13315.31055
1230.50000,13317.49805
1231.00000,13321.90430
1231.50000,13329.48730
1232.00000,13336.89844
1232.50000,13339.05176
1233.00000,13332.21387
1233.50000,13318.97656
1234.00000,13304.46680
1234.50000,13294.42090
1235.00000,13292.03223
1235.50000,13294.22363
1236.00000,13297.23145
1236.50000,13299.11914
1237.00000,13301.95508
1237.50000,13310.23438
1238.00000,13326.30762
1238.50000,13350.33691
1239.00000,13377.62207
1239.50000,13405.16113
1240.00000,13432.39258
1240.50000,13460.76074
1241.00000,13490.45020
1241.50000,13518.74609
1242.00000,13541.54785
1242.50000,13557.46680
1243.00000,13569.54395
1243.50000,13584.87012
1244.00000,13610.83008
1244.50000,13646.06738
1245.00000,13686.39941
1245.50000,13724.52539
1246.00000,13756.43555
1246.50000,13783.60840
1247.00000,13809.72656
1247.50000,13836.95703
1248.00000,13864.25781
1248.50000,13888.72266
1249.00000,13909.36328
1249.50000,13926.03223
1250.00000,13940.54102
1250.50000,13952.66699
1251.00000,13962.24121
1251.50000,13970.66992
1252.00000,13982.52344
1252.50000,14003.03223
1253.00000,14034.93262
1253.50000,14072.49219
1254.00000,14106.33008
1254.50000,14129.90234
1255.00000,14141.03906
1255.50000,14148.22949
1256.00000,14161.51172
1256.50000,14186.57031
1257.00000,14223.00488
1257.50000,14266.05566
1258.00000,14308.94531
1258.50000,14345.57031
1259.00000,14373.00391
1259.50000,14386.30957
1260.00000,14388.30664
1260.50000,14382.64941
1261.00000,14377.68945
1261.50000,14380.06836
1262.00000,14389.89258
1262.50000,14399.75000
1263.00000,14399.08398
1263.50000,14384.18848
1264.00000,14357.04785
1264.50000,14330.87695
1265.00000,14319.55176
1265.50000,14326.78125
1266.00000,14350.31445
1266.50000,14379.68750
1267.00000,14405.32910
1267.50000,14423.30469
1268.00000,14437.29688
1268.50000,14454.34082
1269.00000,14479.27734
1269.50000,14514.62402
1270.00000,14554.25684
1270.50000,14591.36816
1271.00000,14621.19531
1271.50000,14642.78613
1272.00000,14659.96582
1272.50000,14678.61816
1273.00000,14703.65137
1273.50000,14735.39160
1274.00000,14772.54199
1274.50000,14809.97168
1275.00000,14842.38477
1275.50000,14866.92871
1276.00000,14881.85156
1276.50000,14890.05273
1277.00000,14897.19238
1277.50000,14909.66992
1278.00000,14930.33594
1278.50000,14958.45117
1279.00000,14987.47852
1279.50000,15011.20313
1280.00000,15029.27734
1280.50000,15045.32422
1281.00000,15064.90430
1281.50000,15089.93652
1282.00000,15116.19629
1282.50000,15136.88379
1283.00000,15148.23730
1283.50000,15154.79688
1284.00000,15164.08691
1284.50000,15179.93848
1285.00000,15199.89063
1285.50000,15214.93164
1286.00000,15216.54297
1286.50000,15205.17090
1287.00000,15189.08691
1287.50000,15179.08594
1288.00000,15180.28516
1288.50000,15191.67578
1289.00000,15204.64063
1289.50000,15212.19824
1290.00000,15214.06836
1290.50000,15213.56152
1291.00000,15215.58301
1291.50000,15222.75684
1292.00000,15234.67676
1292.50000,15249.71387
1293.00000,15267.37305
1293.50000,15286.80762
1294.00000,15305.85645
1294.50000,15320.61816
1295.00000,15325.66309
1295.50000,15321.42383
1296.00000,15311.88867
1296.50000,15305.28125
1297.00000,15308.67285
1297.50000,15323.85156
1298.00000,15344.14551
1298.50000,15359.25781
1299.00000,15362.31250
1299.50000,15349.58105
1300.00000,15330.11914
1300.50000,15314.76074
1301.00000,15311.45996
1301.50000,15321.82813
1302.00000,15339.63965
1302.50000,15355.99707
1303.00000,15365.52930
1303.50000,15370.47461
1304.00000,15376.55566
1304.50000,15387.97266
1305.00000,15404.83496
1305.50000,15422.30273
1306.00000,15436.65723
1306.50000,15448.36133
1307.00000,15460.84863
1307.50000,15476.39453
1308.00000,15492.29102
1308.50000,15501.11719
1309.00000,15498.38281
1309.50000,15481.63770
1310.00000,15459.64258
1310.50000,15442.18164
1311.00000,15435.20605
1311.50000,15438.14648
1312.00000,15443.61719
1312.50000,15442.88086
1313.00000,15430.49609
1313.50000,15409.91406
1314.00000,15387.83887
1314.50000,15371.98047
1315.00000,15367.21582
1315.50000,15370.14648
1316.00000,15374.83594
1316.50000,15374.39160
1317.00000,15364.63184
1317.50000,15345.28613
1318.00000,15321.13770
1318.50000,15298.14746
1319.00000,15281.45215
1319.50000,15276.18359
1320.00000,15280.33008
1320.50000,15290.98535
1321.00000,15301.48340
1321.50000,15305.50098
1322.00000,15299.83301
1322.50000,15286.17090
1323.00000,15268.58008
1323.50000,15252.44434
1324.00000,15241.51758
1324.50000,15235.41602
1325.00000,15234.54395
1325.50000,15237.79590
1326.00000,15244.40527
1326.50000,15251.31250
1327.00000,15253.68164
1327.50000,15247.11816
1328.00000,15232.72852
1328.50000,15216.12891
1329.00000,15206.14746
1329.50000,15211.68359
1330.00000,15230.17480
1330.50000,15255.91992
1331.00000,15279.15039
1331.50000,15292.98340
1332.00000,15296.35254
1332.50000,15293.50684
1333.00000,15289.24414
1333.50000,15286.68750
1334.00000,15286.45508
1334.50000,15286.72070
1335.00000,15285.96094
1335.50000,15284.18359
1336.00000,15282.94629
1336.50000,15284.34082
1337.00000,15289.44238
1337.50000,15297.65918
1338.00000,15307.17871
1338.50000,15318.26953
1339.00000,15333.50781
1339.50000,15359.52344
1340.00000,15397.33105
1340.50000,15445.19336
1341.00000,15493.47461
1341.50000,15532.14551
1342.00000,15556.56055
1342.50000,15569.97559
1343.00000,15578.32031
1343.50000,15587.33789
1344.00000,15597.91309
1344.50000,15607.20703
1345.00000,15612.07422
1345.50000,15612.91406
1346.00000,15611.55371
1346.50000,15610.21191
1347.00000,15609.79199
1347.50000,15610.37793
1348.00000,15612.00293
1348.50000,15614.97070
1349.00000,15617.98047
1349.50000,15617.36621
1350.00000,15610.29199
1350.50000,15594.31836
1351.00000,15572.17871
1351.50000,15548.65332
1352.00000,15529.05762
1352.50000,15516.72070
1353.00000,15513.50293
1353.50000,15516.73438
1354.00000,15523.01660
1354.50000,15525.97949
1355.00000,15517.96094
1355.50000,15496.94434
1356.00000,15464.16406
1356.50000,15427.43652
1357.00000,15395.39355
1357.50000,15372.58008
1358.00000,15356.63672
1358.50000,15343.40820
1359.00000,15329.03516
1359.50000,15313.11426
1360.00000,15297.48926
1360.50000,15282.67383
1361.00000,15266.64551
1361.50000,15246.48242
1362.00000,15221.60840
1362.50000,15195.12695
1363.00000,15171.49023
1363.50000,15152.41016
1364.00000,15136.39258
1364.50000,15118.33398
1365.00000,15093.80176
1365.50000,15063.10352
1366.00000,15028.59961
1366.50000,14994.53320
1367.00000,14964.88770
1367.50000,14943.16992
1368.00000,14930.53027
1368.50000,14928.51465
1369.00000,14932.71875
1369.50000,14937.69141
1370.00000,14936.93848
1370.50000,14925.54590
1371.00000,14905.48633
1371.50000,14882.38281
1372.00000,14861.96191
1372.50000,14846.06738
1373.00000,14832.76465
1373.50000,14818.15918
1374.00000,14799.90820
1374.50000,14780.12402
1375.00000,14762.58594
1375.50000,14750.00684
1376.00000,14743.66504
1376.50000,14742.21875
1377.00000,14743.70410
1377.50000,14746.32813
1378.00000,14748.02734
1378.50000,14746.38867
1379.00000,14740.92773
1379.50000,14732.05176
1380.00000,14723.19141
1380.50000,14717.92969
1381.00000,14717.48926
1381.50000,14720.99121
1382.00000,14726.19922
1382.50000,14731.51563
1383.00000,14736.97559
1383.50000,14743.05273
1384.00000,14749.32324
1384.50000,14754.07422
1385.00000,14755.24805
1385.50000,14753.39453
1386.00000,14750.55078
1386.50000,14749.97949
1387.00000,14754.92871
1387.50000,14768.29395
1388.00000,14790.06934
1388.50000,14819.33301
1389.00000,14849.59668
1389.50000,14871.75195
1390.00000,14880.69629
1390.50000,14874.16895
1391.00000,14860.27148
1391.50000,14850.62695
1392.00000,14853.78125
1392.50000,14869.91016
1393.00000,14894.22168
1393.50000,14918.39844
1394.00000,14936.74023
1394.50000,14949.34766
1395.00000,14956.56738
1395.50000,14960.26172
1396.00000,14960.74316
1396.50000,14958.61816
1397.00000,14954.52930
1397.50000,14948.09082
1398.00000,14937.95313
1398.50000,14921.25391
1399.00000,14899.08203
1399.50000,14874.41406
1400.00000,14853.02344
1400.50000,14839.99219
1401.00000,14835.11230
1401.50000,14834.92871
1402.00000,14834.08301
1402.50000,14828.16699
1403.00000,14813.93750
1403.50000,14791.90234
1404.00000,14762.25684
1404.50000,14730.09180
1405.00000,14701.04590
1405.50000,14679.49121
1406.00000,14667.14844
1406.50000,14659.71680
1407.00000,14650.06934
1407.50000,14632.58496
1408.00000,14608.31250
1408.50000,14582.96191
1409.00000,14563.83789
1409.50000,14556.48535
1410.00000,14556.06543
1410.50000,14555.09766
1411.00000,14547.06738
1411.50000,14530.25586
1412.00000,14508.83691
1412.50000,14489.31250
1413.00000,14475.30957
1413.50000,14463.38184
1414.00000,14444.71680
1414.50000,14413.78711
1415.00000,14368.84082
1415.50000,14321.07813
1416.00000,14286.10938
1416.50000,14273.28223
1417.00000,14280.40625
1417.50000,14295.46777
1418.00000,14302.80664
1418.50000,14291.48730
1419.00000,14266.54395
1419.50000,14236.88477
1420.00000,14213.53809
1420.50000,14203.17383
1421.00000,14205.00977
1421.50000,14217.12500
1422.00000,14237.42480
1422.50000,14262.86230
1423.00000,14288.57910
1423.50000,14308.43555
1424.00000,14316.53613
1424.50000,14317.03613
1425.00000,14316.95313
1425.50000,14323.35449
1426.00000,14337.50098
1426.50000,14352.59277
1427.00000,14359.70898
1427.50000,14355.13867
1428.00000,14344.03320
1428.50000,14333.27051
1429.00000,14326.80566
1429.50000,14324.28516
1430.00000,14322.04395
1430.50000,14319.03711
1431.00000,14317.21680
1431.50000,14318.38281
1432.00000,14320.30273
1432.50000,14317.09180
1433.00000,14303.98730
1433.50000,14284.75586
1434.00000,14267.64844
1434.50000,14259.28809
1435.00000,14260.88672
1435.50000,14263.52246
1436.00000,14256.62500
1436.50000,14236.15234
1437.00000,14207.05762
1437.50000,14179.06543
1438.00000,14158.69336
1438.50000,14145.24707
1439.00000,14131.32910
1439.50000,14111.20508
1440.00000,14086.84277
1440.50000,14064.66895
1441.00000,14050.95898
1441.50000,14048.08105
1442.00000,14053.14746
1442.50000,14060.59668
1443.00000,14066.20410
1443.50000,14068.27832
1444.00000,14065.05078
1444.50000,14057.59180
1445.00000,14047.88965
1445.50000,14041.43457
1446.00000,14045.17676
1446.50000,14061.80176
1447.00000,14087.63281
1447.50000,14114.53320
1448.00000,14134.80762
1448.50000,14145.64941
1449.00000,14152.99219
1449.50000,14162.11621
1450.00000,14174.08789
1450.50000,14185.97168
1451.00000,14194.41992
1451.50000,14199.46875
1452.00000,14204.61426
1452.50000,14212.61328
1453.00000,14221.68848
1453.50000,14225.83887
1454.00000,14217.78613
1454.50000,14199.78809
1455.00000,14176.11328
1455.50000,14153.96094
1456.00000,14137.29492
1456.50000,14125.33398
1457.00000,14115.06543
1457.50000,14104.19922
1458.00000,14092.16699
1458.50000,14078.74414
1459.00000,14063.61719
1459.50000,14045.58594
1460.00000,14025.70020
1460.50000,14006.55273
1461.00000,13991.06543
1461.50000,13980.36719
1462.00000,13972.46973
1462.50000,13963.82324
1463.00000,13952.58203
1463.50000,13941.11719
1464.00000,13934.62793
1464.50000,13934.78613
1465.00000,13940.91992
1465.50000,13947.74219
1466.00000,13951.11035
1466.50000,13951.36230
1467.00000,13953.10840
1467.50000,13961.72461
1468.00000,13977.66406
1468.50000,13996.96289
1469.00000,14013.69727
1469.50000,14025.50977
1470.00000,14036.66211
1470.50000,14053.68164
1471.00000,14079.36523
1471.50000,14110.97559
1472.00000,14141.12305
1472.50000,14163.14063
1473.00000,14174.41504
1473.50000,14180.75098
1474.00000,14187.93848
1474.50000,14199.09082
1475.00000,14214.19238
1475.50000,14230.33008
1476.00000,14245.92676
1476.50000,14261.52246
1477.00000,14278.09570
1477.50000,14293.88672
1478.00000,14303.74121
1478.50000,14299.54492
1479.00000,14281.33496
1479.50000,14251.53613
1480.00000,14221.15820
1480.50000,14199.78711
1481.00000,14189.61328
1481.50000,14186.16016
1482.00000,14181.63184
1482.50000,14172.14746
1483.00000,14160.19531
1483.50000,14151.25977
1484.00000,14148.83984
1484.50000,14148.86133
1485.00000,14145.37793
1485.50000,14135.74121
1486.00000,14122.26270
1486.50000,14111.09570
1487.00000,14105.99316
1487.50000,14105.49512
1488.00000,14104.89648
1488.50000,14101.70801
1489.00000,14098.53320
1489.50000,14101.27246
1490.00000,14112.31641
1490.50000,14131.08496
1491.00000,14151.74023
1491.50000,14168.57031
1492.00000,14179.18262
1492.50000,14184.59961
1493.00000,14185.52637
1493.50000,14182.69043
1494.00000,14173.99121
1494.50000,14160.44531
1495.00000,14144.35938
1495.50000,14131.63574
1496.00000,14128.59863
1496.50000,14137.05469
1497.00000,14153.68945
1497.50000,14172.01074
1498.00000,14185.47168
1498.50000,14189.96484
1499.00000,14188.49609
1499.50000,14184.56543
1500.00000,14181.63867
1500.50000,14179.54199
1501.00000,14175.65234
1501.50000,14167.05859
1502.00000,14152.21973
1502.50000,14131.79883
1503.00000,14106.94531
1503.50000,14081.13477
1504.00000,14059.50195
1504.50000,14045.62695
1505.00000,14042.25781
1505.50000,14045.66504
1506.00000,14050.70313
1506.50000,14052.99121
1507.00000,14052.09668
1507.50000,14050.62891
1508.00000,14050.80273
1508.50000,14051.32813
1509.00000,14048.84375
1509.50000,14042.37402
1510.00000,14037.64648
1510.50000,14044.59277
1511.00000,14068.66504
1511.50000,14108.65332
1512.00000,14155.84863
1512.50000,14199.47754
1513.00000,14234.21875
1513.50000,14264.32031
1514.00000,14296.30078
1514.50000,14334.00586
1515.00000,14378.10254
1515.50000,14424.82910
1516.00000,14471.03711
1516.50000,14515.00391
1517.00000,14555.88184
1517.50000,14592.44922
1518.00000,14624.57031
1518.50000,14652.82324
1519.00000,14680.90234
1519.50000,14712.46094
1520.00000,14747.47852
1520.50000,14782.66309
1521.00000,14813.00391
1521.50000,14836.34668
1522.00000,14854.79102
1522.50000,14872.38086
1523.00000,14890.23438
1523.50000,14905.43457
1524.00000,14911.43359
1524.50000,14908.30957
1525.00000,14900.77246
1525.50000,14899.59082
1526.00000,14913.17676
1526.50000,14940.60645
1527.00000,14972.39063
1527.50000,14995.95703
1528.00000,15004.47852
1528.50000,14995.85352
1529.00000,14979.90137
1529.50000,14964.54492
1530.00000,14952.66992
1530.50000,14942.10840
1531.00000,14929.24609
1531.50000,14914.00195
1532.00000,14901.32422
1532.50000,14897.45215
1533.00000,14906.61914
1533.50000,14922.05273
1534.00000,14934.73145
1534.50000,14938.51270
1535.00000,14931.58008
1535.50000,14920.50879
1536.00000,14912.66895
1536.50000,14912.32031
1537.00000,14918.56055
1537.50000,14927.73047
1538.00000,14936.12695
1538.50000,14941.06152
1539.00000,14941.59180
1539.50000,14935.26758
1540.00000,14922.93164
1540.50000,14906.65527
1541.00000,14892.12402
1541.50000,14885.07715
1542.00000,14888.50586
1542.50000,14900.55078
1543.00000,14917.92773
1543.50000,14935.66211
1544.00000,14950.44629
1544.50000,14962.04395
1545.00000,14971.26172
1545.50000,14980.11035
1546.00000,14990.08887
1546.50000,15001.81543
1547.00000,15015.20215
1547.50000,15030.42578
1548.00000,15048.17871
1548.50000,15070.92188
1549.00000,15098.37988
1549.50000,15129.26172
1550.00000,15158.86133
1550.50000,15182.22852
1551.00000,15198.43750
1551.50000,15210.96582
1552.00000,15226.57422
1552.50000,15249.41406
1553.00000,15277.93945
1553.50000,15304.03223
1554.00000,15316.35449
1554.50000,15312.75684
1555.00000,15293.28516
1555.50000,15267.05859
1556.00000,15241.95508
1556.50000,15221.12402
1557.00000,15203.07617
1557.50000,15185.56152
1558.00000,15168.31934
1558.50000,15153.94922
1559.00000,15143.82129
1559.50000,15137.36230
1560.00000,15129.79102
1560.50000,15117.31250
1561.00000,15100.70117
1561.50000,15084.58789
1562.00000,15074.29590
1562.50000,15070.55469
1563.00000,15068.31836
1563.50000,15059.10840
1564.00000,15035.86621
1564.50000,15004.56348
1565.00000,14976.27637
1565.50000,14962.35547
1566.00000,14968.20215
1566.50000,14986.32813
1567.00000,15001.52734
1567.50000,15001.91602
1568.00000,14988.20410
1568.50000,14966.46973
1569.00000,14946.70508
1569.50000,14934.45020
1570.00000,14928.72266
1570.50000,14929.06445
1571.00000,14934.83691
1571.50000,14944.99219
1572.00000,14955.10645
1572.50000,14959.58691
1573.00000,14956.41211
1573.50000,14952.83008
1574.00000,14961.28613
1574.50000,14982.22754
1575.00000,15006.75293
1575.50000,15018.88770
1576.00000,15007.23145
1576.50000,14975.61523
1577.00000,14938.38477
1577.50000,14908.71484
1578.00000,14887.41504
1578.50000,14868.37012
1579.00000,14844.99121
1579.50000,14815.50586
1580.00000,14783.72656
1580.50000,14751.84180
1581.00000,14719.54980
1581.50000,14686.88672
1582.00000,14657.24023
1582.50000,14635.28027
1583.00000,14624.41602
1583.50000,14619.95215
1584.00000,14614.43066
1584.50000,14600.93457
1585.00000,14575.02441
1585.50000,14538.36719
1586.00000,14493.03223
1586.50000,14443.73535
1587.00000,14397.12207
1587.50000,14360.99609
1588.00000,14337.52148
1588.50000,14325.09961
1589.00000,14314.85938
1589.50000,14299.24023
1590.00000,14275.98633
1590.50000,14245.54395
1591.00000,14210.74316
1591.50000,14172.30859
1592.00000,14129.01563
1592.50000,14080.93750
1593.00000,14030.57422
1593.50000,13983.48828
1594.00000,13947.22070
1594.50000,13922.08594
1595.00000,13904.68359
1595.50000,13885.83008
1596.00000,13856.59863
1596.50000,13813.21875
1597.00000,13758.48047
1597.50000,13698.35547
1598.00000,13639.38574
1598.50000,13583.97363
1599.00000,13530.65918
1599.50000,13479.39746
1600.00000,13431.49023
1600.50000,13389.84180
1601.00000,13353.98242
1601.50000,13319.47656
1602.00000,13280.90137
1602.50000,13236.36133
1603.00000,13187.49512
1603.50000,13139.00586
1604.00000,13094.02734
1604.50000,13050.71680
1605.00000,13004.84277
1605.50000,12953.85547
1606.00000,12898.26270
1606.50000,12842.56641
1607.00000,12792.53027
1607.50000,12752.62402
1608.00000,12719.94043
1608.50000,12687.79688
1609.00000,12648.80078
1609.50000,12597.73242
1610.00000,12539.54492
1610.50000,12482.92188
1611.00000,12436.07227
1611.50000,12399.22070
1612.00000,12365.49902
1612.50000,12326.29688
1613.00000,12277.07520
1613.50000,12222.82324
1614.00000,12171.93945
1614.50000,12128.54297
1615.00000,12090.87305
1615.50000,12051.44824
1616.00000,12003.43457
1616.50000,11945.14258
1617.00000,11879.81152
1617.50000,11812.11426
1618.00000,11745.71289
1618.50000,11682.50195
1619.00000,11622.72949
1619.50000,11568.00391
1620.00000,11517.62207
1620.50000,11469.92871
1621.00000,11421.30664
1621.50000,11369.14746
1622.00000,11312.82910
1622.50000,11253.43066
1623.00000,11190.60156
1623.50000,11123.26367
1624.00000,11048.75195
1624.50000,10969.54785
1625.00000,10889.89551
1625.50000,10815.35645
1626.00000,10750.05273
1626.50000,10694.02148
1627.00000,10643.80957
1627.50000,10595.82129
1628.00000,10547.08203
1628.50000,10495.38477
1629.00000,10440.65918
1629.50000,10383.81250
1630.00000,10328.26660
1630.50000,10277.38965
1631.00000,10231.53223
1631.50000,10188.63574
1632.00000,10145.96875
1632.50000,10102.54395
1633.00000,10059.63965
1633.50000,10018.00586
1634.00000,9976.03809
1634.50000,9931.13281
1635.00000,9881.90234
1635.50000,9831.25684
1636.00000,9783.27441
1636.50000,9738.42480
1637.00000,9692.66211
1637.50000,9640.76367
1638.00000,9582.52246
1638.50000,9522.31348
1639.00000,9467.31641
1639.50000,9421.26270
1640.00000,9379.36914
1640.50000,9335.12793
1641.00000,9284.56055
1641.50000,9228.57422
1642.00000,9171.62012
1642.50000,9117.15332
1643.00000,9064.91309
1643.50000,9011.94531
1644.00000,8955.96484
1644.50000,8898.77832
1645.00000,8845.07031
1645.50000,8797.85645
1646.00000,8756.90918
1646.50000,8717.43359
1647.00000,8673.35547
1647.50000,8620.90430
1648.00000,8563.45801
1648.50000,8508.30762
1649.00000,8460.44629
1649.50000,8421.09375
1650.00000,8383.48633
1650.50000,8339.79199
1651.00000,8287.09961
1651.50000,8230.50781
1652.00000,8178.42529
1652.50000,8136.32129
1653.00000,8105.24023
1653.50000,8078.36523
1654.00000,8048.88379
1654.50000,8014.38818
1655.00000,7975.04492
1655.50000,7933.57617
1656.00000,7892.10547
1656.50000,7852.90674
1657.00000,7818.78760
1657.50000,7792.46582
1658.00000,7772.31055
1658.50000,7753.70996
1659.00000,7729.77197
1659.50000,7694.59082
1660.00000,7653.01465
1660.50000,7613.89355
1661.00000,7585.34912
1661.50000,7570.18164
1662.00000,7564.18408
1662.50000,7557.62256
1663.00000,7541.55371
1663.50000,7514.61572
1664.00000,7477.20752
1664.50000,7436.86523
1665.00000,7400.69043
1665.50000,7372.98975
1666.00000,7352.98242
1666.50000,7335.25146
1667.00000,7313.30078
1667.50000,7283.16162
1668.00000,7247.29199
1668.50000,7211.00049
1669.00000,7178.40381
1669.50000,7150.24414
1670.00000,7123.01367
1670.50000,7093.13818
1671.00000,7058.97510
1671.50000,7020.94141
1672.00000,6979.92529
1672.50000,6937.30859
1673.00000,6895.02051
1673.50000,6855.70166
1674.00000,6822.79785
1674.50000,6794.92969
1675.00000,6770.62646
1675.50000,6747.61182
1676.00000,6725.73535
1676.50000,6706.03906
1677.00000,6688.31445
1677.50000,6670.54932
1678.00000,6650.91309
1678.50000,6629.81250
1679.00000,6610.55127
1679.50000,6596.58398
1680.00000,6585.63525
1680.50000,6572.96582
1681.00000,6554.82861
1681.50000,6531.59814
1682.00000,6507.72998
1682.50000,6487.76758
1683.00000,6473.08398
1683.50000,6460.99463
1684.00000,6449.79980
1684.50000,6439.08252
1685.00000,6429.37891
1685.50000,6419.28564
1686.00000,6405.48584
1686.50000,6385.37256
1687.00000,6359.59570
1687.50000,6331.83008
1688.00000,6307.06396
1688.50000,6288.34473
1689.00000,6273.29199
1689.50000,6258.26416
1690.00000,6239.73584
1690.50000,6217.08252
1691.00000,6194.37646
1691.50000,6176.70068
1692.00000,6166.53418
1692.50000,6160.30957
1693.00000,6150.34717
1693.50000,6132.08105
1694.00000,6105.81152
1694.50000,6080.08203
1695.00000,6063.51074
1695.50000,6057.89941
1696.00000,6058.39063
1696.50000,6057.21191
1697.00000,6050.32275
1697.50000,6037.88037
1698.00000,6023.45068
1698.50000,6009.68066
1699.00000,5997.70605
1699.50000,5989.24512
1700.00000,5985.16455
1700.50000,5986.05615
1701.00000,5989.23975
1701.50000,5990.51221
1702.00000,5987.43848
1702.50000,5981.20313
1703.00000,5974.23438
1703.50000,5967.98926
1704.00000,5960.56494
1704.50000,5949.64697
1705.00000,5934.28369
1705.50000,5917.41748
1706.00000,5902.83838
1706.50000,5892.02295
1707.00000,5882.58594
1707.50000,5871.49609
1708.00000,5858.07324
1708.50000,5844.22998
1709.00000,5832.84521
1709.50000,5824.86621
1710.00000,5817.97559
1710.50000,5809.84863
1711.00000,5799.67139
1711.50000,5787.71826
1712.00000,5773.94580
1712.50000,5757.80469
1713.00000,5739.27637
1713.50000,5721.12549
1714.00000,5707.98291
1714.50000,5699.83008
1715.00000,5693.21240
1715.50000,5682.99561
1716.00000,5667.10352
1716.50000,5649.10107
1717.00000,5634.80127
1717.50000,5626.52100
1718.00000,5620.69531
1718.50000,5612.45605
1719.00000,5600.13037
1719.50000,5585.43115
1720.00000,5571.92773
1720.50000,5561.41992
1721.00000,5553.66113
1721.50000,5548.08057
1722.00000,5543.86963
1722.50000,5538.90820
1723.00000,5529.93457
1723.50000,5516.07715
1724.00000,5498.47900
1724.50000,5482.15918
1725.00000,5470.24951
1725.50000,5460.99365
1726.00000,5450.75830
1726.50000,5437.90674
1727.00000,5425.51611
1727.50000,5418.60938
1728.00000,5417.80225
1728.50000,5420.25732
1729.00000,5420.27881
1729.50000,5414.63379
1730.00000,5406.36523
1730.50000,5398.72559
1731.00000,5392.35107
1731.50000,5384.48682
1732.00000,5371.84180
1732.50000,5355.80469
1733.00000,5340.58105
1733.50000,5329.67871
1734.00000,5323.72705
1734.50000,5317.62402
1735.00000,5306.77197
1735.50000,5291.65283
1736.00000,5276.30713
1736.50000,5265.37891
1737.00000,5259.72070
1737.50000,5256.40527
1738.00000,5251.99609
1738.50000,5245.45264
1739.00000,5238.77100
1739.50000,5234.04736
1740.00000,5230.93457
1740.50000,5227.94287
1741.00000,5223.51465
1741.50000,5216.72217
1742.00000,5207.32373
1742.50000,5196.27148
1743.00000,5185.32031
1743.50000,5176.86719
1744.00000,5173.47656
1744.50000,5172.81055
1745.00000,5170.46289
1745.50000,5162.97217
1746.00000,5150.02979
1746.50000,5135.75586
1747.00000,5125.40381
1747.50000,5121.49121
1748.00000,5121.56982
1748.50000,5121.80762
1749.00000,5118.38428
1749.50000,5109.31250
1750.00000,5097.04785
1750.50000,5085.80762
1751.00000,5080.75244
1751.50000,5085.58594
1752.00000,5098.59668
1752.50000,5113.35742
1753.00000,5123.01270
1753.50000,5125.22607
1754.00000,5120.37305
1754.50000,5113.58203
1755.00000,5106.37891
1755.50000,5098.06885
1756.00000,5087.65479
1756.50000,5077.01709
1757.00000,5069.85107
1757.50000,5068.61719
1758.00000,5070.96436
1758.50000,5072.29199
1759.00000,5069.40088
1759.50000,5061.84277
1760.00000,5052.48975
1760.50000,5043.49561
1761.00000,5035.92139
1761.50000,5030.21973
1762.00000,5026.93701
1762.50000,5025.40430
1763.00000,5023.12793
1763.50000,5017.01172
1764.00000,5005.40674
1764.50000,4991.61865
1765.00000,4979.33350
1765.50000,4970.12793
1766.00000,4962.20068
1766.50000,4952.80859
1767.00000,4941.29980
1767.50000,4928.81592
1768.00000,4916.84521
1768.50000,4905.88721
1769.00000,4896.09180
1769.50000,4889.12793
1770.00000,4885.64893
1770.50000,4884.24268
1771.00000,4880.82666
1771.50000,4872.41748
1772.00000,4859.15918
1772.50000,4844.28906
1773.00000,4830.10400
1773.50000,4816.22070
1774.00000,4801.36182
1774.50000,4786.03564
1775.00000,4772.86133
1775.50000,4763.38135
1776.00000,4757.21484
1776.50000,4752.00537
1777.00000,4744.95850
1777.50000,4734.00732
1778.00000,4720.01953
1778.50000,4705.39502
1779.00000,4694.18555
1779.50000,4690.99805
1780.00000,4693.26904
1780.50000,4695.49805
1781.00000,4692.34131
1781.50000,4682.82861
1782.00000,4671.02979
1782.50000,4661.88037
1783.00000,4657.13086
1783.50000,4654.92139
1784.00000,4654.72168
1784.50000,4655.97607
1785.00000,4657.10107
1785.50000,4654.54346
1786.00000,4645.08496
1786.50000,4630.34521
1787.00000,4616.67773
1787.50000,4608.52002
1788.00000,4604.20117
1788.50000,4598.41895
1789.00000,4587.60840
1789.50000,4571.90479
1790.00000,4555.54541
1790.50000,4543.10107
1791.00000,4538.29590
1791.50000,4542.52881
1792.00000,4555.01709
1792.50000,4570.28369
1793.00000,4580.33398
1793.50000,4581.13135
1794.00000,4571.34619
1794.50000,4556.33691
1795.00000,4539.41797
1795.50000,4522.86865
1796.00000,4507.97705
1796.50000,4496.38037
1797.00000,4489.48193
1797.50000,4488.18652
1798.00000,4490.01807
1798.50000,4492.49707
1799.00000,4492.76611
1799.50000,4487.73877
1800.00000,4478.33740
1800.50000,4468.87695
1801.00000,4464.57861
1801.50000,4467.33057
1802.00000,4473.50342
1802.50000,4476.93213
1803.00000,4475.35498
1803.50000,4471.56201
1804.00000,4466.36816
1804.50000,4457.65967
1805.00000,4443.41748
1805.50000,4428.21777
1806.00000,4420.06592
1806.50000,4421.57275
1807.00000,4424.70410
1807.50000,4421.08203
1808.00000,4411.36426
1808.50000,4403.10645
1809.00000,4399.70996
1809.50000,4395.69482
1810.00000,4384.77148
