440.00000,11704.27832
440.50000,11669.20020
441.00000,11636.88867
441.50000,11605.02441
442.00000,11570.48730
442.50000,11531.08301
443.00000,11488.28418
443.50000,11445.32715
444.00000,11405.15234
444.50000,11369.02441
445.00000,11338.71875
445.50000,11312.34180
446.00000,11289.30664
446.50000,11268.77832
447.00000,11251.23340
447.50000,11237.90039
448.00000,11229.97852
448.50000,11227.51758
449.00000,11228.39941
449.50000,11229.86230
450.00000,11228.27246
450.50000,11220.48633
451.00000,11208.72656
451.50000,11195.85645
452.00000,11185.35156
452.50000,11179.55859
453.00000,11177.60449
453.50000,11175.51367
454.00000,11170.04102
454.50000,11160.51172
455.00000,11147.29980
455.50000,11133.91016
456.00000,11122.64160
456.50000,11113.24219
457.00000,11104.32910
457.50000,11094.09766
458.00000,11081.85156
458.50000,11069.11621
459.00000,11057.91602
459.50000,11050.11133
460.00000,11045.36328
460.50000,11043.30566
461.00000,11042.26465
461.50000,11042.43848
462.00000,11044.72168
462.50000,11050.45703
463.00000,11060.37402
463.50000,11072.63086
464.00000,11084.38867
464.50000,11093.38379
465.00000,11097.40625
465.50000,11097.68750
466.00000,11096.67090
466.50000,11097.55469
467.00000,11102.42969
467.50000,11111.43457
468.00000,11122.97168
468.50000,11134.11523
469.00000,11142.80176
469.50000,11148.27637
470.00000,11152.16504
470.50000,11156.47852
471.00000,11162.87012
471.50000,11170.82910
472.00000,11177.81445
472.50000,11180.67578
473.00000,11176.93262
473.50000,11166.22070
474.00000,11150.98730
474.50000,11135.38086
475.00000,11122.66113
475.50000,11113.65039
476.00000,11108.71582
476.50000,11105.85156
477.00000,11103.86523
477.50000,11102.75879
478.00000,11103.37988
478.50000,11107.18262
479.00000,11114.62012
479.50000,11125.54883
480.00000,11138.44434
480.50000,11152.72949
481.00000,11167.67090
481.50000,11183.06543
482.00000,11198.19336
482.50000,11211.60254
483.00000,11221.32910
483.50000,11225.91211
484.00000,11223.62402
484.50000,11216.60156
485.00000,11207.17676
485.50000,11197.92773
486.00000,11189.62500
486.50000,11180.70801
487.00000,11166.74707
487.50000,11144.54004
488.00000,11113.50586
488.50000,11075.48340
489.00000,11036.01660
489.50000,11002.87402
490.00000,10979.65039
490.50000,10969.11230
491.00000,10967.68848
491.50000,10973.12891
492.00000,10981.99219
492.50000,10992.47754
493.00000,11004.18262
493.50000,11016.93652
494.00000,11030.25977
494.50000,11043.04883
495.00000,11053.40723
495.50000,11061.43555
496.00000,11067.06738
496.50000,11070.99707
497.00000,11073.17188
497.50000,11072.93555
498.00000,11069.60840
498.50000,11063.29590
499.00000,11055.43457
499.50000,11047.66797
500.00000,11041.38086
500.50000,11037.23242
501.00000,11033.64355
501.50000,11029.39941
502.00000,11024.23828
502.50000,11019.16602
503.00000,11016.45020
503.50000,11017.61230
504.00000,11022.61426
504.50000,11029.08984
505.00000,11034.20898
505.50000,11035.94531
506.00000,11032.84961
506.50000,11027.13965
507.00000,11020.67578
507.50000,11014.71387
508.00000,11009.14551
508.50000,11002.25391
509.00000,10992.20605
509.50000,10977.81543
510.00000,10960.67871
510.50000,10942.65430
511.00000,10926.28906
511.50000,10913.73242
512.00000,10904.17090
512.50000,10896.13281
513.00000,10888.30859
513.50000,10880.48047
514.00000,10874.54883
514.50000,10873.12109
515.00000,10879.53418
515.50000,10892.64258
516.00000,10911.99121
516.50000,10934.52539
517.00000,10958.38770
517.50000,10983.49707
518.00000,11011.44141
518.50000,11044.09375
519.00000,11081.08496
519.50000,11120.65332
520.00000,11158.01660
520.50000,11188.45313
521.00000,11211.50684
521.50000,11227.02148
522.00000,11237.36328
522.50000,11243.67188
523.00000,11245.10547
523.50000,11239.49316
524.00000,11223.03711
524.50000,11196.46191
525.00000,11159.49316
525.50000,11118.71289
526.00000,11080.33301
526.50000,11047.99414
527.00000,11023.52441
527.50000,11005.57813
528.00000,10990.83496
528.50000,10975.16211
529.00000,10956.09668
529.50000,10932.20996
530.00000,10905.17188
530.50000,10876.95215
531.00000,10850.93848
531.50000,10830.25684
532.00000,10815.24316
532.50000,10804.87012
533.00000,10796.68066
533.50000,10787.51270
534.00000,10774.41992
534.50000,10758.18750
535.00000,10740.59863
535.50000,10724.59961
536.00000,10713.04883
536.50000,10706.52637
537.00000,10704.10449
537.50000,10702.98047
538.00000,10701.14551
538.50000,10697.87402
539.00000,10694.08398
539.50000,10691.94629
540.00000,10692.94629
540.50000,10697.48828
541.00000,10703.41211
541.50000,10707.79492
542.00000,10707.70996
542.50000,10700.29590
543.00000,10685.48438
543.50000,10665.78223
544.00000,10643.40430
544.50000,10621.16016
545.00000,10601.27344
545.50000,10584.36328
546.00000,10570.98242
546.50000,10560.91406
547.00000,10555.07715
547.50000,10554.28613
548.00000,10559.01465
548.50000,10569.38672
549.00000,10582.24512
549.50000,10594.92383
550.00000,10605.42285
550.50000,10612.65039
551.00000,10618.23438
551.50000,10624.90039
552.00000,10634.25879
552.50000,10645.67871
553.00000,10656.48145
553.50000,10663.34375
554.00000,10662.95898
554.50000,10657.00195
555.00000,10649.82617
555.50000,10646.51758
556.00000,10651.60059
556.50000,10664.91211
557.00000,10684.42383
557.50000,10705.41895
558.00000,10724.67773
558.50000,10742.04199
559.00000,10759.80762
559.50000,10781.71191
560.00000,10809.89551
560.50000,10846.59277
561.00000,10889.36523
561.50000,10937.50195
562.00000,10989.52344
562.50000,11044.43945
563.00000,11100.87695
563.50000,11156.07129
564.00000,11206.12207
564.50000,11248.81348
565.00000,11279.55762
565.50000,11299.27832
566.00000,11305.41504
566.50000,11299.89648
567.00000,11283.82520
567.50000,11258.54004
568.00000,11225.62793
568.50000,11185.90723
569.00000,11141.33105
569.50000,11092.69434
570.00000,11042.61426
570.50000,10993.75684
571.00000,10949.21875
571.50000,10913.33301
572.00000,10888.36914
572.50000,10873.69434
573.00000,10864.29492
573.50000,10853.91992
574.00000,10837.29395
574.50000,10814.02539
575.00000,10786.44043
575.50000,10762.29297
576.00000,10748.76172
576.50000,10746.64551
577.00000,10753.95996
577.50000,10764.82324
578.00000,10772.60742
578.50000,10771.92090
579.00000,10764.00195
579.50000,10749.89648
580.00000,10732.87207
580.50000,10713.80566
581.00000,10693.30664
581.50000,10671.69043
582.00000,10651.18359
582.50000,10635.33008
583.00000,10627.72461
583.50000,10629.30273
584.00000,10639.81250
584.50000,10653.66309
585.00000,10664.33691
585.50000,10668.69629
586.00000,10665.04590
586.50000,10656.36133
587.00000,10646.51074
587.50000,10639.70410
588.00000,10637.81152
588.50000,10640.37891
589.00000,10645.27930
589.50000,10651.40137
590.00000,10658.34375
590.50000,10668.02148
591.00000,10682.49316
591.50000,10703.55762
592.00000,10730.41113
592.50000,10760.72754
593.00000,10790.78906
593.50000,10816.50781
594.00000,10832.77344
594.50000,10840.13770
595.00000,10836.89258
595.50000,10826.18164
596.00000,10808.71094
596.50000,10787.16309
597.00000,10763.94238
597.50000,10742.55273
598.00000,10726.45508
598.50000,10719.36426
599.00000,10721.81641
599.50000,10734.98145
600.00000,10754.28516
600.50000,10775.16016
601.00000,10793.47266
601.50000,10807.46484
602.00000,10818.27832
602.50000,10828.09473
603.00000,10838.57910
603.50000,10848.90430
604.00000,10855.36133
604.50000,10855.45605
605.00000,10846.41602
605.50000,10831.74121
606.00000,10815.78809
606.50000,10804.59863
607.00000,10801.71875
607.50000,10805.59277
608.00000,10812.02051
608.50000,10816.68457
609.00000,10817.54785
609.50000,10815.05957
610.00000,10813.60645
610.50000,10817.59277
611.00000,10827.32715
611.50000,10841.51953
612.00000,10856.34473
612.50000,10867.89355
613.00000,10873.39453
613.50000,10873.72754
614.00000,10870.46191
614.50000,10866.30469
615.00000,10863.55664
615.50000,10863.82813
616.00000,10869.86328
616.50000,10883.03809
617.00000,10903.47363
617.50000,10928.99121
618.00000,10955.21289
618.50000,10976.57422
619.00000,10989.31445
619.50000,10989.27734
620.00000,10981.69043
620.50000,10971.82910
621.00000,10965.63379
621.50000,10967.48828
622.00000,10977.40527
622.50000,10992.54102
623.00000,11007.79688
623.50000,11018.97559
624.00000,11023.89453
624.50000,11024.26758
625.00000,11021.82910
625.50000,11019.64063
626.00000,11019.85156
626.50000,11022.50000
627.00000,11026.50195
627.50000,11030.48340
628.00000,11033.55566
628.50000,11035.66602
629.00000,11037.80078
629.50000,11041.82813
630.00000,11048.44336
630.50000,11058.09277
631.00000,11069.38086
631.50000,11080.70215
632.00000,11090.36133
632.50000,11097.10742
633.00000,11100.53613
633.50000,11102.10449
634.00000,11103.43652
634.50000,11106.47266
635.00000,11113.97852
635.50000,11126.66797
636.00000,11146.12012
636.50000,11170.40625
637.00000,11196.31836
637.50000,11220.16504
638.00000,11238.89844
638.50000,11250.36133
639.00000,11255.65332
639.50000,11255.30762
640.00000,11252.14063
640.50000,11246.00098
641.00000,11236.31445
641.50000,11221.10156
642.00000,11199.87012
642.50000,11173.33301
643.00000,11143.86621
643.50000,11115.13770
644.00000,11089.96191
644.50000,11068.90527
645.00000,11053.02344
645.50000,11040.97363
646.00000,11032.79883
646.50000,11027.58105
647.00000,11024.13086
647.50000,11020.68066
648.00000,11015.29004
648.50000,11006.22852
649.00000,10993.72363
649.50000,10979.00586
650.00000,10966.02051
650.50000,10960.14648
651.00000,10963.81250
651.50000,10979.91699
652.00000,11007.30566
652.50000,11043.30664
653.00000,11083.88086
653.50000,11123.86328
654.00000,11159.21094
654.50000,11189.07227
655.00000,11211.91016
655.50000,11229.43457
656.00000,11241.50098
656.50000,11249.11523
657.00000,11252.62988
657.50000,11253.48730
658.00000,11253.35938
658.50000,11253.60254
659.00000,11254.67480
659.50000,11255.91699
660.00000,11255.75781
660.50000,11251.95508
661.00000,11245.03613
661.50000,11236.32617
662.00000,11228.24023
662.50000,11222.99609
663.00000,11221.97461
663.50000,11224.98438
664.00000,11232.27148
664.50000,11242.45996
665.00000,11255.77441
665.50000,11270.97754
666.00000,11286.77051
666.50000,11301.12598
667.00000,11312.00977
667.50000,11318.70313
668.00000,11323.01074
668.50000,11327.53320
669.00000,11334.32422
669.50000,11344.55664
670.00000,11356.51563
670.50000,11367.65332
671.00000,11375.24316
671.50000,11377.53027
672.00000,11375.46680
672.50000,11370.85156
673.00000,11365.71582
673.50000,11361.56055
674.00000,11358.88965
674.50000,11356.63965
675.00000,11352.72168
675.50000,11345.97559
676.00000,11335.49121
676.50000,11322.43945
677.00000,11308.66895
677.50000,11296.42090
678.00000,11287.36328
678.50000,11282.66504
679.00000,11281.50879
679.50000,11285.14551
680.00000,11294.10059
680.50000,11311.89063
681.00000,11338.91309
681.50000,11375.69824
682.00000,11418.32031
682.50000,11460.26074
683.00000,11495.68945
683.50000,11522.17773
684.00000,11538.53320
684.50000,11548.51660
685.00000,11553.92773
685.50000,11556.90137
686.00000,11555.97266
686.50000,11549.50586
687.00000,11535.41699
687.50000,11513.26465
688.00000,11484.09766
688.50000,11448.60742
689.00000,11408.70996
689.50000,11364.53613
690.00000,11318.75488
690.50000,11274.38379
691.00000,11234.79590
691.50000,11203.87207
692.00000,11182.35254
692.50000,11168.48047
693.00000,11157.95410
693.50000,11145.18164
694.00000,11126.66309
694.50000,11103.64258
695.00000,11078.60547
695.50000,11055.41504
696.00000,11036.80176
696.50000,11022.00781
697.00000,11007.85254
697.50000,10990.23438
698.00000,10967.08008
698.50000,10938.07910
699.00000,10905.89160
699.50000,10872.95508
700.00000,10841.39453
700.50000,10812.49805
701.00000,10786.04004
701.50000,10762.27441
702.00000,10741.59082
702.50000,10724.40820
703.00000,10710.34375
703.50000,10697.33984
704.00000,10682.46973
704.50000,10663.51172
705.00000,10639.68066
705.50000,10614.59961
706.00000,10592.87988
706.50000,10578.07520
707.00000,10572.16211
707.50000,10573.42773
708.00000,10577.26758
708.50000,10578.35938
709.00000,10574.59473
709.50000,10566.88379
710.00000,10560.08203
710.50000,10560.07227
711.00000,10569.10938
711.50000,10587.57813
712.00000,10610.81152
712.50000,10632.04004
713.00000,10646.22461
713.50000,10653.21191
714.00000,10654.95117
714.50000,10656.14648
715.00000,10660.26270
715.50000,10667.40332
716.00000,10675.92090
716.50000,10683.17676
717.00000,10688.83496
717.50000,10695.25391
718.00000,10705.81934
718.50000,10723.50195
719.00000,10747.28027
719.50000,10775.01172
720.00000,10801.82910
720.50000,10823.49707
721.00000,10840.04492
721.50000,10852.74512
722.00000,10864.66992
722.50000,10879.06250
723.00000,10898.92578
723.50000,10925.76074
724.00000,10961.85059
724.50000,11005.20605
725.00000,11053.73926
725.50000,11102.82324
726.00000,11148.59277
726.50000,11189.30176
727.00000,11224.78711
727.50000,11256.63867
728.00000,11286.43652
728.50000,11313.38184
729.00000,11335.66211
729.50000,11349.32422
730.00000,11355.08008
730.50000,11353.57617
731.00000,11349.68555
731.50000,11347.98242
732.00000,11351.34570
732.50000,11359.73828
733.00000,11370.08301
733.50000,11378.69824
734.00000,11382.57129
734.50000,11381.89844
735.00000,11377.29297
735.50000,11371.78906
736.00000,11367.86523
736.50000,11366.59082
737.00000,11366.85645
737.50000,11365.79297
738.00000,11360.26270
738.50000,11347.45508
739.00000,11328.12402
739.50000,11303.35742
740.00000,11277.39453
740.50000,11253.62500
741.00000,11232.86621
741.50000,11213.59082
742.00000,11192.88379
742.50000,11168.22949
743.00000,11138.60840
743.50000,11105.56348
744.00000,11071.23340
744.50000,11038.05371
745.00000,11007.63086
745.50000,10979.05762
746.00000,10951.68262
746.50000,10925.03906
747.00000,10899.78906
747.50000,10877.22949
748.00000,10858.44141
748.50000,10844.19824
749.00000,10833.36719
749.50000,10825.20410
750.00000,10819.02344
750.50000,10817.09961
751.00000,10821.78809
751.50000,10837.02246
752.00000,10863.66211
752.50000,10899.80273
753.00000,10940.40918
753.50000,10977.76367
754.00000,11004.82813
754.50000,11021.21680
755.00000,11026.72852
755.50000,11027.40039
756.00000,11027.83105
756.50000,11031.57520
757.00000,11040.30762
757.50000,11053.99121
758.00000,11071.82031
758.50000,11093.97168
759.00000,11119.63379
759.50000,11147.43164
760.00000,11173.00391
760.50000,11188.65527
761.00000,11189.09961
761.50000,11168.26172
762.00000,11127.54785
762.50000,11075.18750
763.00000,11021.68457
763.50000,10975.89355
764.00000,10943.69238
764.50000,10921.59180
765.00000,10905.05078
765.50000,10886.75781
766.00000,10862.35254
766.50000,10833.21191
767.00000,10804.27148
767.50000,10779.99902
768.00000,10761.55469
768.50000,10747.25781
769.00000,10732.96875
769.50000,10715.35742
770.00000,10694.83789
770.50000,10673.92773
771.00000,10656.17676
771.50000,10643.03516
772.00000,10632.43457
772.50000,10620.91797
773.00000,10605.74512
773.50000,10587.10156
774.00000,10567.16211
774.50000,10549.24316
775.00000,10536.07813
775.50000,10526.20898
776.00000,10516.78711
776.50000,10505.42676
777.00000,10491.98926
777.50000,10478.96484
778.00000,10469.95313
778.50000,10468.35840
779.00000,10473.60938
779.50000,10484.56738
780.00000,10496.78809
780.50000,10507.58203
781.00000,10516.75586
781.50000,10525.54980
782.00000,10535.53711
782.50000,10547.21680
783.00000,10559.56836
783.50000,10570.61914
784.00000,10578.44238
784.50000,10583.61035
785.00000,10588.30859
785.50000,10595.31250
786.00000,10606.55469
786.50000,10620.88184
787.00000,10635.19141
787.50000,10645.36719
788.00000,10648.54004
788.50000,10643.40723
789.00000,10633.23340
789.50000,10622.30859
790.00000,10614.60840
790.50000,10612.58496
791.00000,10614.85840
791.50000,10619.32617
792.00000,10623.31836
792.50000,10625.15039
793.00000,10624.38086
793.50000,10621.81641
794.00000,10617.95410
794.50000,10613.46582
795.00000,10608.70801
795.50000,10604.65527
796.00000,10603.14746
796.50000,10605.44141
797.00000,10611.97656
797.50000,10621.03809
798.00000,10629.13574
798.50000,10632.23633
799.00000,10629.71289
799.50000,10623.60840
800.00000,10619.28613
800.50000,10622.31934
801.00000,10633.52441
801.50000,10650.76953
802.00000,10667.69434
802.50000,10677.34863
803.00000,10674.98535
803.50000,10662.02539
804.00000,10643.15918
804.50000,10625.27246
805.00000,10613.02637
805.50000,10605.92871
806.00000,10601.94336
806.50000,10597.42676
807.00000,10590.00977
807.50000,10579.73633
808.00000,10568.92090
808.50000,10561.12793
809.00000,10558.30957
809.50000,10562.43164
810.00000,10571.34668
810.50000,10583.10938
811.00000,10593.97656
811.50000,10600.21777
812.00000,10599.98047
812.50000,10593.85156
813.00000,10585.11133
813.50000,10579.28125
814.00000,10581.60254
814.50000,10591.64844
815.00000,10607.74805
815.50000,10624.08887
816.00000,10635.75098
816.50000,10641.31250
817.00000,10642.51367
817.50000,10643.96094
818.00000,10650.47461
818.50000,10665.71387
819.00000,10687.30859
819.50000,10712.16699
820.00000,10735.48730
820.50000,10753.48633
821.00000,10765.99316
821.50000,10774.35352
822.00000,10782.06250
822.50000,10792.64355
823.00000,10808.33496
823.50000,10828.37598
824.00000,10850.33105
824.50000,10871.12891
825.00000,10889.07129
825.50000,10905.51660
826.00000,10923.16895
826.50000,10944.70801
827.00000,10971.85352
827.50000,11004.33594
828.00000,11040.47852
828.50000,11079.43066
829.00000,11120.60156
829.50000,11164.39746
830.00000,11209.07324
830.50000,11250.65234
831.00000,11284.44141
831.50000,11304.60352
832.00000,11309.44824
832.50000,11300.74512
833.00000,11282.69238
833.50000,11261.70996
834.00000,11242.04688
834.50000,11224.66895
835.00000,11208.64258
835.50000,11192.18262
836.00000,11174.44922
836.50000,11155.92871
837.00000,11137.48730
837.50000,11119.51074
838.00000,11101.43945
838.50000,11082.15430
839.00000,11061.34180
839.50000,11039.83691
840.00000,11019.78516
840.50000,11003.21191
841.00000,10989.56738
841.50000,10976.82129
842.00000,10962.08398
842.50000,10943.84668
843.00000,10923.50977
843.50000,10905.62891
844.00000,10897.08008
844.50000,10900.39160
845.00000,10918.22266
845.50000,10943.46875
846.00000,10970.08594
846.50000,10992.16211
847.00000,11005.75098
847.50000,11009.52930
848.00000,11004.36133
848.50000,10990.28125
849.00000,10969.70410
849.50000,10943.33887
850.00000,10914.86230
850.50000,10887.88379
851.00000,10865.18066
851.50000,10848.70996
852.00000,10838.12500
852.50000,10832.08008
853.00000,10829.10059
853.50000,10827.38184
854.00000,10825.67383
854.50000,10822.90918
855.00000,10817.79883
855.50000,10810.23047
856.00000,10799.93457
856.50000,10787.87891
857.00000,10774.79004
857.50000,10761.13281
858.00000,10747.13965
858.50000,10732.94922
859.00000,10718.85547
859.50000,10705.25293
860.00000,10692.19238
860.50000,10679.71191
861.00000,10667.84570
861.50000,10657.57520
862.00000,10650.56543
862.50000,10648.22754
863.00000,10650.92480
863.50000,10656.45313
864.00000,10662.02539
864.50000,10665.44629
865.00000,10666.21387
865.50000,10666.93262
866.00000,10671.21191
866.50000,10680.95020
867.00000,10695.90820
867.50000,10713.36523
868.00000,10730.18457
868.50000,10745.38281
869.00000,10760.42383
869.50000,10777.56934
870.00000,10797.02832
870.50000,10817.29395
871.00000,10835.36035
871.50000,10848.70508
872.00000,10857.83594
872.50000,10866.05273
873.00000,10878.13281
873.50000,10897.66504
874.00000,10927.20605
874.50000,10964.00195
875.00000,11006.80273
875.50000,11051.77344
876.00000,11095.52832
876.50000,11134.46777
877.00000,11164.60059
877.50000,11183.22168
878.00000,11190.66895
878.50000,11188.03320
879.00000,11180.10254
879.50000,11169.34473
880.00000,11157.58984
880.50000,11144.10938
881.00000,11128.47656
881.50000,11110.99316
882.00000,11093.21680
882.50000,11076.43848
883.00000,11060.26367
883.50000,11042.28223
884.00000,11018.52246
884.50000,10988.15332
885.00000,10951.34473
885.50000,10913.32129
886.00000,10880.28711
886.50000,10855.74121
887.00000,10840.74609
887.50000,10833.55957
888.00000,10830.87207
888.50000,10830.44238
889.00000,10830.22754
889.50000,10828.37207
890.00000,10823.17383
890.50000,10811.03613
891.00000,10790.52148
891.50000,10760.28711
892.00000,10722.56738
892.50000,10682.06543
893.00000,10644.25684
893.50000,10612.82422
894.00000,10590.91016
894.50000,10576.58887
895.00000,10569.21973
895.50000,10565.21094
896.00000,10562.24805
896.50000,10557.98340
897.00000,10550.32031
897.50000,10537.69824
898.00000,10519.85449
898.50000,10497.01563
899.00000,10471.88281
899.50000,10447.10547
900.00000,10424.37402
900.50000,10404.27441
901.00000,10385.31543
901.50000,10365.72852
902.00000,10344.50586
902.50000,10322.26074
903.00000,10301.23242
903.50000,10284.11719
904.00000,10274.38672
904.50000,10271.82129
905.00000,10276.78711
905.50000,10285.19434
906.00000,10292.41602
906.50000,10293.99902
907.00000,10286.65820
907.50000,10270.34375
908.00000,10249.31836
908.50000,10230.25293
909.00000,10219.46191
909.50000,10223.98145
910.00000,10240.86133
910.50000,10266.80273
911.00000,10293.55762
911.50000,10314.58887
912.00000,10327.96680
912.50000,10337.10938
913.00000,10348.60938
913.50000,10367.41895
914.00000,10396.21387
914.50000,10430.21777
915.00000,10462.94922
915.50000,10488.00391
916.00000,10499.49023
916.50000,10497.24609
917.00000,10482.61719
917.50000,10458.68652
918.00000,10429.54590
918.50000,10398.41602
919.00000,10368.99316
919.50000,10346.30762
920.00000,10331.58594
920.50000,10326.51855
921.00000,10327.52832
921.50000,10330.40332
922.00000,10330.89844
922.50000,10327.21191
923.00000,10320.53906
923.50000,10314.58984
924.00000,10313.45801
924.50000,10317.73633
925.00000,10326.79004
925.50000,10336.60742
926.00000,10343.82520
926.50000,10347.55566
927.00000,10349.85254
927.50000,10354.65918
928.00000,10364.98633
928.50000,10382.14941
929.00000,10403.03516
929.50000,10423.76953
930.00000,10441.12598
930.50000,10453.65234
931.00000,10463.69141
931.50000,10474.14844
932.00000,10486.73340
932.50000,10500.69727
933.00000,10513.89355
933.50000,10525.45801
934.00000,10538.01270
934.50000,10556.61523
935.00000,10587.72363
935.50000,10629.47168
936.00000,10676.95215
936.50000,10721.05664
937.00000,10754.24023
937.50000,10774.48730
938.00000,10786.67285
938.50000,10797.75391
939.00000,10813.75684
939.50000,10838.40820
940.00000,10868.56934
940.50000,10901.27734
941.00000,10933.10059
941.50000,10962.07129
942.00000,10987.33789
942.50000,11007.94629
943.00000,11021.66113
943.50000,11026.98633
944.00000,11020.17285
944.50000,11002.47656
945.00000,10972.86523
945.50000,10936.16797
946.00000,10896.43652
946.50000,10858.48438
947.00000,10825.44238
947.50000,10797.69238
948.00000,10773.00098
948.50000,10749.27344
949.00000,10725.79688
949.50000,10705.05469
950.00000,10689.84082
950.50000,10683.47266
951.00000,10684.47461
951.50000,10690.90723
952.00000,10700.16895
952.50000,10711.03027
953.00000,10723.59668
953.50000,10737.61816
954.00000,10752.17871
954.50000,10765.74316
955.00000,10777.39746
955.50000,10788.41309
956.00000,10800.80664
956.50000,10815.26563
957.00000,10829.74707
957.50000,10839.81348
958.00000,10841.79688
958.50000,10833.96387
959.00000,10821.51074
959.50000,10810.55176
960.00000,10805.50781
960.50000,10809.05957
961.00000,10818.82617
961.50000,10832.55664
962.00000,10848.29688
962.50000,10865.33984
963.00000,10883.34375
963.50000,10900.96094
964.00000,10915.43359
964.50000,10925.12402
965.00000,10928.22852
965.50000,10926.98242
966.00000,10923.30566
966.50000,10918.66016
967.00000,10911.51074
967.50000,10897.57715
968.00000,10873.09180
968.50000,10835.01758
969.00000,10787.92871
969.50000,10738.09375
970.00000,10694.24805
970.50000,10664.50098
971.00000,10648.81445
971.50000,10643.91797
972.00000,10641.93945
972.50000,10635.17285
973.00000,10618.68750
973.50000,10593.52148
974.00000,10562.20410
974.50000,10530.32227
975.00000,10502.31641
975.50000,10479.90039
976.00000,10464.68750
976.50000,10455.98145
977.00000,10452.34473
977.50000,10451.15137
978.00000,10448.68848
978.50000,10441.07617
979.00000,10427.51074
979.50000,10408.18066
980.00000,10387.85254
980.50000,10371.57813
981.00000,10362.23633
981.50000,10360.88379
982.00000,10365.11523
982.50000,10371.28223
983.00000,10376.32324
983.50000,10378.76465
984.00000,10377.66406
984.50000,10373.61426
985.00000,10366.04004
985.50000,10355.98340
986.00000,10345.16699
986.50000,10336.75781
987.00000,10333.79883
987.50000,10337.22266
988.00000,10344.49219
988.50000,10351.58594
989.00000,10355.09961
989.50000,10353.09375
990.00000,10348.47852
990.50000,10344.46387
991.00000,10343.25098
991.50000,10344.89551
992.00000,10347.29199
992.50000,10348.20117
993.00000,10346.54980
993.50000,10343.05469
994.00000,10338.37988
994.50000,10333.17188
995.00000,10327.70898
995.50000,10323.31348
996.00000,10323.47266
996.50000,10331.57031
997.00000,10349.22070
997.50000,10374.07422
998.00000,10399.81445
998.50000,10419.45996
999.00000,10430.51953
999.50000,10432.58789
1000.00000,10432.12109
1000.50000,10434.72754
1001.00000,10442.89746
1001.50000,10455.71191
1002.00000,10468.95605
1002.50000,10478.31836
1003.00000,10481.39941
1003.50000,10479.74121
1004.00000,10475.58301
1004.50000,10471.69336
1005.00000,10468.80176
1005.50000,10465.59961
1006.00000,10459.93066
1006.50000,10450.70801
1007.00000,10437.99023
1007.50000,10422.89453
1008.00000,10406.78027
1008.50000,10390.13281
1009.00000,10373.26172
1009.50000,10356.81055
1010.00000,10341.79199
1010.50000,10329.74316
1011.00000,10320.65234
1011.50000,10313.72949
1012.00000,10307.38867
1012.50000,10300.74902
1013.00000,10294.48730
1013.50000,10290.25586
1014.00000,10290.19824
1014.50000,10293.73730
1015.00000,10299.83008
1015.50000,10306.05078
1016.00000,10311.10840
1016.50000,10315.41309
1017.00000,10320.52441
1017.50000,10328.08984
1018.00000,10338.59082
1018.50000,10351.71387
1019.00000,10365.54688
1019.50000,10377.71875
1020.00000,10386.82031
1020.50000,10391.81641
1021.00000,10394.59668
1021.50000,10398.51758
1022.00000,10407.13477
1022.50000,10421.87598
1023.00000,10441.19336
1023.50000,10460.33203
1024.00000,10474.36133
1024.50000,10482.66992
1025.00000,10486.37793
1025.50000,10489.32617
1026.00000,10492.97754
1026.50000,10495.69727
1027.00000,10494.19531
1027.50000,10486.89453
1028.00000,10476.55859
1028.50000,10468.53027
1029.00000,10466.55664
1029.50000,10472.00781
1030.00000,10479.38770
1030.50000,10482.89551
1031.00000,10480.11719
1031.50000,10472.37988
1032.00000,10464.16602
1032.50000,10458.83594
1033.00000,10456.33008
1033.50000,10453.57031
1034.00000,10447.37207
1034.50000,10438.03809
1035.00000,10428.00684
1035.50000,10421.01270
1036.00000,10420.19824
1036.50000,10425.38184
1037.00000,10434.68457
1037.50000,10445.36035
1038.00000,10455.15234
1038.50000,10463.19141
1039.00000,10470.49316
1039.50000,10478.98047
1040.00000,10489.95215
1040.50000,10504.11914
1041.00000,10519.87500
1041.50000,10535.07031
1042.00000,10548.31543
1042.50000,10560.33496
1043.00000,10573.84082
1043.50000,10591.41797
1044.00000,10614.67285
1044.50000,10640.37207
1045.00000,10663.44629
1045.50000,10679.74512
1046.00000,10686.54688
1046.50000,10686.47461
1047.00000,10684.52930
1047.50000,10685.80469
1048.00000,10692.53613
1048.50000,10704.18457
1049.00000,10716.37598
1049.50000,10723.64063
1050.00000,10723.83594
1050.50000,10716.12891
1051.00000,10705.06055
1051.50000,10696.53809
1052.00000,10695.52246
1052.50000,10703.29883
1053.00000,10717.35449
1053.50000,10731.18555
1054.00000,10737.68555
1054.50000,10734.79980
1055.00000,10721.52930
1055.50000,10703.17188
1056.00000,10684.32031
1056.50000,10668.34668
1057.00000,10656.05176
1057.50000,10646.05859
1058.00000,10636.12988
1058.50000,10624.84277
1059.00000,10612.41602
1059.50000,10599.71289
1060.00000,10587.54883
1060.50000,10575.75879
1061.00000,10563.26172
1061.50000,10549.11426
1062.00000,10534.03906
1062.50000,10520.86426
1063.00000,10513.88281
1063.50000,10515.06836
1064.00000,10524.94141
1064.50000,10537.74414
1065.00000,10546.91504
1065.50000,10548.38770
1066.00000,10540.86719
1066.50000,10528.87891
1067.00000,10518.70508
1067.50000,10515.43457
1068.00000,10519.87500
1068.50000,10530.69336
1069.00000,10543.83105
1069.50000,10557.58984
1070.00000,10572.04395
1070.50000,10588.63672
1071.00000,10607.15430
1071.50000,10625.05371
1072.00000,10638.16895
1072.50000,10643.38672
1073.00000,10640.24316
1073.50000,10633.50488
1074.00000,10629.41699
1074.50000,10632.16016
1075.00000,10644.23730
1075.50000,10661.51855
1076.00000,10679.18359
1076.50000,10692.91211
1077.00000,10700.99023
1077.50000,10704.67773
1078.00000,10707.41504
1078.50000,10712.73340
1079.00000,10722.34375
1079.50000,10737.71875
1080.00000,10756.41504
1080.50000,10775.41992
1081.00000,10790.66797
1081.50000,10798.20117
1082.00000,10796.96094
1082.50000,10789.48438
1083.00000,10780.76855
1083.50000,10776.65137
1084.00000,10782.77637
1084.50000,10798.25098
1085.00000,10821.90820
1085.50000,10848.19531
1086.00000,10872.14453
1086.50000,10889.78418
1087.00000,10898.28711
1087.50000,10896.82813
1088.00000,10888.26563
1088.50000,10876.86133
1089.00000,10868.45605
1089.50000,10868.72852
1090.00000,10876.71387
1090.50000,10889.68652
1091.00000,10901.66797
1091.50000,10908.31250
1092.00000,10909.77734
1092.50000,10910.54102
1093.00000,10916.79102
1093.50000,10931.55469
1094.00000,10955.76758
1094.50000,10983.74707
1095.00000,11010.02637
1095.50000,11031.17676
1096.00000,11046.21484
1096.50000,11058.00391
1097.00000,11070.54785
1097.50000,11087.66113
1098.00000,11111.32129
1098.50000,11143.14551
1099.00000,11180.96875
1099.50000,11223.26465
1100.00000,11266.09766
1100.50000,11306.47949
1101.00000,11343.62793
1101.50000,11378.97461
1102.00000,11415.94922
1102.50000,11457.67285
1103.00000,11505.15625
1103.50000,11554.92480
1104.00000,11601.06445
1104.50000,11639.28906
1105.00000,11666.25000
1105.50000,11686.58301
1106.00000,11706.87305
1106.50000,11733.89941
1107.00000,11770.73926
1107.50000,11814.56348
1108.00000,11857.18164
1108.50000,11888.73438
1109.00000,11905.93555
1109.50000,11906.93359
1110.00000,11901.00586
1110.50000,11896.45605
1111.00000,11899.30664
1111.50000,11911.32324
1112.00000,11929.23730
1112.50000,11948.18848
1113.00000,11964.93066
1113.50000,11979.27441
1114.00000,11992.51953
1114.50000,12006.69531
1115.00000,12024.00586
1115.50000,12046.21387
1116.00000,12077.69141
1116.50000,12121.75098
1117.00000,12180.38281
1117.50000,12251.27539
1118.00000,12326.29688
1118.50000,12395.96191
1119.00000,12454.93848
1119.50000,12499.95508
1120.00000,12537.51660
1120.50000,12572.51855
1121.00000,12608.24707
1121.50000,12643.57324
1122.00000,12675.06738
1122.50000,12700.57910
1123.00000,12720.78906
1123.50000,12739.82520
1124.00000,12761.25000
1124.50000,12785.03223
1125.00000,12808.23145
1125.50000,12827.24414
1126.00000,12839.92871
1126.50000,12848.48730
1127.00000,12857.03418
1127.50000,12869.19043
1128.00000,12885.79492
1128.50000,12906.54492
1129.00000,12930.12793
1129.50000,12958.57520
1130.00000,12993.28906
1130.50000,13036.60449
1131.00000,13085.69922
1131.50000,13135.41895
1132.00000,13179.98535
1132.50000,13216.63379
1133.00000,13246.03516
1133.50000,13272.68652
1134.00000,13299.69043
1134.50000,13327.30176
1135.00000,13352.37012
1135.50000,13371.26953
1136.00000,13379.40918
1136.50000,13375.02344
1137.00000,13356.95313
1137.50000,13325.58496
1138.00000,13285.65137
1138.50000,13243.80762
1139.00000,13208.28613
1139.50000,13187.31250
1140.00000,13178.12109
1140.50000,13175.10645
1141.00000,13168.74414
1141.50000,13153.11133
1142.00000,13129.93848
1142.50000,13106.75586
1143.00000,13091.59863
1143.50000,13086.22656
1144.00000,13088.90234
1144.50000,13092.91406
1145.00000,13094.75586
1145.50000,13095.24316
1146.00000,13097.05859
1146.50000,13100.99023
1147.00000,13103.87793
1147.50000,13100.00586
1148.00000,13086.24805
1148.50000,13062.95898
1149.00000,13037.88867
1149.50000,13020.86621
1150.00000,13016.42871
1150.50000,13027.28125
1151.00000,13047.90137
1151.50000,13072.49805
1152.00000,13096.31152
1152.50000,13117.51563
1153.00000,13135.93750
1153.50000,13151.76855
1154.00000,13162.55469
1154.50000,13167.03809
1155.00000,13163.41113
1155.50000,13155.44629
1156.00000,13148.44043
1156.50000,13147.12500
1157.00000,13152.55859
1157.50000,13161.29102
1158.00000,13167.74805
1158.50000,13168.29004
1159.00000,13165.50781
1159.50000,13165.55273
1160.00000,13173.48926
1160.50000,13192.35840
1161.00000,13217.94141
1161.50000,13244.33203
1162.00000,13266.42676
1162.50000,13282.62500
1163.00000,13293.83984
1163.50000,13303.02930
1164.00000,13311.92285
1164.50000,13321.52441
1165.00000,13333.11719
1165.50000,13348.25293
1166.00000,13370.35547
1166.50000,13401.70410
1167.00000,13443.33398
1167.50000,13493.58008
1168.00000,13546.91113
1168.50000,13596.67969
1169.00000,13638.71875
1169.50000,13670.64258
1170.00000,13698.51953
1170.50000,13729.91992
1171.00000,13770.23047
1171.50000,13819.87305
1172.00000,13872.41504
1172.50000,13919.17773
1173.00000,13954.34180
1173.50000,13980.99414
1174.00000,14005.46777
1174.50000,14034.02930
1175.00000,14066.90918
1175.50000,14096.33789
1176.00000,14110.88965
1176.50000,14104.84277
1177.00000,14079.50000
1177.50000,14042.69238
1178.00000,14005.28906
1178.50000,13974.56543
1179.00000,13950.62402
1179.50000,13931.28320
1180.00000,13911.90430
1180.50000,13890.20703
1181.00000,13866.69629
1181.50000,13843.13965
1182.00000,13821.28516
1182.50000,13801.72559
1183.00000,13783.97559
1183.50000,13766.33594
1184.00000,13746.76758
1184.50000,13724.42773
1185.00000,13698.76563
1185.50000,13671.34082
1186.00000,13643.60938
1186.50000,13616.24805
1187.00000,13588.18359
1187.50000,13556.98828
1188.00000,13521.13770
1188.50000,13480.43652
1189.00000,13438.41699
1189.50000,13399.78418
1190.00000,13367.24121
1190.50000,13343.07715
1191.00000,13326.13477
1191.50000,13316.30957
1192.00000,13313.85352
1192.50000,13318.70215
1193.00000,13329.81055
1193.50000,13342.49023
1194.00000,13351.15332
1194.50000,13353.57813
1195.00000,13350.04785
1195.50000,13345.68750
1196.00000,13344.97070
1196.50000,13348.63281
1197.00000,13353.83008
1197.50000,13356.72559
1198.00000,13356.10352
1198.50000,13353.66406
1199.00000,13352.87695
1199.50000,13356.45605
1200.00000,13363.32910
1200.50000,13372.18359
1201.00000,13381.47070
1201.50000,13390.26270
1202.00000,13397.11426
1202.50000,13399.93555
1203.00000,13397.28809
1203.50000,13392.52051
1204.00000,13393.75098
1204.50000,13407.63770
1205.00000,13439.81738
1205.50000,13482.76563
1206.00000,13525.60254
1206.50000,13558.33398
1207.00000,13578.00879
1207.50000,13589.05664
1208.00000,13599.34863
1208.50000,13613.03711
1209.00000,13628.54102
1209.50000,13642.54395
1210.00000,13654.51172
1210.50000,13667.31348
1211.00000,13684.30176
1211.50000,13706.04297
1212.00000,13729.08984
1212.50000,13749.45996
1213.00000,13766.26367
1213.50000,13783.04102
1214.00000,13804.54688
1214.50000,13830.97168
1215.00000,13859.57813
1215.50000,13885.65820
1216.00000,13906.95996
1216.50000,13925.92285
1217.00000,13947.02539
1217.50000,13973.51270
1218.00000,14004.78613
1218.50000,14038.97070
1219.00000,14073.87109
1219.50000,14110.25000
1220.00000,14149.79883
1220.50000,14194.90039
1221.00000,14245.08594
1221.50000,14298.65820
1222.00000,14352.54688
1222.50000,14403.31152
1223.00000,14446.99219
1223.50000,14481.75781
1224.00000,14504.07910
1224.50000,14516.88086
1225.00000,14521.89453
1225.50000,14524.32324
1226.00000,14527.41992
1226.50000,14531.80176
1227.00000,14535.23242
1227.50000,14534.15234
1228.00000,14526.85449
1228.50000,14513.17773
1229.00000,14496.91406
1229.50000,14481.16797
1230.00000,14466.98535
1230.50000,14452.75586
1231.00000,14435.65723
1231.50000,14413.84180
1232.00000,14388.40820
1232.50000,14362.50000
1233.00000,14338.80371
1233.50000,14317.35254
1234.00000,14296.65234
1234.50000,14275.23047
1235.00000,14254.21582
1235.50000,14236.81934
1236.00000,14227.19043
1236.50000,14226.21680
1237.00000,14232.09570
1237.50000,14241.59570
1238.00000,14251.40820
1238.50000,14259.50586
1239.00000,14264.96289
1239.50000,14265.75684
1240.00000,14262.03613
1240.50000,14254.46680
1241.00000,14246.60059
1241.50000,14242.21387
1242.00000,14242.61914
1242.50000,14245.21680
1243.00000,14245.11328
1243.50000,14238.98730
1244.00000,14225.29785
1244.50000,14208.26953
1245.00000,14191.67188
1245.50000,14177.52344
1246.00000,14165.26367
1246.50000,14152.58105
1247.00000,14137.91699
1247.50000,14121.78613
1248.00000,14106.60156
1248.50000,14095.40527
1249.00000,14088.72656
1249.50000,14086.49707
1250.00000,14085.90332
1250.50000,14085.60449
1251.00000,14086.40332
1251.50000,14091.95703
1252.00000,14106.11719
1252.50000,14129.12695
1253.00000,14156.61035
1253.50000,14179.67383
1254.00000,14188.41699
1254.50000,14184.02637
1255.00000,14172.20215
1255.50000,14165.23438
1256.00000,14172.35938
1256.50000,14192.40332
1257.00000,14216.47070
1257.50000,14233.60449
1258.00000,14238.81738
1258.50000,14232.99707
1259.00000,14224.93359
1259.50000,14222.16211
1260.00000,14225.86621
1260.50000,14233.16211
1261.00000,14237.74609
1261.50000,14234.06152
1262.00000,14220.10352
1262.50000,14198.13379
1263.00000,14172.62402
1263.50000,14150.08887
1264.00000,14137.83789
1264.50000,14136.74609
1265.00000,14146.98730
1265.50000,14162.15332
1266.00000,14177.15527
1266.50000,14190.24121
1267.00000,14204.44043
1267.50000,14225.27246
1268.00000,14255.30859
1268.50000,14294.36914
1269.00000,14336.66699
1269.50000,14378.40820
1270.00000,14419.35742
1270.50000,14461.92188
1271.00000,14506.77637
1271.50000,14550.24512
1272.00000,14585.58398
1272.50000,14608.35449
1273.00000,14618.75391
1273.50000,14625.29297
1274.00000,14637.51855
1274.50000,14659.36328
1275.00000,14691.28906
1275.50000,14727.02734
1276.00000,14761.25879
1276.50000,14790.87012
1277.00000,14814.54297
1277.50000,14831.27637
1278.00000,14841.64355
1278.50000,14846.91992
1279.00000,14852.31543
1279.50000,14864.24707
1280.00000,14884.10059
1280.50000,14909.54297
1281.00000,14933.06543
1281.50000,14947.92578
1282.00000,14953.02148
1282.50000,14954.00977
1283.00000,14958.78516
1283.50000,14971.88184
1284.00000,14995.70215
1284.50000,15025.55566
1285.00000,15058.07422
1285.50000,15089.54199
1286.00000,15117.32715
1286.50000,15140.36816
1287.00000,15158.93262
1287.50000,15174.50293
1288.00000,15189.05371
1288.50000,15202.15332
1289.00000,15211.32031
1289.50000,15211.29590
1290.00000,15202.82324
1290.50000,15190.30273
1291.00000,15183.22754
1291.50000,15190.30469
1292.00000,15212.74902
1292.50000,15242.38574
1293.00000,15266.91309
1293.50000,15277.76660
1294.00000,15270.72852
1294.50000,15255.36035
1295.00000,15240.73242
1295.50000,15233.76074
1296.00000,15237.69824
1296.50000,15251.09473
1297.00000,15272.31738
1297.50000,15301.22754
1298.00000,15336.77441
1298.50000,15377.44629
1299.00000,15417.70313
1299.50000,15450.17773
1300.00000,15472.20117
1300.50000,15483.39258
1301.00000,15490.26660
1301.50000,15500.10352
1302.00000,15517.14258
1302.50000,15539.55371
1303.00000,15560.95020
1303.50000,15574.27637
1304.00000,15572.33789
1304.50000,15558.34668
1305.00000,15536.81152
1305.50000,15516.60547
1306.00000,15505.61621
1306.50000,15507.12012
1307.00000,15519.67090
1307.50000,15538.07129
1308.00000,15555.08594
1308.50000,15564.92188
1309.00000,15567.26270
1309.50000,15561.86719
1310.00000,15551.42578
1310.50000,15535.27637
1311.00000,15513.49023
1311.50000,15487.19531
1312.00000,15460.44531
1312.50000,15438.00781
1313.00000,15422.32715
1313.50000,15409.84082
1314.00000,15394.49512
1314.50000,15373.16895
1315.00000,15346.85938
1315.50000,15321.35449
1316.00000,15301.37891
1316.50000,15286.96484
1317.00000,15274.93848
1317.50000,15262.50586
1318.00000,15249.59863
1318.50000,15238.00684
1319.00000,15228.03320
1319.50000,15218.07227
1320.00000,15206.78320
1320.50000,15196.33398
1321.00000,15191.53516
1321.50000,15195.69043
1322.00000,15204.80566
1322.50000,15208.35742
1323.00000,15195.40625
1323.50000,15167.44629
1324.00000,15134.50000
1324.50000,15111.08984
1325.00000,15106.41406
1325.50000,15113.93066
1326.00000,15123.11133
1326.50000,15125.88672
1327.00000,15122.77246
1327.50000,15120.22754
1328.00000,15123.34961
1328.50000,15132.22656
1329.00000,15141.45801
1329.50000,15147.32715
1330.00000,15151.53516
1330.50000,15157.94922
1331.00000,15167.78418
1331.50000,15177.70605
1332.00000,15182.29980
1332.50000,15179.65625
1333.00000,15172.49121
1333.50000,15166.14063
1334.00000,15163.38184
1334.50000,15162.12109
1335.00000,15159.96191
1335.50000,15157.43652
1336.00000,15158.66211
1336.50000,15167.18652
1337.00000,15182.34668
1337.50000,15198.74219
1338.00000,15209.66602
1338.50000,15210.39160
1339.00000,15203.92090
1339.50000,15193.84570
1340.00000,15184.37598
1340.50000,15176.60938
1341.00000,15169.31836
1341.50000,15161.17480
1342.00000,15151.70605
1342.50000,15141.05859
1343.00000,15129.18652
1343.50000,15116.31152
1344.00000,15102.63379
1344.50000,15088.97559
1345.00000,15076.35156
1345.50000,15065.72949
1346.00000,15059.13379
1346.50000,15058.55371
1347.00000,15065.21680
1347.50000,15078.02246
1348.00000,15092.00098
1348.50000,15101.10645
1349.00000,15103.58691
1349.50000,15101.68848
1350.00000,15102.27246
1350.50000,15111.33691
1351.00000,15128.64160
1351.50000,15149.76074
1352.00000,15168.38965
1352.50000,15180.33008
1353.00000,15183.24707
1353.50000,15178.13477
1354.00000,15162.23926
1354.50000,15136.66895
1355.00000,15101.20020
1355.50000,15062.10938
1356.00000,15027.53711
1356.50000,15004.10938
1357.00000,14992.58105
1357.50000,14988.12305
1358.00000,14982.14941
1358.50000,14967.14941
1359.00000,14943.14844
1359.50000,14913.37500
1360.00000,14886.16113
1360.50000,14869.46875
1361.00000,14865.20508
1361.50000,14870.61230
1362.00000,14878.24609
1362.50000,14880.14160
1363.00000,14870.97559
1363.50000,14853.15820
1364.00000,14831.40820
1364.50000,14812.68262
1365.00000,14801.24023
1365.50000,14795.49902
1366.00000,14791.92188
1366.50000,14786.60938
1367.00000,14778.56641
1367.50000,14770.56055
1368.00000,14767.15234
1368.50000,14772.61816
1369.00000,14784.44727
1369.50000,14797.57813
1370.00000,14805.86719
1370.50000,14806.51367
1371.00000,14803.93457
1371.50000,14805.15527
1372.00000,14813.83008
1372.50000,14826.86523
1373.00000,14837.72754
1373.50000,14842.90332
1374.00000,14845.08594
1374.50000,14853.17773
1375.00000,14876.65332
1375.50000,14913.81250
1376.00000,14956.83105
1376.50000,14994.35840
1377.00000,15020.12012
1377.50000,15036.00879
1378.00000,15051.28320
1378.50000,15074.63477
1379.00000,15106.64453
1379.50000,15144.24121
1380.00000,15179.98535
1380.50000,15207.74023
1381.00000,15226.27344
1381.50000,15237.22852
1382.00000,15244.76758
1382.50000,15253.36426
1383.00000,15265.89551
1383.50000,15281.82910
1384.00000,15299.48535
1384.50000,15316.30371
1385.00000,15331.51074
1385.50000,15346.82129
1386.00000,15365.28125
1386.50000,15389.60156
1387.00000,15421.67188
1387.50000,15462.58301
1388.00000,15510.24121
1388.50000,15561.55078
1389.00000,15610.51660
1389.50000,15650.11133
1390.00000,15679.19922
1390.50000,15698.54492
1391.00000,15713.70801
1391.50000,15728.24023
1392.00000,15740.97363
1392.50000,15747.54102
1393.00000,15743.50195
1393.50000,15731.36719
1394.00000,15715.52148
1394.50000,15701.18652
1395.00000,15688.04102
1395.50000,15670.86719
1396.00000,15643.65527
1396.50000,15606.61719
1397.00000,15566.14453
1397.50000,15530.44629
1398.00000,15501.99219
1398.50000,15477.77246
1399.00000,15451.78125
1399.50000,15422.01367
1400.00000,15393.00098
1400.50000,15370.98633
1401.00000,15356.56738
1401.50000,15344.16113
1402.00000,15325.69434
1402.50000,15298.41016
1403.00000,15266.85352
1403.50000,15240.35254
1404.00000,15225.03516
1404.50000,15213.82422
1405.00000,15194.83105
1405.50000,15160.35645
1406.00000,15109.39551
1406.50000,15050.92188
1407.00000,14995.40527
1407.50000,14948.47461
1408.00000,14907.59863
1408.50000,14867.21973
1409.00000,14822.33105
1409.50000,14769.47070
1410.00000,14710.26172
1410.50000,14645.62500
1411.00000,14578.45313
1411.50000,14513.10352
1412.00000,14455.30957
1412.50000,14409.20117
1413.00000,14376.99121
1413.50000,14353.04492
1414.00000,14330.87598
1414.50000,14303.91992
1415.00000,14268.80957
1415.50000,14229.21387
1416.00000,14191.53418
1416.50000,14161.17773
1417.00000,14139.74121
1417.50000,14125.47363
1418.00000,14114.38965
1418.50000,14105.71387
1419.00000,14100.67871
1419.50000,14102.63770
1420.00000,14109.59277
1420.50000,14116.51563
1421.00000,14117.81543
1421.50000,14113.43945
1422.00000,14110.88867
1422.50000,14118.30078
1423.00000,14137.93164
1423.50000,14159.90137
1424.00000,14169.78906
1424.50000,14164.17188
1425.00000,14148.96387
1425.50000,14140.67285
1426.00000,14152.06543
1426.50000,14180.11523
1427.00000,14208.33105
1427.50000,14219.13086
1428.00000,14209.15625
1428.50000,14183.71191
1429.00000,14157.35742
1429.50000,14139.25781
1430.00000,14128.97852
1430.50000,14124.07520
1431.00000,14122.19141
1431.50000,14124.29883
1432.00000,14131.64453
1432.50000,14142.67188
1433.00000,14154.73340
1433.50000,14166.94922
1434.00000,14182.60059
1434.50000,14204.33887
1435.00000,14233.19824
1435.50000,14264.01953
1436.00000,14290.78516
1436.50000,14311.29785
1437.00000,14329.03418
1437.50000,14350.52734
1438.00000,14379.28320
1438.50000,14414.33984
1439.00000,14449.95605
1439.50000,14482.21680
1440.00000,14512.21484
1440.50000,14543.95117
1441.00000,14580.58398
1441.50000,14621.34668
1442.00000,14660.76172
1442.50000,14692.15723
1443.00000,14710.52637
1443.50000,14720.79102
1444.00000,14731.56738
1444.50000,14751.79102
1445.00000,14788.15137
1445.50000,14836.21875
1446.00000,14888.26367
1446.50000,14936.25586
1447.00000,14977.87793
1447.50000,15016.87500
1448.00000,15058.98633
1448.50000,15105.44141
1449.00000,15149.91699
1449.50000,15183.29883
1450.00000,15204.70801
1450.50000,15217.93359
1451.00000,15231.31836
1451.50000,15248.48145
1452.00000,15265.09277
1452.50000,15273.09961
1453.00000,15266.94727
1453.50000,15253.24219
1454.00000,15243.45215
1454.50000,15244.35449
1455.00000,15256.61230
1455.50000,15271.36035
1456.00000,15280.01465
1456.50000,15279.39746
1457.00000,15271.99316
1457.50000,15262.12305
1458.00000,15253.24219
1458.50000,15246.70703
1459.00000,15242.04785
1459.50000,15239.43555
1460.00000,15238.11426
1460.50000,15237.58594
1461.00000,15237.79297
1461.50000,15239.77930
1462.00000,15244.25781
1462.50000,15249.45801
1463.00000,15250.99414
1463.50000,15246.69336
1464.00000,15239.24512
1464.50000,15237.27441
1465.00000,15250.26465
1465.50000,15276.94141
1466.00000,15309.19727
1466.50000,15335.50684
1467.00000,15350.83691
1467.50000,15360.23926
1468.00000,15376.09863
1468.50000,15409.42285
1469.00000,15457.15234
1469.50000,15514.00000
1470.00000,15570.71680
1470.50000,15622.30859
1471.00000,15668.11230
1471.50000,15708.61816
1472.00000,15744.72656
1472.50000,15778.31641
1473.00000,15811.82520
1473.50000,15846.91309
1474.00000,15882.77344
1474.50000,15916.36426
1475.00000,15944.56641
1475.50000,15968.20020
1476.00000,15989.31055
1476.50000,16009.02148
1477.00000,16024.68848
1477.50000,16030.27930
1478.00000,16024.05078
1478.50000,16006.60840
1479.00000,15985.37695
1479.50000,15965.51660
1480.00000,15948.29297
1480.50000,15931.83496
1481.00000,15913.83496
1481.50000,15894.47949
1482.00000,15876.46777
1482.50000,15861.97852
1483.00000,15850.79688
1483.50000,15839.83398
1484.00000,15825.96777
1484.50000,15809.33887
1485.00000,15792.21875
1485.50000,15778.23438
1486.00000,15770.30664
1486.50000,15768.13867
1487.00000,15768.41113
1487.50000,15766.99609
1488.00000,15761.65039
1488.50000,15752.25488
1489.00000,15742.45117
1489.50000,15736.87500
1490.00000,15737.51855
1490.50000,15744.72656
1491.00000,15754.74707
1491.50000,15762.74121
1492.00000,15765.20020
1492.50000,15761.88184
1493.00000,15754.73926
1493.50000,15748.56543
1494.00000,15749.74121
1494.50000,15760.67578
1495.00000,15783.94336
1495.50000,15815.24121
1496.00000,15848.64453
1496.50000,15878.95020
1497.00000,15905.26855
1497.50000,15931.36523
1498.00000,15962.75977
1498.50000,16003.69238
1499.00000,16049.95215
1499.50000,16093.42285
1500.00000,16126.01465
1500.50000,16142.65332
1501.00000,16146.10938
1501.50000,16140.16016
1502.00000,16127.87793
1502.50000,16111.79102
1503.00000,16094.86719
1503.50000,16082.18066
1504.00000,16081.14453
1504.50000,16089.67285
1505.00000,16099.79004
1505.50000,16099.33887
1506.00000,16078.32129
1506.50000,16037.66211
1507.00000,15987.27148
1507.50000,15939.53516
1508.00000,15902.48828
1508.50000,15880.23438
1509.00000,15866.47070
1509.50000,15857.77734
1510.00000,15850.09473
1510.50000,15841.12988
1511.00000,15829.29492
1511.50000,15813.26270
1512.00000,15792.34180
1512.50000,15766.69531
1513.00000,15736.30762
1513.50000,15703.49414
1514.00000,15672.37012
1514.50000,15648.08008
1515.00000,15637.02246
1515.50000,15638.08984
1516.00000,15646.37793
1516.50000,15653.34375
1517.00000,15653.19824
1517.50000,15646.28027
1518.00000,15637.69043
1518.50000,15631.16992
1519.00000,15626.27344
1519.50000,15620.35840
1520.00000,15612.49609
1520.50000,15605.47168
1521.00000,15603.84277
1521.50000,15608.99902
1522.00000,15617.34277
1522.50000,15623.21484
1523.00000,15623.76074
1523.50000,15622.62402
1524.00000,15626.73730
1524.50000,15638.63867
1525.00000,15656.33301
1525.50000,15671.86621
1526.00000,15680.12891
1526.50000,15683.08301
1527.00000,15687.71582
1527.50000,15700.51465
1528.00000,15720.96387
1528.50000,15744.29004
1529.00000,15764.18164
1529.50000,15779.21875
1530.00000,15794.26270
1530.50000,15814.74316
1531.00000,15842.04004
1531.50000,15874.09180
1532.00000,15907.53613
1532.50000,15940.14648
1533.00000,15970.61914
1533.50000,15997.91406
1534.00000,16018.91016
1534.50000,16034.72754
1535.00000,16049.02148
1535.50000,16068.23926
1536.00000,16096.94727
1536.50000,16132.58008
1537.00000,16166.54199
1537.50000,16190.54883
1538.00000,16204.18066
1538.50000,16211.09473
1539.00000,16218.75391
1539.50000,16231.04102
1540.00000,16245.92090
1540.50000,16259.44141
1541.00000,16269.67090
1541.50000,16278.93750
1542.00000,16291.95801
1542.50000,16311.58398
1543.00000,16336.91113
1543.50000,16361.14551
1544.00000,16374.22656
1544.50000,16372.97070
1545.00000,16357.80566
1545.50000,16337.10449
1546.00000,16316.51758
1546.50000,16296.19434
1547.00000,16271.25391
1547.50000,16236.70020
1548.00000,16194.80469
1548.50000,16152.77344
1549.00000,16116.80469
1549.50000,16086.93457
1550.00000,16055.39941
1550.50000,16014.22461
1551.00000,15962.78223
1551.50000,15906.89258
1552.00000,15855.34570
1552.50000,15813.08691
1553.00000,15781.45313
1553.50000,15756.62012
1554.00000,15736.52441
1554.50000,15716.90820
1555.00000,15693.55566
1555.50000,15664.03320
1556.00000,15629.03613
1556.50000,15593.72754
1557.00000,15563.45703
1557.50000,15541.27148
1558.00000,15525.95801
1558.50000,15518.50000
1559.00000,15519.40332
1559.50000,15534.12012
1560.00000,15558.88379
1560.50000,15586.82617
1561.00000,15608.10645
1561.50000,15616.47852
1562.00000,15613.08594
1562.50000,15605.73535
1563.00000,15602.44238
1563.50000,15605.99512
1564.00000,15616.33691
1564.50000,15628.99023
1565.00000,15640.33594
1565.50000,15647.46191
1566.00000,15648.40234
1566.50000,15644.75391
1567.00000,15642.56250
1567.50000,15650.03711
1568.00000,15670.59375
1568.50000,15704.37598
1569.00000,15741.37012
1569.50000,15770.31055
1570.00000,15784.88574
1570.50000,15782.30957
1571.00000,15767.81250
1571.50000,15745.53613
1572.00000,15717.80273
1572.50000,15686.83984
1573.00000,15656.42090
1573.50000,15632.45996
1574.00000,15622.99902
1574.50000,15623.57520
1575.00000,15625.03418
1575.50000,15614.98047
1576.00000,15585.19434
1576.50000,15539.48828
1577.00000,15490.37891
1577.50000,15451.13770
1578.00000,15424.98438
1578.50000,15410.97266
1579.00000,15402.38281
1579.50000,15397.34766
1580.00000,15394.21094
1580.50000,15389.87793
1581.00000,15378.45703
1581.50000,15355.44824
1582.00000,15321.51563
1582.50000,15282.85059
1583.00000,15244.42676
1583.50000,15206.87402
1584.00000,15166.38477
1584.50000,15121.31445
1585.00000,15073.94727
1585.50000,15028.47852
1586.00000,14985.19922
1586.50000,14938.43945
1587.00000,14880.49902
1587.50000,14806.33789
1588.00000,14721.84961
1588.50000,14635.85059
1589.00000,14555.82617
1589.50000,14485.52051
1590.00000,14421.01074
1590.50000,14357.56152
1591.00000,14290.90723
1591.50000,14220.30566
1592.00000,14148.58691
1592.50000,14079.85645
1593.00000,14017.29883
1593.50000,13959.36914
1594.00000,13903.46875
1594.50000,13846.90137
1595.00000,13790.61719
1595.50000,13736.93555
1596.00000,13686.39844
1596.50000,13635.94141
1597.00000,13581.85547
1597.50000,13524.04492
1598.00000,13468.36914
1598.50000,13422.46387
1599.00000,13385.45313
1599.50000,13351.59180
1600.00000,13311.47754
1600.50000,13258.87012
1601.00000,13196.81445
1601.50000,13133.62012
1602.00000,13076.16797
1602.50000,13025.46777
1603.00000,12979.08984
1603.50000,12932.76172
1604.00000,12885.03906
1604.50000,12838.03906
1605.00000,12794.92871
1605.50000,12755.62207
1606.00000,12716.61719
1606.50000,12672.08008
1607.00000,12617.81641
1607.50000,12553.46191
1608.00000,12485.85645
1608.50000,12422.16016
1609.00000,12364.72461
1609.50000,12312.90039
1610.00000,12262.29980
1610.50000,12210.64941
1611.00000,12158.39355
1611.50000,12106.59961
1612.00000,12054.42383
1612.50000,11999.69238
1613.00000,11940.72656
1613.50000,11879.57129
1614.00000,11820.09277
1614.50000,11764.70703
1615.00000,11714.32520
1615.50000,11667.58789
1616.00000,11624.40625
1616.50000,11585.07617
1617.00000,11548.69141
1617.50000,11511.42676
1618.00000,11468.38965
1618.50000,11415.02832
1619.00000,11354.76465
1619.50000,11294.09277
1620.00000,11241.65625
1620.50000,11205.15527
1621.00000,11181.73535
1621.50000,11162.85254
1622.00000,11136.93945
1622.50000,11096.11816
1623.00000,11037.15918
1623.50000,10969.17773
1624.00000,10903.55176
1624.50000,10847.39258
1625.00000,10803.05371
1625.50000,10764.72656
1626.00000,10725.97266
1626.50000,10682.09375
1627.00000,10632.00000
1627.50000,10576.04102
1628.00000,10515.76953
1628.50000,10451.60938
1629.00000,10386.15625
1629.50000,10322.98926
1630.00000,10265.42871
1630.50000,10216.06348
1631.00000,10173.90332
1631.50000,10135.74023
1632.00000,10096.42676
1632.50000,10050.76465
1633.00000,9994.58398
1633.50000,9931.83789
1634.00000,9868.62793
1634.50000,9812.04883
1635.00000,9767.46094
1635.50000,9732.35352
1636.00000,9701.03809
1636.50000,9667.07813
1637.00000,9627.65625
1637.50000,9583.00977
1638.00000,9536.37988
1638.50000,9491.43848
1639.00000,9451.19238
1639.50000,9418.17090
1640.00000,9389.88281
1640.50000,9361.51270
1641.00000,9326.90820
1641.50000,9282.18164
1642.00000,9228.59668
1642.50000,9173.53906
1643.00000,9123.81348
1643.50000,9081.60742
1644.00000,9048.16602
1644.50000,9019.95703
1645.00000,8994.81641
1645.50000,8968.47754
1646.00000,8935.68262
1646.50000,8892.61816
1647.00000,8840.04395
1647.50000,8783.30078
1648.00000,8730.75293
1648.50000,8688.04004
1649.00000,8651.92871
1649.50000,8617.99023
1650.00000,8581.82910
1650.50000,8542.22754
1651.00000,8500.91992
1651.50000,8460.04688
1652.00000,8421.29688
1652.50000,8386.17676
1653.00000,8356.61133
1653.50000,8330.86719
1654.00000,8303.81348
1654.50000,8269.70508
1655.00000,8224.47559
1655.50000,8172.05762
1656.00000,8119.50488
1656.50000,8073.82617
1657.00000,8036.80762
1657.50000,8005.65479
1658.00000,7975.06152
1658.50000,7940.67920
1659.00000,7901.46777
1659.50000,7857.36377
1660.00000,7812.60107
1660.50000,7772.22900
1661.00000,7739.14893
1661.50000,7712.16699
1662.00000,7685.34521
1662.50000,7651.52393
1663.00000,7607.99609
1663.50000,7561.08350
1664.00000,7519.62793
1664.50000,7487.29150
1665.00000,7462.27490
1665.50000,7435.59961
1666.00000,7400.95654
1666.50000,7360.22266
1667.00000,7321.40527
1667.50000,7292.59229
1668.00000,7273.82178
1668.50000,7258.81104
1669.00000,7239.45605
1669.50000,7213.36328
1670.00000,7186.67432
1670.50000,7167.46582
1671.00000,7158.13232
1671.50000,7152.47021
1672.00000,7141.71338
1672.50000,7122.41553
1673.00000,7097.53906
1673.50000,7075.16260
1674.00000,7060.70166
1674.50000,7049.50391
1675.00000,7035.07715
1675.50000,7014.52930
1676.00000,6990.39600
1676.50000,6968.42969
1677.00000,6950.83545
1677.50000,6934.79883
1678.00000,6916.64893
1678.50000,6896.68359
1679.00000,6880.03320
1679.50000,6872.67725
1680.00000,6871.23096
1680.50000,6868.29492
1681.00000,6857.09619
1681.50000,6836.61279
1682.00000,6811.92627
1682.50000,6789.46143
1683.00000,6770.55225
1683.50000,6751.31299
1684.00000,6727.15381
1684.50000,6698.57324
1685.00000,6669.18701
1685.50000,6643.37842
1686.00000,6622.89014
1686.50000,6606.23828
1687.00000,6590.72168
1687.50000,6574.70801
1688.00000,6558.65479
1688.50000,6544.95361
1689.00000,6535.24219
1689.50000,6530.84277
1690.00000,6528.85693
1690.50000,6524.27881
1691.00000,6513.09668
1691.50000,6494.48584
1692.00000,6471.24365
1692.50000,6448.32373
1693.00000,6429.84619
1693.50000,6415.62061
1694.00000,6404.97070
1694.50000,6395.86670
1695.00000,6387.85547
1695.50000,6381.06006
1696.00000,6376.44775
1696.50000,6374.86084
1697.00000,6376.11670
1697.50000,6378.40283
1698.00000,6378.31250
1698.50000,6371.79395
1699.00000,6360.20020
1699.50000,6345.21826
1700.00000,6329.37158
1700.50000,6312.74805
1701.00000,6294.89258
1701.50000,6277.74414
1702.00000,6265.66309
1702.50000,6260.93359
1703.00000,6261.93408
1703.50000,6261.01123
1704.00000,6250.71094
1704.50000,6233.18799
1705.00000,6213.47363
1705.50000,6196.73779
1706.00000,6183.38867
1706.50000,6169.88428
1707.00000,6154.58594
1707.50000,6140.07910
1708.00000,6129.53906
1708.50000,6123.11035
1709.00000,6114.59131
1709.50000,6096.88672
1710.00000,6070.49609
1710.50000,6039.91650
1711.00000,6012.12988
1711.50000,5991.68652
1712.00000,5978.19824
1712.50000,5968.78809
1713.00000,5962.03223
1713.50000,5956.22803
1714.00000,5948.76318
1714.50000,5936.64844
1715.00000,5916.93115
1715.50000,5891.44336
1716.00000,5864.75244
1716.50000,5842.92188
1717.00000,5829.09473
1717.50000,5822.67041
1718.00000,5819.42773
1718.50000,5816.36719
1719.00000,5812.39746
1719.50000,5808.64355
1720.00000,5806.42188
1720.50000,5806.19922
1721.00000,5807.19336
1721.50000,5808.56152
1722.00000,5809.99658
1722.50000,5811.45508
1723.00000,5812.28174
1723.50000,5811.20996
1724.00000,5805.47656
1724.50000,5794.57666
1725.00000,5778.84766
1725.50000,5760.86914
1726.00000,5742.72510
1726.50000,5724.78223
1727.00000,5705.14502
1727.50000,5681.55566
1728.00000,5654.98828
1728.50000,5629.28564
1729.00000,5609.09229
1729.50000,5598.07715
1730.00000,5592.13232
1730.50000,5586.48633
1731.00000,5577.73291
1731.50000,5565.82031
1732.00000,5552.52490
1732.50000,5538.52393
1733.00000,5521.86621
1733.50000,5501.72119
1734.00000,5479.35449
1734.50000,5459.62646
1735.00000,5446.85400
1735.50000,5440.40576
1736.00000,5437.41309
1736.50000,5434.62402
1737.00000,5431.27393
1737.50000,5428.91650
1738.00000,5428.42529
1738.50000,5428.89453
1739.00000,5427.47021
1739.50000,5420.90186
1740.00000,5409.53076
1740.50000,5394.26807
1741.00000,5377.14160
1741.50000,5359.66455
1742.00000,5342.86230
1742.50000,5327.67725
1743.00000,5316.18408
1743.50000,5309.62158
1744.00000,5310.59473
1744.50000,5316.48975
1745.00000,5323.28760
1745.50000,5325.99707
1746.00000,5321.10791
1746.50000,5309.40332
1747.00000,5296.07568
1747.50000,5285.97266
1748.00000,5279.61719
1748.50000,5273.84570
1749.00000,5263.92969
1749.50000,5248.12891
1750.00000,5230.81592
1750.50000,5217.33057
1751.00000,5209.78223
1751.50000,5205.30811
1752.00000,5198.46387
1752.50000,5186.87256
1753.00000,5171.69434
1753.50000,5157.24023
1754.00000,5147.07031
1754.50000,5140.15918
1755.00000,5134.96729
1755.50000,5129.68311
1756.00000,5123.36816
1756.50000,5115.78711
1757.00000,5107.50928
1757.50000,5100.00537
1758.00000,5094.93359
1758.50000,5093.58740
1759.00000,5093.23438
1759.50000,5090.18408
1760.00000,5083.10840
1760.50000,5073.60596
1761.00000,5066.13721
1761.50000,5063.59277
1762.00000,5065.26709
1762.50000,5067.73291
1763.00000,5068.18652
1763.50000,5066.66016
1764.00000,5064.35059
1764.50000,5061.75391
1765.00000,5057.31787
1765.50000,5049.46729
1766.00000,5038.62598
1766.50000,5028.01855
1767.00000,5021.09424
1767.50000,5019.63135
1768.00000,5021.16113
1768.50000,5021.78369
1769.00000,5019.35352
1769.50000,5013.51416
1770.00000,5006.23975
1770.50000,4998.60498
1771.00000,4990.58691
1771.50000,4982.12207
1772.00000,4974.29736
1772.50000,4968.94434
1773.00000,4967.24072
1773.50000,4967.50781
1774.00000,4968.23438
1774.50000,4968.81592
1775.00000,4970.53711
1775.50000,4974.16016
1776.00000,4978.45703
1776.50000,4980.07959
1777.00000,4975.40381
1777.50000,4962.41504
1778.00000,4944.82715
1778.50000,4927.59912
1779.00000,4915.69385
1779.50000,4913.32861
1780.00000,4916.48438
1780.50000,4918.89502
1781.00000,4914.48242
1781.50000,4900.87939
1782.00000,4881.32910
1782.50000,4863.54541
1783.00000,4854.18457
1783.50000,4853.72949
1784.00000,4861.00537
1784.50000,4868.77441
1785.00000,4871.30859
1785.50000,4866.94531
1786.00000,4857.36377
1786.50000,4846.99902
1787.00000,4838.49463
1787.50000,4830.06006
1788.00000,4817.76807
1788.50000,4798.30566
1789.00000,4776.76367
1789.50000,4761.36621
1790.00000,4756.62061
1790.50000,4762.43994
1791.00000,4770.88428
1791.50000,4772.99512
1792.00000,4764.90576
1792.50000,4750.27881
1793.00000,4735.93848
1793.50000,4727.07080
1794.00000,4724.17236
1794.50000,4721.98096
1795.00000,4716.33691
1795.50000,4708.03418
1796.00000,4701.17139
1796.50000,4697.20068
1797.00000,4692.34326
1797.50000,4679.98145
1798.00000,4660.49854
1798.50000,4639.73486
1799.00000,4624.85986
1799.50000,4619.75537
1800.00000,4620.50146
1800.50000,4624.74316
1801.00000,4632.98047
1801.50000,4645.13477
1802.00000,4655.14502
1802.50000,4654.30469
1803.00000,4637.11133
1803.50000,4611.64355
1804.00000,4590.01318
1804.50000,4579.41162
1805.00000,4580.10938
1805.50000,4586.15479
1806.00000,4593.09229
1806.50000,4598.05762
1807.00000,4599.16016
1807.50000,4594.74219
1808.00000,4586.53467
1808.50000,4577.37109
1809.00000,4569.59082
1809.50000,4563.62109
1810.00000,4559.92822
