440.00000,17604.51563
440.50000,17630.34766
441.00000,17652.08789
441.50000,17663.08984
442.00000,17661.60938
442.50000,17649.53711
443.00000,17635.04492
443.50000,17625.32813
444.00000,17624.96875
444.50000,17632.75977
445.00000,17646.74219
445.50000,17660.49023
446.00000,17670.16016
446.50000,17675.21484
447.00000,17676.49805
447.50000,17676.74414
448.00000,17678.48828
448.50000,17681.80859
449.00000,17684.62305
449.50000,17683.53906
450.00000,17676.83008
450.50000,17664.80273
451.00000,17652.91797
451.50000,17646.47852
452.00000,17647.97656
452.50000,17656.49023
453.00000,17665.33789
453.50000,17666.99219
454.00000,17656.58008
454.50000,17636.56836
455.00000,17610.92188
455.50000,17588.17188
456.00000,17573.34180
456.50000,17565.08008
457.00000,17560.37109
457.50000,17555.10742
458.00000,17547.20898
458.50000,17538.85352
459.00000,17533.76758
459.50000,17536.37695
460.00000,17546.99219
460.50000,17566.72070
461.00000,17590.26367
461.50000,17613.88281
462.00000,17634.31445
462.50000,17648.96875
463.00000,17656.04883
463.50000,17656.55078
464.00000,17651.80078
464.50000,17644.52148
465.00000,17636.63477
465.50000,17630.23633
466.00000,17627.42383
466.50000,17628.66211
467.00000,17634.66211
467.50000,17644.78516
468.00000,17657.01172
468.50000,17667.42773
469.00000,17673.03516
469.50000,17671.99219
470.00000,17667.23828
470.50000,17663.42578
471.00000,17666.36328
471.50000,17678.74023
472.00000,17696.69922
472.50000,17713.68750
473.00000,17722.34180
473.50000,17717.72461
474.00000,17701.35938
474.50000,17681.43164
475.00000,17665.33008
475.50000,17656.99023
476.00000,17659.09375
476.50000,17667.51172
477.00000,17678.12109
477.50000,17688.55078
478.00000,17697.98828
478.50000,17706.33984
479.00000,17713.27734
479.50000,17717.41797
480.00000,17718.76563
480.50000,17717.91211
481.00000,17717.67383
481.50000,17722.44336
482.00000,17733.29883
482.50000,17748.40625
483.00000,17763.58789
483.50000,17774.08594
484.00000,17775.09180
484.50000,17767.98242
485.00000,17755.63867
485.50000,17743.05859
486.00000,17733.88281
486.50000,17729.48438
487.00000,17729.79883
487.50000,17732.36914
488.00000,17734.75781
488.50000,17734.37500
489.00000,17729.17578
489.50000,17715.22656
490.00000,17693.85938
490.50000,17666.70117
491.00000,17639.26758
491.50000,17618.08203
492.00000,17608.60352
492.50000,17612.48633
493.00000,17624.41992
493.50000,17636.07227
494.00000,17638.52344
494.50000,17627.86914
495.00000,17599.28711
495.50000,17562.87695
496.00000,17525.45117
496.50000,17493.55469
497.00000,17471.96094
497.50000,17462.17383
498.00000,17462.30273
498.50000,17470.03516
499.00000,17482.45898
499.50000,17498.07227
500.00000,17514.24023
500.50000,17528.05078
501.00000,17538.41211
501.50000,17544.97070
502.00000,17549.33398
502.50000,17553.66602
503.00000,17559.98828
503.50000,17568.36719
504.00000,17577.30078
504.50000,17584.96680
505.00000,17589.63477
505.50000,17591.84766
506.00000,17592.86523
506.50000,17594.66016
507.00000,17598.03711
507.50000,17602.47266
508.00000,17606.43945
508.50000,17607.67188
509.00000,17605.11914
509.50000,17598.34766
510.00000,17589.16211
510.50000,17579.25391
511.00000,17570.86719
511.50000,17566.33594
512.00000,17565.45313
512.50000,17566.99609
513.00000,17568.92188
513.50000,17569.20313
514.00000,17566.43750
514.50000,17562.07617
515.00000,17559.07813
515.50000,17559.80273
516.00000,17566.75781
516.50000,17579.35742
517.00000,17596.15625
517.50000,17613.90430
518.00000,17630.67773
518.50000,17645.94727
519.00000,17660.68945
519.50000,17676.80664
520.00000,17695.67578
520.50000,17717.67969
521.00000,17740.94336
521.50000,17762.74023
522.00000,17780.05664
522.50000,17789.38281
523.00000,17790.21875
523.50000,17785.41602
524.00000,17778.26953
524.50000,17772.79297
525.00000,17772.49219
525.50000,17776.36328
526.00000,17781.01758
526.50000,17782.53516
527.00000,17778.09570
527.50000,17767.76563
528.00000,17754.20313
528.50000,17741.36133
529.00000,17731.12500
529.50000,17723.12891
530.00000,17714.67188
530.50000,17702.43945
531.00000,17685.31641
531.50000,17664.62695
532.00000,17644.00586
532.50000,17626.68164
533.00000,17614.52734
533.50000,17606.93750
534.00000,17602.17773
534.50000,17597.07227
535.00000,17590.02344
535.50000,17581.58594
536.00000,17573.26563
536.50000,17567.33398
537.00000,17565.92188
537.50000,17568.41016
538.00000,17572.37695
538.50000,17574.35352
539.00000,17571.45508
539.50000,17560.72461
540.00000,17545.09375
540.50000,17529.14258
541.00000,17517.53906
541.50000,17514.25586
542.00000,17519.24023
542.50000,17530.12695
543.00000,17542.44727
543.50000,17553.75195
544.00000,17564.37891
544.50000,17576.42773
545.00000,17592.87891
545.50000,17613.15430
546.00000,17633.66602
546.50000,17649.70898
547.00000,17657.36719
547.50000,17656.07422
548.00000,17648.37305
548.50000,17638.16797
549.00000,17628.93359
549.50000,17621.11914
550.00000,17613.24805
550.50000,17603.65039
551.00000,17592.21094
551.50000,17580.14648
552.00000,17568.87891
552.50000,17558.23438
553.00000,17546.70898
553.50000,17532.89063
554.00000,17516.84766
554.50000,17502.46680
555.00000,17496.47461
555.50000,17500.62305
556.00000,17516.04688
556.50000,17537.15039
557.00000,17556.51367
557.50000,17567.45117
558.00000,17569.59766
558.50000,17565.64063
559.00000,17560.48438
559.50000,17556.98242
560.00000,17554.13281
560.50000,17546.99414
561.00000,17532.90625
561.50000,17511.26563
562.00000,17486.20508
562.50000,17463.57031
563.00000,17448.92578
563.50000,17442.64258
564.00000,17440.76953
564.50000,17437.18750
565.00000,17425.75781
565.50000,17405.84570
566.00000,17377.80469
566.50000,17347.75781
567.00000,17321.94336
567.50000,17304.40625
568.00000,17296.46875
568.50000,17297.59570
569.00000,17303.43945
569.50000,17309.36914
570.00000,17312.47461
570.50000,17312.09570
571.00000,17310.72070
571.50000,17311.52930
572.00000,17316.71680
572.50000,17325.50195
573.00000,17334.07813
573.50000,17338.89453
574.00000,17337.79492
574.50000,17333.03516
575.00000,17328.73242
575.50000,17329.24023
576.00000,17335.66406
576.50000,17344.40430
577.00000,17350.78320
577.50000,17351.41797
578.00000,17346.57617
578.50000,17340.75586
579.00000,17339.73242
579.50000,17347.31055
580.00000,17360.72070
580.50000,17375.88086
581.00000,17387.40039
581.50000,17391.71680
582.00000,17392.10742
582.50000,17393.98047
583.00000,17402.60352
583.50000,17420.19922
584.00000,17447.63281
584.50000,17480.99414
585.00000,17517.25195
585.50000,17553.63086
586.00000,17588.53516
586.50000,17620.66602
587.00000,17647.82617
587.50000,17667.63867
588.00000,17679.47656
588.50000,17684.18750
589.00000,17684.72656
589.50000,17682.52930
590.00000,17678.71680
590.50000,17671.50391
591.00000,17659.49023
591.50000,17642.52344
592.00000,17623.42188
592.50000,17606.36133
593.00000,17595.30469
593.50000,17591.31250
594.00000,17592.99609
594.50000,17594.39063
595.00000,17590.18555
595.50000,17578.85742
596.00000,17558.94336
596.50000,17532.73047
597.00000,17502.04492
597.50000,17469.58398
598.00000,17437.51172
598.50000,17407.94727
599.00000,17382.04297
599.50000,17360.82813
600.00000,17342.00391
600.50000,17321.93555
601.00000,17298.23438
601.50000,17270.99414
602.00000,17244.14063
602.50000,17223.74023
603.00000,17215.78125
603.50000,17220.92578
604.00000,17234.56055
604.50000,17247.90039
605.00000,17252.77344
605.50000,17247.50195
606.00000,17232.21484
606.50000,17213.22266
607.00000,17196.88281
607.50000,17186.08203
608.00000,17180.39844
608.50000,17178.25977
609.00000,17177.54688
609.50000,17178.29297
610.00000,17181.62695
610.50000,17189.51758
611.00000,17201.33398
611.50000,17215.63867
612.00000,17229.30664
612.50000,17238.74023
613.00000,17240.28516
613.50000,17233.34961
614.00000,17217.61328
614.50000,17196.43359
615.00000,17172.68555
615.50000,17151.01953
616.00000,17137.03320
616.50000,17134.11719
617.00000,17143.43945
617.50000,17163.50781
618.00000,17190.90625
618.50000,17222.34570
619.00000,17254.24023
619.50000,17284.32617
620.00000,17312.43164
620.50000,17338.26367
621.00000,17361.73047
621.50000,17381.16797
622.00000,17395.00391
622.50000,17401.55664
623.00000,17400.33008
623.50000,17394.99023
624.00000,17389.27344
624.50000,17386.79883
625.00000,17390.97266
625.50000,17400.75000
626.00000,17414.78125
626.50000,17429.24219
627.00000,17441.43359
627.50000,17450.34180
628.00000,17456.34961
628.50000,17460.31641
629.00000,17463.62305
629.50000,17467.19336
630.00000,17471.33789
630.50000,17475.95508
631.00000,17480.43555
631.50000,17483.95703
632.00000,17486.11328
632.50000,17487.45313
633.00000,17490.55078
633.50000,17498.78711
634.00000,17516.29102
634.50000,17542.64453
635.00000,17577.54297
635.50000,17615.08789
636.00000,17649.04492
636.50000,17674.98438
637.00000,17691.77539
637.50000,17701.19922
638.00000,17705.92773
638.50000,17706.95703
639.00000,17704.22266
639.50000,17694.11719
640.00000,17676.42383
640.50000,17651.07031
641.00000,17622.29102
641.50000,17594.32227
642.00000,17570.53906
642.50000,17552.06250
643.00000,17537.05273
643.50000,17521.12891
644.00000,17500.69531
644.50000,17475.63477
645.00000,17447.19922
645.50000,17419.74805
646.00000,17398.49805
646.50000,17386.44336
647.00000,17383.60742
647.50000,17386.85352
648.00000,17391.93555
648.50000,17395.40820
649.00000,17396.01758
649.50000,17394.19531
650.00000,17392.68750
650.50000,17393.66406
651.00000,17396.84375
651.50000,17400.93555
652.00000,17404.13477
652.50000,17405.54688
653.00000,17405.89258
653.50000,17407.38086
654.00000,17411.98438
654.50000,17419.08789
655.00000,17426.82031
655.50000,17432.09961
656.00000,17431.32813
656.50000,17423.32031
657.00000,17407.88086
657.50000,17387.72461
658.00000,17366.10742
658.50000,17346.12109
659.00000,17329.78711
659.50000,17318.94336
660.00000,17311.97266
660.50000,17306.57617
661.00000,17299.30078
661.50000,17288.28906
662.00000,17274.81250
662.50000,17262.77148
663.00000,17257.57617
663.50000,17262.78125
664.00000,17281.19922
664.50000,17306.30078
665.00000,17332.65039
665.50000,17355.41602
666.00000,17372.48828
666.50000,17386.40820
667.00000,17401.46484
667.50000,17421.49023
668.00000,17445.91797
668.50000,17470.68945
669.00000,17490.58203
669.50000,17499.62695
670.00000,17498.33984
670.50000,17487.07617
671.00000,17471.61133
671.50000,17456.83203
672.00000,17444.98633
672.50000,17435.45313
673.00000,17425.72852
673.50000,17413.18359
674.00000,17396.14453
674.50000,17376.71680
675.00000,17359.89453
675.50000,17349.95313
676.00000,17351.06641
676.50000,17361.91406
677.00000,17379.40820
677.50000,17398.43359
678.00000,17414.60156
678.50000,17426.16211
679.00000,17436.07422
679.50000,17447.76563
680.00000,17462.58594
680.50000,17479.51758
681.00000,17494.30273
681.50000,17501.26563
682.00000,17497.32422
682.50000,17484.52539
683.00000,17468.55664
683.50000,17456.20313
684.00000,17453.56250
684.50000,17460.74609
685.00000,17477.59961
685.50000,17498.27930
686.00000,17518.16602
686.50000,17534.81055
687.00000,17547.80273
687.50000,17558.24805
688.00000,17567.47461
688.50000,17575.80078
689.00000,17582.60547
689.50000,17585.05469
690.00000,17582.22656
690.50000,17572.14453
691.00000,17556.44141
691.50000,17537.17969
692.00000,17518.38867
692.50000,17504.72461
693.00000,17501.02539
693.50000,17508.53516
694.00000,17526.84961
694.50000,17550.26367
695.00000,17572.59570
695.50000,17587.67969
696.00000,17588.76953
696.50000,17574.86328
697.00000,17546.28516
697.50000,17508.93164
698.00000,17469.11914
698.50000,17431.78320
699.00000,17399.30078
699.50000,17373.17969
700.00000,17351.12500
700.50000,17331.62109
701.00000,17312.26172
701.50000,17291.42383
702.00000,17268.18164
702.50000,17241.80859
703.00000,17211.80859
703.50000,17178.68750
704.00000,17143.03320
704.50000,17106.91016
705.00000,17073.12695
705.50000,17043.59961
706.00000,17021.32617
706.50000,17007.15820
707.00000,17002.07422
707.50000,17005.17578
708.00000,17013.60156
708.50000,17023.38086
709.00000,17029.91797
709.50000,17029.24805
710.00000,17022.08008
710.50000,17009.17188
711.00000,16994.32227
711.50000,16980.67578
712.00000,16970.20703
712.50000,16963.61328
713.00000,16960.88086
713.50000,16962.16406
714.00000,16969.45313
714.50000,16982.80273
715.00000,17003.25391
715.50000,17027.53320
716.00000,17052.26367
716.50000,17074.01563
717.00000,17092.14063
717.50000,17108.73828
718.00000,17126.83398
718.50000,17148.32422
719.00000,17171.72266
719.50000,17192.70898
720.00000,17206.55664
720.50000,17207.74219
721.00000,17198.87695
721.50000,17183.20703
722.00000,17166.23438
722.50000,17152.42188
723.00000,17144.15234
723.50000,17140.71484
724.00000,17140.59375
724.50000,17140.54688
725.00000,17137.49219
725.50000,17130.05859
726.00000,17116.42773
726.50000,17097.35547
727.00000,17074.32813
727.50000,17050.19531
728.00000,17028.11523
728.50000,17010.83203
729.00000,16998.09766
729.50000,16990.52930
730.00000,16987.15625
730.50000,16989.61133
731.00000,16997.95703
731.50000,17012.43945
732.00000,17030.14844
732.50000,17045.61523
733.00000,17053.42773
733.50000,17052.40234
734.00000,17043.78711
734.50000,17033.70703
735.00000,17028.20117
735.50000,17029.24609
736.00000,17036.20313
736.50000,17043.80859
737.00000,17047.24609
737.50000,17045.66016
738.00000,17042.11133
738.50000,17041.33398
739.00000,17046.32227
739.50000,17058.73828
740.00000,17074.80469
740.50000,17090.75391
741.00000,17104.14258
741.50000,17115.71680
742.00000,17128.45508
742.50000,17145.39063
743.00000,17167.95703
743.50000,17194.37305
744.00000,17221.43359
744.50000,17245.19727
745.00000,17261.03125
745.50000,17269.46094
746.00000,17269.81836
746.50000,17263.65820
747.00000,17251.14258
747.50000,17232.01563
748.00000,17206.03516
748.50000,17172.62891
749.00000,17134.52930
749.50000,17096.72461
750.00000,17065.16797
750.50000,17047.25000
751.00000,17043.77148
751.50000,17054.11719
752.00000,17071.65039
752.50000,17087.89844
753.00000,17094.89844
753.50000,17089.95898
754.00000,17074.59766
754.50000,17056.06445
755.00000,17040.67773
755.50000,17031.37695
756.00000,17028.68555
756.50000,17028.70117
757.00000,17026.94531
757.50000,17020.46875
758.00000,17010.40625
758.50000,17000.80273
759.00000,16995.66406
759.50000,16998.39453
760.00000,17006.37891
760.50000,17015.33008
761.00000,17019.09180
761.50000,17011.45313
762.00000,16990.25000
762.50000,16957.74609
763.00000,16918.08203
763.50000,16876.42383
764.00000,16836.58008
764.50000,16800.57617
765.00000,16771.02344
765.50000,16747.87891
766.00000,16732.84180
766.50000,16724.95508
767.00000,16721.90234
767.50000,16720.27539
768.00000,16716.96875
768.50000,16710.31445
769.00000,16701.44336
769.50000,16692.62695
770.00000,16686.12695
770.50000,16683.18359
771.00000,16681.79492
771.50000,16678.82227
772.00000,16672.21094
772.50000,16661.92773
773.00000,16649.96289
773.50000,16639.53711
774.00000,16634.08789
774.50000,16634.37109
775.00000,16642.00391
775.50000,16655.22070
776.00000,16672.98242
776.50000,16692.40039
777.00000,16709.20508
777.50000,16717.80469
778.00000,16713.37695
778.50000,16691.79688
779.00000,16657.17383
779.50000,16614.96484
780.00000,16576.15039
780.50000,16549.51953
781.00000,16534.64844
781.50000,16527.55078
782.00000,16520.49023
782.50000,16507.44336
783.00000,16486.57813
783.50000,16461.37891
784.00000,16436.16602
784.50000,16413.37891
785.00000,16391.59766
785.50000,16367.83789
786.00000,16341.34863
786.50000,16315.83984
787.00000,16297.99707
787.50000,16293.46777
788.00000,16302.70410
788.50000,16322.30859
789.00000,16343.48828
789.50000,16358.66016
790.00000,16367.08887
790.50000,16369.73145
791.00000,16370.06250
791.50000,16369.20313
792.00000,16366.54883
792.50000,16360.98242
793.00000,16352.79199
793.50000,16344.74609
794.00000,16341.08008
794.50000,16342.57324
795.00000,16348.70410
795.50000,16355.83008
796.00000,16361.33398
796.50000,16364.54980
797.00000,16366.22461
797.50000,16367.48535
798.00000,16368.55469
798.50000,16368.49121
799.00000,16366.82031
799.50000,16364.10938
800.00000,16361.94434
800.50000,16361.18359
801.00000,16360.60059
801.50000,16357.41211
802.00000,16349.30371
802.50000,16336.02246
803.00000,16319.99707
803.50000,16305.71875
804.00000,16296.68262
804.50000,16291.68652
805.00000,16288.16211
805.50000,16282.80957
806.00000,16274.29688
806.50000,16264.72168
807.00000,16257.90332
807.50000,16256.96680
808.00000,16261.70703
808.50000,16268.49512
809.00000,16271.19531
809.50000,16263.31934
810.00000,16245.10156
810.50000,16216.70996
811.00000,16183.48438
811.50000,16150.02148
812.00000,16120.11426
812.50000,16096.20996
813.00000,16080.42871
813.50000,16073.76172
814.00000,16078.51074
814.50000,16091.86426
815.00000,16110.73828
815.50000,16127.48438
816.00000,16133.65527
816.50000,16125.61914
817.00000,16103.91016
817.50000,16075.15723
818.00000,16048.79688
818.50000,16032.81543
819.00000,16025.96973
819.50000,16023.66113
820.00000,16018.36914
820.50000,16005.15625
821.00000,15986.16797
821.50000,15967.24219
822.00000,15955.71387
822.50000,15956.56445
823.00000,15970.66211
823.50000,15992.56836
824.00000,16015.58398
824.50000,16034.38867
825.00000,16045.65527
825.50000,16051.47852
826.00000,16054.19238
826.50000,16056.94336
827.00000,16061.14160
827.50000,16065.73730
828.00000,16067.63965
828.50000,16062.30762
829.00000,16048.28125
829.50000,16024.98633
830.00000,15997.60547
830.50000,15971.06836
831.00000,15949.78613
831.50000,15937.03223
832.00000,15932.73926
832.50000,15935.29297
833.00000,15942.96387
833.50000,15953.85840
834.00000,15968.18652
834.50000,15985.41211
835.00000,16005.49414
835.50000,16026.21289
836.00000,16044.27148
836.50000,16056.54590
837.00000,16060.46973
837.50000,16056.08398
838.00000,16046.66309
838.50000,16036.88281
839.00000,16031.61426
839.50000,16036.35938
840.00000,16049.67285
840.50000,16070.97656
841.00000,16095.80469
841.50000,16119.67578
842.00000,16137.98926
842.50000,16146.79688
843.00000,16143.34473
843.50000,16129.52246
844.00000,16108.04980
844.50000,16085.74219
845.00000,16068.78906
845.50000,16058.02734
846.00000,16051.73730
846.50000,16045.14746
847.00000,16034.19824
847.50000,16017.56348
848.00000,15997.10645
848.50000,15975.61621
849.00000,15955.60840
849.50000,15938.73828
850.00000,15924.78906
850.50000,15915.11621
851.00000,15909.92676
851.50000,15909.52441
852.00000,15911.85254
852.50000,15913.58301
853.00000,15911.86914
853.50000,15906.90332
854.00000,15901.66602
854.50000,15900.60059
855.00000,15908.58887
855.50000,15924.42090
856.00000,15945.80762
856.50000,15967.95020
857.00000,15988.32617
857.50000,16006.73047
858.00000,16024.06348
858.50000,16040.38574
859.00000,16054.91406
859.50000,16065.63965
860.00000,16072.92285
860.50000,16077.70410
861.00000,16082.48535
861.50000,16088.68457
862.00000,16095.16504
862.50000,16098.71191
863.00000,16095.75781
863.50000,16085.33008
864.00000,16066.84863
864.50000,16043.71191
865.00000,16018.16602
865.50000,15993.13379
866.00000,15970.98340
866.50000,15953.06152
867.00000,15940.42773
867.50000,15932.91895
868.00000,15928.35742
868.50000,15923.98828
869.00000,15917.49707
869.50000,15907.45508
870.00000,15895.57129
870.50000,15884.32422
871.00000,15876.03320
871.50000,15871.84375
872.00000,15870.16602
872.50000,15867.63867
873.00000,15860.52051
873.50000,15847.32910
874.00000,15828.83008
874.50000,15809.60449
875.00000,15794.45898
875.50000,15785.27441
876.00000,15782.38281
876.50000,15782.46191
877.00000,15781.97852
877.50000,15778.97266
878.00000,15774.37988
878.50000,15771.14941
879.00000,15771.68164
879.50000,15777.08789
880.00000,15783.46680
880.50000,15785.77734
881.00000,15781.44043
881.50000,15770.34277
882.00000,15756.54395
882.50000,15745.52441
883.00000,15741.87109
883.50000,15746.06445
884.00000,15757.27246
884.50000,15771.05762
885.00000,15784.40723
885.50000,15795.87305
886.00000,15805.43555
886.50000,15814.51172
887.00000,15824.61328
887.50000,15837.19238
888.00000,15853.18359
888.50000,15873.09277
889.00000,15894.81055
889.50000,15914.02051
890.00000,15926.04590
890.50000,15924.46680
891.00000,15909.57129
891.50000,15883.84570
892.00000,15854.60742
892.50000,15829.41504
893.00000,15812.25098
893.50000,15801.33496
894.00000,15793.43164
894.50000,15784.73340
895.00000,15774.11035
895.50000,15763.46387
896.00000,15755.60938
896.50000,15751.83008
897.00000,15751.77734
897.50000,15753.68066
898.00000,15755.66113
898.50000,15756.61426
899.00000,15756.09961
899.50000,15752.69629
900.00000,15745.74707
900.50000,15734.00391
901.00000,15719.13281
901.50000,15704.01270
902.00000,15692.17676
902.50000,15685.98730
903.00000,15685.95703
903.50000,15689.72656
904.00000,15695.15527
904.50000,15700.32324
905.00000,15704.99414
905.50000,15710.29004
906.00000,15717.89648
906.50000,15728.56152
907.00000,15742.31934
907.50000,15758.11523
908.00000,15774.22559
908.50000,15789.38867
909.00000,15803.84961
909.50000,15819.60938
910.00000,15838.70996
910.50000,15862.67090
911.00000,15888.70215
911.50000,15911.20313
912.00000,15924.27051
912.50000,15925.26855
913.00000,15916.86914
913.50000,15906.16211
914.00000,15898.66895
914.50000,15894.87695
915.00000,15891.59375
915.50000,15884.49902
916.00000,15871.62891
916.50000,15856.29785
917.00000,15843.80469
917.50000,15837.60938
918.00000,15836.14648
918.50000,15834.61230
919.00000,15828.59082
919.50000,15816.47559
920.00000,15803.54980
920.50000,15795.28320
921.00000,15793.27344
921.50000,15795.80273
922.00000,15798.44336
922.50000,15797.88770
923.00000,15793.62207
923.50000,15787.91211
924.00000,15782.70313
924.50000,15778.10352
925.00000,15772.47266
925.50000,15764.64160
926.00000,15754.97559
926.50000,15746.23926
927.00000,15741.68066
927.50000,15742.63477
928.00000,15747.72070
928.50000,15754.85449
929.00000,15761.81055
929.50000,15767.87891
930.00000,15773.95508
930.50000,15781.48730
931.00000,15791.02637
931.50000,15802.04688
932.00000,15812.44043
932.50000,15819.32324
933.00000,15819.91699
933.50000,15814.24707
934.00000,15803.44434
934.50000,15792.14063
935.00000,15784.61230
935.50000,15781.76563
936.00000,15782.55859
936.50000,15783.50586
937.00000,15781.72461
937.50000,15776.64355
938.00000,15770.30371
938.50000,15765.57422
939.00000,15763.92090
939.50000,15765.96289
940.00000,15769.92188
940.50000,15775.26074
941.00000,15782.01172
941.50000,15791.01270
942.00000,15802.09766
942.50000,15813.62207
943.00000,15823.64160
943.50000,15831.79297
944.00000,15839.55176
944.50000,15849.45508
945.00000,15863.78516
945.50000,15881.10254
946.00000,15898.48535
946.50000,15912.70020
947.00000,15922.38770
947.50000,15929.19922
948.00000,15936.75000
948.50000,15948.23145
949.00000,15963.30762
949.50000,15979.17285
950.00000,15990.97754
950.50000,15993.71191
951.00000,15987.63379
951.50000,15975.12793
952.00000,15961.88574
952.50000,15954.02539
953.00000,15956.25684
953.50000,15968.07324
954.00000,15987.44434
954.50000,16008.07617
955.00000,16024.87109
955.50000,16036.52344
956.00000,16043.90234
956.50000,16050.20410
957.00000,16057.29980
957.50000,16064.31152
958.00000,16068.44727
958.50000,16066.89648
959.00000,16061.47266
959.50000,16055.92676
960.00000,16054.00977
960.50000,16057.17188
961.00000,16062.10059
961.50000,16064.43750
962.00000,16062.09668
962.50000,16057.11816
963.00000,16054.29102
963.50000,16057.05176
964.00000,16065.86621
964.50000,16075.40039
965.00000,16079.24707
965.50000,16075.57715
966.00000,16066.05859
966.50000,16056.79102
967.00000,16053.32910
967.50000,16057.24316
968.00000,16065.39648
968.50000,16074.22852
969.00000,16081.62598
969.50000,16087.69043
970.00000,16093.88672
970.50000,16100.33203
971.00000,16105.29688
971.50000,16105.85254
972.00000,16100.54102
972.50000,16090.48633
973.00000,16079.04199
973.50000,16070.65137
974.00000,16069.75391
974.50000,16076.02344
975.00000,16088.41797
975.50000,16101.67480
976.00000,16110.34668
976.50000,16111.26074
977.00000,16104.66602
977.50000,16094.14746
978.00000,16084.49023
978.50000,16078.58984
979.00000,16075.12305
979.50000,16070.74121
980.00000,16063.11523
980.50000,16052.70508
981.00000,16043.77148
981.50000,16040.84766
982.00000,16044.20898
982.50000,16048.67676
983.00000,16045.84375
983.50000,16030.74316
984.00000,16001.95117
984.50000,15968.80664
985.00000,15942.94043
985.50000,15931.80371
986.00000,15940.14844
986.50000,15962.01074
987.00000,15988.88770
987.50000,16012.09570
988.00000,16026.08398
988.50000,16027.88672
989.00000,16021.47949
989.50000,16011.21484
990.00000,16003.42871
990.50000,16002.40332
991.00000,16006.99902
991.50000,16013.29297
992.00000,16016.33398
992.50000,16013.92578
993.00000,16007.75488
993.50000,16002.43555
994.00000,16001.46387
994.50000,16002.96191
995.00000,16001.40625
995.50000,15992.14844
996.00000,15973.28125
996.50000,15950.10938
997.00000,15930.06152
997.50000,15917.65625
998.00000,15911.21582
998.50000,15905.59082
999.00000,15895.85352
999.50000,15880.19238
1000.00000,15863.47852
1000.50000,15851.97168
1001.00000,15848.62402
1001.50000,15852.81152
1002.00000,15859.50781
1002.50000,15863.36621
1003.00000,15861.75488
1003.50000,15856.91797
1004.00000,15853.38281
1004.50000,15854.99902
1005.00000,15864.54785
1005.50000,15879.11621
1006.00000,15894.75781
1006.50000,15906.89355
1007.00000,15912.19336
1007.50000,15909.66309
1008.00000,15901.30078
1008.50000,15889.33008
1009.00000,15877.33789
1009.50000,15869.27637
1010.00000,15867.22559
1010.50000,15874.22363
1011.00000,15889.26953
1011.50000,15910.61328
1012.00000,15934.41406
1012.50000,15956.81836
1013.00000,15975.25781
1013.50000,15989.85938
1014.00000,16001.30371
1014.50000,16011.47754
1015.00000,16020.72559
1015.50000,16028.78320
1016.00000,16034.60938
1016.50000,16037.86328
1017.00000,16038.69238
1017.50000,16037.92188
1018.00000,16037.15918
1018.50000,16038.91016
1019.00000,16045.42871
1019.50000,16059.99414
1020.00000,16080.26758
1020.50000,16102.10352
1021.00000,16118.67969
1021.50000,16123.87598
1022.00000,16117.43359
1022.50000,16105.21289
1023.00000,16096.01172
1023.50000,16096.00195
1024.00000,16107.54883
1024.50000,16123.75781
1025.00000,16137.19531
1025.50000,16143.91016
1026.00000,16144.34961
1026.50000,16143.78809
1027.00000,16146.83496
1027.50000,16154.05078
1028.00000,16161.49316
1028.50000,16163.96289
1029.00000,16160.37207
1029.50000,16152.66016
1030.00000,16146.79199
1030.50000,16147.51367
1031.00000,16153.91309
1031.50000,16161.44434
1032.00000,16164.10645
1032.50000,16159.09668
1033.00000,16148.22559
1033.50000,16137.58398
1034.00000,16133.50391
1034.50000,16136.87305
1035.00000,16146.24414
1035.50000,16155.85742
1036.00000,16161.34766
1036.50000,16162.41797
1037.00000,16162.28809
1037.50000,16165.60840
1038.00000,16174.77344
1038.50000,16189.27637
1039.00000,16204.47754
1039.50000,16215.15625
1040.00000,16219.88477
1040.50000,16218.86523
1041.00000,16215.95605
1041.50000,16214.74121
1042.00000,16217.26855
1042.50000,16223.76074
1043.00000,16233.88281
1043.50000,16246.62109
1044.00000,16261.93555
1044.50000,16278.63281
1045.00000,16295.21582
1045.50000,16309.85840
1046.00000,16321.04199
1046.50000,16329.36230
1047.00000,16336.88086
1047.50000,16346.15137
1048.00000,16358.56543
1048.50000,16374.32813
1049.00000,16391.47461
1049.50000,16407.81250
1050.00000,16421.69531
1050.50000,16431.30469
1051.00000,16436.42578
1051.50000,16436.83594
1052.00000,16433.83984
1052.50000,16430.28711
1053.00000,16430.33594
1053.50000,16437.29883
1054.00000,16454.74805
1054.50000,16479.92773
1055.00000,16509.67773
1055.50000,16537.94727
1056.00000,16559.41211
1056.50000,16572.18164
1057.00000,16576.77148
1057.50000,16575.94727
1058.00000,16574.01953
1058.50000,16575.20117
1059.00000,16581.89648
1059.50000,16596.78711
1060.00000,16617.05859
1060.50000,16639.00000
1061.00000,16657.00977
1061.50000,16666.30273
1062.00000,16666.51953
1062.50000,16661.96484
1063.00000,16659.23047
1063.50000,16663.36328
1064.00000,16676.80273
1064.50000,16695.04297
1065.00000,16713.77148
1065.50000,16729.91797
1066.00000,16743.18555
1066.50000,16755.62305
1067.00000,16768.86523
1067.50000,16782.86914
1068.00000,16796.39258
1068.50000,16808.61914
1069.00000,16820.63867
1069.50000,16835.25977
1070.00000,16854.24805
1070.50000,16879.36133
1071.00000,16909.40820
1071.50000,16943.28906
1072.00000,16979.53125
1072.50000,17016.61523
1073.00000,17052.56055
1073.50000,17085.15625
1074.00000,17111.27539
1074.50000,17131.30078
1075.00000,17145.40820
1075.50000,17156.66992
1076.00000,17166.44727
1076.50000,17174.37500
1077.00000,17177.72461
1077.50000,17172.83984
1078.00000,17157.98242
1078.50000,17131.58203
1079.00000,17097.25586
1079.50000,17057.54102
1080.00000,17017.92773
1080.50000,16983.99609
1081.00000,16959.58984
1081.50000,16948.19141
1082.00000,16949.44922
1082.50000,16959.74219
1083.00000,16974.43750
1083.50000,16988.47266
1084.00000,16998.81250
1084.50000,17006.01172
1085.00000,17011.12109
1085.50000,17015.65039
1086.00000,17019.63867
1086.50000,17022.42383
1087.00000,17023.42188
1087.50000,17022.85352
1088.00000,17021.69727
1088.50000,17020.64063
1089.00000,17019.65234
1089.50000,17018.03320
1090.00000,17015.50586
1090.50000,17012.35352
1091.00000,17009.57617
1091.50000,17007.99414
1092.00000,17007.47461
1092.50000,17007.04883
1093.00000,17005.63672
1093.50000,17002.94336
1094.00000,16998.98047
1094.50000,16994.19531
1095.00000,16988.06250
1095.50000,16980.23242
1096.00000,16970.66602
1096.50000,16961.01953
1097.00000,16954.05664
1097.50000,16952.23438
1098.00000,16955.43555
1098.50000,16961.87500
1099.00000,16967.83984
1099.50000,16970.22461
1100.00000,16969.29688
1100.50000,16966.34375
1101.00000,16963.68555
1101.50000,16962.63672
1102.00000,16963.22266
1102.50000,16965.14453
1103.00000,16969.04297
1103.50000,16975.94531
1104.00000,16987.84570
1104.50000,17003.88672
1105.00000,17023.03320
1105.50000,17042.57422
1106.00000,17060.80273
1106.50000,17077.72461
1107.00000,17094.65039
1107.50000,17113.13867
1108.00000,17133.61914
1108.50000,17155.43555
1109.00000,17176.85742
1109.50000,17196.21094
1110.00000,17213.62500
1110.50000,17230.05859
1111.00000,17247.57422
1111.50000,17268.42188
1112.00000,17293.99805
1112.50000,17324.58398
1113.00000,17359.97070
1113.50000,17398.12109
1114.00000,17436.75000
1114.50000,17472.91602
1115.00000,17503.13281
1115.50000,17527.40039
1116.00000,17547.60352
1116.50000,17569.13477
1117.00000,17598.00977
1117.50000,17637.76563
1118.00000,17685.87891
1118.50000,17736.53711
1119.00000,17782.26953
1119.50000,17816.27148
1120.00000,17840.22266
1120.50000,17855.86523
1121.00000,17867.54688
1121.50000,17876.90234
1122.00000,17884.00195
1122.50000,17888.91797
1123.00000,17892.80664
1123.50000,17897.59375
1124.00000,17903.95313
1124.50000,17909.51563
1125.00000,17909.49219
1125.50000,17901.65625
1126.00000,17885.44141
1126.50000,17864.64063
1127.00000,17843.24805
1127.50000,17823.06250
1128.00000,17802.96680
1128.50000,17780.66406
1129.00000,17756.00391
1129.50000,17731.43750
1130.00000,17711.07617
1130.50000,17699.72266
1131.00000,17697.77930
1131.50000,17704.11328
1132.00000,17715.05273
1132.50000,17726.42969
1133.00000,17735.07422
1133.50000,17740.28125
1134.00000,17742.97461
1134.50000,17746.43359
1135.00000,17753.97852
1135.50000,17765.63477
1136.00000,17779.23633
1136.50000,17790.99414
1137.00000,17799.00781
1137.50000,17805.45508
1138.00000,17815.78906
1138.50000,17836.20898
1139.00000,17866.23438
1139.50000,17903.04688
1140.00000,17938.84375
1140.50000,17967.56055
1141.00000,17988.50195
1141.50000,18003.84570
1142.00000,18017.71289
1142.50000,18033.44336
1143.00000,18053.02148
1143.50000,18076.47656
1144.00000,18104.08008
1144.50000,18133.64258
1145.00000,18162.29102
1145.50000,18186.92383
1146.00000,18204.73633
1146.50000,18216.03125
1147.00000,18222.43750
1147.50000,18225.60156
1148.00000,18226.44141
1148.50000,18224.28711
1149.00000,18219.60156
1149.50000,18213.28320
1150.00000,18207.66406
1150.50000,18205.04102
1151.00000,18206.48438
1151.50000,18213.51172
1152.00000,18227.59961
1152.50000,18249.67383
1153.00000,18279.73438
1153.50000,18313.76563
1154.00000,18347.43945
1154.50000,18378.04102
1155.00000,18405.59375
1155.50000,18432.82617
1156.00000,18460.32227
1156.50000,18484.55664
1157.00000,18499.15430
1157.50000,18499.77930
1158.00000,18490.31836
1158.50000,18479.81250
1159.00000,18478.42383
1159.50000,18494.52344
1160.00000,18523.12109
1160.50000,18558.41406
1161.00000,18592.84570
1161.50000,18622.39844
1162.00000,18645.96484
1162.50000,18662.87305
1163.00000,18670.77344
1163.50000,18670.15039
1164.00000,18662.65820
1164.50000,18655.53125
1165.00000,18656.46094
1165.50000,18667.46680
1166.00000,18687.33398
1166.50000,18710.49609
1167.00000,18732.60352
1167.50000,18752.63867
1168.00000,18772.41406
1168.50000,18793.97070
1169.00000,18817.34766
1169.50000,18841.85156
1170.00000,18866.70898
1170.50000,18892.70703
1171.00000,18920.69336
1171.50000,18950.39844
1172.00000,18979.39258
1172.50000,19004.29492
1173.00000,19022.13086
1173.50000,19033.61328
1174.00000,19039.79883
1174.50000,19044.18945
1175.00000,19048.59961
1175.50000,19053.74609
1176.00000,19059.58984
1176.50000,19065.88281
1177.00000,19072.63867
1177.50000,19079.78125
1178.00000,19086.48633
1178.50000,19090.59180
1179.00000,19090.26563
1179.50000,19082.72461
1180.00000,19069.87500
1180.50000,19054.57813
1181.00000,19041.49219
1181.50000,19033.83789
1182.00000,19030.80078
1182.50000,19027.68945
1183.00000,19018.44141
1183.50000,19000.85156
1184.00000,18975.62695
1184.50000,18950.06641
1185.00000,18932.45313
1185.50000,18926.25195
1186.00000,18932.06055
1186.50000,18944.04297
1187.00000,18954.48828
1187.50000,18956.62500
1188.00000,18948.74023
1188.50000,18932.39063
1189.00000,18914.90625
1189.50000,18904.26953
1190.00000,18903.24219
1190.50000,18912.01758
1191.00000,18924.74023
1191.50000,18936.13086
1192.00000,18944.47852
1192.50000,18952.53320
1193.00000,18964.57227
1193.50000,18981.12695
1194.00000,18998.32813
1194.50000,19009.82422
1195.00000,19010.45117
1195.50000,19004.36914
1196.00000,19000.04297
1196.50000,19006.05078
1197.00000,19025.62891
1197.50000,19054.87695
1198.00000,19084.76367
1198.50000,19107.40234
1199.00000,19121.26172
1199.50000,19125.69531
1200.00000,19124.10742
1200.50000,19116.06641
1201.00000,19102.33203
1201.50000,19085.18555
1202.00000,19070.71484
1202.50000,19066.52930
1203.00000,19079.48242
1203.50000,19107.78125
1204.00000,19148.78125
1204.50000,19193.27734
1205.00000,19234.69727
1205.50000,19269.29492
1206.00000,19293.98438
1206.50000,19308.54492
1207.00000,19314.24414
1207.50000,19314.90820
1208.00000,19317.09180
1208.50000,19327.60547
1209.00000,19347.36719
1209.50000,19374.75391
1210.00000,19402.14453
1210.50000,19422.95898
1211.00000,19435.48047
1211.50000,19440.98242
1212.00000,19442.39063
1212.50000,19441.03125
1213.00000,19435.39063
1213.50000,19424.80664
1214.00000,19409.94336
1214.50000,19395.88086
1215.00000,19388.86328
1215.50000,19390.58008
1216.00000,19399.55078
1216.50000,19409.74023
1217.00000,19415.46875
1217.50000,19414.85742
1218.00000,19411.87305
1218.50000,19413.84570
1219.00000,19425.44727
1219.50000,19449.48047
1220.00000,19478.68359
1220.50000,19504.06055
1221.00000,19518.73828
1221.50000,19521.17773
1222.00000,19517.78125
1222.50000,19518.45313
1223.00000,19530.56250
1223.50000,19551.69922
1224.00000,19574.12891
1224.50000,19588.87695
1225.00000,19591.34570
1225.50000,19588.61914
1226.00000,19591.54102
1226.50000,19607.64844
1227.00000,19636.32813
1227.50000,19669.27539
1228.00000,19696.09961
1228.50000,19710.02148
1229.00000,19714.63281
1229.50000,19714.67383
1230.00000,19715.48242
1230.50000,19717.95898
1231.00000,19720.49023
1231.50000,19722.68164
1232.00000,19726.77930
1232.50000,19735.53125
1233.00000,19749.40430
1233.50000,19764.13672
1234.00000,19774.14648
1234.50000,19778.68750
1235.00000,19781.44727
1235.50000,19789.45117
1236.00000,19807.76758
1236.50000,19833.77734
1237.00000,19860.01563
1237.50000,19879.41602
1238.00000,19891.47070
1238.50000,19900.85547
1239.00000,19914.15820
1239.50000,19934.20703
1240.00000,19955.89258
1240.50000,19972.76367
1241.00000,19982.87305
1241.50000,19989.95313
1242.00000,20001.17383
1242.50000,20020.87305
1243.00000,20048.29102
1243.50000,20077.27539
1244.00000,20103.33398
1244.50000,20127.67578
1245.00000,20155.51563
1245.50000,20190.15039
1246.00000,20230.29883
1246.50000,20268.74023
1247.00000,20298.06445
1247.50000,20315.91797
1248.00000,20328.03906
1248.50000,20342.07031
1249.00000,20361.69727
1249.50000,20384.80469
1250.00000,20404.13477
1250.50000,20413.76758
1251.00000,20415.93945
1251.50000,20417.73633
1252.00000,20426.42383
1252.50000,20443.20313
1253.00000,20463.08594
1253.50000,20478.24414
1254.00000,20482.67578
1254.50000,20479.72656
1255.00000,20473.81836
1255.50000,20469.10938
1256.00000,20465.25586
1256.50000,20459.64844
1257.00000,20451.68750
1257.50000,20444.85352
1258.00000,20444.11719
1258.50000,20453.12109
1259.00000,20467.82617
1259.50000,20482.21289
1260.00000,20491.35547
1260.50000,20493.78125
1261.00000,20492.95898
1261.50000,20492.07617
1262.00000,20491.95703
1262.50000,20491.41016
1263.00000,20489.68750
1263.50000,20488.20703
1264.00000,20489.73438
1264.50000,20494.67383
1265.00000,20502.22461
1265.50000,20510.49609
1266.00000,20520.16211
1266.50000,20533.85156
1267.00000,20553.77148
1267.50000,20579.18945
1268.00000,20606.24609
1268.50000,20633.00195
1269.00000,20661.91016
1269.50000,20700.69141
1270.00000,20751.01367
1270.50000,20809.34375
1271.00000,20864.09961
1271.50000,20904.31055
1272.00000,20927.79492
1272.50000,20942.78125
1273.00000,20960.60352
1273.50000,20987.74805
1274.00000,21025.15430
1274.50000,21065.82227
1275.00000,21105.75391
1275.50000,21144.80469
1276.00000,21184.57422
1276.50000,21224.24805
1277.00000,21259.43359
1277.50000,21285.43750
1278.00000,21303.54883
1278.50000,21319.86523
1279.00000,21342.33008
1279.50000,21376.12695
1280.00000,21415.76953
1280.50000,21453.45117
1281.00000,21483.74023
1281.50000,21507.15039
1282.00000,21529.68945
1282.50000,21557.02539
1283.00000,21590.09766
1283.50000,21623.97266
1284.00000,21652.31250
1284.50000,21673.48828
1285.00000,21687.85742
1285.50000,21699.63672
1286.00000,21711.10547
1286.50000,21722.22266
1287.00000,21731.41406
1287.50000,21737.61328
1288.00000,21742.00781
1288.50000,21747.05664
1289.00000,21754.97266
1289.50000,21767.89844
1290.00000,21785.13281
1290.50000,21806.58594
1291.00000,21830.51953
1291.50000,21854.12695
1292.00000,21872.91797
1292.50000,21882.29492
1293.00000,21878.53320
1293.50000,21865.30664
1294.00000,21849.21484
1294.50000,21839.03711
1295.00000,21841.27734
1295.50000,21853.02930
1296.00000,21868.04883
1296.50000,21878.89648
1297.00000,21882.08594
1297.50000,21879.24414
1298.00000,21875.80469
1298.50000,21876.66602
1299.00000,21882.72266
1299.50000,21893.75586
1300.00000,21906.78320
1300.50000,21919.83594
1301.00000,21931.25195
1301.50000,21939.62695
1302.00000,21944.67969
1302.50000,21948.24609
1303.00000,21954.09180
1303.50000,21965.44922
1304.00000,21984.82227
1304.50000,22008.31055
1305.00000,22031.42969
1305.50000,22051.45117
1306.00000,22069.74219
1306.50000,22091.22852
1307.00000,22120.49609
1307.50000,22158.45898
1308.00000,22200.28320
1308.50000,22239.77148
1309.00000,22273.53125
1309.50000,22300.92578
1310.00000,22326.29492
1310.50000,22352.58398
1311.00000,22379.83594
1311.50000,22405.43164
1312.00000,22426.87109
1312.50000,22444.55273
1313.00000,22461.14844
1313.50000,22479.36523
1314.00000,22498.67969
1314.50000,22514.59961
1315.00000,22520.81250
1315.50000,22516.97070
1316.00000,22506.01563
1316.50000,22494.48633
1317.00000,22486.74414
1317.50000,22481.98047
1318.00000,22474.72070
1318.50000,22458.05664
1319.00000,22431.48438
1319.50000,22396.66211
1320.00000,22361.09570
1320.50000,22331.37109
1321.00000,22310.44531
1321.50000,22298.77344
1322.00000,22293.58008
1322.50000,22289.50000
1323.00000,22279.36133
1323.50000,22257.37305
1324.00000,22216.79883
1324.50000,22162.84570
1325.00000,22102.10156
1325.50000,22046.30469
1326.00000,22006.02539
1326.50000,21984.44727
1327.00000,21978.45703
1327.50000,21981.55664
1328.00000,21986.35742
1328.50000,21989.83984
1329.00000,21993.05859
1329.50000,21998.72070
1330.00000,22006.92188
1330.50000,22014.85938
1331.00000,22018.59961
1331.50000,22017.13672
1332.00000,22016.01367
1332.50000,22025.47266
1333.00000,22055.32813
1333.50000,22102.33203
1334.00000,22156.93359
1334.50000,22202.22070
1335.00000,22222.97656
1335.50000,22220.45508
1336.00000,22202.06055
1336.50000,22181.54102
1337.00000,22169.13281
1337.50000,22168.53906
1338.00000,22176.16211
1338.50000,22187.84375
1339.00000,22198.70703
1339.50000,22204.94727
1340.00000,22205.63672
1340.50000,22200.58398
1341.00000,22193.71875
1341.50000,22190.35352
1342.00000,22193.95313
1342.50000,22202.93750
1343.00000,22211.49219
1343.50000,22212.97656
1344.00000,22201.19141
1344.50000,22179.37109
1345.00000,22150.71484
1345.50000,22120.84180
1346.00000,22092.65625
1346.50000,22066.76172
1347.00000,22043.00195
1347.50000,22021.90820
1348.00000,22004.34180
1348.50000,21992.41797
1349.00000,21985.89844
1349.50000,21985.43359
1350.00000,21988.99609
1350.50000,21995.82031
1351.00000,22004.87891
1351.50000,22016.18945
1352.00000,22029.85938
1352.50000,22044.94336
1353.00000,22059.04102
1353.50000,22069.39648
1354.00000,22073.12500
1354.50000,22072.43555
1355.00000,22070.72461
1355.50000,22072.01953
1356.00000,22078.09570
1356.50000,22086.66992
1357.00000,22093.57813
1357.50000,22095.87109
1358.00000,22094.35352
1358.50000,22092.21875
1359.00000,22093.71094
1359.50000,22103.11133
1360.00000,22119.22656
1360.50000,22139.13867
1361.00000,22156.89648
1361.50000,22166.83008
1362.00000,22166.45898
1362.50000,22157.69531
1363.00000,22142.87695
1363.50000,22124.12891
1364.00000,22098.01758
1364.50000,22063.40820
1365.00000,22020.04492
1365.50000,21974.94727
1366.00000,21936.16406
1366.50000,21906.84375
1367.00000,21882.90234
1367.50000,21856.32422
1368.00000,21822.44531
1368.50000,21782.81250
1369.00000,21745.27930
1369.50000,21716.64648
1370.00000,21694.53320
1370.50000,21672.74609
1371.00000,21645.71875
1371.50000,21614.30469
1372.00000,21584.70898
1372.50000,21562.17578
1373.00000,21547.50195
1373.50000,21535.00000
1374.00000,21518.14648
1374.50000,21494.57227
1375.00000,21463.52734
1375.50000,21428.26172
1376.00000,21391.58789
1376.50000,21356.67383
1377.00000,21326.59375
1377.50000,21303.63477
1378.00000,21286.47852
1378.50000,21272.40430
1379.00000,21258.20703
1379.50000,21244.20508
1380.00000,21233.24609
1380.50000,21228.58398
1381.00000,21228.66602
1381.50000,21228.18164
1382.00000,21220.88672
1382.50000,21204.43555
1383.00000,21180.24219
1383.50000,21154.01563
1384.00000,21129.89453
1384.50000,21108.64258
1385.00000,21089.80078
1385.50000,21072.53320
1386.00000,21057.29492
1386.50000,21043.70703
1387.00000,21029.31836
1387.50000,21009.98047
1388.00000,20983.47461
1388.50000,20949.72852
1389.00000,20914.44336
1389.50000,20884.33984
1390.00000,20862.25195
1390.50000,20848.25391
1391.00000,20837.04102
1391.50000,20822.67188
1392.00000,20801.62109
1392.50000,20774.39648
1393.00000,20743.81250
1393.50000,20714.84570
1394.00000,20693.46680
1394.50000,20681.24805
1395.00000,20679.42383
1395.50000,20682.49414
1396.00000,20683.10547
1396.50000,20674.64258
1397.00000,20655.21680
1397.50000,20629.13477
1398.00000,20605.91992
1398.50000,20594.02539
1399.00000,20592.45703
1399.50000,20596.34180
1400.00000,20596.39453
1400.50000,20585.68945
1401.00000,20564.77930
1401.50000,20538.00586
1402.00000,20510.83984
1402.50000,20486.17773
1403.00000,20463.75586
1403.50000,20441.48828
1404.00000,20418.89453
1404.50000,20397.85938
1405.00000,20381.93164
1405.50000,20372.00586
1406.00000,20367.12891
1406.50000,20363.71289
1407.00000,20358.72461
1407.50000,20352.00586
1408.00000,20346.77148
1408.50000,20348.10352
1409.00000,20356.94922
1409.50000,20372.29688
1410.00000,20387.54492
1410.50000,20396.30469
1411.00000,20395.77930
1411.50000,20385.50195
1412.00000,20367.39063
1412.50000,20344.88086
1413.00000,20321.20898
1413.50000,20299.93359
1414.00000,20285.21484
1414.50000,20277.36914
1415.00000,20277.40820
1415.50000,20283.56445
1416.00000,20295.89648
1416.50000,20314.14258
1417.00000,20336.30273
1417.50000,20356.72852
1418.00000,20367.69336
1418.50000,20359.99023
1419.00000,20335.73828
1419.50000,20298.90820
1420.00000,20261.60156
1420.50000,20233.72070
1421.00000,20218.57617
1421.50000,20213.78516
1422.00000,20212.27734
1422.50000,20206.56055
1423.00000,20190.90820
1423.50000,20166.45703
1424.00000,20137.53320
1424.50000,20113.20898
1425.00000,20102.00000
1425.50000,20102.49219
1426.00000,20105.97070
1426.50000,20098.25391
1427.00000,20068.84766
1427.50000,20018.29688
1428.00000,19960.34180
1428.50000,19910.84180
1429.00000,19877.66797
1429.50000,19863.72852
1430.00000,19858.51367
1430.50000,19852.92969
1431.00000,19841.01563
1431.50000,19821.55469
1432.00000,19797.04492
1432.50000,19771.75977
1433.00000,19749.87109
1433.50000,19733.62305
1434.00000,19725.28906
1434.50000,19721.50586
1435.00000,19718.26758
1435.50000,19711.66211
1436.00000,19701.19922
1436.50000,19691.19922
1437.00000,19687.41797
1437.50000,19692.63867
1438.00000,19701.82617
1438.50000,19706.07227
1439.00000,19700.29492
1439.50000,19682.52344
1440.00000,19659.45117
1440.50000,19636.04102
1441.00000,19613.67188
1441.50000,19589.66016
1442.00000,19561.03906
1442.50000,19528.42773
1443.00000,19495.27539
1443.50000,19464.79102
1444.00000,19437.73047
1444.50000,19412.07617
1445.00000,19388.55078
1445.50000,19370.38281
1446.00000,19363.01758
1446.50000,19368.00000
1447.00000,19381.90820
1447.50000,19398.57422
1448.00000,19412.05664
1448.50000,19419.07422
1449.00000,19420.95117
1449.50000,19417.10742
1450.00000,19408.54688
1450.50000,19395.90625
1451.00000,19382.78711
1451.50000,19374.10547
1452.00000,19373.44727
1452.50000,19380.13477
1453.00000,19390.95898
1453.50000,19400.80273
1454.00000,19406.20313
1454.50000,19407.76172
1455.00000,19405.88672
1455.50000,19401.51563
1456.00000,19393.80273
1456.50000,19381.63086
1457.00000,19364.47461
1457.50000,19343.14844
1458.00000,19321.11523
1458.50000,19303.63867
1459.00000,19293.78516
1459.50000,19294.79688
1460.00000,19303.12500
1460.50000,19314.44336
1461.00000,19323.01953
1461.50000,19324.69922
1462.00000,19318.46875
1462.50000,19306.86914
1463.00000,19293.34180
1463.50000,19281.63672
1464.00000,19274.53125
1464.50000,19271.58984
1465.00000,19273.19141
1465.50000,19278.68750
1466.00000,19288.77930
1466.50000,19303.31055
1467.00000,19320.40039
1467.50000,19336.18359
1468.00000,19346.58398
1468.50000,19349.23438
1469.00000,19347.91211
1469.50000,19347.13477
1470.00000,19349.82031
1470.50000,19355.47070
1471.00000,19360.60156
1471.50000,19363.02148
1472.00000,19364.37305
1472.50000,19368.74414
1473.00000,19378.40820
1473.50000,19388.71289
1474.00000,19390.33398
1474.50000,19379.03906
1475.00000,19353.60938
1475.50000,19322.99414
1476.00000,19296.97461
1476.50000,19281.41016
1477.00000,19275.99609
1477.50000,19277.09375
1478.00000,19279.79297
1478.50000,19282.34570
1479.00000,19284.32227
1479.50000,19284.74609
1480.00000,19282.67383
1480.50000,19277.07813
1481.00000,19268.75781
1481.50000,19258.84375
1482.00000,19248.02539
1482.50000,19236.93555
1483.00000,19227.81250
1483.50000,19224.07617
1484.00000,19231.39453
1484.50000,19247.63672
1485.00000,19268.16602
1485.50000,19284.95313
1486.00000,19293.56055
1486.50000,19297.59766
1487.00000,19305.45313
1487.50000,19322.22656
1488.00000,19343.44336
1488.50000,19358.57422
1489.00000,19360.60352
1489.50000,19347.09180
1490.00000,19328.73828
1490.50000,19317.26758
1491.00000,19318.97266
1491.50000,19331.59570
1492.00000,19346.95508
1492.50000,19357.65039
1493.00000,19360.40039
1493.50000,19358.73242
1494.00000,19358.03906
1494.50000,19362.88281
1495.00000,19376.45703
1495.50000,19396.57227
1496.00000,19419.49805
1496.50000,19441.04883
1497.00000,19458.24219
1497.50000,19468.78125
1498.00000,19472.33398
1498.50000,19467.82617
1499.00000,19458.91211
1499.50000,19450.54102
1500.00000,19447.81250
1500.50000,19451.66992
1501.00000,19455.78516
1501.50000,19451.12695
1502.00000,19432.64258
1502.50000,19405.02539
1503.00000,19378.84961
1503.50000,19363.28711
1504.00000,19363.21094
1504.50000,19369.10352
1505.00000,19371.71289
1505.50000,19367.06641
1506.00000,19356.66602
1506.50000,19345.32422
1507.00000,19336.09180
1507.50000,19328.80859
1508.00000,19321.37109
1508.50000,19311.89453
1509.00000,19300.35547
1509.50000,19286.70898
1510.00000,19272.38867
1510.50000,19260.21094
1511.00000,19253.56641
1511.50000,19254.89844
1512.00000,19262.99609
1512.50000,19272.51563
1513.00000,19277.65625
1513.50000,19277.20703
1514.00000,19272.29492
1514.50000,19267.08594
1515.00000,19263.92578
1515.50000,19263.00781
1516.00000,19264.44727
1516.50000,19268.95703
1517.00000,19277.30664
1517.50000,19288.32227
1518.00000,19297.86328
1518.50000,19299.74023
1519.00000,19292.04102
1519.50000,19273.96875
1520.00000,19252.10156
1520.50000,19233.89453
1521.00000,19224.94141
1521.50000,19225.43555
1522.00000,19230.17969
1522.50000,19231.48242
1523.00000,19223.54102
1523.50000,19208.70313
1524.00000,19193.94141
1524.50000,19187.58594
1525.00000,19196.11133
1525.50000,19214.26758
1526.00000,19234.50781
1526.50000,19249.80664
1527.00000,19257.52148
1527.50000,19258.31055
1528.00000,19255.10547
1528.50000,19248.49023
1529.00000,19239.34570
1529.50000,19228.78320
1530.00000,19219.85938
1530.50000,19216.43945
1531.00000,19220.12305
1531.50000,19230.64258
1532.00000,19245.84766
1532.50000,19262.62305
1533.00000,19278.27930
1533.50000,19290.82422
1534.00000,19296.35156
1534.50000,19293.21875
1535.00000,19277.34375
1535.50000,19250.49805
1536.00000,19217.07813
1536.50000,19186.17969
1537.00000,19167.39063
1537.50000,19165.92578
1538.00000,19177.17578
1538.50000,19194.45898
1539.00000,19209.11328
1539.50000,19216.24609
1540.00000,19217.54102
1540.50000,19215.16406
1541.00000,19211.37891
1541.50000,19207.03906
1542.00000,19203.15625
1542.50000,19201.23047
1543.00000,19202.33594
1543.50000,19204.92773
1544.00000,19206.66992
1544.50000,19206.80078
1545.00000,19206.51563
1545.50000,19206.21875
1546.00000,19201.93555
1546.50000,19187.34961
1547.00000,19159.85547
1547.50000,19125.26367
1548.00000,19098.31641
1548.50000,19095.71875
1549.00000,19112.90820
1549.50000,19137.56445
1550.00000,19150.90234
1550.50000,19141.00977
1551.00000,19113.45313
1551.50000,19082.65430
1552.00000,19063.31055
1552.50000,19058.67969
1553.00000,19063.17188
1553.50000,19065.54297
1554.00000,19056.39844
1554.50000,19036.81250
1555.00000,19010.58789
1555.50000,18985.09570
1556.00000,18963.80273
1556.50000,18943.92969
1557.00000,18920.29297
1557.50000,18890.25781
1558.00000,18857.69922
1558.50000,18829.29492
1559.00000,18807.22461
1559.50000,18787.49609
1560.00000,18762.10156
1560.50000,18728.05664
1561.00000,18691.99219
1561.50000,18663.70313
1562.00000,18647.43555
1562.50000,18636.74219
1563.00000,18620.68359
1563.50000,18595.40820
1564.00000,18564.88672
1564.50000,18537.11914
1565.00000,18513.12695
1565.50000,18485.44922
1566.00000,18445.75977
1566.50000,18395.92969
1567.00000,18350.16602
1567.50000,18324.81641
1568.00000,18322.14648
1568.50000,18335.74414
1569.00000,18347.52344
1569.50000,18343.24414
1570.00000,18323.20508
1570.50000,18295.08789
1571.00000,18270.65234
1571.50000,18255.97266
1572.00000,18249.49023
1572.50000,18243.82031
1573.00000,18231.59375
1573.50000,18211.67188
1574.00000,18187.04492
1574.50000,18164.26758
1575.00000,18145.87305
1575.50000,18129.15820
1576.00000,18110.87891
1576.50000,18091.82422
1577.00000,18078.02539
1577.50000,18077.15430
1578.00000,18087.71484
1578.50000,18104.28516
1579.00000,18118.33008
1579.50000,18126.09766
1580.00000,18131.29102
1580.50000,18138.39258
1581.00000,18147.49414
1581.50000,18153.37695
1582.00000,18150.87891
1582.50000,18140.46875
1583.00000,18126.70898
1583.50000,18116.01563
1584.00000,18112.69922
1584.50000,18113.93164
1585.00000,18115.82617
1585.50000,18115.34961
1586.00000,18111.71094
1586.50000,18106.33984
1587.00000,18101.08398
1587.50000,18096.19727
1588.00000,18089.18945
1588.50000,18075.00000
1589.00000,18052.90430
1589.50000,18025.44727
1590.00000,18001.73438
1590.50000,17991.26758
1591.00000,17994.09375
1591.50000,17998.40234
1592.00000,17987.37109
1592.50000,17952.39453
1593.00000,17894.23438
1593.50000,17829.76758
1594.00000,17776.05078
1594.50000,17738.76758
1595.00000,17715.73828
1595.50000,17697.98438
1596.00000,17681.27148
1596.50000,17665.34961
1597.00000,17649.92383
1597.50000,17630.10156
1598.00000,17598.96875
1598.50000,17550.30469
1599.00000,17490.55664
1599.50000,17428.44531
1600.00000,17373.66602
1600.50000,17332.15430
1601.00000,17302.56445
1601.50000,17280.31055
1602.00000,17259.67773
1602.50000,17234.34766
1603.00000,17197.23633
1603.50000,17148.32031
1604.00000,17092.20313
1604.50000,17042.59961
1605.00000,17010.97266
1605.50000,16993.60938
1606.00000,16977.57031
1606.50000,16948.41797
1607.00000,16902.75000
1607.50000,16850.52148
1608.00000,16807.94531
1608.50000,16783.99805
1609.00000,16769.46484
1609.50000,16751.94531
1610.00000,16723.72656
1610.50000,16684.37109
1611.00000,16640.17773
1611.50000,16594.85547
1612.00000,16547.25781
1612.50000,16496.15625
1613.00000,16443.61914
1613.50000,16395.00391
1614.00000,16357.04395
1614.50000,16327.41211
1615.00000,16302.58984
1615.50000,16277.88281
1616.00000,16251.81055
1616.50000,16225.90332
1617.00000,16202.67676
1617.50000,16183.26855
1618.00000,16165.08887
1618.50000,16143.36621
1619.00000,16114.87012
1619.50000,16077.94141
1620.00000,16038.59277
1620.50000,16006.30859
1621.00000,15986.39258
1621.50000,15976.72363
1622.00000,15967.87598
1622.50000,15949.21387
1623.00000,15913.88965
1623.50000,15867.76660
1624.00000,15820.90625
1624.50000,15782.11035
1625.00000,15756.00391
1625.50000,15738.78125
1626.00000,15724.99414
1626.50000,15709.18750
1627.00000,15689.16699
1627.50000,15665.90234
1628.00000,15641.94434
1628.50000,15618.10449
1629.00000,15592.67871
1629.50000,15561.10938
1630.00000,15521.84180
1630.50000,15476.11328
1631.00000,15428.69727
1631.50000,15384.02832
1632.00000,15344.02637
1632.50000,15307.46680
1633.00000,15272.65918
1633.50000,15237.91406
1634.00000,15201.99902
1634.50000,15163.64648
1635.00000,15120.56055
1635.50000,15072.58008
1636.00000,15020.94434
1636.50000,14968.36035
1637.00000,14916.28613
1637.50000,14864.52930
1638.00000,14812.54199
1638.50000,14761.40723
1639.00000,14713.57324
1639.50000,14671.92188
1640.00000,14634.85059
1640.50000,14598.86816
1641.00000,14559.55371
1641.50000,14514.61328
1642.00000,14465.33105
1642.50000,14416.04395
1643.00000,14370.06250
1643.50000,14327.69922
1644.00000,14289.48926
1644.50000,14255.54395
1645.00000,14229.80469
1645.50000,14212.24902
1646.00000,14198.89355
1646.50000,14180.78906
1647.00000,14150.33105
1647.50000,14106.86523
1648.00000,14062.00195
1648.50000,14030.03223
1649.00000,14011.90039
1649.50000,13999.32324
1650.00000,13977.09961
1650.50000,13935.19043
1651.00000,13879.80176
1651.50000,13826.47852
1652.00000,13786.46973
1652.50000,13759.81445
1653.00000,13741.33984
1653.50000,13723.75488
1654.00000,13705.49805
1654.50000,13687.42676
1655.00000,13667.52148
1655.50000,13641.45996
1656.00000,13605.47461
1656.50000,13561.95898
1657.00000,13518.94531
1657.50000,13483.51660
1658.00000,13455.57715
1658.50000,13431.48926
1659.00000,13405.90820
1659.50000,13378.04883
1660.00000,13352.69824
1660.50000,13335.43555
1661.00000,13326.34668
1661.50000,13319.69629
1662.00000,13306.08984
1662.50000,13279.15137
1663.00000,13239.56543
1663.50000,13197.92383
1664.00000,13166.52148
1664.50000,13149.34863
1665.00000,13145.37402
1665.50000,13143.24512
1666.00000,13131.66016
1666.50000,13105.70605
1667.00000,13067.85840
1667.50000,13024.36328
1668.00000,12983.64648
1668.50000,12951.74609
1669.00000,12926.52148
1669.50000,12903.69336
1670.00000,12877.34766
1670.50000,12844.60645
1671.00000,12808.97363
1671.50000,12777.08203
1672.00000,12752.68652
1672.50000,12733.29102
1673.00000,12713.88770
1673.50000,12691.40625
1674.00000,12668.08789
1674.50000,12648.74414
1675.00000,12635.60059
1675.50000,12624.89453
1676.00000,12611.36719
1676.50000,12592.13086
1677.00000,12568.25781
1677.50000,12540.37402
1678.00000,12507.87988
1678.50000,12468.69141
1679.00000,12426.93555
1679.50000,12392.20215
1680.00000,12370.68457
1680.50000,12362.94043
1681.00000,12359.05859
1681.50000,12346.75000
1682.00000,12318.66504
1682.50000,12280.40918
1683.00000,12243.55664
1683.50000,12218.13867
1684.00000,12212.29004
1684.50000,12219.99316
1685.00000,12232.72852
1685.50000,12238.78906
1686.00000,12230.50293
1686.50000,12207.75293
1687.00000,12176.97852
1687.50000,12146.32813
1688.00000,12121.24219
1688.50000,12103.70117
1689.00000,12091.05371
1689.50000,12082.61426
1690.00000,12076.30273
1690.50000,12068.52637
1691.00000,12054.20215
1691.50000,12029.16797
1692.00000,11993.24023
1692.50000,11952.27832
1693.00000,11914.13574
1693.50000,11883.44531
1694.00000,11862.12207
1694.50000,11845.08594
1695.00000,11826.94043
1695.50000,11802.68945
1696.00000,11770.61230
1696.50000,11734.80176
1697.00000,11702.58496
1697.50000,11681.24512
1698.00000,11670.84277
1698.50000,11666.19531
1699.00000,11656.25684
1699.50000,11631.96680
1700.00000,11594.50391
1700.50000,11548.78027
1701.00000,11504.51758
1701.50000,11470.03906
1702.00000,11449.54492
1702.50000,11441.08008
1703.00000,11440.95703
1703.50000,11440.91504
1704.00000,11433.10840
1704.50000,11416.35547
1705.00000,11391.34766
1705.50000,11363.26855
1706.00000,11336.70410
1706.50000,11314.17578
1707.00000,11295.16992
1707.50000,11278.11035
1708.00000,11260.30859
1708.50000,11238.12695
1709.00000,11210.08203
1709.50000,11176.72949
1710.00000,11144.07520
1710.50000,11120.86426
1711.00000,11112.85742
1711.50000,11119.58008
1712.00000,11130.16113
1712.50000,11131.02539
1713.00000,11111.56055
1713.50000,11076.88672
1714.00000,11038.80762
1714.50000,11012.44629
1715.00000,11005.04883
1715.50000,11008.57129
1716.00000,11009.60059
1716.50000,10996.82715
1717.00000,10971.08887
1717.50000,10942.80957
1718.00000,10923.22559
1718.50000,10918.70020
1719.00000,10920.85742
1719.50000,10916.74121
1720.00000,10899.37109
1720.50000,10869.56445
1721.00000,10837.44824
1721.50000,10813.74902
1722.00000,10802.78906
1722.50000,10798.78223
1723.00000,10795.73730
1723.50000,10790.59961
1724.00000,10784.33984
1724.50000,10778.61426
1725.00000,10771.24316
1725.50000,10758.77344
1726.00000,10739.82715
1726.50000,10718.15723
1727.00000,10699.77637
1727.50000,10687.12305
1728.00000,10676.67676
1728.50000,10663.93262
1729.00000,10648.37891
1729.50000,10634.23926
1730.00000,10625.65527
1730.50000,10623.20508
1731.00000,10622.42969
1731.50000,10618.50781
1732.00000,10610.19922
1732.50000,10601.16895
1733.00000,10594.82129
1733.50000,10590.87012
1734.00000,10586.34180
1734.50000,10578.60059
1735.00000,10568.25098
1735.50000,10558.50781
1736.00000,10550.98828
1736.50000,10542.82813
1737.00000,10527.98730
1737.50000,10502.51660
1738.00000,10470.76367
1738.50000,10441.55664
1739.00000,10423.22070
1739.50000,10420.89648
1740.00000,10427.36426
1740.50000,10435.39648
1741.00000,10439.32422
1741.50000,10437.10547
1742.00000,10429.22754
1742.50000,10417.61426
1743.00000,10403.47852
1743.50000,10389.70898
1744.00000,10380.17676
1744.50000,10375.09863
1745.00000,10371.74219
1745.50000,10365.70703
1746.00000,10354.97266
1746.50000,10342.57715
1747.00000,10334.19922
1747.50000,10332.73535
1748.00000,10334.46191
1748.50000,10332.44336
1749.00000,10322.20898
1749.50000,10303.56836
1750.00000,10282.67383
1750.50000,10264.80371
1751.00000,10252.27832
1751.50000,10244.87695
1752.00000,10241.35742
1752.50000,10240.48535
1753.00000,10240.77637
1753.50000,10238.58984
1754.00000,10227.81152
1754.50000,10208.88477
1755.00000,10185.34180
1755.50000,10165.48242
1756.00000,10157.48730
1756.50000,10162.77930
1757.00000,10174.74316
1757.50000,10185.29395
1758.00000,10189.04883
1758.50000,10184.05762
1759.00000,10176.40332
1759.50000,10170.95996
1760.00000,10168.55566
1760.50000,10165.88379
1761.00000,10157.93262
1761.50000,10143.68164
1762.00000,10127.07031
1762.50000,10113.72852
1763.00000,10106.45313
1763.50000,10100.89844
1764.00000,10091.19043
1764.50000,10077.38379
1765.00000,10064.80957
1765.50000,10060.49902
1766.00000,10066.22949
1766.50000,10075.75977
1767.00000,10080.87988
1767.50000,10076.06055
1768.00000,10063.01074
1768.50000,10045.44727
1769.00000,10027.77344
1769.50000,10011.68652
1770.00000,9996.89160
1770.50000,9982.11230
1771.00000,9965.93262
1771.50000,9948.35059
1772.00000,9931.75781
1772.50000,9920.13477
1773.00000,9916.55859
1773.50000,9917.68164
1774.00000,9918.58789
1774.50000,9914.77344
1775.00000,9903.47461
1775.50000,9886.87012
1776.00000,9866.34082
1776.50000,9843.10449
1777.00000,9819.40625
1777.50000,9799.49023
1778.00000,9786.02441
1778.50000,9780.36426
1779.00000,9777.66504
1779.50000,9772.77051
1780.00000,9763.98145
1780.50000,9753.44531
1781.00000,9745.15234
1781.50000,9741.41504
1782.00000,9741.21973
1782.50000,9741.14648
1783.00000,9739.35938
1783.50000,9736.35840
1784.00000,9732.35254
1784.50000,9726.02539
1785.00000,9714.10449
1785.50000,9696.67090
1786.00000,9678.10840
1786.50000,9666.21875
1787.00000,9663.97754
1787.50000,9668.14551
1788.00000,9670.04199
1788.50000,9661.08105
1789.00000,9643.21387
1789.50000,9620.36816
1790.00000,9597.63086
1790.50000,9577.90430
1791.00000,9563.83203
1791.50000,9558.89063
1792.00000,9566.32715
1792.50000,9583.39648
1793.00000,9603.16602
1793.50000,9615.98438
1794.00000,9614.30273
1794.50000,9601.37500
1795.00000,9582.72656
1795.50000,9567.94238
1796.00000,9563.28809
1796.50000,9568.16113
1797.00000,9575.54297
1797.50000,9576.40723
1798.00000,9568.64746
1798.50000,9555.17188
1799.00000,9542.51660
1799.50000,9533.19238
1800.00000,9524.47559
1800.50000,9513.61914
1801.00000,9500.74902
1801.50000,9486.79004
1802.00000,9471.04883
1802.50000,9453.66211
1803.00000,9438.86328
1803.50000,9432.28320
1804.00000,9438.46582
1804.50000,9448.26563
1805.00000,9451.34375
1805.50000,9445.55859
1806.00000,9437.23438
1806.50000,9433.82715
1807.00000,9432.80469
1807.50000,9425.46875
1808.00000,9408.70605
1808.50000,9388.03320
1809.00000,9374.38477
1809.50000,9372.70020
1810.00000,9377.50195
