440.00000,37896.78125
440.50000,37790.81250
441.00000,37658.15625
441.50000,37489.67188
442.00000,37300.80078
442.50000,37102.98828
443.00000,36907.41797
443.50000,36721.16406
444.00000,36547.86328
444.50000,36390.42188
445.00000,36253.69922
445.50000,36140.60938
446.00000,36059.50781
446.50000,36007.89453
447.00000,35989.66016
447.50000,35995.37500
448.00000,36026.22266
448.50000,36078.32422
449.00000,36148.44531
449.50000,36228.55859
450.00000,36307.58594
450.50000,36377.80078
451.00000,36437.21094
451.50000,36482.77734
452.00000,36517.24219
452.50000,36538.42969
453.00000,36545.61719
453.50000,36537.41016
454.00000,36517.48047
454.50000,36496.26563
455.00000,36485.90234
455.50000,36490.16016
456.00000,36509.88672
456.50000,36534.95703
457.00000,36552.61328
457.50000,36555.93750
458.00000,36542.01563
458.50000,36513.27344
459.00000,36472.69922
459.50000,36421.28125
460.00000,36361.54688
460.50000,36294.33984
461.00000,36223.03516
461.50000,36149.14453
462.00000,36073.58594
462.50000,35994.32422
463.00000,35910.64844
463.50000,35824.65234
464.00000,35742.23828
464.50000,35671.42969
465.00000,35621.60547
465.50000,35586.37891
466.00000,35559.01953
466.50000,35528.14063
467.00000,35484.98047
467.50000,35430.57031
468.00000,35375.01563
468.50000,35329.03516
469.00000,35298.41016
469.50000,35283.63281
470.00000,35274.51953
470.50000,35256.60547
471.00000,35223.48438
471.50000,35170.60156
472.00000,35105.01172
472.50000,35036.66016
473.00000,34979.17188
473.50000,34941.28125
474.00000,34928.49219
474.50000,34938.44922
475.00000,34972.28125
475.50000,35022.46875
476.00000,35086.06250
476.50000,35156.80859
477.00000,35229.40234
477.50000,35295.36328
478.00000,35338.80078
478.50000,35345.83594
479.00000,35310.89844
479.50000,35226.43359
480.00000,35105.05859
480.50000,34951.58594
481.00000,34787.45703
481.50000,34624.56641
482.00000,34468.98828
482.50000,34323.72656
483.00000,34189.49219
483.50000,34067.25391
484.00000,33960.02734
484.50000,33868.50391
485.00000,33798.69922
485.50000,33747.42969
486.00000,33717.80859
486.50000,33701.69531
487.00000,33693.48828
487.50000,33686.30859
488.00000,33673.38281
488.50000,33647.38672
489.00000,33605.06250
489.50000,33544.12109
490.00000,33469.83203
490.50000,33384.64063
491.00000,33296.23047
491.50000,33213.67578
492.00000,33144.36719
492.50000,33094.87891
493.00000,33070.03125
493.50000,33069.63281
494.00000,33096.79297
494.50000,33143.35547
495.00000,33205.53516
495.50000,33274.66406
496.00000,33344.70313
496.50000,33408.55078
497.00000,33456.92969
497.50000,33484.95313
498.00000,33491.19922
498.50000,33474.25000
499.00000,33440.34375
499.50000,33391.67969
500.00000,33337.25391
500.50000,33281.87891
501.00000,33229.43750
501.50000,33183.61328
502.00000,33146.89453
502.50000,33120.77734
503.00000,33103.69922
503.50000,33091.84766
504.00000,33083.43750
504.50000,33077.78906
505.00000,33081.41016
505.50000,33101.97266
506.00000,33149.94141
506.50000,33227.44922
507.00000,33332.62109
507.50000,33457.06250
508.00000,33584.53906
508.50000,33698.84766
509.00000,33793.28516
509.50000,33858.32813
510.00000,33898.78516
510.50000,33911.64453
511.00000,33901.91406
511.50000,33871.73438
512.00000,33822.46875
512.50000,33756.53906
513.00000,33674.57031
513.50000,33581.22266
514.00000,33479.38281
514.50000,33373.85156
515.00000,33266.74219
515.50000,33160.38281
516.00000,33057.57813
516.50000,32962.15234
517.00000,32877.65625
517.50000,32808.20703
518.00000,32753.53516
518.50000,32714.42578
519.00000,32683.95508
519.50000,32654.92773
520.00000,32621.67578
520.50000,32581.66406
521.00000,32536.86133
521.50000,32491.47070
522.00000,32450.68750
522.50000,32415.91016
523.00000,32386.29492
523.50000,32358.06250
524.00000,32327.38867
524.50000,32291.92578
525.00000,32249.83789
525.50000,32202.86719
526.00000,32152.75977
526.50000,32102.45313
527.00000,32055.96289
527.50000,32019.99609
528.00000,31998.17969
528.50000,31995.78906
529.00000,32008.62500
529.50000,32035.45117
530.00000,32069.41602
530.50000,32105.94531
531.00000,32143.10352
531.50000,32182.96875
532.00000,32229.78906
532.50000,32286.26172
533.00000,32355.88281
533.50000,32434.46484
534.00000,32516.15234
534.50000,32593.81055
535.00000,32660.14453
535.50000,32711.07227
536.00000,32742.57031
536.50000,32752.79297
537.00000,32745.65234
537.50000,32721.21289
538.00000,32685.17578
538.50000,32639.50586
539.00000,32590.04883
539.50000,32540.84375
540.00000,32494.33789
540.50000,32451.91992
541.00000,32414.41797
541.50000,32382.98828
542.00000,32362.14063
542.50000,32354.02344
543.00000,32364.17969
543.50000,32389.20117
544.00000,32427.65820
544.50000,32471.29492
545.00000,32510.85547
545.50000,32540.38477
546.00000,32558.91602
546.50000,32568.65234
547.00000,32575.38477
547.50000,32584.70508
548.00000,32599.90039
548.50000,32621.86523
549.00000,32647.37500
549.50000,32673.36719
550.00000,32696.58984
550.50000,32714.32813
551.00000,32724.82422
551.50000,32729.78906
552.00000,32729.89063
552.50000,32726.58203
553.00000,32717.49219
553.50000,32699.12305
554.00000,32660.60352
554.50000,32597.67969
555.00000,32506.87109
555.50000,32392.41602
556.00000,32266.31836
556.50000,32145.10352
557.00000,32044.83008
557.50000,31979.39453
558.00000,31942.83008
558.50000,31934.16406
559.00000,31941.96875
559.50000,31960.07813
560.00000,31984.66406
560.50000,32014.70898
561.00000,32049.31055
561.50000,32083.54688
562.00000,32107.24219
562.50000,32110.43164
563.00000,32076.18359
563.50000,32008.61328
564.00000,31908.20313
564.50000,31784.73438
565.00000,31646.42578
565.50000,31498.11328
566.00000,31341.41797
566.50000,31174.22070
567.00000,30998.74219
567.50000,30818.48047
568.00000,30641.93164
568.50000,30480.37305
569.00000,30340.75391
569.50000,30223.06055
570.00000,30122.96289
570.50000,30033.67969
571.00000,29951.55273
571.50000,29874.64453
572.00000,29808.88477
572.50000,29756.14844
573.00000,29721.38867
573.50000,29701.36719
574.00000,29692.33203
574.50000,29687.29492
575.00000,29679.47461
575.50000,29665.84961
576.00000,29648.15430
576.50000,29629.51172
577.00000,29613.65234
577.50000,29604.11328
578.00000,29600.88086
578.50000,29603.51758
579.00000,29611.39063
579.50000,29626.15625
580.00000,29651.17383
580.50000,29688.62500
581.00000,29742.26563
581.50000,29806.40039
582.00000,29875.84375
582.50000,29943.80664
583.00000,30005.98828
583.50000,30062.71484
584.00000,30117.42188
584.50000,30174.92383
585.00000,30235.79297
585.50000,30295.28125
586.00000,30345.27344
586.50000,30371.25586
587.00000,30368.84961
587.50000,30330.68555
588.00000,30270.35156
588.50000,30199.83008
589.00000,30132.76172
589.50000,30078.86914
590.00000,30042.88867
590.50000,30020.16211
591.00000,30004.34375
591.50000,29989.58789
592.00000,29975.99023
592.50000,29967.19531
593.00000,29970.84961
593.50000,29993.50586
594.00000,30038.01953
594.50000,30102.99609
595.00000,30183.06445
595.50000,30275.42578
596.00000,30374.12305
596.50000,30476.54492
597.00000,30579.17578
597.50000,30679.69531
598.00000,30776.87891
598.50000,30869.40430
599.00000,30955.88867
599.50000,31034.52148
600.00000,31099.81445
600.50000,31150.75977
601.00000,31182.05078
601.50000,31197.96289
602.00000,31199.76172
602.50000,31194.88477
603.00000,31190.87109
603.50000,31195.44727
604.00000,31213.76172
604.50000,31250.38086
605.00000,31303.95313
605.50000,31374.58984
606.00000,31453.46094
606.50000,31530.55664
607.00000,31597.00391
607.50000,31646.60352
608.00000,31680.46875
608.50000,31702.50195
609.00000,31717.20117
609.50000,31727.25586
610.00000,31729.76172
610.50000,31722.82422
611.00000,31703.27148
611.50000,31676.20313
612.00000,31647.57813
612.50000,31624.13281
613.00000,31608.25195
613.50000,31594.06250
614.00000,31572.90039
614.50000,31536.80859
615.00000,31487.06055
615.50000,31428.60742
616.00000,31375.90625
616.50000,31345.30469
617.00000,31340.77539
617.50000,31363.38281
618.00000,31405.68945
618.50000,31457.63086
619.00000,31511.14453
619.50000,31562.46289
620.00000,31614.93555
620.50000,31674.31250
621.00000,31747.93359
621.50000,31834.71289
622.00000,31929.83984
622.50000,32019.99805
623.00000,32087.38867
623.50000,32118.46680
624.00000,32111.61328
624.50000,32064.89844
625.00000,31993.95117
625.50000,31909.05469
626.00000,31826.15039
626.50000,31756.27344
627.00000,31701.75586
627.50000,31661.71875
628.00000,31631.06055
628.50000,31602.06836
629.00000,31566.69336
629.50000,31520.08594
630.00000,31459.43555
630.50000,31390.87500
631.00000,31319.72852
631.50000,31252.67969
632.00000,31195.49219
632.50000,31151.10352
633.00000,31119.64063
633.50000,31099.73633
634.00000,31087.83984
634.50000,31082.76367
635.00000,31081.29688
635.50000,31082.94922
636.00000,31088.25586
636.50000,31101.67188
637.00000,31127.36133
637.50000,31168.91797
638.00000,31227.15430
638.50000,31296.72852
639.00000,31371.23047
639.50000,31441.64648
640.00000,31500.41797
640.50000,31547.89844
641.00000,31582.73242
641.50000,31606.16211
642.00000,31616.81445
642.50000,31613.22461
643.00000,31596.71680
643.50000,31574.69531
644.00000,31559.68555
644.50000,31569.62305
645.00000,31609.80664
645.50000,31688.15430
646.00000,31793.55469
646.50000,31911.14063
647.00000,32021.47070
647.50000,32113.50391
648.00000,32183.81641
648.50000,32241.11523
649.00000,32296.93359
649.50000,32364.45508
650.00000,32461.55859
650.50000,32589.59180
651.00000,32754.21289
651.50000,32953.20313
652.00000,33184.36719
652.50000,33445.29297
653.00000,33728.47266
653.50000,34031.13281
654.00000,34342.09375
654.50000,34653.31250
655.00000,34954.43750
655.50000,35228.15234
656.00000,35458.76953
656.50000,35622.88281
657.00000,35695.69531
657.50000,35676.11328
658.00000,35559.32813
658.50000,35373.76563
659.00000,35130.25000
659.50000,34863.60938
660.00000,34594.03516
660.50000,34339.30859
661.00000,34110.72266
661.50000,33911.81250
662.00000,33743.31250
662.50000,33607.30469
663.00000,33497.87500
663.50000,33416.35938
664.00000,33355.53906
664.50000,33317.25000
665.00000,33299.62109
665.50000,33309.24219
666.00000,33348.74609
666.50000,33419.58984
667.00000,33519.91797
667.50000,33639.16016
668.00000,33764.08984
668.50000,33879.22266
669.00000,33966.23047
669.50000,34018.16016
670.00000,34020.43359
670.50000,33972.39844
671.00000,33872.23047
671.50000,33725.57813
672.00000,33551.86328
672.50000,33366.37109
673.00000,33186.88672
673.50000,33031.35547
674.00000,32903.27344
674.50000,32808.31641
675.00000,32736.49219
675.50000,32674.59766
676.00000,32609.64063
676.50000,32532.91992
677.00000,32439.75391
677.50000,32333.21094
678.00000,32215.08594
678.50000,32091.00586
679.00000,31962.89844
679.50000,31833.38867
680.00000,31705.98047
680.50000,31585.72266
681.00000,31478.06836
681.50000,31386.12500
682.00000,31305.09570
682.50000,31223.52734
683.00000,31127.98242
683.50000,31004.11914
684.00000,30854.14648
684.50000,30680.74414
685.00000,30496.52344
685.50000,30313.39258
686.00000,30141.00000
686.50000,29982.84375
687.00000,29842.17773
687.50000,29717.94922
688.00000,29616.73047
688.50000,29535.73242
689.00000,29477.98438
689.50000,29438.31250
690.00000,29413.18359
690.50000,29398.57227
691.00000,29393.73438
691.50000,29401.03711
692.00000,29420.25977
692.50000,29453.43555
693.00000,29496.04492
693.50000,29546.53906
694.00000,29600.78320
694.50000,29657.21680
695.00000,29714.49805
695.50000,29771.32031
696.00000,29826.36133
696.50000,29879.07813
697.00000,29929.09766
697.50000,29976.80078
698.00000,30019.71680
698.50000,30055.07227
699.00000,30077.49414
699.50000,30086.57031
700.00000,30085.55273
700.50000,30082.71094
701.00000,30087.90039
701.50000,30106.70117
702.00000,30130.73633
702.50000,30143.11133
703.00000,30129.03906
703.50000,30069.81445
704.00000,29967.38281
704.50000,29828.76367
705.00000,29673.73047
705.50000,29526.46289
706.00000,29406.65430
706.50000,29321.19727
707.00000,29281.83594
707.50000,29279.80859
708.00000,29317.77344
708.50000,29384.07813
709.00000,29473.48438
709.50000,29574.40234
710.00000,29678.51172
710.50000,29779.84180
711.00000,29875.09375
711.50000,29961.01367
712.00000,30037.61133
712.50000,30099.67969
713.00000,30144.71289
713.50000,30165.38672
714.00000,30159.74219
714.50000,30125.13477
715.00000,30062.00195
715.50000,29975.58398
716.00000,29868.43164
716.50000,29749.07031
717.00000,29622.54688
717.50000,29498.25781
718.00000,29385.80469
718.50000,29291.64453
719.00000,29222.56836
719.50000,29179.68164
720.00000,29159.57813
720.50000,29159.92773
721.00000,29176.13281
721.50000,29213.15234
722.00000,29272.06836
722.50000,29362.27344
723.00000,29479.90234
723.50000,29621.34766
724.00000,29775.08789
724.50000,29929.17773
725.00000,30073.75391
725.50000,30206.02539
726.00000,30322.96289
726.50000,30426.25781
727.00000,30510.87500
727.50000,30578.37109
728.00000,30627.66016
728.50000,30665.16992
729.00000,30700.33789
729.50000,30743.88672
730.00000,30802.03711
730.50000,30879.44922
731.00000,30972.42188
731.50000,31081.30273
732.00000,31200.19727
732.50000,31328.32422
733.00000,31463.59180
733.50000,31605.61133
734.00000,31753.36914
734.50000,31904.77344
735.00000,32056.07617
735.50000,32202.19922
736.00000,32336.10352
736.50000,32457.89453
737.00000,32569.61328
737.50000,32682.39453
738.00000,32807.01563
738.50000,32945.12500
739.00000,33086.64453
739.50000,33209.77344
740.00000,33291.37891
740.50000,33299.56641
741.00000,33235.25391
741.50000,33080.61719
742.00000,32865.14844
742.50000,32596.01367
743.00000,32289.39258
743.50000,31955.95117
744.00000,31607.66016
744.50000,31260.11719
745.00000,30931.96289
745.50000,30636.75195
746.00000,30396.25391
746.50000,30203.81445
747.00000,30067.35156
747.50000,29978.49023
748.00000,29936.27539
748.50000,29936.14258
749.00000,29971.77539
749.50000,30040.83984
750.00000,30133.80469
750.50000,30246.47852
751.00000,30367.74414
751.50000,30487.76367
752.00000,30593.52344
752.50000,30665.87109
753.00000,30689.00781
753.50000,30649.20313
754.00000,30534.73047
754.50000,30356.83984
755.00000,30127.06055
755.50000,29876.64844
756.00000,29630.89258
756.50000,29410.57227
757.00000,29233.33203
757.50000,29098.18164
758.00000,28996.95313
758.50000,28914.16602
759.00000,28831.80859
759.50000,28739.11328
760.00000,28635.41797
760.50000,28521.53320
761.00000,28403.55859
761.50000,28284.94727
762.00000,28168.98828
762.50000,28060.86719
763.00000,27969.64063
763.50000,27905.58008
764.00000,27880.05664
764.50000,27889.85156
765.00000,27933.30078
765.50000,27989.55664
766.00000,28039.47656
766.50000,28067.28125
767.00000,28060.60547
767.50000,28020.19922
768.00000,27957.08398
768.50000,27884.10156
769.00000,27813.73633
769.50000,27755.18359
770.00000,27709.33789
770.50000,27677.45508
771.00000,27654.13086
771.50000,27636.75000
772.00000,27622.97266
772.50000,27612.99805
773.00000,27608.78906
773.50000,27612.35938
774.00000,27627.16602
774.50000,27652.64648
775.00000,27690.90625
775.50000,27737.70703
776.00000,27790.37305
776.50000,27843.35156
777.00000,27891.04297
777.50000,27929.28125
778.00000,27955.53906
778.50000,27966.74805
779.00000,27964.18555
779.50000,27945.82227
780.00000,27917.27930
780.50000,27883.33008
781.00000,27853.54688
781.50000,27838.77148
782.00000,27844.25781
782.50000,27869.88867
783.00000,27910.94727
783.50000,27957.39453
784.00000,28000.92969
784.50000,28037.55273
785.00000,28065.30273
785.50000,28086.71875
786.00000,28099.58594
786.50000,28098.72266
787.00000,28073.73828
787.50000,28014.03125
788.00000,27917.10938
788.50000,27780.44727
789.00000,27618.69336
789.50000,27442.16211
790.00000,27267.19141
790.50000,27107.24023
791.00000,26966.89648
791.50000,26848.09180
792.00000,26748.17773
792.50000,26661.79688
793.00000,26584.95313
793.50000,26512.95508
794.00000,26446.52539
794.50000,26388.29297
795.00000,26349.34766
795.50000,26338.25586
796.00000,26364.90625
796.50000,26430.39453
797.00000,26530.74219
797.50000,26659.68555
798.00000,26804.75977
798.50000,26958.69531
799.00000,27113.93555
799.50000,27267.08984
800.00000,27417.59961
800.50000,27566.07227
801.00000,27713.62109
801.50000,27859.36328
802.00000,27998.62500
802.50000,28122.83984
803.00000,28214.88672
803.50000,28265.84375
804.00000,28252.72070
804.50000,28183.21680
805.00000,28054.30078
805.50000,27889.88672
806.00000,27710.28125
806.50000,27533.85938
807.00000,27372.72070
807.50000,27234.43164
808.00000,27116.74219
808.50000,27022.17969
809.00000,26944.55078
809.50000,26885.07617
810.00000,26839.66211
810.50000,26805.61133
811.00000,26778.47852
811.50000,26755.42188
812.00000,26737.12305
812.50000,26727.54297
813.00000,26738.22461
813.50000,26775.39258
814.00000,26853.15039
814.50000,26966.15234
815.00000,27109.55273
815.50000,27262.94922
816.00000,27406.21484
816.50000,27523.98828
817.00000,27612.36523
817.50000,27671.08789
818.00000,27713.60352
818.50000,27749.38477
819.00000,27788.55469
819.50000,27837.38672
820.00000,27896.95313
820.50000,27966.93945
821.00000,28045.06250
821.50000,28128.67188
822.00000,28216.08594
822.50000,28305.42969
823.00000,28396.44141
823.50000,28488.52539
824.00000,28580.44531
824.50000,28669.13867
825.00000,28748.76563
825.50000,28813.95898
826.00000,28863.69922
826.50000,28900.82813
827.00000,28934.10156
827.50000,28973.34766
828.00000,29025.11719
828.50000,29098.25195
829.00000,29193.41211
829.50000,29318.15039
830.00000,29476.16602
830.50000,29674.15625
831.00000,29912.10156
831.50000,30175.01563
832.00000,30442.25977
832.50000,30687.02344
833.00000,30871.04297
833.50000,30982.95117
834.00000,30996.12500
834.50000,30915.37500
835.00000,30740.52148
835.50000,30483.47070
836.00000,30165.41992
836.50000,29809.30859
837.00000,29445.14453
837.50000,29096.89648
838.00000,28775.75391
838.50000,28492.91992
839.00000,28242.99805
839.50000,28025.85742
840.00000,27839.70703
840.50000,27686.38477
841.00000,27571.43164
841.50000,27490.78125
842.00000,27440.91992
842.50000,27405.76563
843.00000,27376.53516
843.50000,27346.19531
844.00000,27313.32617
844.50000,27280.01367
845.00000,27249.28906
845.50000,27224.23828
846.00000,27207.58008
846.50000,27205.01758
847.00000,27217.76758
847.50000,27246.21094
848.00000,27278.26758
848.50000,27298.13281
849.00000,27293.57813
849.50000,27258.66992
850.00000,27201.28516
850.50000,27139.29883
851.00000,27090.85742
851.50000,27062.34961
852.00000,27052.58984
852.50000,27044.90625
853.00000,27025.20313
853.50000,26992.06445
854.00000,26952.34570
854.50000,26917.68750
855.00000,26895.77930
855.50000,26887.18359
856.00000,26884.21484
856.50000,26879.65039
857.00000,26871.18555
857.50000,26862.50195
858.00000,26860.44531
858.50000,26870.96289
859.00000,26891.18164
859.50000,26913.96484
860.00000,26930.91992
860.50000,26936.91406
861.00000,26928.56836
861.50000,26909.48242
862.00000,26880.51758
862.50000,26846.04883
863.00000,26807.69531
863.50000,26767.77734
864.00000,26727.94336
864.50000,26689.01953
865.00000,26650.58398
865.50000,26611.78906
866.00000,26572.44922
866.50000,26533.69922
867.00000,26497.29297
867.50000,26465.81055
868.00000,26440.02930
868.50000,26422.03711
869.00000,26414.69922
869.50000,26423.38477
870.00000,26456.91211
870.50000,26516.69727
871.00000,26603.66016
871.50000,26704.49219
872.00000,26808.57031
872.50000,26906.97266
873.00000,26998.00000
873.50000,27088.20117
874.00000,27186.83789
874.50000,27300.17578
875.00000,27425.76758
875.50000,27556.72852
876.00000,27683.17188
876.50000,27797.21094
877.00000,27901.04102
877.50000,27995.94922
878.00000,28083.97852
878.50000,28162.50781
879.00000,28226.89453
879.50000,28274.08594
880.00000,28301.71680
880.50000,28315.51953
881.00000,28318.83203
881.50000,28318.97266
882.00000,28320.68164
882.50000,28328.38281
883.00000,28347.53125
883.50000,28381.90625
884.00000,28433.33203
884.50000,28502.21094
885.00000,28583.75195
885.50000,28676.73828
886.00000,28777.69727
886.50000,28888.61523
887.00000,29008.41992
887.50000,29136.27148
888.00000,29267.13672
888.50000,29394.42969
889.00000,29511.60352
889.50000,29616.51563
890.00000,29706.12305
890.50000,29782.44531
891.00000,29842.08984
891.50000,29888.55469
892.00000,29923.41211
892.50000,29953.53711
893.00000,29985.80664
893.50000,30024.54297
894.00000,30068.51367
894.50000,30111.76563
895.00000,30146.99023
895.50000,30165.34375
896.00000,30169.49805
896.50000,30159.70898
897.00000,30140.37109
897.50000,30111.74609
898.00000,30073.16992
898.50000,30023.56641
899.00000,29961.89844
899.50000,29890.61328
900.00000,29809.60156
900.50000,29721.22852
901.00000,29623.44922
901.50000,29516.84375
902.00000,29400.22656
902.50000,29276.16797
903.00000,29148.83789
903.50000,29024.81445
904.00000,28912.36133
904.50000,28824.33789
905.00000,28764.75195
905.50000,28743.29883
906.00000,28748.97461
906.50000,28772.43359
907.00000,28796.95313
907.50000,28809.07422
908.00000,28802.24414
908.50000,28778.02344
909.00000,28738.70703
909.50000,28690.01367
910.00000,28630.23633
910.50000,28560.56055
911.00000,28479.26172
911.50000,28389.62695
912.00000,28294.33594
912.50000,28196.26758
913.00000,28097.17773
913.50000,27998.29883
914.00000,27901.08008
914.50000,27807.39648
915.00000,27716.21094
915.50000,27623.65625
916.00000,27524.13477
916.50000,27413.26563
917.00000,27294.28906
917.50000,27175.63086
918.00000,27067.14063
918.50000,26972.88867
919.00000,26892.41602
919.50000,26816.81055
920.00000,26739.61133
920.50000,26659.87695
921.00000,26582.86523
921.50000,26515.75000
922.00000,26464.14258
922.50000,26428.20703
923.00000,26403.87109
923.50000,26389.67188
924.00000,26384.72852
924.50000,26395.33789
925.00000,26421.57617
925.50000,26467.06250
926.00000,26528.45703
926.50000,26605.50391
927.00000,26697.25195
927.50000,26802.47852
928.00000,26918.88477
928.50000,27039.21094
929.00000,27155.57227
929.50000,27263.87891
930.00000,27363.76367
930.50000,27462.76172
931.00000,27569.52344
931.50000,27686.91211
932.00000,27810.24609
932.50000,27927.61133
933.00000,28024.89453
933.50000,28083.10156
934.00000,28098.80469
934.50000,28057.62695
935.00000,27971.06641
935.50000,27841.63672
936.00000,27685.46680
936.50000,27515.95313
937.00000,27344.23633
937.50000,27176.10742
938.00000,27012.71094
938.50000,26852.54102
939.00000,26697.99023
939.50000,26552.31836
940.00000,26422.84766
940.50000,26309.91602
941.00000,26211.92773
941.50000,26122.84375
942.00000,26037.26172
942.50000,25953.57031
943.00000,25872.60938
943.50000,25796.44336
944.00000,25723.36719
944.50000,25650.51563
945.00000,25575.88281
945.50000,25501.98242
946.00000,25435.72852
946.50000,25385.48047
947.00000,25354.38672
947.50000,25336.03320
948.00000,25322.55273
948.50000,25306.58203
949.00000,25286.70703
949.50000,25267.56445
950.00000,25254.37305
950.50000,25247.59570
951.00000,25243.72266
951.50000,25237.95117
952.00000,25228.76758
952.50000,25218.72656
953.00000,25211.47852
953.50000,25207.28125
954.00000,25199.77539
954.50000,25178.72461
955.00000,25141.33398
955.50000,25093.18164
956.00000,25047.84961
956.50000,25017.27734
957.00000,25005.15820
957.50000,25000.59375
958.00000,24986.63086
958.50000,24952.13086
959.00000,24889.64648
959.50000,24810.16602
960.00000,24725.59180
960.50000,24646.50000
961.00000,24575.87891
961.50000,24509.91016
962.00000,24442.20508
962.50000,24369.14063
963.00000,24293.43555
963.50000,24220.77344
964.00000,24154.57813
964.50000,24094.36133
965.00000,24033.78906
965.50000,23964.77344
966.00000,23881.77148
966.50000,23785.92188
967.00000,23682.87109
967.50000,23583.25000
968.00000,23499.94727
968.50000,23436.24023
969.00000,23396.46875
969.50000,23373.89063
970.00000,23362.10547
970.50000,23353.83594
971.00000,23344.74609
971.50000,23334.84961
972.00000,23328.00195
972.50000,23332.23633
973.00000,23351.22656
973.50000,23388.92578
974.00000,23438.25781
974.50000,23490.04492
975.00000,23533.63086
975.50000,23562.44727
976.00000,23576.64844
976.50000,23584.14648
977.00000,23592.59766
977.50000,23604.83008
978.00000,23616.05469
978.50000,23617.07227
979.00000,23596.93164
979.50000,23554.75781
980.00000,23494.78320
980.50000,23424.78711
981.00000,23350.18750
981.50000,23268.61328
982.00000,23175.86523
982.50000,23064.79883
983.00000,22943.05859
983.50000,22821.50586
984.00000,22712.82617
984.50000,22625.92578
985.00000,22559.39258
985.50000,22504.47266
986.00000,22451.64648
986.50000,22394.42578
987.00000,22331.03711
987.50000,22265.64648
988.00000,22203.05078
988.50000,22146.41992
989.00000,22098.59375
989.50000,22060.23047
990.00000,22031.89063
990.50000,22013.94336
991.00000,22004.20313
991.50000,22001.33203
992.00000,22001.78906
992.50000,22004.85156
993.00000,22010.89844
993.50000,22023.33398
994.00000,22044.65234
994.50000,22076.50000
995.00000,22117.08789
995.50000,22160.54688
996.00000,22199.01953
996.50000,22226.81055
997.00000,22237.53906
997.50000,22235.82813
998.00000,22225.52148
998.50000,22213.43750
999.00000,22202.43359
999.50000,22190.42578
1000.00000,22171.97461
1000.50000,22141.37109
1001.00000,22099.73828
1001.50000,22051.28516
1002.00000,22005.36914
1002.50000,21970.42578
1003.00000,21947.29688
1003.50000,21934.41602
1004.00000,21926.79688
1004.50000,21922.12891
1005.00000,21921.86133
1005.50000,21928.36328
1006.00000,21944.48242
1006.50000,21967.24414
1007.00000,21993.19336
1007.50000,22017.43750
1008.00000,22037.12305
1008.50000,22053.08398
1009.00000,22068.26758
1009.50000,22086.67773
1010.00000,22111.46484
1010.50000,22145.21094
1011.00000,22185.66016
1011.50000,22229.08789
1012.00000,22268.07227
1012.50000,22293.48633
1013.00000,22302.35156
1013.50000,22295.50781
1014.00000,22281.09570
1014.50000,22269.42578
1015.00000,22267.41992
1015.50000,22272.40234
1016.00000,22275.17578
1016.50000,22266.55469
1017.00000,22239.64844
1017.50000,22200.88086
1018.00000,22160.31445
1018.50000,22128.74219
1019.00000,22111.89453
1019.50000,22109.78906
1020.00000,22117.01367
1020.50000,22131.34570
1021.00000,22151.08984
1021.50000,22178.84570
1022.00000,22213.35742
1022.50000,22252.13867
1023.00000,22289.72461
1023.50000,22321.14258
1024.00000,22343.81055
1024.50000,22357.91406
1025.00000,22361.85547
1025.50000,22355.38672
1026.00000,22332.79688
1026.50000,22296.14648
1027.00000,22246.53516
1027.50000,22191.83203
1028.00000,22139.46875
1028.50000,22094.07227
1029.00000,22055.69922
1029.50000,22022.50781
1030.00000,21991.38477
1030.50000,21960.83398
1031.00000,21929.62305
1031.50000,21896.07617
1032.00000,21859.55664
1032.50000,21821.23828
1033.00000,21786.03906
1033.50000,21761.45703
1034.00000,21754.79102
1034.50000,21766.01172
1035.00000,21793.16406
1035.50000,21826.24805
1036.00000,21858.66016
1036.50000,21887.87305
1037.00000,21915.35352
1037.50000,21944.08594
1038.00000,21974.54102
1038.50000,22003.25977
1039.00000,22025.16602
1039.50000,22035.61523
1040.00000,22037.16016
1040.50000,22033.92383
1041.00000,22032.78320
1041.50000,22037.74414
1042.00000,22047.16016
1042.50000,22056.61523
1043.00000,22061.77148
1043.50000,22061.91211
1044.00000,22059.72656
1044.50000,22059.70703
1045.00000,22065.57813
1045.50000,22076.06055
1046.00000,22088.93164
1046.50000,22101.05664
1047.00000,22111.10742
1047.50000,22119.69336
1048.00000,22127.78906
1048.50000,22135.55469
1049.00000,22142.60352
1049.50000,22148.84766
1050.00000,22155.40234
1050.50000,22163.56445
1051.00000,22172.41406
1051.50000,22178.34570
1052.00000,22177.28320
1052.50000,22166.90234
1053.00000,22149.25977
1053.50000,22130.08203
1054.00000,22114.17188
1054.50000,22101.60352
1055.00000,22088.95898
1055.50000,22072.79688
1056.00000,22053.74023
1056.50000,22038.32031
1057.00000,22035.42383
1057.50000,22049.40820
1058.00000,22076.94336
1058.50000,22110.72656
1059.00000,22142.42578
1059.50000,22168.16406
1060.00000,22190.97852
1060.50000,22214.37500
1061.00000,22239.58594
1061.50000,22264.40430
1062.00000,22285.18750
1062.50000,22299.83203
1063.00000,22309.17969
1063.50000,22317.41211
1064.00000,22329.74805
1064.50000,22349.43555
1065.00000,22380.96680
1065.50000,22423.07227
1066.00000,22475.08203
1066.50000,22532.21094
1067.00000,22588.89258
1067.50000,22639.80273
1068.00000,22682.05469
1068.50000,22713.30273
1069.00000,22735.56250
1069.50000,22747.94141
1070.00000,22753.70898
1070.50000,22754.65039
1071.00000,22754.92969
1071.50000,22758.44141
1072.00000,22766.95117
1072.50000,22778.85938
1073.00000,22790.57031
1073.50000,22799.14648
1074.00000,22804.22461
1074.50000,22809.98242
1075.00000,22821.97656
1075.50000,22841.51758
1076.00000,22865.91992
1076.50000,22887.67578
1077.00000,22899.11914
1077.50000,22896.18750
1078.00000,22883.12891
1078.50000,22866.57422
1079.00000,22853.70508
1079.50000,22847.28125
1080.00000,22842.31836
1080.50000,22831.64844
1081.00000,22811.82422
1081.50000,22785.23242
1082.00000,22759.29883
1082.50000,22740.60742
1083.00000,22730.60547
1083.50000,22721.75195
1084.00000,22702.68359
1084.50000,22669.29688
1085.00000,22621.99219
1085.50000,22571.33984
1086.00000,22528.65039
1086.50000,22500.51367
1087.00000,22486.22656
1087.50000,22482.32813
1088.00000,22483.14453
1088.50000,22487.57031
1089.00000,22495.32227
1089.50000,22508.02734
1090.00000,22525.27539
1090.50000,22547.52148
1091.00000,22575.36523
1091.50000,22610.26758
1092.00000,22653.79102
1092.50000,22704.72461
1093.00000,22762.86719
1093.50000,22826.12109
1094.00000,22895.72070
1094.50000,22970.52344
1095.00000,23048.22656
1095.50000,23123.13867
1096.00000,23189.21680
1096.50000,23244.30664
1097.00000,23293.33398
1097.50000,23344.37109
1098.00000,23402.98633
1098.50000,23470.14258
1099.00000,23537.80469
1099.50000,23597.32813
1100.00000,23646.26367
1100.50000,23687.93555
1101.00000,23729.61523
1101.50000,23776.07617
1102.00000,23826.69531
1102.50000,23876.26367
1103.00000,23919.74023
1103.50000,23958.30469
1104.00000,23995.76172
1104.50000,24036.82617
1105.00000,24084.07422
1105.50000,24136.72266
1106.00000,24193.21680
1106.50000,24252.48633
1107.00000,24312.13867
1107.50000,24366.26367
1108.00000,24408.53516
1108.50000,24429.93164
1109.00000,24435.10547
1109.50000,24434.29297
1110.00000,24443.55273
1110.50000,24474.42383
1111.00000,24527.00000
1111.50000,24588.71484
1112.00000,24645.28906
1112.50000,24690.00195
1113.00000,24723.31250
1113.50000,24755.74023
1114.00000,24795.43359
1114.50000,24843.07813
1115.00000,24894.16797
1115.50000,24942.47656
1116.00000,24984.76172
1116.50000,25020.58789
1117.00000,25052.22266
1117.50000,25079.84570
1118.00000,25104.93750
1118.50000,25129.70703
1119.00000,25158.16406
1119.50000,25194.08594
1120.00000,25236.33203
1120.50000,25278.74805
1121.00000,25313.13281
1121.50000,25336.18164
1122.00000,25349.00195
1122.50000,25360.65625
1123.00000,25379.72656
1123.50000,25408.04492
1124.00000,25443.59375
1124.50000,25480.45313
1125.00000,25514.45117
1125.50000,25544.75586
1126.00000,25573.11914
1126.50000,25600.81055
1127.00000,25627.96289
1127.50000,25653.19141
1128.00000,25675.68164
1128.50000,25693.57813
1129.00000,25705.48047
1129.50000,25708.73438
1130.00000,25702.48633
1130.50000,25689.91016
1131.00000,25677.65430
1131.50000,25673.29492
1132.00000,25684.73633
1132.50000,25709.58984
1133.00000,25746.97266
1133.50000,25792.98438
1134.00000,25849.81445
1134.50000,25921.24609
1135.00000,26009.83984
1135.50000,26114.33789
1136.00000,26226.53906
1136.50000,26340.24023
1137.00000,26453.29102
1137.50000,26569.56250
1138.00000,26691.96094
1138.50000,26817.43359
1139.00000,26933.55859
1139.50000,27023.20898
1140.00000,27074.00781
1140.50000,27090.25977
1141.00000,27082.16602
1141.50000,27069.96680
1142.00000,27066.19531
1142.50000,27071.04883
1143.00000,27079.78711
1143.50000,27087.02539
1144.00000,27093.56836
1144.50000,27105.58398
1145.00000,27128.56250
1145.50000,27163.55859
1146.00000,27202.88867
1146.50000,27237.50000
1147.00000,27263.91992
1147.50000,27284.26563
1148.00000,27307.46289
1148.50000,27342.73047
1149.00000,27393.29492
1149.50000,27456.00195
1150.00000,27524.22266
1150.50000,27590.22852
1151.00000,27648.10547
1151.50000,27697.60742
1152.00000,27738.07617
1152.50000,27773.08398
1153.00000,27805.00195
1153.50000,27836.31641
1154.00000,27867.64258
1154.50000,27897.05469
1155.00000,27921.08789
1155.50000,27935.27930
1156.00000,27940.93945
1156.50000,27941.66602
1157.00000,27945.95117
1157.50000,27962.32227
1158.00000,27992.26367
1158.50000,28032.23242
1159.00000,28073.83203
1159.50000,28109.40820
1160.00000,28135.86133
1160.50000,28158.20508
1161.00000,28184.78125
1161.50000,28221.14648
1162.00000,28270.15234
1162.50000,28325.57617
1163.00000,28379.58398
1163.50000,28426.17773
1164.00000,28465.08398
1164.50000,28501.69922
1165.00000,28544.24023
1165.50000,28600.53711
1166.00000,28667.93945
1166.50000,28739.18750
1167.00000,28801.21289
1167.50000,28840.08008
1168.00000,28852.00000
1168.50000,28841.37305
1169.00000,28820.05664
1169.50000,28802.03320
1170.00000,28795.90234
1170.50000,28798.20898
1171.00000,28800.38477
1171.50000,28793.98047
1172.00000,28776.10547
1172.50000,28754.81836
1173.00000,28742.26172
1173.50000,28747.40039
1174.00000,28769.82227
1174.50000,28803.50586
1175.00000,28838.16992
1175.50000,28868.07617
1176.00000,28894.75195
1176.50000,28922.36914
1177.00000,28954.43555
1177.50000,28992.57813
1178.00000,29036.25586
1178.50000,29084.59570
1179.00000,29135.69531
1179.50000,29183.47852
1180.00000,29214.33594
1180.50000,29218.95703
1181.00000,29184.01758
1181.50000,29119.15234
1182.00000,29037.07031
1182.50000,28956.60938
1183.00000,28889.66602
1183.50000,28837.56641
1184.00000,28792.62500
1184.50000,28748.40625
1185.00000,28703.16211
1185.50000,28660.59766
1186.00000,28623.99805
1186.50000,28595.55469
1187.00000,28573.93750
1187.50000,28559.96484
1188.00000,28556.31055
1188.50000,28563.97266
1189.00000,28579.84375
1189.50000,28593.61133
1190.00000,28592.65430
1190.50000,28576.68555
1191.00000,28552.90430
1191.50000,28537.69727
1192.00000,28545.35742
1192.50000,28576.51563
1193.00000,28619.38867
1193.50000,28658.75586
1194.00000,28687.20117
1194.50000,28708.91602
1195.00000,28738.64258
1195.50000,28793.11133
1196.00000,28872.32813
1196.50000,28970.64063
1197.00000,29074.86133
1197.50000,29177.37109
1198.00000,29279.85547
1198.50000,29389.68945
1199.00000,29514.62305
1199.50000,29651.47266
1200.00000,29794.11719
1200.50000,29933.88477
1201.00000,30067.50000
1201.50000,30198.26367
1202.00000,30329.66992
1202.50000,30459.76563
1203.00000,30579.56445
1203.50000,30674.63086
1204.00000,30740.96875
1204.50000,30774.51172
1205.00000,30791.76758
1205.50000,30805.60352
1206.00000,30826.65234
1206.50000,30857.03906
1207.00000,30889.26953
1207.50000,30911.34180
1208.00000,30911.74805
1208.50000,30890.05078
1209.00000,30849.93359
1209.50000,30807.62109
1210.00000,30779.57617
1210.50000,30772.90625
1211.00000,30789.66016
1211.50000,30820.27734
1212.00000,30853.12695
1212.50000,30878.83008
1213.00000,30893.90039
1213.50000,30897.31445
1214.00000,30894.15039
1214.50000,30889.89844
1215.00000,30892.63867
1215.50000,30913.22461
1216.00000,30956.06445
1216.50000,31020.81445
1217.00000,31098.48828
1217.50000,31175.84570
1218.00000,31242.53516
1218.50000,31297.88672
1219.00000,31343.91797
1219.50000,31387.04297
1220.00000,31428.77539
1220.50000,31468.58398
1221.00000,31505.99023
1221.50000,31543.42578
1222.00000,31585.16992
1222.50000,31635.09180
1223.00000,31693.10156
1223.50000,31760.33398
1224.00000,31835.94727
1224.50000,31924.40039
1225.00000,32024.99023
1225.50000,32135.04102
1226.00000,32245.55859
1226.50000,32346.96680
1227.00000,32433.92773
1227.50000,32509.35547
1228.00000,32577.22266
1228.50000,32641.36523
1229.00000,32696.78516
1229.50000,32737.54297
1230.00000,32754.24805
1230.50000,32747.83594
1231.00000,32723.04102
1231.50000,32688.51758
1232.00000,32652.42578
1232.50000,32618.96875
1233.00000,32588.33008
1233.50000,32559.11914
1234.00000,32528.75977
1234.50000,32494.81250
1235.00000,32456.84961
1235.50000,32415.62891
1236.00000,32373.94531
1236.50000,32335.44922
1237.00000,32304.18164
1237.50000,32282.39063
1238.00000,32275.78906
1238.50000,32285.10938
1239.00000,32317.31836
1239.50000,32370.77148
1240.00000,32446.83984
1240.50000,32541.97656
1241.00000,32654.17188
1241.50000,32783.17969
1242.00000,32925.97656
1242.50000,33078.51172
1243.00000,33228.72656
1243.50000,33357.75391
1244.00000,33454.47656
1244.50000,33504.87500
1245.00000,33513.30469
1245.50000,33487.19531
1246.00000,33438.22656
1246.50000,33377.42578
1247.00000,33308.44922
1247.50000,33232.65625
1248.00000,33145.84375
1248.50000,33048.50000
1249.00000,32939.43750
1249.50000,32822.76563
1250.00000,32702.48047
1250.50000,32583.20117
1251.00000,32468.75391
1251.50000,32362.25391
1252.00000,32263.58789
1252.50000,32172.68750
1253.00000,32084.95703
1253.50000,31996.00195
1254.00000,31902.68359
1254.50000,31804.58008
1255.00000,31705.51172
1255.50000,31610.87695
1256.00000,31525.08203
1256.50000,31448.20508
1257.00000,31379.34375
1257.50000,31314.39844
1258.00000,31251.53711
1258.50000,31188.79297
1259.00000,31124.26172
1259.50000,31056.40430
1260.00000,30985.21094
1260.50000,30914.35352
1261.00000,30850.44336
1261.50000,30801.45117
1262.00000,30767.67383
1262.50000,30749.23828
1263.00000,30737.91406
1263.50000,30730.66602
1264.00000,30726.69531
1264.50000,30728.30078
1265.00000,30736.33398
1265.50000,30749.03906
1266.00000,30764.54883
1266.50000,30783.04688
1267.00000,30810.25781
1267.50000,30849.66602
1268.00000,30905.61914
1268.50000,30972.37500
1269.00000,31044.79297
1269.50000,31119.13281
1270.00000,31195.99023
1270.50000,31277.58203
1271.00000,31362.78516
1271.50000,31446.40820
1272.00000,31522.54492
1272.50000,31585.93555
1273.00000,31640.81836
1273.50000,31692.40430
1274.00000,31745.98438
1274.50000,31803.08203
1275.00000,31862.19531
1275.50000,31921.71680
1276.00000,31982.33789
1276.50000,32045.56641
1277.00000,32112.53711
1277.50000,32180.25586
1278.00000,32243.97461
1278.50000,32300.47461
1279.00000,32348.13672
1279.50000,32388.19922
1280.00000,32421.91602
1280.50000,32447.81055
1281.00000,32465.13867
1281.50000,32472.68359
1282.00000,32476.54102
1282.50000,32485.42773
1283.00000,32505.97070
1283.50000,32540.66797
1284.00000,32582.10547
1284.50000,32618.57031
1285.00000,32640.52148
1285.50000,32648.75391
1286.00000,32650.36914
1286.50000,32656.44531
1287.00000,32673.46680
1287.50000,32695.75977
1288.00000,32712.80273
1288.50000,32715.65234
1289.00000,32700.21680
1289.50000,32668.39844
1290.00000,32624.88672
1290.50000,32570.34570
1291.00000,32507.08789
1291.50000,32435.96875
1292.00000,32363.73438
1292.50000,32296.69922
1293.00000,32236.36133
1293.50000,32179.87305
1294.00000,32122.01172
1294.50000,32060.26367
1295.00000,31996.39844
1295.50000,31934.78711
1296.00000,31879.94141
1296.50000,31832.57813
1297.00000,31797.12891
1297.50000,31776.57617
1298.00000,31777.71484
1298.50000,31799.98438
1299.00000,31836.19922
1299.50000,31875.15430
1300.00000,31908.63867
1300.50000,31937.63281
1301.00000,31972.18945
1301.50000,32025.44727
1302.00000,32096.28711
1302.50000,32176.42188
1303.00000,32250.35156
1303.50000,32308.27930
1304.00000,32351.60938
1304.50000,32390.65039
1305.00000,32434.82227
1305.50000,32485.30859
1306.00000,32536.48047
1306.50000,32580.76953
1307.00000,32614.27734
1307.50000,32642.46484
1308.00000,32672.95313
1308.50000,32709.65625
1309.00000,32748.98242
1309.50000,32782.69141
1310.00000,32806.17578
1310.50000,32819.87109
1311.00000,32832.90625
1311.50000,32852.42578
1312.00000,32876.96875
1312.50000,32899.05859
1313.00000,32913.00781
1313.50000,32922.37891
1314.00000,32939.43750
1314.50000,32974.62891
1315.00000,33032.53125
1315.50000,33100.56250
1316.00000,33166.65625
1316.50000,33226.85156
1317.00000,33289.52734
1317.50000,33368.49609
1318.00000,33473.28125
1318.50000,33600.89453
1319.00000,33737.37109
1319.50000,33869.70313
1320.00000,33992.69922
1320.50000,34105.60156
1321.00000,34213.08594
1321.50000,34313.85938
1322.00000,34405.20313
1322.50000,34482.61719
1323.00000,34543.88672
1323.50000,34587.78906
1324.00000,34609.82813
1324.50000,34609.90625
1325.00000,34582.83203
1325.50000,34536.80859
1326.00000,34476.03906
1326.50000,34409.37500
1327.00000,34340.81250
1327.50000,34271.73047
1328.00000,34201.85156
1328.50000,34130.52344
1329.00000,34056.97656
1329.50000,33978.91016
1330.00000,33895.56250
1330.50000,33806.68359
1331.00000,33717.43750
1331.50000,33634.71484
1332.00000,33562.96484
1332.50000,33503.61719
1333.00000,33454.33594
1333.50000,33410.72266
1334.00000,33370.54297
1334.50000,33332.39453
1335.00000,33297.39844
1335.50000,33266.36328
1336.00000,33242.70703
1336.50000,33228.55078
1337.00000,33226.51953
1337.50000,33235.71875
1338.00000,33252.12500
1338.50000,33271.83594
1339.00000,33292.73828
1339.50000,33318.05859
1340.00000,33351.64844
1340.50000,33399.48047
1341.00000,33460.41406
1341.50000,33533.09766
1342.00000,33613.34766
1342.50000,33697.83984
1343.00000,33784.57031
1343.50000,33871.87109
1344.00000,33958.33203
1344.50000,34042.76172
1345.00000,34122.92188
1345.50000,34197.93359
1346.00000,34265.99609
1346.50000,34328.16016
1347.00000,34387.34375
1347.50000,34447.75781
1348.00000,34511.42578
1348.50000,34576.31250
1349.00000,34636.92578
1349.50000,34685.95313
1350.00000,34724.58984
1350.50000,34756.37500
1351.00000,34788.78906
1351.50000,34826.32813
1352.00000,34868.32422
1352.50000,34911.12891
1353.00000,34952.19531
1353.50000,34991.90625
1354.00000,35030.47266
1354.50000,35064.82031
1355.00000,35084.27734
1355.50000,35081.53906
1356.00000,35049.74609
1356.50000,34993.39844
1357.00000,34922.13281
1357.50000,34845.78906
1358.00000,34771.67969
1358.50000,34703.44922
1359.00000,34640.97656
1359.50000,34586.87500
1360.00000,34542.32813
1360.50000,34513.00391
1361.00000,34502.46094
1361.50000,34515.01563
1362.00000,34551.42969
1362.50000,34603.17188
1363.00000,34658.92578
1363.50000,34707.12500
1364.00000,34742.04297
1364.50000,34773.67188
1365.00000,34818.89453
1365.50000,34889.01953
1366.00000,34984.91016
1366.50000,35090.41406
1367.00000,35182.29297
1367.50000,35241.26563
1368.00000,35269.51563
1368.50000,35275.25000
1369.00000,35279.09375
1369.50000,35292.87109
1370.00000,35315.81641
1370.50000,35342.24609
1371.00000,35366.23828
1371.50000,35386.26953
1372.00000,35403.82031
1372.50000,35419.96875
1373.00000,35431.43750
1373.50000,35434.30469
1374.00000,35421.89844
1374.50000,35395.00391
1375.00000,35351.25000
1375.50000,35289.22266
1376.00000,35200.80078
1376.50000,35077.52734
1377.00000,34919.10156
1377.50000,34727.16797
1378.00000,34518.43359
1378.50000,34303.84766
1379.00000,34090.87891
1379.50000,33878.27344
1380.00000,33661.99219
1380.50000,33442.37891
1381.00000,33228.76563
1381.50000,33036.36328
1382.00000,32882.18359
1382.50000,32765.75000
1383.00000,32682.93750
1383.50000,32608.67578
1384.00000,32523.97852
1384.50000,32421.75586
1385.00000,32307.56250
1385.50000,32200.24805
1386.00000,32120.87695
1386.50000,32083.64844
1387.00000,32080.90820
1387.50000,32098.29297
1388.00000,32111.15430
1388.50000,32100.71094
1389.00000,32067.64453
1389.50000,32020.33789
1390.00000,31974.47461
1390.50000,31941.05273
1391.00000,31923.24023
1391.50000,31915.46680
1392.00000,31909.40430
1392.50000,31896.22266
1393.00000,31866.80469
1393.50000,31822.09375
1394.00000,31762.45898
1394.50000,31694.21094
1395.00000,31621.14258
1395.50000,31544.15820
1396.00000,31461.97266
1396.50000,31373.48438
1397.00000,31282.07422
1397.50000,31193.71289
1398.00000,31113.01953
1398.50000,31043.86914
1399.00000,30983.70703
1399.50000,30930.20313
1400.00000,30880.10742
1400.50000,30830.71094
1401.00000,30779.94141
1401.50000,30728.01563
1402.00000,30680.15039
1402.50000,30643.24414
1403.00000,30625.96875
1403.50000,30622.13867
1404.00000,30617.61523
1404.50000,30594.23828
1405.00000,30541.01953
1405.50000,30462.60742
1406.00000,30378.08984
1406.50000,30306.38867
1407.00000,30252.64453
1407.50000,30214.68359
1408.00000,30180.40820
1408.50000,30146.10156
1409.00000,30114.35938
1409.50000,30089.05273
1410.00000,30069.42578
1410.50000,30051.00391
1411.00000,30031.11719
1411.50000,30011.76563
1412.00000,29997.32227
1412.50000,29986.51758
1413.00000,29972.59570
1413.50000,29948.72656
1414.00000,29914.61523
1414.50000,29879.62500
1415.00000,29853.81445
1415.50000,29840.36914
1416.00000,29832.00781
1416.50000,29820.15430
1417.00000,29803.16992
1417.50000,29786.79492
1418.00000,29777.92383
1418.50000,29777.97852
1419.00000,29779.21289
1419.50000,29773.02930
1420.00000,29758.62305
1420.50000,29743.51758
1421.00000,29735.50586
1421.50000,29733.20508
1422.00000,29726.88477
1422.50000,29706.87500
1423.00000,29667.43555
1423.50000,29616.46680
1424.00000,29564.31641
1424.50000,29516.99414
1425.00000,29471.11914
1425.50000,29418.10938
1426.00000,29355.45703
1426.50000,29288.78711
1427.00000,29232.00586
1427.50000,29201.84570
1428.00000,29200.49414
1428.50000,29225.25781
1429.00000,29264.11133
1429.50000,29305.34375
1430.00000,29341.45898
1430.50000,29370.49609
1431.00000,29393.02734
1431.50000,29413.83203
1432.00000,29438.94922
1432.50000,29472.64258
1433.00000,29516.50977
1433.50000,29563.41016
1434.00000,29600.49219
1434.50000,29614.52734
1435.00000,29601.63281
1435.50000,29561.72656
1436.00000,29507.08203
1436.50000,29442.99414
1437.00000,29373.48438
1437.50000,29298.22852
1438.00000,29220.57031
1438.50000,29147.28906
1439.00000,29085.94922
1439.50000,29040.51367
1440.00000,29013.21289
1440.50000,29000.16406
1441.00000,29002.79492
1441.50000,29015.37109
1442.00000,29033.14258
1442.50000,29047.95703
1443.00000,29053.67188
1443.50000,29050.88672
1444.00000,29045.37305
1444.50000,29042.62109
1445.00000,29042.21680
1445.50000,29037.35547
1446.00000,29021.96875
1446.50000,28992.64063
1447.00000,28956.66406
1447.50000,28919.63867
1448.00000,28883.09961
1448.50000,28843.56445
1449.00000,28797.30273
1449.50000,28746.14453
1450.00000,28697.09180
1450.50000,28657.39453
1451.00000,28633.89453
1451.50000,28622.46484
1452.00000,28619.71094
1452.50000,28621.68359
1453.00000,28627.84375
1453.50000,28638.47852
1454.00000,28653.14648
1454.50000,28671.90625
1455.00000,28695.22266
1455.50000,28727.87695
1456.00000,28771.07813
1456.50000,28824.94922
1457.00000,28880.31445
1457.50000,28926.08984
1458.00000,28955.63672
1458.50000,28970.81641
1459.00000,28980.45898
1459.50000,28995.40234
1460.00000,29021.32031
1460.50000,29051.22266
1461.00000,29070.60352
1461.50000,29067.71875
1462.00000,29034.38086
1462.50000,28975.58984
1463.00000,28900.82227
1463.50000,28821.53711
1464.00000,28748.02539
1464.50000,28688.37695
1465.00000,28642.56250
1465.50000,28610.75586
1466.00000,28584.68555
1466.50000,28557.01953
1467.00000,28523.02930
1467.50000,28482.34766
1468.00000,28440.01758
1468.50000,28404.58008
1469.00000,28386.70508
1469.50000,28389.83594
1470.00000,28417.87109
1470.50000,28457.92969
1471.00000,28494.94141
1471.50000,28516.19336
1472.00000,28517.80469
1472.50000,28510.56445
1473.00000,28511.61523
1473.50000,28533.41992
1474.00000,28570.49023
1474.50000,28605.20508
1475.00000,28619.03516
1475.50000,28599.79102
1476.00000,28566.40625
1476.50000,28544.29688
1477.00000,28551.88867
1477.50000,28591.06055
1478.00000,28646.87109
1478.50000,28697.74219
1479.00000,28729.97852
1479.50000,28749.28711
1480.00000,28770.23438
1480.50000,28806.83008
1481.00000,28865.68359
1481.50000,28938.90820
1482.00000,29016.05469
1482.50000,29089.27734
1483.00000,29158.22461
1483.50000,29229.05859
1484.00000,29309.21875
1484.50000,29407.26563
1485.00000,29518.87500
1485.50000,29637.36914
1486.00000,29751.42188
1486.50000,29851.15625
1487.00000,29934.23828
1487.50000,30006.63672
1488.00000,30079.45117
1488.50000,30162.58008
1489.00000,30260.97266
1489.50000,30365.09766
1490.00000,30463.20898
1490.50000,30550.54492
1491.00000,30631.20117
1491.50000,30717.43555
1492.00000,30819.33203
1492.50000,30936.71289
1493.00000,31057.02148
1493.50000,31163.82813
1494.00000,31252.33008
1494.50000,31323.75781
1495.00000,31389.70898
1495.50000,31455.49805
1496.00000,31520.40625
1496.50000,31579.87500
1497.00000,31631.50391
1497.50000,31677.62109
1498.00000,31720.98828
1498.50000,31761.52148
1499.00000,31791.76758
1499.50000,31807.41992
1500.00000,31803.94531
1500.50000,31788.44141
1501.00000,31770.44531
1501.50000,31759.67969
1502.00000,31760.81445
1502.50000,31771.68750
1503.00000,31783.10938
1503.50000,31785.22656
1504.00000,31775.18359
1504.50000,31753.10547
1505.00000,31727.52344
1505.50000,31705.57227
1506.00000,31689.13477
1506.50000,31673.70117
1507.00000,31652.14844
1507.50000,31621.90039
1508.00000,31584.84766
1508.50000,31547.91211
1509.00000,31516.87109
1509.50000,31491.32813
1510.00000,31467.72852
1510.50000,31439.99219
1511.00000,31403.14453
1511.50000,31356.18164
1512.00000,31302.14258
1512.50000,31245.67188
1513.00000,31192.18945
1513.50000,31146.55078
1514.00000,31108.07617
1514.50000,31076.64648
1515.00000,31050.03125
1515.50000,31027.59570
1516.00000,31008.59766
1516.50000,30991.49414
1517.00000,30974.70117
1517.50000,30958.10938
1518.00000,30944.64648
1518.50000,30936.99023
1519.00000,30937.97070
1519.50000,30944.49609
1520.00000,30955.58984
1520.50000,30972.64258
1521.00000,30999.68945
1521.50000,31038.15820
1522.00000,31080.68359
1522.50000,31112.90430
1523.00000,31124.50195
1523.50000,31111.45313
1524.00000,31089.69531
1524.50000,31076.01953
1525.00000,31080.09961
1525.50000,31100.73242
1526.00000,31126.15039
1526.50000,31142.50586
1527.00000,31139.48828
1527.50000,31121.22266
1528.00000,31092.95313
1528.50000,31064.65430
1529.00000,31042.59375
1529.50000,31027.54102
1530.00000,31017.42773
1530.50000,31008.16797
1531.00000,30997.17383
1531.50000,30985.32227
1532.00000,30975.64258
1532.50000,30971.30469
1533.00000,30970.94141
1533.50000,30971.05859
1534.00000,30967.03320
1534.50000,30955.65234
1535.00000,30938.86719
1535.50000,30922.64453
1536.00000,30913.82227
1536.50000,30916.16992
1537.00000,30931.96680
1537.50000,30956.06055
1538.00000,30984.24219
1538.50000,31011.38086
1539.00000,31035.36914
1539.50000,31057.34375
1540.00000,31078.96289
1540.50000,31100.72852
1541.00000,31121.03711
1541.50000,31136.33789
1542.00000,31145.07813
1542.50000,31146.99414
1543.00000,31149.55469
1543.50000,31163.62109
1544.00000,31196.40625
1544.50000,31252.51367
1545.00000,31327.25391
1545.50000,31411.22070
1546.00000,31496.89453
1546.50000,31582.18359
1547.00000,31671.98633
1547.50000,31770.36523
1548.00000,31880.36719
1548.50000,31997.22070
1549.00000,32116.08008
1549.50000,32232.91016
1550.00000,32345.42383
1550.50000,32451.30859
1551.00000,32547.62891
1551.50000,32627.86523
1552.00000,32691.59766
1552.50000,32733.80859
1553.00000,32757.09961
1553.50000,32754.47266
1554.00000,32721.43359
1554.50000,32653.27734
1555.00000,32550.69531
1555.50000,32423.39258
1556.00000,32281.22852
1556.50000,32136.58789
1557.00000,31995.98828
1557.50000,31859.47852
1558.00000,31724.83008
1558.50000,31590.12891
1559.00000,31457.21289
1559.50000,31331.42383
1560.00000,31219.64844
1560.50000,31129.06445
1561.00000,31059.58594
1561.50000,31011.14453
1562.00000,30974.25977
1562.50000,30944.27344
1563.00000,30914.69336
1563.50000,30879.89648
1564.00000,30835.44531
1564.50000,30778.06055
1565.00000,30707.60352
1565.50000,30628.72070
1566.00000,30542.76172
1566.50000,30449.64063
1567.00000,30341.48828
1567.50000,30215.93164
1568.00000,30072.02344
1568.50000,29921.82422
1569.00000,29781.78125
1569.50000,29663.42188
1570.00000,29565.79297
1570.50000,29479.28125
1571.00000,29387.35742
1571.50000,29274.32422
1572.00000,29141.95703
1572.50000,28998.71289
1573.00000,28860.39063
1573.50000,28741.91406
1574.00000,28651.36523
1574.50000,28589.04297
1575.00000,28551.44336
1575.50000,28525.43359
1576.00000,28498.93359
1576.50000,28464.30078
1577.00000,28420.03516
1577.50000,28375.20508
1578.00000,28342.60156
1578.50000,28330.29688
1579.00000,28336.89844
1579.50000,28351.40625
1580.00000,28361.49023
1580.50000,28359.56445
1581.00000,28347.83203
1581.50000,28327.04688
1582.00000,28298.05078
1582.50000,28254.89063
1583.00000,28196.42578
1583.50000,28125.43750
1584.00000,28049.25000
1584.50000,27974.21680
1585.00000,27900.76563
1585.50000,27824.14648
1586.00000,27737.77930
1586.50000,27643.19336
1587.00000,27542.73047
1587.50000,27441.13281
1588.00000,27341.90625
1588.50000,27248.30859
1589.00000,27164.57031
1589.50000,27094.18164
1590.00000,27033.65430
1590.50000,26977.43359
1591.00000,26918.11523
1591.50000,26852.95898
1592.00000,26786.92578
1592.50000,26728.25977
1593.00000,26680.73242
1593.50000,26643.59375
1594.00000,26614.71094
1594.50000,26592.07031
1595.00000,26576.20313
1595.50000,26563.08398
1596.00000,26542.87305
1596.50000,26506.89258
1597.00000,26447.32617
1597.50000,26368.22266
1598.00000,26276.48438
1598.50000,26178.36914
1599.00000,26075.76953
1599.50000,25966.38281
1600.00000,25850.91406
1600.50000,25731.09180
1601.00000,25610.96484
1601.50000,25491.36133
1602.00000,25370.35938
1602.50000,25245.96484
1603.00000,25120.36523
1603.50000,24999.14844
1604.00000,24889.00781
1604.50000,24791.48438
1605.00000,24707.62695
1605.50000,24630.85156
1606.00000,24555.22852
1606.50000,24474.83789
1607.00000,24384.99219
1607.50000,24285.16602
1608.00000,24178.00000
1608.50000,24068.50977
1609.00000,23962.58984
1609.50000,23865.25195
1610.00000,23776.88672
1610.50000,23699.81641
1611.00000,23631.23633
1611.50000,23569.19727
1612.00000,23508.55859
1612.50000,23443.92578
1613.00000,23371.92383
1613.50000,23292.61133
1614.00000,23207.00391
1614.50000,23118.27148
1615.00000,23027.71875
1615.50000,22936.45508
1616.00000,22844.32422
1616.50000,22750.87109
1617.00000,22655.22656
1617.50000,22557.14063
1618.00000,22457.65820
1618.50000,22359.59180
1619.00000,22266.33594
1619.50000,22183.09375
1620.00000,22110.54883
1620.50000,22051.08984
1621.00000,22000.45898
1621.50000,21953.84180
1622.00000,21905.31836
1622.50000,21852.75781
1623.00000,21798.61914
1623.50000,21748.09766
1624.00000,21706.72070
1624.50000,21674.58203
1625.00000,21652.19141
1625.50000,21636.23242
1626.00000,21625.31445
1626.50000,21614.41406
1627.00000,21595.08008
1627.50000,21558.50391
1628.00000,21504.19727
1628.50000,21439.81445
1629.00000,21377.78906
1629.50000,21325.34180
1630.00000,21276.78711
1630.50000,21221.24023
1631.00000,21151.81641
1631.50000,21070.50977
1632.00000,20984.41602
1632.50000,20897.14844
1633.00000,20804.66797
1633.50000,20701.36133
1634.00000,20582.23828
1634.50000,20456.82813
1635.00000,20334.03711
1635.50000,20217.98828
1636.00000,20106.28711
1636.50000,19992.50000
1637.00000,19873.51172
1637.50000,19753.84375
1638.00000,19641.51172
1638.50000,19544.69141
1639.00000,19461.33984
1639.50000,19387.68750
1640.00000,19313.28320
1640.50000,19228.83789
1641.00000,19130.63281
1641.50000,19018.82813
1642.00000,18898.53516
1642.50000,18778.15430
1643.00000,18665.78320
1643.50000,18562.20508
1644.00000,18466.35547
1644.50000,18373.49609
1645.00000,18283.82617
1645.50000,18200.16211
1646.00000,18126.28320
1646.50000,18059.09766
1647.00000,17990.32227
1647.50000,17911.26953
1648.00000,17821.09375
1648.50000,17723.70117
1649.00000,17628.29297
1649.50000,17539.86719
1650.00000,17456.74219
1650.50000,17377.28516
1651.00000,17301.37305
1651.50000,17230.04297
1652.00000,17160.93945
1652.50000,17086.66406
1653.00000,16998.63281
1653.50000,16898.91016
1654.00000,16795.48438
1654.50000,16701.72852
1655.00000,16627.43164
1655.50000,16568.74219
1656.00000,16517.13672
1656.50000,16463.24414
1657.00000,16401.05273
1657.50000,16326.20605
1658.00000,16241.07031
1658.50000,16147.96973
1659.00000,16054.40234
1659.50000,15967.56738
1660.00000,15890.23633
1660.50000,15821.37305
1661.00000,15755.47559
1661.50000,15688.83496
1662.00000,15620.71680
1662.50000,15551.69922
1663.00000,15480.66016
1663.50000,15406.70801
1664.00000,15331.58984
1664.50000,15260.94141
1665.00000,15201.44043
1665.50000,15153.73730
1666.00000,15112.10742
1666.50000,15068.17969
1667.00000,15018.90137
1667.50000,14967.28906
1668.00000,14919.26758
1668.50000,14878.65430
1669.00000,14842.05762
1669.50000,14804.85254
1670.00000,14765.25781
1670.50000,14725.47949
1671.00000,14689.59473
1671.50000,14660.18652
1672.00000,14638.28516
1672.50000,14619.79199
1673.00000,14600.07227
1673.50000,14574.67285
1674.00000,14539.68555
1674.50000,14497.34082
1675.00000,14453.41211
1675.50000,14413.64746
1676.00000,14379.51465
1676.50000,14349.35352
1677.00000,14320.72461
1677.50000,14295.68164
1678.00000,14275.64063
1678.50000,14258.62988
1679.00000,14235.93164
1679.50000,14196.64453
1680.00000,14138.25391
1680.50000,14070.26270
1681.00000,14007.42969
1681.50000,13958.54102
1682.00000,13927.15918
1682.50000,13906.48926
1683.00000,13894.25586
1683.50000,13885.92383
1684.00000,13876.97363
1684.50000,13859.97656
1685.00000,13827.72656
1685.50000,13779.21289
1686.00000,13723.73047
1686.50000,13671.51172
1687.00000,13626.20898
1687.50000,13586.36230
1688.00000,13546.42578
1688.50000,13504.43555
1689.00000,13461.94922
1689.50000,13419.38086
1690.00000,13374.58008
1690.50000,13325.67676
1691.00000,13274.74512
1691.50000,13228.10352
1692.00000,13191.55566
1692.50000,13161.53809
1693.00000,13131.70020
1693.50000,13096.51465
1694.00000,13056.77734
1694.50000,13018.64746
1695.00000,12986.16797
1695.50000,12958.33008
1696.00000,12930.36914
1696.50000,12899.13379
1697.00000,12866.89258
1697.50000,12836.49316
1698.00000,12807.34961
1698.50000,12775.58887
1699.00000,12738.03516
1699.50000,12696.21680
1700.00000,12655.20898
1700.50000,12618.46484
1701.00000,12585.52344
1701.50000,12551.83301
1702.00000,12513.52051
1702.50000,12472.49902
1703.00000,12432.63965
1703.50000,12397.32422
1704.00000,12368.18066
1704.50000,12344.65039
1705.00000,12324.72656
1705.50000,12307.11230
1706.00000,12289.57520
1706.50000,12269.12109
1707.00000,12244.17285
1707.50000,12214.42773
1708.00000,12183.21680
1708.50000,12154.90918
1709.00000,12133.34863
1709.50000,12120.75488
1710.00000,12115.48340
1710.50000,12111.96973
1711.00000,12103.74219
1711.50000,12087.39258
1712.00000,12060.51465
1712.50000,12028.49316
1713.00000,11996.79004
1713.50000,11969.04102
1714.00000,11945.62109
1714.50000,11923.98535
1715.00000,11901.07715
1715.50000,11876.59863
1716.00000,11853.60547
1716.50000,11837.54199
1717.00000,11829.67090
1717.50000,11828.52441
1718.00000,11826.90723
1718.50000,11818.07324
1719.00000,11798.92188
1719.50000,11771.28711
1720.00000,11739.23047
1720.50000,11708.00488
1721.00000,11680.76855
1721.50000,11657.47754
1722.00000,11638.07422
1722.50000,11620.59473
1723.00000,11603.24902
1723.50000,11584.98633
1724.00000,11565.90137
1724.50000,11547.13281
1725.00000,11530.23633
1725.50000,11516.57324
1726.00000,11505.06836
1726.50000,11492.94141
1727.00000,11476.07715
1727.50000,11450.38477
1728.00000,11419.52051
1728.50000,11392.44434
1729.00000,11379.24316
1729.50000,11381.91797
1730.00000,11393.53711
1730.50000,11398.26465
1731.00000,11383.90234
1731.50000,11355.40430
1732.00000,11322.09082
1732.50000,11294.87988
1733.00000,11276.37402
1733.50000,11262.86426
1734.00000,11251.28906
1734.50000,11243.72754
1735.00000,11243.26758
1735.50000,11249.87793
1736.00000,11255.32910
1736.50000,11249.17188
1737.00000,11228.50879
1737.50000,11198.56250
1738.00000,11173.37207
1738.50000,11164.12988
1739.00000,11173.93262
1739.50000,11192.62207
1740.00000,11205.12012
1740.50000,11203.28027
1741.00000,11184.17188
1741.50000,11156.38086
1742.00000,11126.62500
1742.50000,11099.24902
1743.00000,11075.40527
1743.50000,11056.17383
1744.00000,11042.64355
1744.50000,11036.46875
1745.00000,11034.93652
1745.50000,11034.96191
1746.00000,11033.14453
1746.50000,11026.24121
1747.00000,11012.53125
1747.50000,10992.16016
1748.00000,10969.34375
1748.50000,10950.56738
1749.00000,10941.98438
1749.50000,10943.28027
1750.00000,10951.02930
1750.50000,10959.23633
1751.00000,10965.13672
1751.50000,10968.11230
1752.00000,10966.84570
1752.50000,10960.85449
1753.00000,10950.87500
1753.50000,10938.55078
1754.00000,10924.93555
1754.50000,10907.67480
1755.00000,10885.79199
1755.50000,10860.54102
1756.00000,10837.46191
1756.50000,10822.07227
1757.00000,10813.87695
1757.50000,10808.64941
1758.00000,10802.86914
1758.50000,10795.12598
1759.00000,10783.61621
1759.50000,10766.81543
1760.00000,10743.23242
1760.50000,10718.76758
1761.00000,10704.05469
1761.50000,10706.69043
1762.00000,10724.89648
1762.50000,10748.08301
1763.00000,10763.86035
1763.50000,10762.50488
1764.00000,10745.22949
1764.50000,10716.28809
1765.00000,10686.39258
1765.50000,10665.49902
1766.00000,10658.00781
1766.50000,10660.92383
1767.00000,10663.86328
1767.50000,10657.70215
1768.00000,10639.15332
1768.50000,10614.49512
1769.00000,10592.39453
1769.50000,10577.10742
1770.00000,10569.31836
1770.50000,10563.46289
1771.00000,10553.37305
1771.50000,10536.74121
1772.00000,10516.29883
1772.50000,10498.58105
1773.00000,10488.78418
1773.50000,10485.46484
1774.00000,10481.20898
1774.50000,10470.87988
1775.00000,10457.75781
1775.50000,10448.06055
1776.00000,10442.08789
1776.50000,10433.33008
1777.00000,10415.53125
1777.50000,10391.22266
1778.00000,10371.44043
1778.50000,10363.09082
1779.00000,10366.41016
1779.50000,10371.22852
1780.00000,10369.90430
1780.50000,10363.30957
1781.00000,10354.61328
1781.50000,10345.68848
1782.00000,10335.78711
1782.50000,10323.96680
1783.00000,10311.17969
1783.50000,10298.58496
1784.00000,10286.78125
1784.50000,10276.89551
1785.00000,10269.83594
1785.50000,10266.84375
1786.00000,10267.10938
1786.50000,10268.77637
1787.00000,10269.55957
1787.50000,10267.42188
1788.00000,10259.60059
1788.50000,10246.35547
1789.00000,10230.21094
1789.50000,10217.41309
1790.00000,10211.47461
1790.50000,10209.47852
1791.00000,10206.61133
1791.50000,10201.63086
1792.00000,10197.67969
1792.50000,10196.33301
1793.00000,10194.14355
1793.50000,10185.78711
1794.00000,10174.96680
1794.50000,10168.76563
1795.00000,10169.11133
1795.50000,10169.80762
1796.00000,10163.28906
1796.50000,10151.94043
1797.00000,10144.92871
1797.50000,10146.20898
1798.00000,10148.37793
1798.50000,10140.70898
1799.00000,10120.51563
1799.50000,10098.27637
1800.00000,10084.33398
1800.50000,10079.15918
1801.00000,10078.50391
1801.50000,10079.16309
1802.00000,10078.07129
1802.50000,10068.73535
1803.00000,10049.57813
1803.50000,10025.58887
1804.00000,10009.03223
1804.50000,10005.70996
1805.00000,10002.74609
1805.50000,9987.82715
1806.00000,9964.89160
1806.50000,9952.84961
1807.00000,9962.04102
1807.50000,9976.84766
1808.00000,9976.61426
1808.50000,9961.88379
1809.00000,9948.86523
1809.50000,9947.03223
1810.00000,9948.41113
