440.00000,179.33585
440.50000,178.82811
441.00000,179.04869
441.50000,179.95973
442.00000,180.92538
442.50000,181.39111
443.00000,181.13722
443.50000,180.07848
444.00000,178.52307
444.50000,177.02342
445.00000,176.03986
445.50000,175.73854
446.00000,176.26230
446.50000,177.37386
447.00000,178.87721
447.50000,180.40741
448.00000,181.64836
448.50000,182.33324
449.00000,182.18231
449.50000,181.14673
450.00000,179.70450
450.50000,178.41618
451.00000,177.78621
451.50000,178.39569
452.00000,179.92476
452.50000,181.70334
453.00000,182.99414
453.50000,183.23636
454.00000,182.30605
454.50000,180.59006
455.00000,178.71005
455.50000,177.05431
456.00000,175.78752
456.50000,174.76747
457.00000,173.98889
457.50000,173.57271
458.00000,173.88170
458.50000,175.09207
459.00000,177.08443
459.50000,179.26711
460.00000,180.68533
460.50000,180.52414
461.00000,178.95618
461.50000,176.24240
462.00000,173.45685
462.50000,171.62129
463.00000,170.95569
463.50000,171.22435
464.00000,171.87215
464.50000,172.28888
465.00000,172.12352
465.50000,171.67921
466.00000,171.28906
466.50000,171.17119
467.00000,171.35941
467.50000,171.56789
468.00000,171.52473
468.50000,171.24274
469.00000,170.97537
469.50000,171.10281
470.00000,171.86682
470.50000,173.18098
471.00000,174.51428
471.50000,175.35057
472.00000,175.47404
472.50000,174.87418
473.00000,174.06554
473.50000,173.60197
474.00000,173.79083
474.50000,174.54053
475.00000,175.58295
475.50000,176.40607
476.00000,176.63831
476.50000,176.35191
477.00000,175.65520
477.50000,174.80661
478.00000,174.01920
478.50000,173.37657
479.00000,172.88055
479.50000,172.58414
480.00000,172.51917
480.50000,172.85733
481.00000,173.53319
481.50000,174.39397
482.00000,175.15520
482.50000,175.49533
483.00000,175.16762
483.50000,174.14693
484.00000,172.67372
484.50000,171.14153
485.00000,169.91966
485.50000,169.15660
486.00000,168.97601
486.50000,169.06433
487.00000,169.16388
487.50000,169.12338
488.00000,168.97105
488.50000,168.95616
489.00000,169.43022
489.50000,170.68637
490.00000,172.54257
490.50000,174.75488
491.00000,176.78979
491.50000,177.95747
492.00000,178.09825
492.50000,177.29565
493.00000,175.86592
493.50000,174.28296
494.00000,172.97749
494.50000,172.09773
495.00000,171.61047
495.50000,171.24057
496.00000,170.73720
496.50000,169.90996
497.00000,168.64642
497.50000,167.10925
498.00000,165.58784
498.50000,164.46840
499.00000,164.04027
499.50000,164.83362
500.00000,166.65173
500.50000,169.30045
501.00000,172.21696
501.50000,174.83893
502.00000,176.65582
502.50000,177.31027
503.00000,176.83871
503.50000,175.62024
504.00000,173.92975
504.50000,172.18410
505.00000,170.70387
505.50000,169.57913
506.00000,168.80862
506.50000,168.28337
507.00000,167.91312
507.50000,167.64821
508.00000,167.50032
508.50000,167.54871
509.00000,167.80682
509.50000,168.32054
510.00000,168.99174
510.50000,169.75049
511.00000,170.52861
511.50000,171.36922
512.00000,172.38817
512.50000,173.70178
513.00000,175.40575
513.50000,177.37183
514.00000,179.30185
514.50000,180.89508
515.00000,181.82649
515.50000,182.10435
516.00000,181.81432
516.50000,181.31731
517.00000,180.96991
517.50000,180.91310
518.00000,181.02048
518.50000,180.96877
519.00000,180.34007
519.50000,178.72975
520.00000,176.39030
520.50000,173.67802
521.00000,171.21973
521.50000,169.69606
522.00000,169.72455
522.50000,171.13892
523.00000,173.74283
523.50000,176.86740
524.00000,179.96017
524.50000,182.48895
525.00000,183.89964
525.50000,184.17380
526.00000,183.28212
526.50000,181.43651
527.00000,179.06834
527.50000,176.74654
528.00000,175.04485
528.50000,174.43880
529.00000,174.70361
529.50000,175.58051
530.00000,176.40146
530.50000,176.35591
531.00000,175.15477
531.50000,172.95259
532.00000,170.19856
532.50000,167.59776
533.00000,165.94188
533.50000,165.50517
534.00000,166.35602
534.50000,167.93788
535.00000,169.83969
535.50000,171.64050
536.00000,173.08069
536.50000,174.09753
537.00000,174.78185
537.50000,175.05624
538.00000,174.88878
538.50000,174.03693
539.00000,172.58235
539.50000,170.79210
540.00000,169.22536
540.50000,168.44803
541.00000,168.81099
541.50000,170.26828
542.00000,172.50928
542.50000,174.74858
543.00000,176.37198
543.50000,177.26883
544.00000,177.38393
544.50000,177.05951
545.00000,176.54741
545.50000,175.96275
546.00000,175.21199
546.50000,174.12483
547.00000,172.65234
547.50000,170.79018
548.00000,168.82870
548.50000,167.13422
549.00000,165.93094
549.50000,165.46220
550.00000,165.72885
550.50000,166.64902
551.00000,167.99460
551.50000,169.35896
552.00000,170.41872
552.50000,171.04478
553.00000,171.11595
553.50000,170.85429
554.00000,170.47289
554.50000,170.14476
555.00000,169.85863
555.50000,169.48827
556.00000,168.91658
556.50000,168.16238
557.00000,167.58086
557.50000,167.85020
558.00000,169.24367
558.50000,172.09000
559.00000,175.86932
559.50000,179.69632
560.00000,182.26958
560.50000,182.79105
561.00000,180.97629
561.50000,177.62131
562.00000,173.70006
562.50000,170.52742
563.00000,169.21254
563.50000,169.28831
564.00000,170.03621
564.50000,170.39528
565.00000,169.54585
565.50000,167.21832
566.00000,164.12473
566.50000,161.36256
567.00000,159.67154
567.50000,159.71712
568.00000,161.04871
568.50000,163.17941
569.00000,165.16333
569.50000,166.30769
570.00000,166.37695
570.50000,165.57581
571.00000,164.31467
571.50000,163.25179
572.00000,163.18307
572.50000,164.05360
573.00000,165.68251
573.50000,167.36296
574.00000,168.33743
574.50000,168.11797
575.00000,166.75729
575.50000,164.97003
576.00000,163.57555
576.50000,163.22183
577.00000,163.76323
577.50000,164.84470
578.00000,165.68085
578.50000,165.79332
579.00000,165.34317
579.50000,164.78745
580.00000,164.63342
580.50000,165.09753
581.00000,166.09149
581.50000,167.03531
582.00000,167.39592
582.50000,167.08411
583.00000,166.07761
583.50000,164.66669
584.00000,163.10866
584.50000,161.60844
585.00000,160.28687
585.50000,159.32326
586.00000,158.85646
586.50000,159.26210
587.00000,160.55710
587.50000,162.87109
588.00000,165.71545
588.50000,168.57547
589.00000,170.83926
589.50000,171.95258
590.00000,171.42537
590.50000,169.37341
591.00000,166.19083
591.50000,162.81636
592.00000,160.08762
592.50000,158.43376
593.00000,158.09233
593.50000,158.65862
594.00000,159.45709
594.50000,160.02129
595.00000,160.30133
595.50000,160.53676
596.00000,161.07381
596.50000,162.21507
597.00000,163.66890
597.50000,164.87512
598.00000,165.39948
598.50000,165.06328
599.00000,164.14920
599.50000,163.31503
600.00000,163.42262
600.50000,164.62529
601.00000,166.81361
601.50000,169.12875
602.00000,170.62497
602.50000,170.70583
603.00000,168.95538
603.50000,165.91330
604.00000,162.54848
604.50000,159.73712
605.00000,157.95688
605.50000,157.53192
606.00000,157.98053
606.50000,158.91315
607.00000,159.83499
607.50000,160.58449
608.00000,161.16579
608.50000,161.59865
609.00000,161.83418
609.50000,161.77576
610.00000,161.37241
610.50000,160.84799
611.00000,160.51691
611.50000,160.58609
612.00000,161.14964
612.50000,161.93002
613.00000,162.46568
613.50000,162.47540
614.00000,162.06535
614.50000,161.57425
615.00000,161.40408
615.50000,161.89732
616.00000,162.85155
616.50000,163.88132
617.00000,164.62669
617.50000,164.94485
618.00000,164.92238
618.50000,164.68484
619.00000,164.19557
619.50000,163.27498
620.00000,161.70563
620.50000,159.79022
621.00000,158.11624
621.50000,157.35056
622.00000,158.14731
622.50000,160.43718
623.00000,163.46460
623.50000,166.20287
624.00000,168.06296
624.50000,168.83336
625.00000,169.01680
625.50000,168.98711
626.00000,168.85867
626.50000,168.08171
627.00000,166.15617
627.50000,162.92270
628.00000,158.98485
628.50000,155.56122
629.00000,154.15492
629.50000,155.24345
630.00000,158.55051
630.50000,162.30336
631.00000,164.97250
631.50000,165.79465
632.00000,164.67297
632.50000,162.52313
633.00000,160.62466
633.50000,159.72626
634.00000,159.64851
634.50000,159.92830
635.00000,159.97205
635.50000,159.54477
636.00000,159.07182
636.50000,159.34399
637.00000,160.77419
637.50000,163.27309
638.00000,166.25975
638.50000,168.87111
639.00000,170.25343
639.50000,170.26813
640.00000,169.09967
640.50000,167.60266
641.00000,166.35683
641.50000,165.64844
642.00000,165.47154
642.50000,165.56230
643.00000,165.56500
643.50000,165.25591
644.00000,164.66142
644.50000,163.78343
645.00000,162.72485
645.50000,161.46739
646.00000,160.04030
646.50000,158.51237
647.00000,157.09085
647.50000,156.01601
648.00000,155.52934
648.50000,155.65439
649.00000,156.47174
649.50000,157.73631
650.00000,159.31668
650.50000,160.90321
651.00000,162.20456
651.50000,162.96631
652.00000,162.98735
652.50000,162.20975
653.00000,160.90651
653.50000,159.49660
654.00000,158.44832
654.50000,158.07530
655.00000,158.19887
655.50000,158.59596
656.00000,158.96877
656.50000,159.20506
657.00000,159.45004
657.50000,159.94499
658.00000,160.80370
658.50000,161.84750
659.00000,162.80972
659.50000,163.51454
660.00000,163.94901
660.50000,164.38304
661.00000,165.02721
661.50000,165.72424
662.00000,165.97551
662.50000,165.10526
663.00000,162.91159
663.50000,159.38480
664.00000,155.55368
664.50000,152.66071
665.00000,151.24615
665.50000,151.43158
666.00000,152.51669
666.50000,153.61838
667.00000,154.07474
667.50000,153.86458
668.00000,153.55388
668.50000,153.79173
669.00000,154.94861
669.50000,156.55901
670.00000,157.87827
670.50000,158.19855
671.00000,157.16666
671.50000,155.21121
672.00000,153.37869
672.50000,152.54153
673.00000,152.82234
673.50000,154.06502
674.00000,155.38693
674.50000,156.00424
675.00000,155.64035
675.50000,154.54359
676.00000,153.23724
676.50000,152.12294
677.00000,151.38490
677.50000,150.98026
678.00000,151.01814
678.50000,151.66418
679.00000,153.37224
679.50000,156.00320
680.00000,159.16989
680.50000,162.05968
681.00000,163.87517
681.50000,164.19901
682.00000,163.46593
682.50000,162.55888
683.00000,162.31349
683.50000,163.04169
684.00000,164.10936
684.50000,164.63438
685.00000,163.96889
685.50000,161.95837
686.00000,159.20471
686.50000,156.78189
687.00000,155.50903
687.50000,155.39323
688.00000,156.36096
688.50000,157.73698
689.00000,159.13246
689.50000,160.30235
690.00000,161.07857
690.50000,161.28258
691.00000,160.67186
691.50000,159.02443
692.00000,156.65042
692.50000,154.16718
693.00000,152.49829
693.50000,152.86954
694.00000,155.12097
694.50000,158.52597
695.00000,161.68109
695.50000,163.24689
696.00000,162.44550
696.50000,159.77371
697.00000,156.26605
697.50000,153.55376
698.00000,152.85785
698.50000,153.80768
699.00000,155.76360
699.50000,157.65001
700.00000,158.75414
700.50000,159.01479
701.00000,159.02296
701.50000,159.56110
702.00000,160.82576
702.50000,162.64639
703.00000,164.32515
703.50000,165.15231
704.00000,164.88332
704.50000,163.53030
705.00000,161.52509
705.50000,159.46118
706.00000,157.78699
706.50000,156.69409
707.00000,156.43680
707.50000,156.88963
708.00000,158.09853
708.50000,159.76016
709.00000,161.50957
709.50000,162.85669
710.00000,163.39012
710.50000,162.82535
711.00000,161.27490
711.50000,158.88306
712.00000,156.22336
712.50000,153.88649
713.00000,152.33527
713.50000,151.86874
714.00000,152.24860
714.50000,153.05644
715.00000,153.74881
715.50000,153.90620
716.00000,153.31210
716.50000,152.27902
717.00000,151.38689
717.50000,151.18863
718.00000,152.14288
718.50000,154.05751
719.00000,156.49176
719.50000,158.72260
720.00000,160.07477
720.50000,160.05463
721.00000,158.92065
721.50000,157.22882
722.00000,155.79387
722.50000,155.27554
723.00000,155.71870
723.50000,156.94815
724.00000,158.42125
724.50000,159.58595
725.00000,160.01886
725.50000,159.74905
726.00000,158.82591
726.50000,157.56535
727.00000,156.18037
727.50000,154.92686
728.00000,154.03944
728.50000,153.58644
729.00000,153.51099
729.50000,153.56445
730.00000,153.55760
730.50000,153.53265
731.00000,153.76006
731.50000,154.77258
732.00000,156.66307
732.50000,159.39934
733.00000,162.28574
733.50000,164.43716
734.00000,165.31361
734.50000,164.89143
735.00000,163.39859
735.50000,161.40536
736.00000,159.20686
736.50000,156.98647
737.00000,154.81390
737.50000,152.88017
738.00000,151.61273
738.50000,151.35451
739.00000,152.22226
739.50000,154.00334
740.00000,156.05649
740.50000,157.68227
741.00000,158.48305
741.50000,158.05414
742.00000,156.81786
742.50000,155.04939
743.00000,153.17261
743.50000,151.58070
744.00000,150.62199
744.50000,150.46167
745.00000,151.19499
745.50000,152.43810
746.00000,153.67647
746.50000,154.44489
747.00000,154.43855
747.50000,153.83078
748.00000,152.92345
748.50000,152.07217
749.00000,151.47768
749.50000,151.16588
750.00000,151.00931
750.50000,151.01187
751.00000,151.26280
751.50000,152.00684
752.00000,153.24150
752.50000,154.82703
753.00000,156.35846
753.50000,157.35663
754.00000,157.40816
754.50000,156.55270
755.00000,155.02759
755.50000,153.38976
756.00000,152.16296
756.50000,151.63777
757.00000,152.09775
757.50000,153.43582
758.00000,155.38452
758.50000,157.41704
759.00000,158.87038
759.50000,159.14513
760.00000,158.32228
760.50000,156.61467
761.00000,154.88380
761.50000,153.92870
762.00000,154.02338
762.50000,154.94313
763.00000,155.85858
763.50000,155.94260
764.00000,154.88692
764.50000,153.21889
765.00000,151.66249
765.50000,150.73036
766.00000,150.52881
766.50000,150.47058
767.00000,149.89151
767.50000,148.58228
768.00000,147.09885
768.50000,146.33000
769.00000,146.76460
769.50000,148.51498
770.00000,150.74255
770.50000,152.55249
771.00000,153.42889
771.50000,153.18785
772.00000,152.24104
772.50000,150.99664
773.00000,149.60062
773.50000,148.07410
774.00000,146.53401
774.50000,145.30115
775.00000,144.96251
775.50000,145.56209
776.00000,146.90994
776.50000,148.13933
777.00000,148.37982
777.50000,147.43106
778.00000,145.85771
778.50000,144.63074
779.00000,144.52499
779.50000,146.10168
780.00000,148.67783
780.50000,151.43430
781.00000,153.38657
781.50000,153.86028
782.00000,152.91328
782.50000,150.89023
783.00000,148.23178
783.50000,145.51028
784.00000,143.31036
784.50000,141.99937
785.00000,142.13048
785.50000,143.51501
786.00000,145.82899
786.50000,148.20476
787.00000,149.86354
787.50000,150.35303
788.00000,149.83875
788.50000,148.78772
789.00000,147.96484
789.50000,148.08484
790.00000,149.12617
790.50000,150.83379
791.00000,152.43867
791.50000,153.33566
792.00000,153.34903
792.50000,152.78996
793.00000,152.20607
793.50000,152.09991
794.00000,152.77316
794.50000,153.81888
795.00000,154.57198
795.50000,154.39360
796.00000,153.00563
796.50000,150.77170
797.00000,148.36520
797.50000,146.45618
798.00000,145.32419
798.50000,145.00027
799.00000,144.99783
799.50000,144.94458
800.00000,144.70450
800.50000,144.49937
801.00000,144.70644
801.50000,145.62071
802.00000,147.27704
802.50000,149.36493
803.00000,151.47871
803.50000,153.24228
804.00000,154.32680
804.50000,154.86702
805.00000,154.99260
805.50000,154.99042
806.00000,154.94095
806.50000,154.71024
807.00000,154.03815
807.50000,152.64182
808.00000,150.63792
808.50000,148.36203
809.00000,146.49957
809.50000,145.88925
810.00000,146.75067
810.50000,148.87154
811.00000,151.43269
811.50000,153.57414
812.00000,154.66809
812.50000,154.70699
813.00000,153.85121
813.50000,152.71977
814.00000,151.77748
814.50000,151.28305
815.00000,151.44365
815.50000,152.19743
816.00000,153.42018
816.50000,154.86761
817.00000,156.16490
817.50000,156.86220
818.00000,156.79987
818.50000,155.77966
819.00000,154.17516
819.50000,152.26401
820.00000,150.36803
820.50000,148.61057
821.00000,146.93779
821.50000,145.26569
822.00000,143.61035
822.50000,142.12010
823.00000,141.17648
823.50000,140.99237
824.00000,141.94629
824.50000,143.85760
825.00000,146.37955
825.50000,148.77798
826.00000,150.38365
826.50000,150.93678
827.00000,150.91844
827.50000,151.14371
828.00000,152.25728
828.50000,154.51938
829.00000,157.04510
829.50000,158.48743
830.00000,157.87224
830.50000,155.09785
831.00000,151.48628
831.50000,148.93871
832.00000,148.98909
832.50000,151.26997
833.00000,154.82272
833.50000,157.77013
834.00000,158.69073
834.50000,157.62788
835.00000,155.44215
835.50000,153.45280
836.00000,152.53348
836.50000,152.61400
837.00000,152.81979
837.50000,152.26443
838.00000,150.77634
838.50000,148.51315
839.00000,146.20609
839.50000,144.57715
840.00000,144.04771
840.50000,144.70131
841.00000,146.41328
841.50000,148.68095
842.00000,150.95740
842.50000,152.71768
843.00000,153.37894
843.50000,152.95454
844.00000,151.54002
844.50000,149.69382
845.00000,148.04991
845.50000,147.14606
846.00000,147.15379
846.50000,148.08833
847.00000,149.47185
847.50000,150.83359
848.00000,151.79381
848.50000,152.05223
849.00000,151.65401
849.50000,150.72929
850.00000,149.50577
850.50000,148.16530
851.00000,146.72815
851.50000,145.14656
852.00000,143.37779
852.50000,141.67122
853.00000,140.61685
853.50000,140.64101
854.00000,142.01837
854.50000,144.34174
855.00000,146.76160
855.50000,148.33940
856.00000,148.67776
856.50000,147.74837
857.00000,146.42271
857.50000,145.53752
858.00000,145.46980
858.50000,146.12328
859.00000,146.85501
859.50000,147.14717
860.00000,146.84903
860.50000,146.24057
861.00000,145.71574
861.50000,145.54045
862.00000,145.86456
862.50000,146.49062
863.00000,147.25667
863.50000,147.96149
864.00000,148.40288
864.50000,148.41658
865.00000,148.01048
865.50000,147.35283
866.00000,146.81398
866.50000,146.78546
867.00000,147.20686
867.50000,147.76755
868.00000,147.94406
868.50000,147.37584
869.00000,146.27162
869.50000,145.31293
870.00000,145.32430
870.50000,146.49091
871.00000,148.51175
871.50000,150.52509
872.00000,151.87862
872.50000,152.58383
873.00000,152.95871
873.50000,153.44826
874.00000,154.18039
874.50000,154.89072
875.00000,155.19057
875.50000,154.81731
876.00000,154.03001
876.50000,153.14911
877.00000,152.34023
877.50000,151.41740
878.00000,150.14003
878.50000,148.50171
879.00000,146.91109
879.50000,145.93660
880.00000,145.97662
880.50000,146.65619
881.00000,147.22168
881.50000,146.95221
882.00000,145.47159
882.50000,143.46544
883.00000,141.97386
883.50000,141.66330
884.00000,142.41829
884.50000,143.49648
885.00000,143.96939
885.50000,143.16946
886.00000,141.49858
886.50000,139.64008
887.00000,138.40564
887.50000,138.30206
888.00000,139.13492
888.50000,140.40871
889.00000,141.62720
889.50000,142.60530
890.00000,143.42189
890.50000,144.27472
891.00000,145.27211
891.50000,146.33681
892.00000,147.32381
892.50000,148.11580
893.00000,148.65407
893.50000,148.96863
894.00000,149.15179
894.50000,149.29887
895.00000,149.50095
895.50000,149.79320
896.00000,150.03600
896.50000,149.89743
897.00000,149.09589
897.50000,147.40186
898.00000,145.02020
898.50000,142.53607
899.00000,140.73299
899.50000,140.08394
900.00000,140.87962
900.50000,142.41821
901.00000,143.90460
901.50000,144.61368
902.00000,144.12546
902.50000,142.83722
903.00000,141.45000
903.50000,140.66423
904.00000,140.82925
904.50000,142.12408
905.00000,144.12648
905.50000,146.48047
906.00000,148.65242
906.50000,150.13026
907.00000,150.67033
907.50000,150.15938
908.00000,148.79906
908.50000,147.05402
909.00000,145.40125
909.50000,144.11548
910.00000,143.31433
910.50000,142.79793
911.00000,142.53316
911.50000,142.55779
912.00000,143.07925
912.50000,144.17998
913.00000,145.67725
913.50000,147.13031
914.00000,148.05080
914.50000,148.01028
915.00000,147.27245
915.50000,146.20692
916.00000,145.32271
916.50000,144.77225
917.00000,144.26582
917.50000,143.37883
918.00000,141.89931
918.50000,140.12650
919.00000,138.73715
919.50000,138.32478
920.00000,139.51974
920.50000,141.90555
921.00000,144.97876
921.50000,147.90094
922.00000,149.98415
922.50000,150.88876
923.00000,150.69647
923.50000,149.60864
924.00000,148.16724
924.50000,146.79776
925.00000,145.83545
925.50000,145.57849
926.00000,145.94106
926.50000,146.72032
927.00000,147.53036
927.50000,148.00273
928.00000,147.90080
928.50000,147.33858
929.00000,146.57149
929.50000,146.03145
930.00000,146.17528
930.50000,147.05862
931.00000,148.54326
931.50000,150.10243
932.00000,151.14737
932.50000,151.21616
933.00000,150.30536
933.50000,148.58928
934.00000,146.68073
934.50000,145.13449
935.00000,144.19968
935.50000,144.00711
936.00000,144.34358
936.50000,145.01335
937.00000,145.87334
937.50000,146.85390
938.00000,147.92444
938.50000,148.96394
939.00000,149.69330
939.50000,149.91783
940.00000,149.35300
940.50000,148.10582
941.00000,146.41766
941.50000,144.76074
942.00000,143.61533
942.50000,143.32295
943.00000,143.74025
943.50000,144.56993
944.00000,145.27408
944.50000,145.49001
945.00000,145.36420
945.50000,145.36044
946.00000,146.01965
946.50000,147.59932
947.00000,149.74081
947.50000,151.60138
948.00000,152.20576
948.50000,151.34857
949.00000,148.97475
949.50000,146.02692
950.00000,143.37268
950.50000,141.63628
951.00000,141.08923
951.50000,141.57790
952.00000,142.66364
952.50000,143.96149
953.00000,145.10678
953.50000,145.75316
954.00000,145.84268
954.50000,145.29764
955.00000,144.43352
955.50000,143.72345
956.00000,143.62509
956.50000,144.33273
957.00000,145.71313
957.50000,147.19943
958.00000,148.11951
958.50000,148.18542
959.00000,147.21172
959.50000,145.64758
960.00000,143.95129
960.50000,142.58311
961.00000,141.86703
961.50000,142.00145
962.00000,142.92500
962.50000,144.57506
963.00000,146.48631
963.50000,148.08568
964.00000,148.95940
964.50000,148.90173
965.00000,148.30545
965.50000,147.72450
966.00000,147.54396
966.50000,147.63603
967.00000,147.41786
967.50000,146.36150
968.00000,144.09837
968.50000,141.34305
969.00000,139.09375
969.50000,138.16794
970.00000,138.95186
970.50000,140.96336
971.00000,143.28758
971.50000,145.12274
972.00000,146.22398
972.50000,146.67369
973.00000,146.97163
973.50000,147.36803
974.00000,147.79607
974.50000,147.93846
975.00000,147.46405
975.50000,146.15712
976.00000,144.02312
976.50000,141.44931
977.00000,138.97354
977.50000,137.13791
978.00000,136.57904
978.50000,137.20900
979.00000,138.95674
979.50000,141.33000
980.00000,143.91042
980.50000,146.34627
981.00000,148.32242
981.50000,149.33321
982.00000,149.10545
982.50000,147.07324
983.00000,143.98537
983.50000,140.83687
984.00000,138.91025
984.50000,139.19487
985.00000,141.55429
985.50000,144.84947
986.00000,147.60138
986.50000,148.88261
987.00000,148.36798
987.50000,147.16826
988.00000,146.43556
988.50000,146.80402
989.00000,148.23918
989.50000,149.90074
990.00000,150.86156
990.50000,150.61043
991.00000,149.44835
991.50000,147.94017
992.00000,146.68883
992.50000,145.88280
993.00000,145.12262
993.50000,143.94588
994.00000,142.28880
994.50000,140.56367
995.00000,139.48318
995.50000,139.52823
996.00000,140.81506
996.50000,142.63972
997.00000,144.20999
997.50000,145.06514
998.00000,145.08780
998.50000,144.73184
999.00000,144.36363
999.50000,144.02115
1000.00000,143.38763
1000.50000,142.06137
1001.00000,140.12128
1001.50000,138.05388
1002.00000,136.64810
1002.50000,136.75000
1003.00000,138.27628
1003.50000,140.84050
1004.00000,143.52055
1004.50000,145.46941
1005.00000,146.10049
1005.50000,145.41557
1006.00000,143.51936
1006.50000,141.15707
1007.00000,139.06908
1007.50000,137.81738
1008.00000,137.80757
1008.50000,138.79047
1009.00000,140.32347
1009.50000,141.95659
1010.00000,143.48570
1010.50000,144.95628
1011.00000,146.43910
1011.50000,147.72212
1012.00000,148.45297
1012.50000,148.16464
1013.00000,147.03720
1013.50000,145.65945
1014.00000,144.86230
1014.50000,145.12897
1015.00000,146.37004
1015.50000,147.78688
1016.00000,148.57927
1016.50000,148.63515
1017.00000,148.22752
1017.50000,147.97980
1018.00000,148.23560
1018.50000,148.77824
1019.00000,149.03418
1019.50000,148.44113
1020.00000,146.95003
1020.50000,144.80998
1021.00000,142.69090
1021.50000,141.19212
1022.00000,140.42261
1022.50000,140.32455
1023.00000,140.51147
1023.50000,140.65062
1024.00000,140.60164
1024.50000,140.50499
1025.00000,140.73245
1025.50000,141.58270
1026.00000,143.38683
1026.50000,145.76335
1027.00000,148.12000
1027.50000,149.66754
1028.00000,149.67712
1028.50000,148.05887
1029.00000,145.45116
1029.50000,142.83704
1030.00000,141.14369
1030.50000,141.08089
1031.00000,142.12117
1031.50000,143.53429
1032.00000,144.38945
1032.50000,144.17488
1033.00000,143.20988
1033.50000,142.29471
1034.00000,142.19930
1034.50000,143.00473
1035.00000,144.22209
1035.50000,144.94983
1036.00000,144.43384
1036.50000,143.00618
1037.00000,141.42039
1037.50000,140.57016
1038.00000,140.85226
1038.50000,141.89368
1039.00000,142.83871
1039.50000,142.98114
1040.00000,142.41713
1040.50000,141.69466
1041.00000,141.53558
1041.50000,142.33362
1042.00000,143.64876
1042.50000,144.70978
1043.00000,144.90089
1043.50000,144.24728
1044.00000,143.31281
1044.50000,142.88947
1045.00000,143.61714
1045.50000,145.14218
1046.00000,146.78815
1046.50000,147.71997
1047.00000,147.42238
1047.50000,146.19368
1048.00000,144.81044
1048.50000,144.05443
1049.00000,144.11462
1049.50000,144.66818
1050.00000,144.96774
1050.50000,144.47264
1051.00000,143.50336
1051.50000,142.83133
1052.00000,143.20027
1052.50000,144.83418
1053.00000,147.16357
1053.50000,149.14676
1054.00000,149.85721
1054.50000,149.35559
1055.00000,148.07727
1055.50000,147.02495
1056.00000,146.94609
1056.50000,147.85655
1057.00000,149.38362
1057.50000,150.88101
1058.00000,151.81615
1058.50000,151.87888
1059.00000,151.22971
1059.50000,150.02652
1060.00000,148.66727
1060.50000,147.37149
1061.00000,146.22830
1061.50000,145.26378
1062.00000,144.49649
1062.50000,144.04155
1063.00000,144.09219
1063.50000,144.67145
1064.00000,145.68904
1064.50000,146.72441
1065.00000,147.33205
1065.50000,147.42010
1066.00000,147.15007
1066.50000,146.98473
1067.00000,147.31770
1067.50000,148.19728
1068.00000,149.21843
1068.50000,149.72913
1069.00000,149.31355
1069.50000,147.57263
1070.00000,145.01306
1070.50000,142.20477
1071.00000,139.90022
1071.50000,138.68535
1072.00000,138.62421
1072.50000,139.21652
1073.00000,139.69815
1073.50000,139.46648
1074.00000,138.29289
1074.50000,136.92580
1075.00000,136.50307
1075.50000,137.76044
1076.00000,141.00543
1076.50000,145.44850
1077.00000,149.79961
1077.50000,152.79646
1078.00000,153.96298
1078.50000,153.11948
1079.00000,151.19502
1079.50000,148.89322
1080.00000,146.94418
1080.50000,145.80959
1081.00000,145.50064
1081.50000,145.80620
1082.00000,146.33232
1082.50000,146.67114
1083.00000,146.55638
1083.50000,146.07689
1084.00000,145.37666
1084.50000,144.66226
1085.00000,143.93289
1085.50000,143.05946
1086.00000,141.93097
1086.50000,140.67920
1087.00000,139.72144
1087.50000,139.68495
1088.00000,140.85010
1088.50000,143.47820
1089.00000,146.84001
1089.50000,150.05251
1090.00000,152.16714
1090.50000,152.40733
1091.00000,150.90298
1091.50000,148.52725
1092.00000,146.56850
1092.50000,146.01759
1093.00000,147.39249
1093.50000,149.72914
1094.00000,151.79550
1094.50000,152.61188
1095.00000,151.74657
1095.50000,149.82359
1096.00000,147.65245
1096.50000,145.72659
1097.00000,143.98724
1097.50000,142.17212
1098.00000,140.32661
1098.50000,139.14296
1099.00000,139.23871
1099.50000,141.10774
1100.00000,143.99344
1100.50000,146.62115
1101.00000,147.79996
1101.50000,147.23328
1102.00000,145.42831
1102.50000,143.58621
1103.00000,142.66872
1103.50000,142.68970
1104.00000,143.43710
1104.50000,144.46133
1105.00000,145.75739
1105.50000,147.54959
1106.00000,149.95451
1106.50000,152.68393
1107.00000,155.04477
1107.50000,156.19287
1108.00000,156.05598
1108.50000,154.69894
1109.00000,152.92587
1109.50000,151.41318
1110.00000,150.60069
1110.50000,150.68140
1111.00000,151.60840
1111.50000,153.03627
1112.00000,154.49290
1112.50000,155.43965
1113.00000,155.30519
1113.50000,154.33220
1114.00000,153.06641
1114.50000,152.41432
1115.00000,153.11423
1115.50000,155.18332
1116.00000,157.85530
1116.50000,160.02922
1117.00000,160.94305
1117.50000,160.06677
1118.00000,158.12109
1118.50000,155.77245
1119.00000,153.76152
1119.50000,152.49475
1120.00000,151.93112
1120.50000,151.81995
1121.00000,151.92975
1121.50000,152.13139
1122.00000,152.53641
1122.50000,153.28979
1123.00000,154.61020
1123.50000,156.30438
1124.00000,157.92549
1124.50000,158.84012
1125.00000,158.53175
1125.50000,156.99358
1126.00000,154.96040
1126.50000,153.47466
1127.00000,153.19475
1127.50000,154.45720
1128.00000,156.35158
1128.50000,157.92717
1129.00000,158.61673
1129.50000,158.53310
1130.00000,158.40663
1130.50000,158.92209
1131.00000,160.21820
1131.50000,161.61440
1132.00000,162.13673
1132.50000,161.55580
1133.00000,160.20389
1133.50000,159.20259
1134.00000,159.57620
1134.50000,161.43498
1135.00000,163.96776
1135.50000,165.95523
1136.00000,166.64946
1136.50000,165.87048
1137.00000,164.54784
1137.50000,163.48271
1138.00000,162.95927
1138.50000,162.79010
1139.00000,162.61404
1139.50000,162.48540
1140.00000,162.94707
1140.50000,164.47180
1141.00000,167.10159
1141.50000,169.83643
1142.00000,171.22525
1142.50000,170.73360
1143.00000,168.38290
1143.50000,165.47270
1144.00000,163.31517
1144.50000,162.52751
1145.00000,162.72147
1145.50000,163.10464
1146.00000,163.09395
1146.50000,162.77505
1147.00000,162.83521
1147.50000,163.97148
1148.00000,165.97101
1148.50000,167.97034
1149.00000,168.78410
1149.50000,167.66716
1150.00000,164.69832
1150.50000,161.13835
1151.00000,158.56277
1151.50000,157.81845
1152.00000,159.34445
1152.50000,161.99364
1153.00000,164.60172
1153.50000,166.34575
1154.00000,167.16211
1154.50000,167.56308
1155.00000,168.07341
1155.50000,168.68823
1156.00000,168.95425
1156.50000,168.31490
1157.00000,167.06836
1157.50000,165.96208
1158.00000,165.79019
1158.50000,166.80087
1159.00000,168.33272
1159.50000,169.27386
1160.00000,168.70644
1160.50000,166.81885
1161.00000,164.19975
1161.50000,161.91650
1162.00000,160.77013
1162.50000,160.76797
1163.00000,161.61467
1163.50000,162.60167
1164.00000,162.93739
1164.50000,161.95610
1165.00000,159.73982
1165.50000,156.86435
1166.00000,154.59198
1166.50000,154.27605
1167.00000,155.87541
1167.50000,158.66771
1168.00000,161.16072
1168.50000,162.27504
1169.00000,161.95549
1169.50000,161.16658
1170.00000,160.89374
1170.50000,161.32430
1171.00000,161.96783
1171.50000,162.06409
1172.00000,161.28430
1172.50000,160.16119
1173.00000,159.48090
1173.50000,159.71330
1174.00000,160.70015
1174.50000,162.02713
1175.00000,163.29247
1175.50000,164.37495
1176.00000,165.32428
1176.50000,165.99542
1177.00000,166.21730
1177.50000,165.89185
1178.00000,165.30214
1178.50000,164.90044
1179.00000,164.92603
1179.50000,165.08400
1180.00000,164.75571
1180.50000,163.69943
1181.00000,162.12270
1181.50000,160.84909
1182.00000,160.61034
1182.50000,161.32307
1183.00000,162.21605
1183.50000,162.29475
1184.00000,161.14137
1184.50000,158.91835
1185.00000,156.56654
1185.50000,155.00951
1186.00000,154.51720
1186.50000,155.18085
1187.00000,156.56308
1187.50000,158.23904
1188.00000,159.79424
1188.50000,160.97952
1189.00000,161.81766
1189.50000,162.73062
1190.00000,164.34694
1190.50000,166.70009
1191.00000,169.24950
1191.50000,170.83237
1192.00000,170.27846
1192.50000,167.54733
1193.00000,163.80298
1193.50000,160.79094
1194.00000,159.66884
1194.50000,160.89909
1195.00000,163.21254
1195.50000,165.42088
1196.00000,166.70714
1196.50000,166.67267
1197.00000,165.40703
1197.50000,162.98280
1198.00000,159.64944
1198.50000,156.24225
1199.00000,154.13806
1199.50000,154.15059
1200.00000,156.81636
1200.50000,160.59926
1201.00000,163.81311
1201.50000,165.39580
1202.00000,165.44716
1202.50000,165.05501
1203.00000,165.15771
1203.50000,165.71532
1204.00000,165.82716
1204.50000,164.54066
1205.00000,162.40405
1205.50000,160.77754
1206.00000,160.92744
1206.50000,163.19583
1207.00000,166.30431
1207.50000,168.36549
1208.00000,168.03149
1208.50000,165.77090
1209.00000,162.90497
1209.50000,161.14847
1210.00000,161.73424
1210.50000,164.10387
1211.00000,167.24126
1211.50000,169.79616
1212.00000,170.86816
1212.50000,170.28105
1213.00000,168.75490
1213.50000,167.25244
1214.00000,166.61118
1214.50000,167.37329
1215.00000,168.88185
1215.50000,170.12691
1216.00000,170.11264
1216.50000,168.35718
1217.00000,165.34940
1217.50000,162.31334
1218.00000,160.52802
1218.50000,160.31627
1219.00000,161.57906
1219.50000,163.16563
1220.00000,164.23772
1220.50000,164.61797
1221.00000,164.67441
1221.50000,165.00371
1222.00000,165.84055
1222.50000,166.87724
1223.00000,167.52077
1223.50000,167.33968
1224.00000,166.76270
1224.50000,166.65779
1225.00000,167.73062
1225.50000,170.31927
1226.00000,173.80708
1226.50000,177.16913
1227.00000,179.37930
1227.50000,179.95796
1228.00000,178.57036
1228.50000,175.86215
1229.00000,172.37231
1229.50000,169.09430
1230.00000,166.89899
1230.50000,165.98228
1231.00000,165.97849
1231.50000,166.06995
1232.00000,165.66321
1232.50000,164.87372
1233.00000,164.50159
1233.50000,165.55922
1234.00000,167.82426
1234.50000,170.54803
1235.00000,172.62029
1235.50000,173.55058
1236.00000,173.89575
1236.50000,174.60762
1237.00000,176.13228
1237.50000,177.83417
1238.00000,178.45776
1238.50000,177.56757
1239.00000,175.37419
1239.50000,173.19174
1240.00000,172.15622
1240.50000,172.51620
1241.00000,173.82275
1241.50000,175.39911
1242.00000,176.74115
1242.50000,177.53951
1243.00000,177.69687
1243.50000,176.88126
1244.00000,175.37849
1244.50000,173.84149
1245.00000,173.25871
1245.50000,174.35231
1246.00000,176.88533
1246.50000,179.68677
1247.00000,181.46402
1247.50000,181.89001
1248.00000,181.32430
1248.50000,180.99483
1249.00000,181.81018
1249.50000,183.67467
1250.00000,185.97371
1250.50000,187.88333
1251.00000,188.88652
1251.50000,188.79417
1252.00000,187.91789
1252.50000,186.55815
1253.00000,185.29037
1253.50000,184.70686
1254.00000,184.95767
1254.50000,185.84288
1255.00000,186.69684
1255.50000,186.93864
1256.00000,186.46207
1256.50000,185.76913
1257.00000,185.50075
1257.50000,185.86641
1258.00000,186.80363
1258.50000,187.91838
1259.00000,189.17027
1259.50000,190.75317
1260.00000,192.79794
1260.50000,194.92142
1261.00000,196.28250
1261.50000,195.96277
1262.00000,194.18295
1262.50000,191.80647
1263.00000,190.39064
1263.50000,191.28922
1264.00000,194.23689
1264.50000,198.10338
1265.00000,201.16243
1265.50000,202.17712
1266.00000,200.79774
1266.50000,198.11728
1267.00000,195.39090
1267.50000,193.58109
1268.00000,193.05112
1268.50000,193.06775
1269.00000,192.84097
1269.50000,191.96222
1270.00000,190.62346
1270.50000,189.41049
1271.00000,188.80446
1271.50000,188.98012
1272.00000,189.51807
1272.50000,190.08441
1273.00000,190.63080
1273.50000,191.56114
1274.00000,193.31708
1274.50000,196.06212
1275.00000,199.30069
1275.50000,202.00272
1276.00000,202.95856
1276.50000,201.94548
1277.00000,199.02248
1277.50000,195.71071
1278.00000,193.55161
1278.50000,193.41850
1279.00000,195.53473
1279.50000,199.05836
1280.00000,202.71626
1280.50000,205.34773
1281.00000,206.47612
1281.50000,205.67087
1282.00000,203.45209
1282.50000,200.10599
1283.00000,196.60294
1283.50000,194.11850
1284.00000,193.57597
1284.50000,195.26843
1285.00000,198.60178
1285.50000,202.14615
1286.00000,204.55782
1286.50000,205.53291
1287.00000,205.16872
1287.50000,204.32291
1288.00000,203.30243
1288.50000,201.97194
1289.00000,199.99683
1289.50000,197.45442
1290.00000,195.07899
1290.50000,193.98283
1291.00000,194.56804
1291.50000,196.93213
1292.00000,199.79118
1292.50000,201.96342
1293.00000,202.91243
1293.50000,202.75449
1294.00000,202.23207
1294.50000,202.06911
1295.00000,202.53700
1295.50000,203.24234
1296.00000,203.51089
1296.50000,202.99191
1297.00000,201.60474
1297.50000,199.94179
1298.00000,198.62282
1298.50000,197.98906
1299.00000,197.99519
1299.50000,198.33720
1300.00000,198.64255
1300.50000,198.68883
1301.00000,198.52258
1301.50000,198.33281
1302.00000,198.45020
1302.50000,199.31990
1303.00000,200.99963
1303.50000,203.08777
1304.00000,204.67464
1304.50000,204.87192
1305.00000,203.16573
1305.50000,200.40288
1306.00000,197.84010
1306.50000,196.49631
1307.00000,196.78903
1307.50000,197.91919
1308.00000,199.06134
1308.50000,199.92128
1309.00000,200.90611
1309.50000,202.58257
1310.00000,204.81183
1310.50000,206.72656
1311.00000,207.42328
1311.50000,206.32614
1312.00000,204.31996
1312.50000,202.63116
1313.00000,202.05885
1313.50000,202.41649
1314.00000,202.76410
1314.50000,202.14911
1315.00000,200.01743
1315.50000,196.98470
1316.00000,193.84929
1316.50000,191.40723
1317.00000,190.18312
1317.50000,190.04688
1318.00000,190.69881
1318.50000,191.80225
1319.00000,193.14430
1319.50000,194.74913
1320.00000,196.59819
1320.50000,198.57994
1321.00000,200.34517
1321.50000,201.45969
1322.00000,201.91280
1322.50000,202.04254
1323.00000,202.37129
1323.50000,203.10974
1324.00000,203.86757
1324.50000,203.83627
1325.00000,201.99043
1325.50000,198.59386
1326.00000,194.38196
1326.50000,190.87233
1327.00000,189.44090
1327.50000,190.30527
1328.00000,192.61501
1328.50000,194.89566
1329.00000,195.93118
1329.50000,195.25899
1330.00000,193.98372
1330.50000,193.68977
1331.00000,195.15555
1331.50000,198.24287
1332.00000,201.44815
1332.50000,203.09167
1333.00000,202.29439
1333.50000,199.64650
1334.00000,196.39671
1334.50000,193.92867
1335.00000,193.18687
1335.50000,193.69073
1336.00000,194.92029
1336.50000,196.15355
1337.00000,196.98181
1337.50000,197.29420
1338.00000,197.19157
1338.50000,196.86864
1339.00000,196.60170
1339.50000,196.50719
1340.00000,196.33351
1340.50000,195.50041
1341.00000,193.71605
1341.50000,191.05879
1342.00000,188.32249
1342.50000,186.49713
1343.00000,186.23128
1343.50000,187.20732
1344.00000,188.75674
1344.50000,190.00533
1345.00000,190.47118
1345.50000,190.44185
1346.00000,190.40262
1346.50000,190.84053
1347.00000,192.00206
1347.50000,193.73004
1348.00000,195.51788
1348.50000,196.68431
1349.00000,196.85400
1349.50000,195.71382
1350.00000,193.88496
1350.50000,191.94328
1351.00000,190.33600
1351.50000,189.09148
1352.00000,187.94563
1352.50000,186.77020
1353.00000,185.83325
1353.50000,185.51581
1354.00000,186.14882
1354.50000,187.27428
1355.00000,188.32422
1355.50000,188.97774
1356.00000,189.33040
1356.50000,189.69960
1357.00000,190.16853
1357.50000,190.50397
1358.00000,190.53699
1358.50000,190.49335
1359.00000,190.90965
1359.50000,192.15491
1360.00000,193.53165
1360.50000,193.66069
1361.00000,191.65149
1361.50000,187.84396
1362.00000,184.18044
1362.50000,182.90285
1363.00000,185.31638
1363.50000,189.85869
1364.00000,194.04149
1364.50000,195.71550
1365.00000,193.83942
1365.50000,190.01360
1366.00000,186.48335
1366.50000,185.02261
1367.00000,185.87743
1367.50000,188.18425
1368.00000,190.43414
1368.50000,191.70190
1369.00000,192.27197
1369.50000,192.75746
1370.00000,193.49594
1370.50000,194.04135
1371.00000,193.51604
1371.50000,191.34505
1372.00000,187.82690
1372.50000,184.33543
1373.00000,182.56058
1373.50000,182.95300
1374.00000,185.36922
1374.50000,188.13469
1375.00000,189.73802
1375.50000,189.63016
1376.00000,188.24741
1376.50000,186.74507
1377.00000,186.03033
1377.50000,186.38541
1378.00000,187.16364
1378.50000,187.51410
1379.00000,186.96370
1379.50000,185.36685
1380.00000,183.32756
1380.50000,181.62390
1381.00000,180.88840
1381.50000,181.26622
1382.00000,182.50897
1382.50000,183.90309
1383.00000,184.80397
1383.50000,185.11865
1384.00000,185.03394
1384.50000,185.06868
1385.00000,185.64510
1385.50000,186.78571
1386.00000,188.09813
1386.50000,188.89258
1387.00000,188.58980
1387.50000,186.66513
1388.00000,183.64250
1388.50000,180.30861
1389.00000,177.84714
1389.50000,177.31494
1390.00000,178.63512
1390.50000,181.04799
1391.00000,183.36153
1391.50000,184.64397
1392.00000,184.49669
1392.50000,183.56505
1393.00000,182.57780
1393.50000,182.06461
1394.00000,182.04697
1394.50000,181.98886
1395.00000,181.32564
1395.50000,179.96651
1396.00000,178.52802
1396.50000,177.97151
1397.00000,178.73129
1397.50000,180.77980
1398.00000,182.93837
1398.50000,183.98987
1399.00000,183.63385
1399.50000,182.35353
1400.00000,181.25745
1400.50000,181.00211
1401.00000,181.24600
1401.50000,180.91512
1402.00000,179.20685
1402.50000,176.98022
1403.00000,176.01645
1403.50000,177.41914
1404.00000,181.25574
1404.50000,185.60416
1405.00000,188.07407
1405.50000,187.15321
1406.00000,183.34914
1406.50000,178.06398
1407.00000,173.28612
1407.50000,170.50816
1408.00000,169.56964
1408.50000,170.16115
1409.00000,171.51251
1409.50000,173.19557
1410.00000,175.03752
1410.50000,177.05000
1411.00000,179.23003
1411.50000,181.29010
1412.00000,182.51660
1412.50000,182.54640
1413.00000,181.24261
1413.50000,179.61806
1414.00000,178.90302
1414.50000,179.51016
1415.00000,180.62984
1415.50000,180.72893
1416.00000,178.95784
1416.50000,175.51390
1417.00000,172.20175
1417.50000,170.88020
1418.00000,171.68896
1418.50000,173.81967
1419.00000,175.65622
1419.50000,176.16562
1420.00000,175.39111
1420.50000,174.03375
1421.00000,172.60138
1421.50000,171.33546
1422.00000,170.42081
1422.50000,169.97112
1423.00000,170.18423
1423.50000,170.81355
1424.00000,171.36252
1424.50000,171.38387
1425.00000,170.92430
1425.50000,170.51459
1426.00000,170.67099
1426.50000,171.66786
1427.00000,173.05399
1427.50000,174.39116
1428.00000,175.45865
1428.50000,176.36958
1429.00000,177.40497
1429.50000,178.64902
1430.00000,179.75749
1430.50000,180.05980
1431.00000,178.71327
1431.50000,175.95587
1432.00000,172.47961
1432.50000,169.77225
1433.00000,169.24030
1433.50000,170.94722
1434.00000,173.82130
1434.50000,176.17213
1435.00000,176.92601
1435.50000,176.02171
1436.00000,174.74718
1436.50000,174.10292
1437.00000,173.94333
1437.50000,173.47081
1438.00000,172.08672
1438.50000,169.97690
1439.00000,168.10202
1439.50000,167.37831
1440.00000,168.20502
1440.50000,169.98912
1441.00000,172.20107
1441.50000,174.33786
1442.00000,176.12383
1442.50000,177.31444
1443.00000,177.48073
1443.50000,176.53261
1444.00000,174.87053
1444.50000,173.24524
1445.00000,172.30273
1445.50000,172.35481
1446.00000,172.93040
1446.50000,173.56953
1447.00000,173.99997
1447.50000,174.22810
1448.00000,174.40039
1448.50000,174.60283
1449.00000,174.82524
1449.50000,174.97800
1450.00000,174.85776
1450.50000,174.29703
1451.00000,173.06023
1451.50000,171.49013
1452.00000,170.29924
1452.50000,170.19217
1453.00000,171.52065
1453.50000,173.79462
1454.00000,175.93115
1454.50000,176.88971
1455.00000,176.58243
1455.50000,175.44127
1456.00000,174.54353
1456.50000,174.61922
1457.00000,175.39798
1457.50000,176.23177
1458.00000,176.50964
1458.50000,176.12564
1459.00000,175.45093
1459.50000,175.01422
1460.00000,175.05617
1460.50000,175.19940
1461.00000,174.79143
1461.50000,173.59357
1462.00000,171.91202
1462.50000,170.54240
1463.00000,170.12404
1463.50000,170.61504
1464.00000,171.19022
1464.50000,170.89011
1465.00000,169.65250
1465.50000,168.27191
1466.00000,168.07846
1466.50000,169.83897
1467.00000,172.49594
1467.50000,174.16670
1468.00000,173.39333
1468.50000,170.47533
1469.00000,167.18697
1469.50000,165.66315
1470.00000,167.34482
1470.50000,170.69281
1471.00000,173.50525
1471.50000,174.33864
1472.00000,173.31046
1472.50000,171.96870
1473.00000,171.69278
1473.50000,172.69136
1474.00000,173.85519
1474.50000,173.89552
1475.00000,172.72028
1475.50000,171.06766
1476.00000,170.18445
1476.50000,170.73952
1477.00000,172.34241
1477.50000,174.19748
1478.00000,175.62779
1478.50000,176.46962
1479.00000,176.87279
1479.50000,177.19098
1480.00000,177.47498
1480.50000,177.43956
1481.00000,176.49556
1481.50000,174.44469
1482.00000,171.57095
1482.50000,168.81123
1483.00000,167.18172
1483.50000,167.23996
1484.00000,168.26051
1484.50000,169.19348
1485.00000,169.45740
1485.50000,169.51938
1486.00000,170.36702
1486.50000,172.44096
1487.00000,174.83896
1487.50000,175.97525
1488.00000,174.77823
1488.50000,172.09433
1489.00000,169.87216
1489.50000,169.69476
1490.00000,172.04041
1490.50000,175.37482
1491.00000,178.26945
1491.50000,180.07362
1492.00000,180.93425
1492.50000,181.11346
1493.00000,180.50586
1493.50000,178.39848
1494.00000,174.94464
1494.50000,170.77246
1495.00000,167.17986
1495.50000,165.32266
1496.00000,165.38524
1496.50000,167.17050
1497.00000,170.08340
1497.50000,173.27379
1498.00000,175.62932
1498.50000,176.37532
1499.00000,174.84389
1499.50000,172.16928
1500.00000,169.83333
1500.50000,169.06975
1501.00000,170.12216
1501.50000,171.82294
1502.00000,172.64732
1502.50000,171.89006
1503.00000,170.45079
1503.50000,169.68358
1504.00000,170.24417
1504.50000,172.11705
1505.00000,174.24579
1505.50000,175.76622
1506.00000,176.42998
1506.50000,176.46240
1507.00000,176.22557
1507.50000,175.88974
1508.00000,175.39565
1508.50000,174.71935
1509.00000,173.88274
1509.50000,173.05667
1510.00000,172.43640
1510.50000,172.11586
1511.00000,172.01694
1511.50000,171.85052
1512.00000,171.33583
1512.50000,170.43712
1513.00000,169.61209
1513.50000,169.67503
1514.00000,170.83145
1514.50000,172.80295
1515.00000,174.36482
1515.50000,174.33215
1516.00000,172.52327
1516.50000,169.83206
1517.00000,167.67268
1517.50000,167.01921
1518.00000,168.26370
1518.50000,170.29083
1519.00000,171.77278
1519.50000,171.96005
1520.00000,170.83005
1520.50000,169.35034
1521.00000,168.66957
1521.50000,169.42291
1522.00000,171.11763
1522.50000,172.64458
1523.00000,173.06689
1523.50000,172.28951
1524.00000,171.51735
1524.50000,171.93069
1525.00000,173.64005
1525.50000,175.74054
1526.00000,176.87564
1526.50000,176.37700
1527.00000,174.51125
1527.50000,172.62834
1528.00000,171.86159
1528.50000,172.24806
1529.00000,173.47357
1529.50000,174.68628
1530.00000,175.14542
1530.50000,174.51225
1531.00000,172.98447
1531.50000,171.20694
1532.00000,169.84369
1532.50000,169.21297
1533.00000,168.89909
1533.50000,168.49960
1534.00000,168.06538
1534.50000,168.22577
1535.00000,169.37219
1535.50000,170.82069
1536.00000,171.15103
1536.50000,169.59790
1537.00000,166.71469
1537.50000,164.66040
1538.00000,165.73582
1538.50000,169.45044
1539.00000,173.72792
1539.50000,176.13142
1540.00000,175.89786
1540.50000,174.28978
1541.00000,173.22168
1541.50000,173.63559
1542.00000,174.72252
1542.50000,175.09125
1543.00000,174.34766
1543.50000,172.94524
1544.00000,171.82468
1544.50000,171.46791
1545.00000,171.67932
1545.50000,171.99344
1546.00000,172.06131
1546.50000,171.78026
1547.00000,171.10423
1547.50000,170.24287
1548.00000,169.59280
1548.50000,169.59856
1549.00000,170.60719
1549.50000,172.34528
1550.00000,174.14772
1550.50000,175.34889
1551.00000,175.76704
1551.50000,175.41306
1552.00000,174.63847
1552.50000,173.62009
1553.00000,172.63571
1553.50000,171.99806
1554.00000,171.86424
1554.50000,172.13379
1555.00000,172.54327
1555.50000,172.93127
1556.00000,173.42319
1556.50000,174.20865
1557.00000,175.31714
1557.50000,176.27826
1558.00000,176.49152
1558.50000,175.87024
1559.00000,174.62498
1559.50000,173.14684
1560.00000,171.61429
1560.50000,169.98488
1561.00000,168.35440
1561.50000,167.27211
1562.00000,167.16713
1562.50000,168.31953
1563.00000,169.95985
1563.50000,171.02185
1564.00000,170.75999
1564.50000,169.18506
1565.00000,167.10083
1565.50000,165.44623
1566.00000,164.65201
1566.50000,164.31001
1567.00000,163.90692
1567.50000,163.23355
1568.00000,162.63701
1568.50000,162.74940
1569.00000,163.86629
1569.50000,165.62389
1570.00000,167.21173
1570.50000,167.91005
1571.00000,167.75851
1571.50000,167.08983
1572.00000,166.48859
1572.50000,166.02510
1573.00000,165.39897
1573.50000,164.36336
1574.00000,163.08353
1574.50000,162.02248
1575.00000,161.60121
1575.50000,161.76396
1576.00000,162.31728
1576.50000,163.04364
1577.00000,164.00928
1577.50000,165.15228
1578.00000,166.14801
1578.50000,166.51346
1579.00000,166.02859
1579.50000,165.05673
1580.00000,164.20609
1580.50000,163.72131
1581.00000,163.17581
1581.50000,161.82338
1582.00000,159.63800
1582.50000,157.40871
1583.00000,156.38074
1583.50000,157.38396
1584.00000,160.21196
1584.50000,163.69832
1585.00000,166.53648
1585.50000,167.97899
1586.00000,167.60149
1586.50000,166.27663
1587.00000,164.69061
1587.50000,163.53540
1588.00000,163.07367
1588.50000,162.93257
1589.00000,162.40045
1589.50000,161.14528
1590.00000,159.79247
1590.50000,159.55208
1591.00000,160.81822
1591.50000,163.14162
1592.00000,164.84578
1592.50000,164.42439
1593.00000,162.40549
1593.50000,160.56664
1594.00000,160.55235
1594.50000,162.22984
1595.00000,164.04506
1595.50000,164.18297
1596.00000,161.87378
1596.50000,158.95731
1597.00000,157.28636
1597.50000,157.45471
1598.00000,158.71086
1598.50000,159.69887
1599.00000,159.70795
1599.50000,159.10950
1600.00000,158.75117
1600.50000,159.09300
1601.00000,159.80301
1601.50000,160.50481
1602.00000,160.95229
1602.50000,160.95624
1603.00000,160.28026
1603.50000,158.70624
1604.00000,156.30275
1604.50000,153.79483
1605.00000,152.15179
1605.50000,151.71014
1606.00000,152.36127
1606.50000,153.36374
1607.00000,154.39349
1607.50000,155.47816
1608.00000,156.71558
1608.50000,157.95187
1609.00000,158.88261
1609.50000,159.45992
1610.00000,160.10336
1610.50000,161.21132
1611.00000,162.47412
1611.50000,162.90698
1612.00000,161.58890
1612.50000,158.46255
1613.00000,154.61075
1613.50000,151.44830
1614.00000,149.99124
1614.50000,149.96884
1615.00000,150.98308
1615.50000,152.25987
1616.00000,153.58257
1616.50000,154.87395
1617.00000,155.90219
1617.50000,156.28514
1618.00000,155.72662
1618.50000,154.10367
1619.00000,151.90909
1619.50000,149.61710
1620.00000,147.76445
1620.50000,147.00806
1621.00000,147.49594
1621.50000,149.12709
1622.00000,150.89926
1622.50000,151.65982
1623.00000,150.79376
1623.50000,148.97949
1624.00000,147.66708
1624.50000,148.08502
1625.00000,150.63426
1625.50000,153.71721
1626.00000,155.72473
1626.50000,155.98701
1627.00000,154.91206
1627.50000,153.57138
1628.00000,152.71628
1628.50000,152.27519
1629.00000,151.75471
1629.50000,150.90591
1630.00000,149.97343
1630.50000,149.23705
1631.00000,148.70013
1631.50000,148.25615
1632.00000,148.07396
1632.50000,148.61183
1633.00000,150.25496
1633.50000,152.51331
1634.00000,154.14877
1634.50000,154.24454
1635.00000,152.27625
1635.50000,149.11429
1636.00000,145.66629
1636.50000,142.71001
1637.00000,140.80908
1637.50000,140.53955
1638.00000,142.23761
1638.50000,146.22122
1639.00000,151.17421
1639.50000,155.09738
1640.00000,156.38257
1640.50000,154.59508
1641.00000,151.38739
1641.50000,148.65569
1642.00000,147.38980
1642.50000,147.00511
1643.00000,146.16074
1643.50000,144.32054
1644.00000,142.13011
1644.50000,140.92065
1645.00000,141.65114
1645.50000,143.69673
1646.00000,145.75374
1646.50000,146.80948
1647.00000,146.86819
1647.50000,146.43858
1648.00000,146.02882
1648.50000,145.72380
1649.00000,145.50806
1649.50000,145.73875
1650.00000,146.64532
1650.50000,147.90436
1651.00000,148.37889
1651.50000,146.93492
1652.00000,143.68442
1652.50000,140.70837
1653.00000,140.41548
1653.50000,142.94696
1654.00000,146.93808
1654.50000,149.40822
1655.00000,148.40085
1655.50000,145.10219
1656.00000,141.94119
1656.50000,140.93762
1657.00000,142.13962
1657.50000,144.24199
1658.00000,145.55894
1658.50000,145.52612
1659.00000,145.10474
1659.50000,145.27211
1660.00000,146.31813
1660.50000,147.85374
1661.00000,149.15767
1661.50000,149.88374
1662.00000,149.98616
1662.50000,149.61552
1663.00000,148.53716
1663.50000,146.66145
1664.00000,143.94304
1664.50000,140.93419
1665.00000,138.30157
1665.50000,136.49794
1666.00000,135.61662
1666.50000,135.54234
1667.00000,136.11711
1667.50000,137.52380
1668.00000,139.44609
1668.50000,141.08398
1669.00000,141.40044
1669.50000,139.92731
1670.00000,137.83492
1670.50000,137.02380
1671.00000,138.87752
1671.50000,142.84344
1672.00000,146.78630
1672.50000,148.57120
1673.00000,147.00128
1673.50000,143.75792
1674.00000,140.71179
1674.50000,139.31688
1675.00000,139.70836
1675.50000,140.88356
1676.00000,141.79715
1676.50000,141.86308
1677.00000,141.22980
1677.50000,140.22151
1678.00000,139.29066
1678.50000,138.51305
1679.00000,137.66980
1679.50000,136.52202
1680.00000,135.17528
1680.50000,134.13309
1681.00000,133.87277
1681.50000,134.26605
1682.00000,134.80663
1682.50000,134.99695
1683.00000,135.02789
1683.50000,135.76527
1684.00000,137.95100
1684.50000,141.15199
1685.00000,144.06760
1685.50000,145.20326
1686.00000,144.25972
1686.50000,141.87848
1687.00000,139.31734
1687.50000,137.18788
1688.00000,135.20105
1688.50000,132.75006
1689.00000,129.87926
1689.50000,127.46601
1690.00000,126.75813
1690.50000,128.42975
1691.00000,132.23837
1691.50000,136.27570
1692.00000,138.52086
1692.50000,138.53560
1693.00000,136.65927
1693.50000,134.67514
1694.00000,134.04137
1694.50000,134.82208
1695.00000,136.09004
1695.50000,136.75931
1696.00000,136.46410
1696.50000,135.50194
1697.00000,134.70483
1697.50000,134.38831
1698.00000,134.13759
1698.50000,133.23367
1699.00000,131.30318
1699.50000,128.78796
1700.00000,126.82750
1700.50000,126.45992
1701.00000,128.26010
1701.50000,131.17416
1702.00000,133.53461
1702.50000,134.32596
1703.00000,133.41870
1703.50000,132.00813
1704.00000,131.24939
1704.50000,131.49368
1705.00000,132.08932
1705.50000,132.43622
1706.00000,132.45262
1706.50000,132.29279
1707.00000,131.93806
1707.50000,130.92068
1708.00000,129.23306
1708.50000,127.53173
1709.00000,126.87769
1709.50000,127.82222
1710.00000,129.59053
1710.50000,130.81790
1711.00000,130.69324
1711.50000,129.89818
1712.00000,129.55614
1712.50000,130.07545
1713.00000,130.84288
1713.50000,130.90474
1714.00000,129.88870
1714.50000,128.32103
1715.00000,127.17746
1715.50000,127.10999
1716.00000,127.93544
1716.50000,129.36143
1717.00000,130.62286
1717.50000,130.67484
1718.00000,128.98906
1718.50000,125.66188
1719.00000,122.00023
1719.50000,119.90585
1720.00000,120.94089
1720.50000,124.04086
1721.00000,127.53226
1721.50000,129.75282
1722.00000,130.04234
1722.50000,129.40776
1723.00000,128.83575
1723.50000,128.49927
1724.00000,127.98470
1724.50000,127.05162
1725.00000,126.19427
1725.50000,126.23310
1726.00000,127.09338
1726.50000,127.96922
1727.00000,127.74628
1727.50000,125.78506
1728.00000,123.12360
1728.50000,121.29517
1729.00000,121.43366
1729.50000,123.35088
1730.00000,126.02448
1730.50000,127.98805
1731.00000,128.31360
1731.50000,127.40429
1732.00000,125.73675
1732.50000,124.04921
1733.00000,122.85998
1733.50000,122.47227
1734.00000,122.94009
1734.50000,124.05305
1735.00000,125.08099
1735.50000,125.26453
1736.00000,124.72373
1736.50000,124.09257
1737.00000,124.23804
1737.50000,125.49528
1738.00000,127.06631
1738.50000,127.88129
1739.00000,127.24109
1739.50000,125.38449
1740.00000,122.73636
1740.50000,119.96390
1741.00000,117.50004
1741.50000,115.81009
1742.00000,115.68680
1742.50000,117.20819
1743.00000,119.45765
1743.50000,121.04354
1744.00000,121.11382
1744.50000,119.85191
1745.00000,118.86871
1745.50000,119.70959
1746.00000,122.12503
1746.50000,125.05555
1747.00000,126.81759
1747.50000,126.37595
1748.00000,123.97533
1748.50000,120.67034
1749.00000,117.67202
1749.50000,115.95601
1750.00000,116.21835
1750.50000,117.83977
1751.00000,120.23704
1751.50000,122.43363
1752.00000,123.66936
1752.50000,123.91007
1753.00000,123.56745
1753.50000,123.20617
1754.00000,123.25301
1754.50000,123.76551
1755.00000,124.19096
1755.50000,123.87572
1756.00000,122.78092
1756.50000,121.43875
1757.00000,120.80589
1757.50000,121.24081
1758.00000,122.13768
1758.50000,122.38801
1759.00000,121.26897
1759.50000,119.67483
1760.00000,118.94863
1760.50000,119.41572
1761.00000,120.36138
1761.50000,120.39242
1762.00000,119.12132
1762.50000,117.53686
1763.00000,116.89941
1763.50000,117.61995
1764.00000,118.59772
1764.50000,118.67560
1765.00000,118.14061
1765.50000,118.20895
1766.00000,119.82272
1766.50000,122.47092
1767.00000,124.32919
1767.50000,123.91847
1768.00000,121.09347
1768.50000,117.71271
1769.00000,116.00687
1769.50000,116.41725
1770.00000,118.26122
1770.50000,119.46162
1771.00000,118.43298
1771.50000,115.60875
1772.00000,112.50987
1772.50000,110.73027
1773.00000,110.76129
1773.50000,111.91736
1774.00000,113.05661
1774.50000,113.75357
1775.00000,114.28054
1775.50000,114.76801
1776.00000,114.91552
1776.50000,114.35556
1777.00000,113.28804
1777.50000,112.45641
1778.00000,112.35833
1778.50000,112.54392
1779.00000,112.29032
1779.50000,111.54652
1780.00000,111.06896
1780.50000,111.52458
1781.00000,112.79082
1781.50000,114.00079
1782.00000,114.50182
1782.50000,114.47337
1783.00000,114.47620
1783.50000,114.40771
1784.00000,113.66157
1784.50000,111.61331
1785.00000,109.18687
1785.50000,107.69287
1786.00000,107.86061
1786.50000,109.52621
1787.00000,111.84624
1787.50000,114.04027
1788.00000,115.65704
1788.50000,116.49020
1789.00000,116.13393
1789.50000,115.33068
1790.00000,115.13373
1790.50000,116.11746
1791.00000,117.60223
1791.50000,117.75783
1792.00000,115.65962
1792.50000,111.98376
1793.00000,108.88516
1793.50000,108.52265
1794.00000,109.98982
1794.50000,111.99213
1795.00000,113.32601
1795.50000,113.64497
1796.00000,113.11134
1796.50000,111.58735
1797.00000,108.88956
1797.50000,105.90768
1798.00000,104.72402
1798.50000,106.05308
1799.00000,109.30768
1799.50000,111.87923
1800.00000,111.33324
1800.50000,108.24335
1801.00000,104.96806
1801.50000,103.74484
1802.00000,104.87198
1802.50000,107.00074
1803.00000,108.36103
1803.50000,108.43363
1804.00000,108.23524
1804.50000,108.76742
1805.00000,109.81217
1805.50000,110.31515
1806.00000,109.36663
1806.50000,107.19474
1807.00000,105.23443
1807.50000,104.78435
1808.00000,106.49518
1808.50000,108.96165
1809.00000,110.41284
1809.50000,110.20017
1810.00000,108.92157
