440.00000,13370.93359
440.50000,13460.84961
441.00000,13545.56934
441.50000,13616.93262
442.00000,13671.01270
442.50000,13698.14551
443.00000,13696.42969
443.50000,13659.24902
444.00000,13586.72559
444.50000,13487.35059
445.00000,13374.02148
445.50000,13259.72559
446.00000,13154.96582
446.50000,13063.79102
447.00000,12987.78613
447.50000,12919.78418
448.00000,12856.70020
448.50000,12795.83008
449.00000,12736.92090
449.50000,12681.71875
450.00000,12631.80859
450.50000,12589.94336
451.00000,12556.17188
451.50000,12533.07813
452.00000,12517.83398
452.50000,12507.72949
453.00000,12499.39063
453.50000,12491.27832
454.00000,12483.94824
454.50000,12480.55859
455.00000,12484.37793
455.50000,12494.75684
456.00000,12509.98340
456.50000,12524.70508
457.00000,12531.98047
457.50000,12530.47363
458.00000,12520.80566
458.50000,12506.49121
459.00000,12491.23438
459.50000,12477.64941
460.00000,12465.66504
460.50000,12453.89063
461.00000,12441.15137
461.50000,12427.02246
462.00000,12412.93066
462.50000,12401.97852
463.00000,12396.70410
463.50000,12399.45801
464.00000,12411.45996
464.50000,12431.64941
465.00000,12458.36523
465.50000,12486.70020
466.00000,12513.84570
466.50000,12538.73730
467.00000,12561.42969
467.50000,12583.54102
468.00000,12605.35449
468.50000,12624.39453
469.00000,12635.98730
469.50000,12633.01270
470.00000,12610.62598
470.50000,12565.01367
471.00000,12504.68945
471.50000,12434.78613
472.00000,12364.54395
472.50000,12302.53516
473.00000,12253.53027
473.50000,12217.02246
474.00000,12191.59277
474.50000,12173.33984
475.00000,12160.82324
475.50000,12152.15039
476.00000,12148.16309
476.50000,12148.50391
477.00000,12153.31836
477.50000,12160.83105
478.00000,12168.37988
478.50000,12173.70801
479.00000,12176.78418
479.50000,12179.05664
480.00000,12183.09668
480.50000,12192.89941
481.00000,12209.18652
481.50000,12232.55566
482.00000,12261.73926
482.50000,12296.61133
483.00000,12337.27344
483.50000,12383.85156
484.00000,12435.84668
484.50000,12491.23730
485.00000,12549.04102
485.50000,12607.90625
486.00000,12668.34961
486.50000,12730.85547
487.00000,12795.34375
487.50000,12860.01074
488.00000,12921.74414
488.50000,12976.28027
489.00000,13021.71387
489.50000,13057.13477
490.00000,13085.16797
490.50000,13104.79395
491.00000,13116.50488
491.50000,13115.66016
492.00000,13102.36230
492.50000,13077.67773
493.00000,13045.20703
493.50000,13010.74219
494.00000,12979.82227
494.50000,12954.34961
495.00000,12933.96387
495.50000,12915.83301
496.00000,12899.05078
496.50000,12884.01367
497.00000,12873.26855
497.50000,12867.58105
498.00000,12864.79785
498.50000,12860.38086
499.00000,12849.28418
499.50000,12824.01758
500.00000,12786.55371
500.50000,12739.64941
501.00000,12689.68652
501.50000,12641.46289
502.00000,12597.58398
502.50000,12557.63184
503.00000,12519.32813
503.50000,12481.46094
504.00000,12445.25391
504.50000,12412.83594
505.00000,12388.70410
505.50000,12371.93652
506.00000,12359.03125
506.50000,12343.89648
507.00000,12320.12793
507.50000,12282.82813
508.00000,12232.13086
508.50000,12172.01758
509.00000,12109.45020
509.50000,12049.54980
510.00000,11994.65527
510.50000,11946.31836
511.00000,11902.66113
511.50000,11862.37207
512.00000,11825.34961
512.50000,11792.41602
513.00000,11765.95020
513.50000,11747.65332
514.00000,11740.78418
514.50000,11743.94434
515.00000,11759.03613
515.50000,11783.56738
516.00000,11816.07031
516.50000,11852.90039
517.00000,11890.51074
517.50000,11927.63672
518.00000,11964.96191
518.50000,12005.35059
519.00000,12052.13184
519.50000,12109.32324
520.00000,12175.14258
520.50000,12248.24707
521.00000,12324.60352
521.50000,12400.07227
522.00000,12470.59375
522.50000,12534.90039
523.00000,12591.75684
523.50000,12642.59570
524.00000,12686.75391
524.50000,12725.91211
525.00000,12760.03223
525.50000,12790.64063
526.00000,12818.50684
526.50000,12844.68848
527.00000,12870.39160
527.50000,12896.73242
528.00000,12924.04395
528.50000,12951.57617
529.00000,12977.61621
529.50000,12999.17383
530.00000,13014.44141
530.50000,13020.44336
531.00000,13018.00781
531.50000,13007.94922
532.00000,12989.67480
532.50000,12962.65039
533.00000,12921.20996
533.50000,12863.15625
534.00000,12784.67188
534.50000,12691.69922
535.00000,12590.02344
535.50000,12489.57617
536.00000,12400.86426
536.50000,12331.03223
537.00000,12277.19824
537.50000,12236.20508
538.00000,12200.08105
538.50000,12163.69629
539.00000,12124.45313
539.50000,12083.68359
540.00000,12045.08496
540.50000,12012.65332
541.00000,11989.49512
541.50000,11977.28223
542.00000,11979.23828
542.50000,11993.15332
543.00000,12020.05859
543.50000,12055.61621
544.00000,12098.07031
544.50000,12143.12402
545.00000,12187.07910
545.50000,12227.56738
546.00000,12263.56348
546.50000,12294.26758
547.00000,12319.96973
547.50000,12339.09473
548.00000,12351.68555
548.50000,12355.71484
549.00000,12351.60156
549.50000,12337.35352
550.00000,12312.95996
550.50000,12278.23535
551.00000,12233.95898
551.50000,12184.54590
552.00000,12132.54785
552.50000,12080.19727
553.00000,12027.38965
553.50000,11972.33594
554.00000,11911.69922
554.50000,11845.82813
555.00000,11777.33105
555.50000,11711.13770
556.00000,11652.26465
556.50000,11605.33594
557.00000,11568.43945
557.50000,11538.33496
558.00000,11510.06836
558.50000,11482.41699
559.00000,11456.97852
559.50000,11439.40820
560.00000,11436.11230
560.50000,11449.38184
561.00000,11480.00293
561.50000,11523.10352
562.00000,11575.66504
562.50000,11631.64746
563.00000,11687.79785
563.50000,11742.80957
564.00000,11796.82715
564.50000,11850.81836
565.00000,11905.86621
565.50000,11962.85645
566.00000,12021.72266
566.50000,12081.64258
567.00000,12141.07520
567.50000,12197.74219
568.00000,12250.22754
568.50000,12295.63867
569.00000,12332.54004
569.50000,12360.41895
570.00000,12379.70605
570.50000,12392.68848
571.00000,12402.48438
571.50000,12414.36426
572.00000,12437.67676
572.50000,12476.02930
573.00000,12537.16211
573.50000,12620.30176
574.00000,12725.82520
574.50000,12848.44727
575.00000,12978.94727
575.50000,13105.00195
576.00000,13216.10059
576.50000,13297.64258
577.00000,13346.90820
577.50000,13351.39941
578.00000,13315.29883
578.50000,13241.90723
579.00000,13143.50000
579.50000,13031.12305
580.00000,12915.53906
580.50000,12805.78906
581.00000,12709.76074
581.50000,12626.76758
582.00000,12557.78906
582.50000,12498.47656
583.00000,12448.25977
583.50000,12404.85645
584.00000,12367.44141
584.50000,12334.39453
585.00000,12303.62891
585.50000,12274.12109
586.00000,12245.33301
586.50000,12218.11230
587.00000,12193.32715
587.50000,12172.64453
588.00000,12155.57422
588.50000,12142.23438
589.00000,12132.78711
589.50000,12128.20801
590.00000,12130.65039
590.50000,12140.67383
591.00000,12157.50586
591.50000,12176.28223
592.00000,12191.92969
592.50000,12201.02734
593.00000,12201.20313
593.50000,12194.40332
594.00000,12184.86035
594.50000,12175.85742
595.00000,12168.17871
595.50000,12160.70801
596.00000,12151.76270
596.50000,12140.64160
597.00000,12130.45605
597.50000,12126.81055
598.00000,12133.25391
598.50000,12151.71289
599.00000,12180.13477
599.50000,12213.17090
600.00000,12245.32715
600.50000,12274.58984
601.00000,12303.34863
601.50000,12336.58594
602.00000,12380.86523
602.50000,12437.48828
603.00000,12505.51367
603.50000,12577.23633
604.00000,12644.18945
604.50000,12699.86133
605.00000,12743.10742
605.50000,12772.36719
606.00000,12792.02246
606.50000,12801.16895
607.00000,12800.99512
607.50000,12787.76758
608.00000,12759.98145
608.50000,12717.03418
609.00000,12660.43555
609.50000,12595.33887
610.00000,12527.06445
610.50000,12460.30859
611.00000,12398.43066
611.50000,12342.06152
612.00000,12293.14258
612.50000,12252.32813
613.00000,12222.06348
613.50000,12203.37695
614.00000,12196.15137
614.50000,12201.25293
615.00000,12215.66016
615.50000,12239.10938
616.00000,12267.79883
616.50000,12299.61621
617.00000,12331.78125
617.50000,12362.09473
618.00000,12388.83105
618.50000,12410.98926
619.00000,12428.19434
619.50000,12442.43945
620.00000,12456.97754
620.50000,12475.14258
621.00000,12501.41504
621.50000,12537.20703
622.00000,12585.58691
622.50000,12647.70410
623.00000,12724.88965
623.50000,12817.17773
624.00000,12921.65723
624.50000,13035.74805
625.00000,13152.16406
625.50000,13262.79004
626.00000,13361.18652
626.50000,13441.87402
627.00000,13506.86133
627.50000,13557.52637
628.00000,13595.22266
628.50000,13620.07813
629.00000,13626.90820
629.50000,13613.41895
630.00000,13574.14844
630.50000,13516.61133
631.00000,13444.13672
631.50000,13365.49609
632.00000,13286.56152
632.50000,13210.30078
633.00000,13135.81934
633.50000,13060.52637
634.00000,12983.38184
634.50000,12905.75781
635.00000,12831.42383
635.50000,12766.98926
636.00000,12716.29102
636.50000,12682.69824
637.00000,12662.56445
637.50000,12650.83887
638.00000,12641.47949
638.50000,12628.86035
639.00000,12608.72949
639.50000,12581.52930
640.00000,12549.30078
640.50000,12516.72168
641.00000,12487.39063
641.50000,12463.35938
642.00000,12446.35645
642.50000,12437.75488
643.00000,12439.58789
643.50000,12454.99707
644.00000,12482.85352
644.50000,12524.60254
645.00000,12574.17090
645.50000,12627.26074
646.00000,12678.83984
646.50000,12726.66895
647.00000,12773.60254
647.50000,12824.38477
648.00000,12883.12109
648.50000,12949.00879
649.00000,13018.46484
649.50000,13084.18945
650.00000,13137.09766
650.50000,13178.29395
651.00000,13211.77344
651.50000,13245.27148
652.00000,13284.57422
652.50000,13330.07813
653.00000,13374.66699
653.50000,13403.00781
654.00000,13407.51465
654.50000,13379.70020
655.00000,13329.86133
655.50000,13267.42773
656.00000,13206.53125
656.50000,13158.05176
657.00000,13127.09766
657.50000,13109.58301
658.00000,13101.64844
658.50000,13098.49512
659.00000,13099.90723
659.50000,13105.56445
660.00000,13117.19238
660.50000,13134.04102
661.00000,13154.67871
661.50000,13177.89844
662.00000,13204.29688
662.50000,13236.63477
663.00000,13276.85547
663.50000,13328.10254
664.00000,13387.19824
664.50000,13448.73730
665.00000,13505.05859
665.50000,13548.27441
666.00000,13574.29199
666.50000,13581.18750
667.00000,13568.96875
667.50000,13541.62793
668.00000,13501.57031
668.50000,13455.56152
669.00000,13408.28516
669.50000,13365.80957
670.00000,13335.92578
670.50000,13323.15820
671.00000,13331.18164
671.50000,13358.24023
672.00000,13394.28027
672.50000,13429.63672
673.00000,13456.20508
673.50000,13465.83789
674.00000,13460.64063
674.50000,13439.79297
675.00000,13406.29590
675.50000,13358.80762
676.00000,13294.33398
676.50000,13210.02441
677.00000,13103.53418
677.50000,12980.91602
678.00000,12847.82813
678.50000,12715.63184
679.00000,12594.17090
679.50000,12486.13770
680.00000,12394.08398
680.50000,12316.77832
681.00000,12253.68848
681.50000,12205.76270
682.00000,12172.64258
682.50000,12157.95801
683.00000,12157.18555
683.50000,12171.10938
684.00000,12194.85352
684.50000,12227.04492
685.00000,12264.99707
685.50000,12307.53613
686.00000,12354.06934
686.50000,12403.49609
687.00000,12454.76855
687.50000,12505.97852
688.00000,12554.75195
688.50000,12600.10742
689.00000,12641.31055
689.50000,12680.35742
690.00000,12720.45801
690.50000,12764.23047
691.00000,12811.98730
691.50000,12861.76563
692.00000,12909.54004
692.50000,12949.83203
693.00000,12980.88574
693.50000,12999.46289
694.00000,13009.36523
694.50000,13013.74414
695.00000,13016.98926
695.50000,13023.29199
696.00000,13036.24805
696.50000,13056.69531
697.00000,13084.09180
697.50000,13111.94336
698.00000,13129.98535
698.50000,13131.64844
699.00000,13108.75293
699.50000,13062.24121
700.00000,12995.19043
700.50000,12913.93164
701.00000,12826.16992
701.50000,12737.26367
702.00000,12650.76758
702.50000,12570.71191
703.00000,12499.06250
703.50000,12441.02832
704.00000,12397.37598
704.50000,12368.96289
705.00000,12353.22559
705.50000,12345.62988
706.00000,12344.17676
706.50000,12348.08789
707.00000,12360.08105
707.50000,12379.62109
708.00000,12406.70801
708.50000,12436.64746
709.00000,12463.62012
709.50000,12483.56250
710.00000,12495.34473
710.50000,12499.81055
711.00000,12499.58789
711.50000,12495.21680
712.00000,12487.14063
712.50000,12473.09277
713.00000,12453.37988
713.50000,12429.75586
714.00000,12406.65820
714.50000,12389.02734
715.00000,12380.67285
715.50000,12382.23145
716.00000,12393.52539
716.50000,12410.46777
717.00000,12431.22070
717.50000,12453.81348
718.00000,12479.82129
718.50000,12511.15527
719.00000,12550.80566
719.50000,12600.35547
720.00000,12659.64258
720.50000,12728.16992
721.00000,12802.54395
721.50000,12880.38379
722.00000,12958.73145
722.50000,13035.34570
723.00000,13108.48242
723.50000,13175.50488
724.00000,13234.63086
724.50000,13284.48730
725.00000,13324.62891
725.50000,13359.13867
726.00000,13392.02832
726.50000,13427.50293
727.00000,13468.64941
727.50000,13513.93066
728.00000,13559.78809
728.50000,13600.60254
729.00000,13629.10742
729.50000,13640.60938
730.00000,13633.77441
730.50000,13605.04492
731.00000,13557.97266
731.50000,13490.60254
732.00000,13410.64355
732.50000,13322.98047
733.00000,13236.22363
733.50000,13157.63867
734.00000,13089.82910
734.50000,13031.20605
735.00000,12978.80371
735.50000,12928.57227
736.00000,12879.78223
736.50000,12834.03418
737.00000,12797.12695
737.50000,12772.92480
738.00000,12764.58398
738.50000,12770.84277
739.00000,12788.39746
739.50000,12812.62793
740.00000,12837.13184
740.50000,12855.32617
741.00000,12863.82129
741.50000,12857.41309
742.00000,12840.48730
742.50000,12816.09863
743.00000,12789.27246
743.50000,12763.25391
744.00000,12739.00977
744.50000,12715.37500
745.00000,12690.15625
745.50000,12661.38281
746.00000,12625.02148
746.50000,12579.16016
747.00000,12517.34082
747.50000,12438.01172
748.00000,12341.04199
748.50000,12233.49414
749.00000,12127.98242
749.50000,12039.94727
750.00000,11978.19336
750.50000,11948.22754
751.00000,11937.39160
751.50000,11937.93164
752.00000,11940.32324
752.50000,11941.51270
753.00000,11943.21680
753.50000,11948.95020
754.00000,11960.65234
754.50000,11975.44043
755.00000,11988.47461
755.50000,11997.14941
756.00000,12001.27148
756.50000,12005.11133
757.00000,12013.90430
757.50000,12030.83691
758.00000,12056.97168
758.50000,12090.89941
759.00000,12129.09961
759.50000,12169.18359
760.00000,12209.01660
760.50000,12246.24805
761.00000,12279.32617
761.50000,12305.51172
762.00000,12324.64551
762.50000,12336.99512
763.00000,12344.41016
763.50000,12349.19336
764.00000,12352.31152
764.50000,12354.55664
765.00000,12357.24609
765.50000,12362.86523
766.00000,12376.44141
766.50000,12400.63184
767.00000,12438.44824
767.50000,12488.79102
768.00000,12548.47168
768.50000,12616.06055
769.00000,12691.08105
769.50000,12776.68359
770.00000,12871.79785
770.50000,12975.65430
771.00000,13081.56250
771.50000,13182.65039
772.00000,13275.19141
772.50000,13361.59375
773.00000,13449.02930
773.50000,13544.84375
774.00000,13654.91113
774.50000,13776.77539
775.00000,13908.07617
775.50000,14041.67871
776.00000,14172.48535
776.50000,14296.14160
777.00000,14406.40820
777.50000,14495.87695
778.00000,14557.12695
778.50000,14581.02637
779.00000,14571.63574
779.50000,14528.21484
780.00000,14465.78125
780.50000,14391.25977
781.00000,14312.22656
781.50000,14229.89355
782.00000,14143.52637
782.50000,14053.33691
783.00000,13962.31152
783.50000,13875.66699
784.00000,13800.26758
784.50000,13737.09961
785.00000,13687.59863
785.50000,13645.58496
786.00000,13605.70703
786.50000,13563.75293
787.00000,13519.29492
787.50000,13475.36426
788.00000,13436.91602
788.50000,13410.60352
789.00000,13398.20313
789.50000,13404.35059
790.00000,13424.39844
790.50000,13457.47363
791.00000,13498.43066
791.50000,13545.58789
792.00000,13599.36719
792.50000,13662.19727
793.00000,13739.47852
793.50000,13833.12012
794.00000,13948.91211
794.50000,14081.43945
795.00000,14227.24609
795.50000,14375.19824
796.00000,14514.53906
796.50000,14638.70703
797.00000,14745.64063
797.50000,14836.67188
798.00000,14918.26270
798.50000,14995.19238
799.00000,15073.03711
799.50000,15157.03711
800.00000,15250.93848
800.50000,15360.38086
801.00000,15485.13867
801.50000,15620.66504
802.00000,15755.37891
802.50000,15873.20996
803.00000,15953.07031
803.50000,15989.24121
804.00000,15967.48730
804.50000,15902.93652
805.00000,15799.83496
805.50000,15675.09766
806.00000,15537.10449
806.50000,15390.30371
807.00000,15236.35938
807.50000,15074.59473
808.00000,14906.48438
808.50000,14732.88770
809.00000,14558.23828
809.50000,14388.62500
810.00000,14230.98633
810.50000,14094.56641
811.00000,13984.13672
811.50000,13901.24609
812.00000,13844.73242
812.50000,13805.56445
813.00000,13777.84473
813.50000,13753.54980
814.00000,13730.48242
814.50000,13709.58301
815.00000,13695.28418
815.50000,13690.00098
816.00000,13693.71484
816.50000,13703.81250
817.00000,13716.01660
817.50000,13727.38379
818.00000,13737.18262
818.50000,13746.39160
819.00000,13756.88379
819.50000,13770.24316
820.00000,13786.56543
820.50000,13806.08594
821.00000,13829.87988
821.50000,13860.26953
822.00000,13901.22461
822.50000,13953.25879
823.00000,14018.33496
823.50000,14091.24512
824.00000,14167.69434
824.50000,14241.25000
825.00000,14304.99121
825.50000,14353.43848
826.00000,14384.51660
826.50000,14398.39551
827.00000,14402.31348
827.50000,14405.48633
828.00000,14418.49121
828.50000,14453.43848
829.00000,14510.70898
829.50000,14590.33398
830.00000,14684.34668
830.50000,14785.70117
831.00000,14890.06055
831.50000,14996.34277
832.00000,15104.92773
832.50000,15213.69336
833.00000,15316.39844
833.50000,15407.08301
834.00000,15476.68652
834.50000,15523.97656
835.00000,15548.85059
835.50000,15554.98633
836.00000,15546.21875
836.50000,15521.87695
837.00000,15481.59668
837.50000,15417.08496
838.00000,15330.33789
838.50000,15218.96680
839.00000,15092.09277
839.50000,14959.13574
840.00000,14831.22852
840.50000,14716.63379
841.00000,14619.49023
841.50000,14535.76855
842.00000,14460.87207
842.50000,14388.89160
843.00000,14319.50195
843.50000,14254.45215
844.00000,14197.45117
844.50000,14148.79102
845.00000,14105.66992
845.50000,14062.71094
846.00000,14015.03125
846.50000,13960.21973
847.00000,13901.89844
847.50000,13845.79688
848.00000,13795.65820
848.50000,13753.28906
849.00000,13715.55371
849.50000,13678.11719
850.00000,13636.71484
850.50000,13588.89258
851.00000,13533.04980
851.50000,13470.60156
852.00000,13401.19629
852.50000,13327.29590
853.00000,13250.56641
853.50000,13174.38281
854.00000,13102.89746
854.50000,13040.06934
855.00000,12989.23926
855.50000,12953.27344
856.00000,12930.34375
856.50000,12919.91895
857.00000,12915.98340
857.50000,12914.90625
858.00000,12913.19727
858.50000,12909.96484
859.00000,12906.65723
859.50000,12905.11035
860.00000,12906.16406
860.50000,12908.95996
861.00000,12912.41992
861.50000,12916.27344
862.00000,12923.19141
862.50000,12936.59180
863.00000,12962.27441
863.50000,13001.45020
864.00000,13053.48438
864.50000,13113.23145
865.00000,13173.85449
865.50000,13230.23047
866.00000,13280.80566
866.50000,13324.77441
867.00000,13365.09570
867.50000,13403.32910
868.00000,13441.11035
868.50000,13479.03125
869.00000,13517.07617
869.50000,13554.83008
870.00000,13591.40918
870.50000,13625.81836
871.00000,13656.37500
871.50000,13683.15625
872.00000,13705.97852
872.50000,13726.97656
873.00000,13748.26660
873.50000,13771.60059
874.00000,13797.78906
874.50000,13827.00879
875.00000,13859.64258
875.50000,13899.39746
876.00000,13950.60156
876.50000,14024.76855
877.00000,14122.57227
877.50000,14247.58398
878.00000,14391.99414
878.50000,14547.25977
879.00000,14704.47656
879.50000,14858.02441
880.00000,15005.58691
880.50000,15147.67188
881.00000,15280.40527
881.50000,15400.20898
882.00000,15495.87207
882.50000,15563.29395
883.00000,15599.08594
883.50000,15606.87305
884.00000,15589.94531
884.50000,15545.80078
885.00000,15473.44531
885.50000,15361.95801
886.00000,15216.95703
886.50000,15038.33984
887.00000,14842.22656
887.50000,14640.96777
888.00000,14445.20410
888.50000,14260.44238
889.00000,14089.22656
889.50000,13931.74316
890.00000,13794.60449
890.50000,13679.52832
891.00000,13595.85449
891.50000,13538.48730
892.00000,13507.83594
892.50000,13496.72559
893.00000,13501.25684
893.50000,13518.04004
894.00000,13543.61426
894.50000,13575.79590
895.00000,13611.08691
895.50000,13649.10938
896.00000,13690.97852
896.50000,13741.46484
897.00000,13802.42773
897.50000,13874.55762
898.00000,13954.05469
898.50000,14035.35938
899.00000,14113.43066
899.50000,14185.51660
900.00000,14247.86523
900.50000,14299.17676
901.00000,14331.20215
901.50000,14340.88574
902.00000,14321.18848
902.50000,14276.81641
903.00000,14217.18652
903.50000,14154.42285
904.00000,14099.24414
904.50000,14058.61914
905.00000,14029.67285
905.50000,14009.66797
906.00000,13992.59961
906.50000,13976.96582
907.00000,13963.75098
907.50000,13955.14941
908.00000,13951.04492
908.50000,13947.23828
909.00000,13936.00684
909.50000,13913.08887
910.00000,13875.22656
910.50000,13829.92676
911.00000,13785.19336
911.50000,13748.54004
912.00000,13724.33105
912.50000,13710.83594
913.00000,13703.11328
913.50000,13696.48145
914.00000,13687.97559
914.50000,13676.02441
915.00000,13660.25879
915.50000,13636.61816
916.00000,13601.58105
916.50000,13549.97461
917.00000,13482.59961
917.50000,13403.77148
918.00000,13320.64941
918.50000,13240.83984
919.00000,13170.20215
919.50000,13108.68457
920.00000,13057.07813
920.50000,13012.12793
921.00000,12973.91602
921.50000,12941.90039
922.00000,12916.49902
922.50000,12897.23438
923.00000,12882.50781
923.50000,12871.39063
924.00000,12862.85938
924.50000,12858.23145
925.00000,12857.60449
925.50000,12861.89844
926.00000,12869.72949
926.50000,12879.75391
927.00000,12890.58789
927.50000,12901.68457
928.00000,12913.28906
928.50000,12925.59766
929.00000,12938.31738
929.50000,12950.34277
930.00000,12959.97266
930.50000,12966.45996
931.00000,12968.77734
931.50000,12966.59961
932.00000,12958.77832
932.50000,12943.56348
933.00000,12920.64160
933.50000,12889.26660
934.00000,12852.71191
934.50000,12813.84668
935.00000,12776.93652
935.50000,12746.58008
936.00000,12725.66309
936.50000,12717.25879
937.00000,12722.65918
937.50000,12740.14063
938.00000,12767.86523
938.50000,12800.82910
939.00000,12837.26270
939.50000,12876.67578
940.00000,12922.01270
940.50000,12974.17676
941.00000,13032.29785
941.50000,13091.88477
942.00000,13147.68359
942.50000,13196.47168
943.00000,13240.37012
943.50000,13283.70703
944.00000,13330.61914
944.50000,13382.03516
945.00000,13432.95215
945.50000,13475.14551
946.00000,13502.02246
946.50000,13509.15137
947.00000,13496.10352
947.50000,13467.33398
948.00000,13424.41406
948.50000,13373.37695
949.00000,13317.21680
949.50000,13260.25293
950.00000,13204.19043
950.50000,13148.16309
951.00000,13089.46191
951.50000,13025.94629
952.00000,12958.66211
952.50000,12891.69434
953.00000,12830.01074
953.50000,12778.73828
954.00000,12735.40234
954.50000,12697.18164
955.00000,12659.66309
955.50000,12622.02734
956.00000,12586.84668
956.50000,12557.77148
957.00000,12537.78906
957.50000,12526.00586
958.00000,12523.15332
958.50000,12527.86230
959.00000,12544.02734
959.50000,12572.56055
960.00000,12615.54492
960.50000,12669.59082
961.00000,12728.68848
961.50000,12785.60645
962.00000,12834.50879
962.50000,12869.55273
963.00000,12890.70508
963.50000,12892.79297
964.00000,12878.12012
964.50000,12845.63379
965.00000,12800.60938
965.50000,12749.79004
966.00000,12701.32813
966.50000,12661.15137
967.00000,12631.77148
967.50000,12608.02832
968.00000,12582.05859
968.50000,12546.66699
969.00000,12495.50586
969.50000,12431.33398
970.00000,12359.57031
970.50000,12288.10938
971.00000,12222.61816
971.50000,12164.77930
972.00000,12110.73730
972.50000,12055.26465
973.00000,11994.53516
973.50000,11926.33301
974.00000,11852.98633
974.50000,11776.63477
975.00000,11699.91602
975.50000,11625.20605
976.00000,11555.35547
976.50000,11493.01465
977.00000,11442.96777
977.50000,11405.11133
978.00000,11381.65234
978.50000,11367.60156
979.00000,11359.80566
979.50000,11354.03516
980.00000,11348.41211
980.50000,11343.63477
981.00000,11342.44922
981.50000,11349.48535
982.00000,11366.53418
982.50000,11397.56641
983.00000,11438.19238
983.50000,11486.36133
984.00000,11538.07227
984.50000,11592.58105
985.00000,11652.09863
985.50000,11720.95313
986.00000,11804.46387
986.50000,11902.30078
987.00000,12014.46387
987.50000,12133.45898
988.00000,12254.03320
988.50000,12371.54980
989.00000,12482.98828
989.50000,12587.30176
990.00000,12683.16699
990.50000,12768.27441
991.00000,12841.84473
991.50000,12900.92871
992.00000,12948.26270
992.50000,12983.04883
993.00000,13009.36719
993.50000,13027.89551
994.00000,13040.01172
994.50000,13045.37695
995.00000,13043.13086
995.50000,13033.02637
996.00000,13014.00488
996.50000,12988.28223
997.00000,12956.27148
997.50000,12920.45410
998.00000,12879.71387
998.50000,12832.20996
999.00000,12773.56348
999.50000,12700.83301
1000.00000,12613.91699
1000.50000,12514.45996
1001.00000,12408.93066
1001.50000,12303.54395
1002.00000,12204.44336
1002.50000,12119.41602
1003.00000,12050.87695
1003.50000,12002.55176
1004.00000,11970.91992
1004.50000,11949.50781
1005.00000,11930.86328
1005.50000,11909.15918
1006.00000,11882.42285
1006.50000,11853.80469
1007.00000,11827.32129
1007.50000,11804.77246
1008.00000,11786.05762
1008.50000,11768.98047
1009.00000,11752.42188
1009.50000,11737.08398
1010.00000,11724.37500
1010.50000,11715.25586
1011.00000,11708.32422
1011.50000,11702.68066
1012.00000,11698.53906
1012.50000,11699.32520
1013.00000,11707.63184
1013.50000,11724.35352
1014.00000,11745.52441
1014.50000,11764.69043
1015.00000,11776.74609
1015.50000,11782.98828
1016.00000,11788.90137
1016.50000,11800.66113
1017.00000,11822.03027
1017.50000,11848.54102
1018.00000,11872.67969
1018.50000,11887.07422
1019.00000,11887.82031
1019.50000,11875.18262
1020.00000,11854.62695
1020.50000,11830.85254
1021.00000,11808.53320
1021.50000,11790.88281
1022.00000,11778.05078
1022.50000,11770.38281
1023.00000,11766.65430
1023.50000,11766.15527
1024.00000,11768.73047
1024.50000,11774.58887
1025.00000,11784.57422
1025.50000,11797.37109
1026.00000,11810.13574
1026.50000,11818.27344
1027.00000,11815.29297
1027.50000,11799.07227
1028.00000,11769.08496
1028.50000,11729.79590
1029.00000,11688.07031
1029.50000,11650.00586
1030.00000,11618.35059
1030.50000,11594.18848
1031.00000,11573.57520
1031.50000,11553.17871
1032.00000,11530.66113
1032.50000,11506.26953
1033.00000,11483.48340
1033.50000,11467.97266
1034.00000,11466.32910
1034.50000,11481.08398
1035.00000,11515.05664
1035.50000,11561.03418
1036.00000,11612.30859
1036.50000,11659.38574
1037.00000,11694.83984
1037.50000,11718.25781
1038.00000,11733.88281
1038.50000,11749.43359
1039.00000,11771.82324
1039.50000,11805.19824
1040.00000,11846.42871
1040.50000,11891.89844
1041.00000,11936.36035
1041.50000,11976.65332
1042.00000,12012.17188
1042.50000,12042.10938
1043.00000,12066.09668
1043.50000,12084.80371
1044.00000,12100.54492
1044.50000,12118.27246
1045.00000,12144.54395
1045.50000,12180.80176
1046.00000,12227.99219
1046.50000,12281.20117
1047.00000,12337.07813
1047.50000,12394.04004
1048.00000,12452.92090
1048.50000,12514.82129
1049.00000,12578.17090
1049.50000,12638.43359
1050.00000,12691.38770
1050.50000,12732.29980
1051.00000,12763.86133
1051.50000,12788.74121
1052.00000,12810.85059
1052.50000,12830.92383
1053.00000,12846.33398
1053.50000,12853.06836
1054.00000,12845.26270
1054.50000,12822.59473
1055.00000,12781.11035
1055.50000,12726.07813
1056.00000,12660.09375
1056.50000,12590.58301
1057.00000,12524.64844
1057.50000,12467.22949
1058.00000,12418.68262
1058.50000,12375.92090
1059.00000,12333.21289
1059.50000,12287.21094
1060.00000,12240.12305
1060.50000,12198.10254
1061.00000,12166.29004
1061.50000,12148.68164
1062.00000,12143.48340
1062.50000,12146.65527
1063.00000,12154.55566
1063.50000,12164.27539
1064.00000,12174.61719
1064.50000,12184.13672
1065.00000,12190.29980
1065.50000,12191.98633
1066.00000,12189.06348
1066.50000,12184.98926
1067.00000,12184.86719
1067.50000,12193.10156
1068.00000,12209.96680
1068.50000,12232.70996
1069.00000,12254.37891
1069.50000,12266.89746
1070.00000,12268.29785
1070.50000,12258.13672
1071.00000,12242.93750
1071.50000,12229.93750
1072.00000,12224.30078
1072.50000,12226.17383
1073.00000,12231.84863
1073.50000,12235.53027
1074.00000,12233.01172
1074.50000,12226.03320
1075.00000,12217.58594
1075.50000,12210.41797
1076.00000,12203.75586
1076.50000,12193.98047
1077.00000,12177.81055
1077.50000,12154.87988
1078.00000,12128.91113
1078.50000,12103.10742
1079.00000,12077.86719
1079.50000,12050.25195
1080.00000,12018.77832
1080.50000,11986.47266
1081.00000,11961.57227
1081.50000,11953.59863
1082.00000,11966.95605
1082.50000,11996.00195
1083.00000,12032.04980
1083.50000,12065.41309
1084.00000,12091.74902
1084.50000,12114.99023
1085.00000,12140.54004
1085.50000,12171.58301
1086.00000,12207.90723
1086.50000,12246.39551
1087.00000,12284.08789
1087.50000,12319.94531
1088.00000,12355.04590
1088.50000,12391.16602
1089.00000,12429.52832
1089.50000,12471.50684
1090.00000,12516.54199
1090.50000,12563.06445
1091.00000,12607.62695
1091.50000,12646.25684
1092.00000,12676.16016
1092.50000,12699.09375
1093.00000,12718.23242
1093.50000,12738.26953
1094.00000,12761.46973
1094.50000,12786.09766
1095.00000,12809.00586
1095.50000,12827.98926
1096.00000,12842.55371
1096.50000,12853.13574
1097.00000,12859.53809
1097.50000,12858.30566
1098.00000,12847.27637
1098.50000,12821.47070
1099.00000,12783.87109
1099.50000,12735.83398
1100.00000,12682.41309
1100.50000,12627.51953
1101.00000,12574.65625
1101.50000,12526.61035
1102.00000,12485.97266
1102.50000,12452.13770
1103.00000,12424.74023
1103.50000,12400.27246
1104.00000,12377.64941
1104.50000,12357.14258
1105.00000,12341.07129
1105.50000,12330.65625
1106.00000,12324.85254
1106.50000,12320.88477
1107.00000,12316.08887
1107.50000,12310.59961
1108.00000,12307.44727
1108.50000,12311.55078
1109.00000,12323.47363
1109.50000,12342.04688
1110.00000,12362.56445
1110.50000,12381.09473
1111.00000,12396.27637
1111.50000,12409.85840
1112.00000,12425.04004
1112.50000,12444.37695
1113.00000,12470.95410
1113.50000,12503.78906
1114.00000,12542.14844
1114.50000,12582.17676
1115.00000,12619.25000
1115.50000,12649.62695
1116.00000,12672.89258
1116.50000,12691.81152
1117.00000,12712.24512
1117.50000,12740.19434
1118.00000,12775.75000
1118.50000,12817.53711
1119.00000,12860.90723
1119.50000,12903.63086
1120.00000,12946.95605
1120.50000,12994.77930
1121.00000,13051.29102
1121.50000,13116.52539
1122.00000,13189.08984
1122.50000,13263.41602
1123.00000,13334.82129
1123.50000,13401.08887
1124.00000,13460.94238
1124.50000,13515.64844
1125.00000,13566.73047
1125.50000,13615.78223
1126.00000,13664.25684
1126.50000,13712.74121
1127.00000,13760.92090
1127.50000,13807.02832
1128.00000,13849.42188
1128.50000,13885.30273
1129.00000,13914.19434
1129.50000,13936.13574
1130.00000,13952.79492
1130.50000,13966.34766
1131.00000,13977.50391
1131.50000,13986.07031
1132.00000,13989.88867
1132.50000,13989.68652
1133.00000,13988.21582
1133.50000,13991.37109
1134.00000,14005.68164
1134.50000,14032.33691
1135.00000,14066.14941
1135.50000,14097.85645
1136.00000,14120.18750
1136.50000,14130.79688
1137.00000,14138.23926
1137.50000,14153.51074
1138.00000,14181.50391
1138.50000,14221.15820
1139.00000,14263.00684
1139.50000,14297.79785
1140.00000,14322.13770
1140.50000,14341.00000
1141.00000,14362.42383
1141.50000,14391.57324
1142.00000,14430.39941
1142.50000,14473.14355
1143.00000,14514.61914
1143.50000,14551.75781
1144.00000,14584.29199
1144.50000,14614.39258
1145.00000,14644.96094
1145.50000,14678.42871
1146.00000,14715.15625
1146.50000,14754.16406
1147.00000,14791.64160
1147.50000,14822.09570
1148.00000,14842.76270
1148.50000,14851.76953
1149.00000,14851.02637
1149.50000,14843.11035
1150.00000,14829.02832
1150.50000,14809.88867
1151.00000,14786.15332
1151.50000,14761.93652
1152.00000,14743.55176
1152.50000,14734.95117
1153.00000,14738.71973
1153.50000,14751.25977
1154.00000,14767.29297
1154.50000,14782.06055
1155.00000,14793.17773
1155.50000,14799.53223
1156.00000,14802.28613
1156.50000,14802.32520
1157.00000,14803.04883
1157.50000,14809.53906
1158.00000,14824.88574
1158.50000,14848.85059
1159.00000,14875.15918
1159.50000,14894.75586
1160.00000,14900.39844
1160.50000,14895.18359
1161.00000,14887.40137
1161.50000,14888.39941
1162.00000,14907.43262
1162.50000,14941.73633
1163.00000,14985.02344
1163.50000,15028.27344
1164.00000,15065.11230
1164.50000,15092.26367
1165.00000,15110.56543
1165.50000,15119.71289
1166.00000,15123.58105
1166.50000,15125.71582
1167.00000,15130.47461
1167.50000,15139.46680
1168.00000,15148.50488
1168.50000,15149.10254
1169.00000,15133.12695
1169.50000,15100.76953
1170.00000,15058.23730
1170.50000,15019.07715
1171.00000,14996.71582
1171.50000,14991.79199
1172.00000,15001.77832
1172.50000,15016.95215
1173.00000,15030.33105
1173.50000,15039.69043
1174.00000,15047.27344
1174.50000,15057.05176
1175.00000,15072.00781
1175.50000,15096.23926
1176.00000,15129.57520
1176.50000,15173.75879
1177.00000,15225.17090
1177.50000,15278.78418
1178.00000,15327.87012
1178.50000,15366.90137
1179.00000,15392.20117
1179.50000,15404.97559
1180.00000,15403.60254
1180.50000,15390.99902
1181.00000,15366.12891
1181.50000,15333.98145
1182.00000,15300.54785
1182.50000,15273.47754
1183.00000,15258.74316
1183.50000,15258.00879
1184.00000,15266.34863
1184.50000,15277.02344
1185.00000,15282.39746
1185.50000,15274.67285
1186.00000,15253.88281
1186.50000,15220.11914
1187.00000,15179.64258
1187.50000,15139.09570
1188.00000,15103.83496
1188.50000,15075.27246
1189.00000,15052.19336
1189.50000,15031.32813
1190.00000,15012.45313
1190.50000,14997.11133
1191.00000,14989.29102
1191.50000,14989.62500
1192.00000,14998.25391
1192.50000,15014.52734
1193.00000,15040.37891
1193.50000,15081.40234
1194.00000,15139.55371
1194.50000,15216.70801
1195.00000,15303.05371
1195.50000,15389.45410
1196.00000,15469.13379
1196.50000,15540.94531
1197.00000,15610.33008
1197.50000,15683.64941
1198.00000,15764.12793
1198.50000,15849.44141
1199.00000,15934.85742
1199.50000,16015.87695
1200.00000,16088.97168
1200.50000,16156.09570
1201.00000,16219.27148
1201.50000,16281.80273
1202.00000,16345.41309
1202.50000,16409.35742
1203.00000,16470.53906
1203.50000,16524.26758
1204.00000,16568.99414
1204.50000,16602.85156
1205.00000,16630.29297
1205.50000,16653.74219
1206.00000,16675.92773
1206.50000,16697.86914
1207.00000,16720.16992
1207.50000,16743.33203
1208.00000,16766.79883
1208.50000,16787.68555
1209.00000,16799.30273
1209.50000,16798.42578
1210.00000,16781.45703
1210.50000,16754.85156
1211.00000,16725.44336
1211.50000,16698.84375
1212.00000,16674.90234
1212.50000,16648.15039
1213.00000,16612.69727
1213.50000,16564.65625
1214.00000,16509.21289
1214.50000,16453.98047
1215.00000,16407.25000
1215.50000,16376.91895
1216.00000,16363.88086
1216.50000,16367.42480
1217.00000,16384.00195
1217.50000,16409.02734
1218.00000,16441.04492
1218.50000,16479.32422
1219.00000,16528.03906
1219.50000,16587.21289
1220.00000,16658.77148
1220.50000,16739.75195
1221.00000,16829.83984
1221.50000,16930.55469
1222.00000,17045.86133
1222.50000,17181.07813
1223.00000,17334.54492
1223.50000,17505.86523
1224.00000,17687.40039
1224.50000,17878.28125
1225.00000,18077.97656
1225.50000,18290.76758
1226.00000,18518.19531
1226.50000,18759.50391
1227.00000,19010.59961
1227.50000,19263.05273
1228.00000,19504.81641
1228.50000,19725.01367
1229.00000,19902.40625
1229.50000,20033.49219
1230.00000,20107.21289
1230.50000,20132.35156
1231.00000,20116.83203
1231.50000,20070.18945
1232.00000,20000.51172
1232.50000,19908.06445
1233.00000,19797.96094
1233.50000,19670.51172
1234.00000,19534.22461
1234.50000,19393.12500
1235.00000,19250.57422
1235.50000,19107.09180
1236.00000,18963.04883
1236.50000,18820.57617
1237.00000,18684.06836
1237.50000,18556.70703
1238.00000,18441.82617
1238.50000,18334.69141
1239.00000,18229.81641
1239.50000,18119.94141
1240.00000,17999.22852
1240.50000,17867.81836
1241.00000,17730.28125
1241.50000,17593.61523
1242.00000,17463.01953
1242.50000,17340.07422
1243.00000,17220.07227
1243.50000,17098.52539
1244.00000,16975.05078
1244.50000,16855.17773
1245.00000,16746.72461
1245.50000,16656.28711
1246.00000,16583.85547
1246.50000,16522.79883
1247.00000,16467.59375
1247.50000,16415.45313
1248.00000,16372.03711
1248.50000,16342.00781
1249.00000,16331.39355
1249.50000,16334.76074
1250.00000,16342.92773
1250.50000,16344.65137
1251.00000,16332.92578
1251.50000,16306.20508
1252.00000,16270.77148
1252.50000,16231.90820
1253.00000,16193.70898
1253.50000,16156.02734
1254.00000,16116.85547
1254.50000,16075.68848
1255.00000,16036.12695
1255.50000,16005.32617
1256.00000,15991.65137
1256.50000,15998.41309
1257.00000,16029.29492
1257.50000,16077.39453
1258.00000,16141.06152
1258.50000,16213.81738
1259.00000,16294.03223
1259.50000,16378.59180
1260.00000,16463.46875
1260.50000,16542.45508
1261.00000,16609.24023
1261.50000,16657.41797
1262.00000,16689.67969
1262.50000,16708.30664
1263.00000,16722.72461
1263.50000,16737.48242
1264.00000,16752.51758
1264.50000,16763.19922
1265.00000,16765.18359
1265.50000,16758.91406
1266.00000,16749.89453
1266.50000,16745.46680
1267.00000,16749.31445
1267.50000,16754.73242
1268.00000,16748.68164
1268.50000,16723.32227
1269.00000,16676.97656
1269.50000,16621.33203
1270.00000,16572.41406
1270.50000,16542.92773
1271.00000,16533.39258
1271.50000,16539.08008
1272.00000,16548.14063
1272.50000,16554.75391
1273.00000,16560.78320
1273.50000,16574.38281
1274.00000,16603.07422
1274.50000,16651.68164
1275.00000,16718.78711
1275.50000,16797.44922
1276.00000,16881.55469
1276.50000,16965.12891
1277.00000,17043.53516
1277.50000,17114.19727
1278.00000,17169.94336
1278.50000,17205.86133
1279.00000,17213.67969
1279.50000,17189.85352
1280.00000,17135.75977
1280.50000,17054.08789
1281.00000,16956.27148
1281.50000,16849.87695
1282.00000,16743.57422
1282.50000,16641.85938
1283.00000,16544.77148
1283.50000,16451.50391
1284.00000,16361.39160
1284.50000,16276.55859
1285.00000,16201.61133
1285.50000,16139.13770
1286.00000,16091.40234
1286.50000,16052.84473
1287.00000,16020.22754
1287.50000,15990.55762
1288.00000,15966.83105
1288.50000,15953.24414
1289.00000,15953.34961
1289.50000,15965.62891
1290.00000,15982.90918
1290.50000,15996.62402
1291.00000,16001.10840
1291.50000,15991.35742
1292.00000,15971.71777
1292.50000,15946.60059
1293.00000,15923.65723
1293.50000,15910.07031
1294.00000,15909.19336
1294.50000,15918.84961
1295.00000,15933.16602
1295.50000,15944.79785
1296.00000,15949.75879
1296.50000,15952.04492
1297.00000,15959.41992
1297.50000,15977.62988
1298.00000,16009.76758
1298.50000,16052.35547
1299.00000,16100.73828
1299.50000,16152.10059
1300.00000,16205.31543
1300.50000,16259.80859
1301.00000,16312.77148
1301.50000,16358.46387
1302.00000,16394.35938
1302.50000,16418.94531
1303.00000,16437.08594
1303.50000,16454.33008
1304.00000,16474.42578
1304.50000,16497.20508
1305.00000,16519.05273
1305.50000,16535.10938
1306.00000,16538.19922
1306.50000,16528.67578
1307.00000,16507.48047
1307.50000,16483.48828
1308.00000,16467.87695
1308.50000,16469.77539
1309.00000,16491.79688
1309.50000,16531.61914
1310.00000,16580.17773
1310.50000,16633.47656
1311.00000,16690.88477
1311.50000,16757.87109
1312.00000,16835.54883
1312.50000,16920.68164
1313.00000,17003.02734
1313.50000,17072.30664
1314.00000,17122.19727
1314.50000,17154.31250
1315.00000,17166.91992
1315.50000,17161.49023
1316.00000,17127.92383
1316.50000,17066.77148
1317.00000,16977.38281
1317.50000,16872.44727
1318.00000,16766.46094
1318.50000,16670.81055
1319.00000,16588.32031
1319.50000,16517.52148
1320.00000,16453.14453
1320.50000,16397.14844
1321.00000,16352.31641
1321.50000,16326.58887
1322.00000,16319.65918
1322.50000,16328.28418
1323.00000,16345.09180
1323.50000,16362.75586
1324.00000,16376.17871
1324.50000,16383.33496
1325.00000,16381.42969
1325.50000,16371.62988
1326.00000,16353.35059
1326.50000,16330.03906
1327.00000,16304.79980
1327.50000,16280.51563
1328.00000,16258.11328
1328.50000,16236.71973
1329.00000,16214.89258
1329.50000,16192.16797
1330.00000,16169.43555
1330.50000,16147.26563
1331.00000,16124.07520
1331.50000,16095.56543
1332.00000,16058.16992
1332.50000,16010.09863
1333.00000,15953.44629
1333.50000,15893.39844
1334.00000,15834.07813
1334.50000,15776.72266
1335.00000,15719.94238
1335.50000,15661.50586
1336.00000,15600.74805
1336.50000,15539.99414
1337.00000,15482.91309
1337.50000,15432.05273
1338.00000,15387.09863
1338.50000,15345.36719
1339.00000,15301.91309
1339.50000,15251.30957
1340.00000,15192.91113
1340.50000,15127.22754
1341.00000,15059.97168
1341.50000,14997.14551
1342.00000,14941.67188
1342.50000,14891.37598
1343.00000,14839.56055
1343.50000,14779.29395
1344.00000,14705.62305
1344.50000,14623.62891
1345.00000,14540.95605
1345.50000,14466.13672
1346.00000,14405.71191
1346.50000,14358.84570
1347.00000,14322.09277
1347.50000,14290.49805
1348.00000,14260.19434
1348.50000,14230.00684
1349.00000,14200.66504
1349.50000,14174.93750
1350.00000,14154.30566
1350.50000,14140.89063
1351.00000,14133.77051
1351.50000,14132.34082
1352.00000,14135.82031
1352.50000,14143.63770
1353.00000,14155.08398
1353.50000,14167.15723
1354.00000,14175.47656
1354.50000,14178.08105
1355.00000,14175.79297
1355.50000,14174.50293
1356.00000,14180.48242
1356.50000,14195.57324
1357.00000,14216.53516
1357.50000,14237.55957
1358.00000,14254.80762
1358.50000,14269.14063
1359.00000,14286.22363
1359.50000,14313.34668
1360.00000,14350.93066
1360.50000,14396.38574
1361.00000,14441.96289
1361.50000,14479.91992
1362.00000,14505.22461
1362.50000,14518.74512
1363.00000,14522.53711
1363.50000,14522.30371
1364.00000,14522.16699
1364.50000,14525.44629
1365.00000,14535.45215
1365.50000,14552.88477
1366.00000,14577.63086
1366.50000,14606.47266
1367.00000,14633.93848
1367.50000,14654.30371
1368.00000,14666.55762
1368.50000,14672.85449
1369.00000,14680.89746
1369.50000,14697.57324
1370.00000,14722.34766
1370.50000,14750.66016
1371.00000,14775.87012
1371.50000,14794.65234
1372.00000,14808.50977
1372.50000,14822.23926
1373.00000,14838.94043
1373.50000,14856.88379
1374.00000,14870.99609
1374.50000,14877.81836
1375.00000,14875.75000
1375.50000,14868.35449
1376.00000,14860.16895
1376.50000,14854.33105
1377.00000,14850.92578
1377.50000,14848.26953
1378.00000,14844.13281
1378.50000,14836.46289
1379.00000,14825.58008
1379.50000,14811.63672
1380.00000,14796.07227
1380.50000,14780.62988
1381.00000,14767.99414
1381.50000,14761.66699
1382.00000,14766.15918
1382.50000,14781.70898
1383.00000,14807.30566
1383.50000,14834.64844
1384.00000,14856.06348
1384.50000,14868.53711
1385.00000,14872.54199
1385.50000,14872.02637
1386.00000,14868.57227
1386.50000,14858.58398
1387.00000,14837.10938
1387.50000,14798.59082
1388.00000,14748.84277
1388.50000,14695.86035
1389.00000,14649.49316
1389.50000,14615.75781
1390.00000,14592.85449
1390.50000,14577.71094
1391.00000,14567.94629
1391.50000,14561.55176
1392.00000,14556.16211
1392.50000,14547.57520
1393.00000,14529.50684
1393.50000,14501.11914
1394.00000,14461.26270
1394.50000,14413.02734
1395.00000,14357.84570
1395.50000,14297.45410
1396.00000,14235.61426
1396.50000,14178.04883
1397.00000,14128.56348
1397.50000,14088.93164
1398.00000,14052.97559
1398.50000,14015.38770
1399.00000,13975.37402
1399.50000,13938.15039
1400.00000,13910.39844
1400.50000,13894.28613
1401.00000,13885.70020
1401.50000,13876.77930
1402.00000,13864.26270
1402.50000,13852.88184
1403.00000,13851.48242
1403.50000,13862.46777
1404.00000,13884.51270
1404.50000,13910.54688
1405.00000,13935.08301
1405.50000,13955.92773
1406.00000,13972.95215
1406.50000,13984.27051
1407.00000,13989.19824
1407.50000,13987.83691
1408.00000,13987.46875
1408.50000,13997.04004
1409.00000,14018.36328
1409.50000,14044.94434
1410.00000,14062.81152
1410.50000,14059.29395
1411.00000,14026.66797
1411.50000,13972.47559
1412.00000,13902.60352
1412.50000,13827.30566
1413.00000,13748.43848
1413.50000,13665.04492
1414.00000,13574.34863
1414.50000,13476.40820
1415.00000,13373.90039
1415.50000,13271.37891
1416.00000,13173.74707
1416.50000,13086.17871
1417.00000,13008.21680
1417.50000,12940.18652
1418.00000,12878.03418
1418.50000,12820.52246
1419.00000,12767.18652
1419.50000,12718.73535
1420.00000,12675.01953
1420.50000,12634.86426
1421.00000,12599.19434
1421.50000,12569.85645
1422.00000,12552.88379
1422.50000,12547.58984
1423.00000,12551.79883
1423.50000,12557.32813
1424.00000,12557.20801
1424.50000,12549.62891
1425.00000,12538.52441
1425.50000,12528.89258
1426.00000,12522.05566
1426.50000,12515.87402
1427.00000,12507.49805
1427.50000,12496.83496
1428.00000,12487.64063
1428.50000,12484.52734
1429.00000,12488.77441
1429.50000,12497.82520
1430.00000,12507.27832
1430.50000,12513.67578
1431.00000,12516.14160
1431.50000,12517.20801
1432.00000,12519.40137
1432.50000,12523.86719
1433.00000,12530.37695
1433.50000,12537.10352
1434.00000,12542.12500
1434.50000,12544.45410
1435.00000,12544.77734
1435.50000,12544.51855
1436.00000,12545.43750
1436.50000,12549.50098
1437.00000,12557.47168
1437.50000,12571.46582
1438.00000,12591.55469
1438.50000,12616.71973
1439.00000,12643.54395
1439.50000,12667.98438
1440.00000,12687.52930
1440.50000,12703.90137
1441.00000,12720.92969
1441.50000,12741.97070
1442.00000,12768.65332
1442.50000,12798.77930
1443.00000,12830.08301
1443.50000,12860.90332
1444.00000,12890.93359
1444.50000,12920.76270
1445.00000,12951.28809
1445.50000,12983.47656
1446.00000,13017.11719
1446.50000,13051.04102
1447.00000,13083.25195
1447.50000,13112.37793
1448.00000,13139.73145
1448.50000,13168.28223
1449.00000,13200.09863
1449.50000,13233.20215
1450.00000,13261.35742
1450.50000,13279.42578
1451.00000,13282.69824
1451.50000,13277.72754
1452.00000,13272.72852
1452.50000,13274.70020
1453.00000,13286.41992
1453.50000,13305.21973
1454.00000,13325.51953
1454.50000,13342.63770
1455.00000,13356.11230
1455.50000,13370.22461
1456.00000,13392.56934
1456.50000,13432.86328
1457.00000,13488.58203
1457.50000,13550.86035
1458.00000,13605.57715
1458.50000,13643.74219
1459.00000,13667.41211
1459.50000,13690.94336
1460.00000,13730.24902
1460.50000,13786.51758
1461.00000,13851.55566
1461.50000,13908.55566
1462.00000,13948.57031
1462.50000,13978.47070
1463.00000,14013.02637
1463.50000,14065.43066
1464.00000,14137.68164
1464.50000,14227.05371
1465.00000,14324.56738
1465.50000,14429.47168
1466.00000,14542.91406
1466.50000,14669.03613
1467.00000,14805.73145
1467.50000,14949.01855
1468.00000,15094.08203
1468.50000,15238.10645
1469.00000,15380.50098
1469.50000,15521.82422
1470.00000,15661.74902
1470.50000,15799.90039
1471.00000,15934.46973
1471.50000,16063.45605
1472.00000,16181.04004
1472.50000,16280.49609
1473.00000,16355.87500
1473.50000,16403.40625
1474.00000,16429.52930
1474.50000,16437.44922
1475.00000,16433.89844
1475.50000,16412.40430
1476.00000,16368.87793
1476.50000,16296.07910
1477.00000,16199.11035
1477.50000,16089.03418
1478.00000,15978.31543
1478.50000,15874.05957
1479.00000,15776.94629
1479.50000,15683.04102
1480.00000,15594.53027
1480.50000,15517.48535
1481.00000,15462.50000
1481.50000,15429.88574
1482.00000,15414.07520
1482.50000,15404.50977
1483.00000,15393.65723
1483.50000,15381.62695
1484.00000,15373.18848
1484.50000,15372.96484
1485.00000,15376.65625
1485.50000,15377.89355
1486.00000,15374.43457
1486.50000,15371.23828
1487.00000,15377.57031
1487.50000,15398.98926
1488.00000,15432.83691
1488.50000,15467.58984
1489.00000,15493.24023
1489.50000,15513.41211
1490.00000,15543.61523
1490.50000,15597.95117
1491.00000,15686.05176
1491.50000,15798.63574
1492.00000,15919.08203
1492.50000,16032.74805
1493.00000,16136.28906
1493.50000,16236.38965
1494.00000,16343.36719
1494.50000,16462.04297
1495.00000,16584.21289
1495.50000,16697.18164
1496.00000,16791.91992
1496.50000,16865.78516
1497.00000,16925.98633
1497.50000,16985.24219
1498.00000,17054.88281
1498.50000,17135.34375
1499.00000,17220.67383
1499.50000,17299.14063
1500.00000,17359.43750
1500.50000,17401.31250
1501.00000,17428.41406
1501.50000,17448.45313
1502.00000,17465.74023
1502.50000,17478.10742
1503.00000,17481.72852
1503.50000,17472.55469
1504.00000,17455.69336
1504.50000,17437.63867
1505.00000,17424.43164
1505.50000,17416.59766
1506.00000,17406.65820
1506.50000,17381.76172
1507.00000,17331.61719
1507.50000,17257.14844
1508.00000,17164.01563
1508.50000,17067.98242
1509.00000,16981.77344
1509.50000,16906.89844
1510.00000,16837.45703
1510.50000,16761.40039
1511.00000,16670.77734
1511.50000,16568.19922
1512.00000,16463.28906
1512.50000,16364.72363
1513.00000,16273.36816
1513.50000,16185.35938
1514.00000,16095.28223
1514.50000,16004.13477
1515.00000,15920.03125
1515.50000,15852.84668
1516.00000,15804.91113
1516.50000,15769.83496
1517.00000,15736.63574
1517.50000,15695.10156
1518.00000,15638.65234
1518.50000,15572.21680
1519.00000,15503.17285
1519.50000,15441.31445
1520.00000,15394.61523
1520.50000,15363.75781
1521.00000,15343.87500
1521.50000,15325.59082
1522.00000,15299.52441
1522.50000,15260.07031
1523.00000,15213.28613
1523.50000,15170.36523
1524.00000,15139.80176
1524.50000,15125.71094
1525.00000,15121.05664
1525.50000,15115.69922
1526.00000,15100.82715
1526.50000,15073.44629
1527.00000,15033.33398
1527.50000,14985.94043
1528.00000,14933.14746
1528.50000,14878.36523
1529.00000,14824.18164
1529.50000,14772.99219
1530.00000,14726.12402
1530.50000,14682.51660
1531.00000,14640.41016
1531.50000,14600.10254
1532.00000,14563.93555
1532.50000,14536.02930
1533.00000,14514.90234
1533.50000,14496.95801
1534.00000,14476.29199
1534.50000,14450.38574
1535.00000,14423.72559
1535.50000,14404.62109
1536.00000,14399.30664
1536.50000,14406.54199
1537.00000,14423.01074
1537.50000,14443.01855
1538.00000,14467.35645
1538.50000,14498.96777
1539.00000,14541.46777
1539.50000,14590.64063
1540.00000,14638.78516
1540.50000,14679.03906
1541.00000,14711.19629
1541.50000,14741.05859
1542.00000,14776.80273
1542.50000,14825.51465
1543.00000,14882.43066
1543.50000,14942.32324
1544.00000,15000.43457
1544.50000,15056.40723
1545.00000,15113.40820
1545.50000,15174.97363
1546.00000,15243.41992
1546.50000,15317.88086
1547.00000,15398.26465
1547.50000,15482.78223
1548.00000,15571.12402
1548.50000,15661.14160
1549.00000,15750.74609
1549.50000,15838.04199
1550.00000,15921.11816
1550.50000,15997.51563
1551.00000,16064.57813
1551.50000,16116.25488
1552.00000,16152.14160
1552.50000,16168.59180
1553.00000,16171.63867
1553.50000,16164.46484
1554.00000,16152.19141
1554.50000,16136.89844
1555.00000,16117.99512
1555.50000,16094.00000
1556.00000,16062.79297
1556.50000,16025.32520
1557.00000,15981.63379
1557.50000,15934.77246
1558.00000,15886.81445
1558.50000,15840.50781
1559.00000,15799.73828
1559.50000,15768.31543
1560.00000,15748.06445
1560.50000,15737.42090
1561.00000,15727.97656
1561.50000,15708.14453
1562.00000,15673.33594
1562.50000,15620.91113
1563.00000,15558.95703
1563.50000,15494.18359
1564.00000,15430.65820
1564.50000,15367.33398
1565.00000,15300.39941
1565.50000,15228.35938
1566.00000,15152.10352
1566.50000,15075.53320
1567.00000,15001.95703
1567.50000,14931.82422
1568.00000,14864.57227
1568.50000,14798.24609
1569.00000,14731.26563
1569.50000,14662.48340
1570.00000,14590.82422
1570.50000,14514.14648
1571.00000,14431.43945
1571.50000,14339.67871
1572.00000,14240.96777
1572.50000,14138.06348
1573.00000,14036.09863
1573.50000,13939.68750
1574.00000,13851.14453
1574.50000,13770.98828
1575.00000,13701.18457
1575.50000,13643.42188
1576.00000,13603.42578
1576.50000,13578.55859
1577.00000,13567.12305
1577.50000,13560.72168
1578.00000,13554.72266
1578.50000,13549.79297
1579.00000,13551.90137
1579.50000,13566.41895
1580.00000,13591.60449
1580.50000,13622.29785
1581.00000,13651.20117
1581.50000,13675.73145
1582.00000,13700.68555
1582.50000,13734.21484
1583.00000,13779.52930
1583.50000,13835.23047
1584.00000,13896.10938
1584.50000,13957.32520
1585.00000,14017.95508
1585.50000,14080.20508
1586.00000,14147.07617
1586.50000,14216.70605
1587.00000,14284.72266
1587.50000,14345.95605
1588.00000,14395.79980
1588.50000,14433.54199
1589.00000,14461.58887
1589.50000,14484.27832
1590.00000,14507.02930
1590.50000,14534.08203
1591.00000,14566.05176
1591.50000,14602.30664
1592.00000,14639.32520
1592.50000,14674.50391
1593.00000,14708.36035
1593.50000,14743.86523
1594.00000,14784.17578
1594.50000,14829.42871
1595.00000,14878.04590
1595.50000,14927.19531
1596.00000,14977.70410
1596.50000,15032.90039
1597.00000,15097.31055
1597.50000,15170.13281
1598.00000,15246.72363
1598.50000,15320.99316
1599.00000,15391.10938
1599.50000,15463.29883
1600.00000,15546.96875
1600.50000,15654.59961
1601.00000,15782.73926
1601.50000,15926.51465
1602.00000,16072.17676
1602.50000,16206.84375
1603.00000,16323.46289
1603.50000,16419.39258
1604.00000,16491.08984
1604.50000,16540.49023
1605.00000,16562.67383
1605.50000,16562.28906
1606.00000,16535.63867
1606.50000,16484.94727
1607.00000,16403.11133
1607.50000,16287.42285
1608.00000,16137.53320
1608.50000,15956.23340
1609.00000,15753.71777
1609.50000,15535.26270
1610.00000,15307.57422
1610.50000,15071.92480
1611.00000,14833.09082
1611.50000,14595.52344
1612.00000,14362.62695
1612.50000,14134.73242
1613.00000,13909.91699
1613.50000,13686.97754
1614.00000,13468.05078
1614.50000,13256.11230
1615.00000,13058.18164
1615.50000,12875.27539
1616.00000,12710.81543
1616.50000,12561.95020
1617.00000,12425.10938
1617.50000,12292.76563
1618.00000,12157.52930
1618.50000,12016.68848
1619.00000,11876.28223
1619.50000,11746.95313
1620.00000,11632.38086
1620.50000,11533.15820
1621.00000,11439.80176
1621.50000,11344.77441
1622.00000,11246.50098
1622.50000,11148.85059
1623.00000,11056.05566
1623.50000,10968.36426
1624.00000,10884.23145
1624.50000,10801.72363
1625.00000,10723.37402
1625.50000,10651.47949
1626.00000,10587.59082
1626.50000,10527.80273
1627.00000,10466.15918
1627.50000,10397.50391
1628.00000,10321.13867
1628.50000,10239.37793
1629.00000,10156.60938
1629.50000,10076.04199
1630.00000,9998.80469
1630.50000,9926.26465
1631.00000,9858.41406
1631.50000,9795.18555
1632.00000,9735.57715
1632.50000,9677.72070
1633.00000,9619.58984
1633.50000,9559.71484
1634.00000,9496.98828
1634.50000,9432.40723
1635.00000,9366.32617
1635.50000,9299.42090
1636.00000,9232.24414
1636.50000,9166.12012
1637.00000,9103.62695
1637.50000,9047.46582
1638.00000,8997.82031
1638.50000,8953.60742
1639.00000,8909.95996
1639.50000,8861.38867
1640.00000,8805.41602
1640.50000,8742.01563
1641.00000,8675.37891
1641.50000,8610.33691
1642.00000,8550.77637
1642.50000,8497.49805
1643.00000,8449.08203
1643.50000,8400.29004
1644.00000,8345.38770
1644.50000,8282.63379
1645.00000,8211.12793
1645.50000,8135.02441
1646.00000,8058.99951
1646.50000,7985.93652
1647.00000,7915.02002
1647.50000,7842.95752
1648.00000,7766.87158
1648.50000,7685.45264
1649.00000,7602.58301
1649.50000,7523.29199
1650.00000,7449.80615
1650.50000,7381.94775
1651.00000,7316.44287
1651.50000,7250.34717
1652.00000,7183.20947
1652.50000,7117.00830
1653.00000,7053.76025
1653.50000,6992.56982
1654.00000,6930.94824
1654.50000,6866.46680
1655.00000,6798.67969
1655.50000,6730.13770
1656.00000,6663.44482
1656.50000,6599.75342
1657.00000,6538.36426
1657.50000,6478.56982
1658.00000,6419.67188
1658.50000,6361.41016
1659.00000,6302.66895
1659.50000,6242.08643
1660.00000,6180.33936
1660.50000,6121.74023
1661.00000,6072.17139
1661.50000,6034.94580
1662.00000,6009.82227
1662.50000,5989.79834
1663.00000,5967.84033
1663.50000,5940.48096
1664.00000,5909.15820
1664.50000,5879.29102
1665.00000,5855.78613
1665.50000,5839.60547
1666.00000,5828.09424
1666.50000,5816.70898
1667.00000,5802.65039
1667.50000,5786.10547
1668.00000,5770.00635
1668.50000,5756.75684
1669.00000,5744.88770
1669.50000,5730.02490
1670.00000,5708.99902
1670.50000,5682.02393
1671.00000,5653.15527
1671.50000,5627.35303
1672.00000,5607.42041
1672.50000,5590.58936
1673.00000,5574.04150
1673.50000,5556.00439
1674.00000,5536.08154
1674.50000,5514.57080
1675.00000,5491.16162
1675.50000,5466.15283
1676.00000,5441.03564
1676.50000,5417.55029
1677.00000,5395.43555
1677.50000,5371.91846
1678.00000,5345.12500
1678.50000,5315.95752
1679.00000,5288.90430
1679.50000,5268.25586
1680.00000,5253.56201
1680.50000,5239.62305
1681.00000,5220.91016
1681.50000,5196.24805
1682.00000,5166.90479
1682.50000,5136.76025
1683.00000,5109.07861
1683.50000,5086.00195
1684.00000,5071.44434
1684.50000,5066.74707
1685.00000,5069.93408
1685.50000,5073.93262
1686.00000,5070.86279
1686.50000,5057.87598
1687.00000,5041.30322
1687.50000,5030.11426
1688.00000,5028.36230
1688.50000,5035.42773
1689.00000,5044.10303
1689.50000,5050.16895
1690.00000,5053.94824
1690.50000,5058.54688
1691.00000,5066.47510
1691.50000,5076.56104
1692.00000,5086.45508
1692.50000,5094.64063
1693.00000,5100.73584
1693.50000,5105.64600
1694.00000,5109.70313
1694.50000,5112.78711
1695.00000,5114.34766
1695.50000,5113.33008
1696.00000,5108.63379
1696.50000,5097.26367
1697.00000,5079.76807
1697.50000,5056.11816
1698.00000,5030.06152
1698.50000,5005.33350
1699.00000,4984.86230
1699.50000,4969.12354
1700.00000,4956.05127
1700.50000,4942.28662
1701.00000,4924.36719
1701.50000,4901.00098
1702.00000,4871.00781
1702.50000,4837.57861
1703.00000,4803.85986
1703.50000,4773.79980
1704.00000,4750.89063
1704.50000,4735.58545
1705.00000,4723.51074
1705.50000,4709.41553
1706.00000,4690.20264
1706.50000,4665.39844
1707.00000,4639.70459
1707.50000,4617.25098
1708.00000,4598.50684
1708.50000,4582.14063
1709.00000,4566.45117
1709.50000,4551.46436
1710.00000,4538.18311
1710.50000,4526.37646
1711.00000,4514.92676
1711.50000,4503.03125
1712.00000,4492.00293
1712.50000,4483.79639
1713.00000,4479.02881
1713.50000,4475.34326
1714.00000,4469.82178
1714.50000,4461.48291
1715.00000,4452.46826
1715.50000,4445.14600
1716.00000,4438.87549
1716.50000,4429.97803
1717.00000,4415.33057
1717.50000,4393.47412
1718.00000,4368.85938
1718.50000,4347.06982
1719.00000,4332.68994
1719.50000,4327.09668
1720.00000,4329.26123
1720.50000,4333.54199
1721.00000,4335.04688
1721.50000,4331.43750
1722.00000,4321.53418
1722.50000,4308.04590
1723.00000,4293.70850
1723.50000,4280.23193
1724.00000,4268.34961
1724.50000,4258.85010
1725.00000,4252.37549
1725.50000,4249.23584
1726.00000,4246.96094
1726.50000,4241.48682
1727.00000,4229.95752
1727.50000,4210.65967
1728.00000,4187.10889
1728.50000,4163.10498
1729.00000,4140.97949
1729.50000,4120.55762
1730.00000,4100.64795
1730.50000,4080.60400
1731.00000,4061.29150
1731.50000,4043.39600
1732.00000,4026.99097
1732.50000,4011.15576
1733.00000,3995.82080
1733.50000,3982.25757
1734.00000,3971.94702
1734.50000,3965.75537
1735.00000,3962.09888
1735.50000,3959.08374
1736.00000,3954.93018
1736.50000,3947.69678
1737.00000,3936.28320
1737.50000,3920.17114
1738.00000,3902.71460
1738.50000,3889.30322
1739.00000,3884.67822
1739.50000,3887.65259
1740.00000,3892.74829
1740.50000,3893.32397
1741.00000,3886.89893
1741.50000,3877.97412
1742.00000,3871.56274
1742.50000,3868.80078
1743.00000,3866.04126
1743.50000,3859.17432
1744.00000,3847.47339
1744.50000,3832.83936
1745.00000,3818.84424
1745.50000,3807.38403
1746.00000,3797.98608
1746.50000,3790.33252
1747.00000,3783.31885
1747.50000,3774.97705
1748.00000,3763.15259
1748.50000,3747.42749
1749.00000,3729.93921
1749.50000,3715.37524
1750.00000,3708.04956
1750.50000,3705.70557
1751.00000,3703.81958
1751.50000,3696.82788
1752.00000,3681.57495
1752.50000,3661.91016
1753.00000,3644.42017
1753.50000,3634.94775
1754.00000,3633.69434
1754.50000,3636.65601
1755.00000,3636.17871
1755.50000,3626.48633
1756.00000,3609.06079
1756.50000,3588.10718
1757.00000,3570.33594
1757.50000,3559.81836
1758.00000,3556.78833
1758.50000,3557.50146
1759.00000,3557.50000
1759.50000,3554.36230
1760.00000,3548.75586
1760.50000,3544.39648
1761.00000,3544.89917
1761.50000,3550.04858
1762.00000,3555.88892
1762.50000,3557.58472
1763.00000,3552.64795
1763.50000,3541.22388
1764.00000,3527.60840
1764.50000,3515.59351
1765.00000,3505.95825
1765.50000,3497.30127
1766.00000,3486.88428
1766.50000,3474.11084
1767.00000,3462.24878
1767.50000,3456.12012
1768.00000,3458.85449
1768.50000,3466.80225
1769.00000,3472.33667
1769.50000,3470.46802
1770.00000,3459.59644
1770.50000,3445.33374
1771.00000,3432.89380
1771.50000,3424.10327
1772.00000,3418.45044
1772.50000,3415.35693
1773.00000,3414.46387
1773.50000,3414.23853
1774.00000,3411.46899
1774.50000,3402.22754
1775.00000,3387.70508
1775.50000,3371.37256
1776.00000,3357.73950
1776.50000,3348.77759
1777.00000,3343.92212
1777.50000,3341.46729
1778.00000,3339.44604
1778.50000,3335.47461
1779.00000,3326.68628
1779.50000,3314.20825
1780.00000,3302.17578
1780.50000,3295.56152
1781.00000,3295.99634
1781.50000,3299.36792
1782.00000,3299.18286
1782.50000,3291.71313
1783.00000,3280.10986
1783.50000,3269.38037
1784.00000,3263.04321
1784.50000,3262.14600
1785.00000,3262.21606
1785.50000,3259.25098
1786.00000,3252.02563
1786.50000,3243.02954
1787.00000,3237.30688
1787.50000,3236.83716
1788.00000,3238.93115
1788.50000,3236.98242
1789.00000,3223.85742
1789.50000,3204.33789
1790.00000,3186.38184
1790.50000,3177.12183
1791.00000,3178.50366
1791.50000,3184.65698
1792.00000,3187.73975
1792.50000,3183.17480
1793.00000,3172.74072
1793.50000,3160.49072
1794.00000,3151.27075
1794.50000,3146.72363
1795.00000,3143.97388
1795.50000,3139.30493
1796.00000,3132.15454
1796.50000,3126.08618
1797.00000,3125.12012
1797.50000,3128.72437
1798.00000,3132.36475
1798.50000,3131.75928
1799.00000,3125.83032
1799.50000,3117.57202
1800.00000,3108.31445
1800.50000,3098.06763
1801.00000,3087.82422
1801.50000,3080.61255
1802.00000,3078.02686
1802.50000,3077.16357
1803.00000,3072.53857
1803.50000,3062.00830
1804.00000,3051.07739
1804.50000,3046.92456
1805.00000,3049.72046
1805.50000,3055.67993
1806.00000,3060.98413
1806.50000,3064.12720
1807.00000,3063.47412
1807.50000,3057.45459
1808.00000,3045.44775
1808.50000,3034.55981
1809.00000,3033.68164
1809.50000,3040.99609
1810.00000,3047.86353
