440.00000,26946.35547
440.50000,26893.94922
441.00000,26838.40430
441.50000,26783.74414
442.00000,26736.61719
442.50000,26703.47852
443.00000,26683.14648
443.50000,26673.46680
444.00000,26669.26367
444.50000,26667.83594
445.00000,26671.13477
445.50000,26681.59961
446.00000,26701.73242
446.50000,26727.76172
447.00000,26753.63477
447.50000,26775.55664
448.00000,26794.03906
448.50000,26813.58203
449.00000,26839.90820
449.50000,26875.07617
450.00000,26913.26367
450.50000,26947.27930
451.00000,26972.48438
451.50000,26984.78516
452.00000,26989.75000
452.50000,26993.39453
453.00000,26999.49023
453.50000,27008.78906
454.00000,27019.07422
454.50000,27026.29297
455.00000,27027.31445
455.50000,27022.14844
456.00000,27010.15625
456.50000,26994.08008
457.00000,26976.13281
457.50000,26959.84180
458.00000,26947.61719
458.50000,26939.90820
459.00000,26935.51953
459.50000,26931.74023
460.00000,26925.55469
460.50000,26915.11914
461.00000,26900.89258
461.50000,26881.99023
462.00000,26858.05273
462.50000,26826.33398
463.00000,26786.65430
463.50000,26739.94531
464.00000,26689.43750
464.50000,26640.20508
465.00000,26597.80273
465.50000,26562.08008
466.00000,26533.23633
466.50000,26508.47070
467.00000,26488.06250
467.50000,26473.68359
468.00000,26468.34766
468.50000,26473.09375
469.00000,26486.23828
469.50000,26504.63086
470.00000,26522.48633
470.50000,26534.86328
471.00000,26541.76172
471.50000,26543.60742
472.00000,26543.58789
472.50000,26544.81836
473.00000,26549.27734
473.50000,26556.14063
474.00000,26562.71680
474.50000,26565.27734
475.00000,26558.45508
475.50000,26541.58594
476.00000,26516.83203
476.50000,26491.19336
477.00000,26471.30078
477.50000,26460.54688
478.00000,26457.47461
478.50000,26452.41016
479.00000,26435.79688
479.50000,26399.11523
480.00000,26344.77148
480.50000,26275.98828
481.00000,26206.70508
481.50000,26146.18555
482.00000,26095.93359
482.50000,26053.14258
483.00000,26010.58594
483.50000,25960.45898
484.00000,25899.84180
484.50000,25832.54688
485.00000,25763.34766
485.50000,25698.10156
486.00000,25643.00000
486.50000,25597.08594
487.00000,25558.69336
487.50000,25524.68164
488.00000,25492.41992
488.50000,25460.54883
489.00000,25429.18750
489.50000,25399.90430
490.00000,25373.66797
490.50000,25352.08984
491.00000,25334.33203
491.50000,25319.01172
492.00000,25302.59375
492.50000,25281.91992
493.00000,25254.81445
493.50000,25221.45508
494.00000,25182.89453
494.50000,25143.33008
495.00000,25105.93555
495.50000,25071.22656
496.00000,25038.60352
496.50000,25005.88477
497.00000,24971.41211
497.50000,24936.43750
498.00000,24904.25391
498.50000,24879.33789
499.00000,24863.55273
499.50000,24860.18555
500.00000,24864.79883
500.50000,24874.82227
501.00000,24886.96484
501.50000,24899.25391
502.00000,24909.74805
502.50000,24915.28320
503.00000,24912.04102
503.50000,24898.42969
504.00000,24872.03711
504.50000,24836.93750
505.00000,24796.50195
505.50000,24756.99805
506.00000,24721.76172
506.50000,24691.26367
507.00000,24665.26953
507.50000,24643.91992
508.00000,24628.38867
508.50000,24620.99805
509.00000,24620.74609
509.50000,24627.27148
510.00000,24636.27930
510.50000,24644.12891
511.00000,24648.76953
511.50000,24650.75000
512.00000,24651.79297
512.50000,24653.66016
513.00000,24657.79688
513.50000,24665.16211
514.00000,24678.28320
514.50000,24697.97852
515.00000,24726.92383
515.50000,24763.52344
516.00000,24805.40039
516.50000,24847.45898
517.00000,24885.93164
517.50000,24919.52930
518.00000,24949.27539
518.50000,24975.04883
519.00000,24995.67773
519.50000,25005.15430
520.00000,25001.38477
520.50000,24981.22852
521.00000,24947.73047
521.50000,24905.66602
522.00000,24860.67188
522.50000,24816.60352
523.00000,24774.42773
523.50000,24734.36328
524.00000,24699.40234
524.50000,24673.03125
525.00000,24661.66602
525.50000,24662.99609
526.00000,24671.71875
526.50000,24678.97070
527.00000,24676.63281
527.50000,24659.70117
528.00000,24635.38086
528.50000,24614.71484
529.00000,24605.89258
529.50000,24616.07031
530.00000,24641.53516
530.50000,24676.48242
531.00000,24712.24609
531.50000,24745.78906
532.00000,24778.42578
532.50000,24813.62109
533.00000,24854.99219
533.50000,24900.35742
534.00000,24943.19922
534.50000,24977.56836
535.00000,24998.30078
535.50000,25006.86328
536.00000,25008.95313
536.50000,25014.23828
537.00000,25029.05859
537.50000,25056.65625
538.00000,25092.95313
538.50000,25134.68555
539.00000,25177.28320
539.50000,25221.49023
540.00000,25271.33008
540.50000,25332.26367
541.00000,25407.05273
541.50000,25493.36523
542.00000,25584.19922
542.50000,25667.47070
543.00000,25729.18164
543.50000,25765.83008
544.00000,25768.21289
544.50000,25739.85547
545.00000,25679.43164
545.50000,25596.15625
546.00000,25497.85938
546.50000,25391.33594
547.00000,25284.27344
547.50000,25183.28906
548.00000,25091.30273
548.50000,25009.97656
549.00000,24936.05859
549.50000,24868.20117
550.00000,24804.70313
550.50000,24746.22461
551.00000,24696.53320
551.50000,24658.14258
552.00000,24635.33398
552.50000,24625.45313
553.00000,24626.91602
553.50000,24630.88867
554.00000,24627.42578
554.50000,24611.41211
555.00000,24581.49023
555.50000,24541.81445
556.00000,24500.32227
556.50000,24466.27148
557.00000,24444.81641
557.50000,24438.25781
558.00000,24440.63281
558.50000,24448.47656
559.00000,24457.42383
559.50000,24466.06055
560.00000,24475.72266
560.50000,24488.60938
561.00000,24506.33594
561.50000,24528.41406
562.00000,24554.67969
562.50000,24583.94531
563.00000,24618.58398
563.50000,24660.98633
564.00000,24716.85742
564.50000,24789.23633
565.00000,24880.25781
565.50000,24989.78906
566.00000,25111.50195
566.50000,25237.56445
567.00000,25359.32813
567.50000,25465.80078
568.00000,25551.87109
568.50000,25606.02734
569.00000,25624.35352
569.50000,25607.43945
570.00000,25558.75586
570.50000,25486.12891
571.00000,25394.66211
571.50000,25292.43750
572.00000,25179.58984
572.50000,25058.42188
573.00000,24927.01367
573.50000,24788.72070
574.00000,24649.40625
574.50000,24518.54883
575.00000,24407.51758
575.50000,24323.08398
576.00000,24261.97266
576.50000,24222.96875
577.00000,24195.46680
577.50000,24173.53906
578.00000,24150.68555
578.50000,24123.92383
579.00000,24093.38086
579.50000,24060.30859
580.00000,24026.66016
580.50000,23994.44531
581.00000,23965.30664
581.50000,23938.04102
582.00000,23910.26563
582.50000,23879.96094
583.00000,23846.59375
583.50000,23813.43750
584.00000,23788.24805
584.50000,23780.47070
585.00000,23794.02734
585.50000,23831.20508
586.00000,23884.01953
586.50000,23945.98242
587.00000,24006.30273
587.50000,24055.86133
588.00000,24092.90430
588.50000,24116.08203
589.00000,24127.12695
589.50000,24129.01953
590.00000,24125.42578
590.50000,24122.93555
591.00000,24129.71680
591.50000,24149.05273
592.00000,24185.69141
592.50000,24235.42188
593.00000,24294.10547
593.50000,24354.15039
594.00000,24409.53125
594.50000,24458.40430
595.00000,24502.78320
595.50000,24545.49219
596.00000,24589.52930
596.50000,24636.46484
597.00000,24684.38281
597.50000,24729.82813
598.00000,24769.91016
598.50000,24801.66602
599.00000,24822.90234
599.50000,24832.03906
600.00000,24823.47852
600.50000,24797.55273
601.00000,24748.44922
601.50000,24681.18945
602.00000,24597.26758
602.50000,24505.91992
603.00000,24417.14258
603.50000,24340.06836
604.00000,24278.26563
604.50000,24232.31445
605.00000,24196.84766
605.50000,24167.99805
606.00000,24140.35742
606.50000,24111.86133
607.00000,24083.76758
607.50000,24059.68945
608.00000,24043.61523
608.50000,24039.91016
609.00000,24052.38867
609.50000,24081.84180
610.00000,24128.21094
610.50000,24184.41211
611.00000,24246.52539
611.50000,24308.67383
612.00000,24366.89844
612.50000,24419.74805
613.00000,24467.32422
613.50000,24511.91211
614.00000,24556.20313
614.50000,24603.08008
615.00000,24654.48633
615.50000,24713.24805
616.00000,24777.75586
616.50000,24843.93164
617.00000,24904.65820
617.50000,24951.87109
618.00000,24980.89844
618.50000,24991.46875
619.00000,24986.13281
619.50000,24972.92969
620.00000,24956.73242
620.50000,24938.99414
621.00000,24916.90234
621.50000,24888.91406
622.00000,24855.30664
622.50000,24822.15039
623.00000,24799.57227
623.50000,24795.38281
624.00000,24809.40625
624.50000,24839.18750
625.00000,24874.44727
625.50000,24906.87695
626.00000,24932.15820
626.50000,24951.26172
627.00000,24969.72266
627.50000,24992.44141
628.00000,25022.05078
628.50000,25057.91992
629.00000,25098.26758
629.50000,25139.78320
630.00000,25180.97852
630.50000,25222.51172
631.00000,25267.27539
631.50000,25318.56836
632.00000,25381.16016
632.50000,25458.07227
633.00000,25548.54883
633.50000,25647.11719
634.00000,25744.76563
634.50000,25831.22656
635.00000,25902.32031
635.50000,25953.00000
636.00000,25988.75195
636.50000,26015.80859
637.00000,26041.51172
637.50000,26069.63672
638.00000,26101.20508
638.50000,26134.90234
639.00000,26168.97070
639.50000,26201.37109
640.00000,26229.23828
640.50000,26250.91016
641.00000,26262.10352
641.50000,26260.73828
642.00000,26244.18164
642.50000,26211.82031
643.00000,26165.63281
643.50000,26109.63086
644.00000,26051.04883
644.50000,25997.69531
645.00000,25955.56641
645.50000,25933.36328
646.00000,25932.24805
646.50000,25954.42383
647.00000,25993.42188
647.50000,26042.88477
648.00000,26099.07422
648.50000,26159.34766
649.00000,26225.04492
649.50000,26296.49609
650.00000,26375.37891
650.50000,26457.34180
651.00000,26536.41797
651.50000,26605.19141
652.00000,26654.90820
652.50000,26675.78320
653.00000,26662.83594
653.50000,26601.85742
654.00000,26502.22070
654.50000,26363.32813
655.00000,26203.46875
655.50000,26037.47852
656.00000,25882.47656
656.50000,25752.61914
657.00000,25655.25391
657.50000,25583.18164
658.00000,25528.35547
658.50000,25478.88672
659.00000,25428.17773
659.50000,25374.47266
660.00000,25319.80469
660.50000,25268.47266
661.00000,25223.45508
661.50000,25184.40234
662.00000,25149.55664
662.50000,25117.80664
663.00000,25088.50195
663.50000,25062.67383
664.00000,25039.42383
664.50000,25015.36719
665.00000,24985.83594
665.50000,24946.28516
666.00000,24897.13281
666.50000,24843.05664
667.00000,24791.88477
667.50000,24750.96680
668.00000,24724.48242
668.50000,24706.11523
669.00000,24690.35742
669.50000,24672.30273
670.00000,24651.57422
670.50000,24632.51563
671.00000,24621.67773
671.50000,24623.51953
672.00000,24634.89063
672.50000,24650.84961
673.00000,24664.91406
673.50000,24671.52539
674.00000,24670.55859
674.50000,24661.65234
675.00000,24647.82227
675.50000,24632.35938
676.00000,24619.15820
676.50000,24612.42383
677.00000,24616.55078
677.50000,24631.47461
678.00000,24656.41602
678.50000,24683.69336
679.00000,24705.24805
679.50000,24718.15234
680.00000,24722.95898
680.50000,24725.14648
681.00000,24730.82617
681.50000,24743.66992
682.00000,24761.50391
682.50000,24776.62695
683.00000,24780.99805
683.50000,24765.12500
684.00000,24730.52734
684.50000,24677.97461
685.00000,24615.13867
685.50000,24549.03906
686.00000,24484.69727
686.50000,24422.20117
687.00000,24357.81055
687.50000,24288.25195
688.00000,24211.63477
688.50000,24133.41211
689.00000,24063.17969
689.50000,24010.39063
690.00000,23982.31641
690.50000,23973.81445
691.00000,23973.83008
691.50000,23971.11719
692.00000,23959.45508
692.50000,23937.86133
693.00000,23914.00781
693.50000,23895.48047
694.00000,23882.15039
694.50000,23866.38281
695.00000,23837.81250
695.50000,23788.48047
696.00000,23716.34375
696.50000,23629.55859
697.00000,23537.59180
697.50000,23450.99023
698.00000,23376.37109
698.50000,23312.76172
699.00000,23261.81836
699.50000,23223.29492
700.00000,23198.78906
700.50000,23188.66211
701.00000,23190.04688
701.50000,23199.49805
702.00000,23211.99414
702.50000,23226.61328
703.00000,23242.75195
703.50000,23259.47852
704.00000,23273.41406
704.50000,23278.72656
705.00000,23270.76172
705.50000,23251.48438
706.00000,23228.16211
706.50000,23209.71289
707.00000,23202.88672
707.50000,23203.94727
708.00000,23204.68164
708.50000,23194.80664
709.00000,23165.39063
709.50000,23121.03320
710.00000,23071.50391
710.50000,23026.87500
711.00000,22992.29688
711.50000,22969.20508
712.00000,22951.93945
712.50000,22936.78906
713.00000,22921.97461
713.50000,22909.66797
714.00000,22902.11719
714.50000,22900.49219
715.00000,22904.31445
715.50000,22912.50977
716.00000,22926.60352
716.50000,22948.50781
717.00000,22985.74805
717.50000,23036.52148
718.00000,23100.33789
718.50000,23170.06250
719.00000,23238.41016
719.50000,23299.44727
720.00000,23351.07422
720.50000,23394.53125
721.00000,23436.00195
721.50000,23482.08008
722.00000,23535.01563
722.50000,23595.00586
723.00000,23656.49609
723.50000,23711.85742
724.00000,23754.18555
724.50000,23778.74414
725.00000,23783.34766
725.50000,23773.91992
726.00000,23752.75195
726.50000,23724.12695
727.00000,23686.67578
727.50000,23641.03711
728.00000,23586.20313
728.50000,23525.28516
729.00000,23463.78906
729.50000,23408.36328
730.00000,23363.09375
730.50000,23331.79688
731.00000,23313.26172
731.50000,23311.75195
732.00000,23325.81445
732.50000,23360.00391
733.00000,23411.98828
733.50000,23475.66602
734.00000,23539.12891
734.50000,23589.93359
735.00000,23616.68359
735.50000,23618.77344
736.00000,23594.42383
736.50000,23554.85938
737.00000,23505.06055
737.50000,23450.45508
738.00000,23391.22852
738.50000,23327.08789
739.00000,23259.82031
739.50000,23194.62109
740.00000,23138.15039
740.50000,23098.61328
741.00000,23075.01367
741.50000,23066.53711
742.00000,23062.67578
742.50000,23057.89844
743.00000,23051.47852
743.50000,23048.10938
744.00000,23055.42383
744.50000,23078.73242
745.00000,23121.82617
745.50000,23178.72656
746.00000,23244.54883
746.50000,23312.88477
747.00000,23383.81641
747.50000,23459.20313
748.00000,23540.58594
748.50000,23624.53906
749.00000,23701.57813
749.50000,23756.29883
750.00000,23778.18359
750.50000,23756.77148
751.00000,23705.32227
751.50000,23631.16992
752.00000,23549.01172
752.50000,23465.66797
753.00000,23381.52539
753.50000,23291.97070
754.00000,23191.99805
754.50000,23084.26563
755.00000,22979.00195
755.50000,22887.98242
756.00000,22826.21094
756.50000,22793.11133
757.00000,22788.78516
757.50000,22803.39063
758.00000,22828.88672
758.50000,22860.44336
759.00000,22896.36328
759.50000,22937.13086
760.00000,22980.50000
760.50000,23022.19141
761.00000,23057.82227
761.50000,23083.24414
762.00000,23100.49609
762.50000,23114.83984
763.00000,23134.74609
763.50000,23167.02930
764.00000,23215.34570
764.50000,23275.36914
765.00000,23341.16211
765.50000,23401.65430
766.00000,23441.85742
766.50000,23452.65430
767.00000,23421.42578
767.50000,23345.12695
768.00000,23230.74219
768.50000,23089.93750
769.00000,22941.72070
769.50000,22805.38867
770.00000,22694.53516
770.50000,22628.86328
771.00000,22608.47461
771.50000,22640.59961
772.00000,22716.78711
772.50000,22822.27734
773.00000,22937.87891
773.50000,23042.93555
774.00000,23116.05664
774.50000,23149.88867
775.00000,23128.29102
775.50000,23061.96484
776.00000,22950.71875
776.50000,22809.69727
777.00000,22654.36719
777.50000,22501.59766
778.00000,22365.38867
778.50000,22257.14648
779.00000,22175.36133
779.50000,22119.64258
780.00000,22076.37305
780.50000,22037.81445
781.00000,21999.12695
781.50000,21964.08203
782.00000,21940.81641
782.50000,21937.13281
783.00000,21957.36328
783.50000,21995.74023
784.00000,22045.36914
784.50000,22094.42578
785.00000,22133.27344
785.50000,22159.38086
786.00000,22171.69531
786.50000,22174.50977
787.00000,22169.86914
787.50000,22157.68164
788.00000,22137.07617
788.50000,22105.35938
789.00000,22064.70313
789.50000,22017.52344
790.00000,21971.29883
790.50000,21935.25977
791.00000,21913.88086
791.50000,21908.74414
792.00000,21916.30664
792.50000,21930.34961
793.00000,21946.31445
793.50000,21962.59375
794.00000,21983.28320
794.50000,22014.00391
795.00000,22064.97852
795.50000,22138.03516
796.00000,22231.42773
796.50000,22337.22461
797.00000,22446.96484
797.50000,22555.40039
798.00000,22662.71680
798.50000,22774.79688
799.00000,22897.61523
799.50000,23038.13281
800.00000,23191.08984
800.50000,23344.61133
801.00000,23482.78711
801.50000,23591.79883
802.00000,23665.05469
802.50000,23708.33984
803.00000,23727.69727
803.50000,23735.63672
804.00000,23733.72266
804.50000,23719.88086
805.00000,23679.55859
805.50000,23605.94727
806.00000,23495.88477
806.50000,23357.60938
807.00000,23207.70313
807.50000,23063.70117
808.00000,22937.64063
808.50000,22839.83789
809.00000,22763.07617
809.50000,22702.49023
810.00000,22646.73047
810.50000,22588.17969
811.00000,22523.77734
811.50000,22454.23633
812.00000,22382.70898
812.50000,22313.91797
813.00000,22253.84961
813.50000,22204.53906
814.00000,22169.46289
814.50000,22144.36719
815.00000,22124.51172
815.50000,22102.52344
816.00000,22073.78711
816.50000,22038.35938
817.00000,22001.67383
817.50000,21972.17969
818.00000,21955.14844
818.50000,21955.61328
819.00000,21966.26953
819.50000,21977.84766
820.00000,21978.47656
820.50000,21959.19922
821.00000,21920.33789
821.50000,21869.53320
822.00000,21816.49219
822.50000,21769.97266
823.00000,21735.98047
823.50000,21710.58008
824.00000,21688.34766
824.50000,21661.76367
825.00000,21625.12305
825.50000,21578.02539
826.00000,21525.26172
826.50000,21473.27930
827.00000,21428.26758
827.50000,21397.33398
828.00000,21381.12695
828.50000,21383.58008
829.00000,21400.19531
829.50000,21427.77539
830.00000,21458.86914
830.50000,21485.20313
831.00000,21499.87305
831.50000,21501.75781
832.00000,21491.76758
832.50000,21476.86719
833.00000,21462.97656
833.50000,21453.82031
834.00000,21450.76758
834.50000,21451.16211
835.00000,21452.00391
835.50000,21451.51172
836.00000,21450.44727
836.50000,21451.46680
837.00000,21456.11914
837.50000,21464.89648
838.00000,21474.75977
838.50000,21482.18945
839.00000,21485.21484
839.50000,21483.76758
840.00000,21480.99219
840.50000,21481.53516
841.00000,21490.05078
841.50000,21507.82617
842.00000,21534.89258
842.50000,21566.72852
843.00000,21600.57031
843.50000,21633.92383
844.00000,21666.16797
844.50000,21698.27539
845.00000,21731.90820
845.50000,21768.53125
846.00000,21808.24805
846.50000,21850.28711
847.00000,21891.92969
847.50000,21929.09570
848.00000,21959.46289
848.50000,21979.44922
849.00000,21989.16211
849.50000,21988.92578
850.00000,21980.75977
850.50000,21967.47266
851.00000,21950.75000
851.50000,21932.33398
852.00000,21912.67773
852.50000,21892.59180
853.00000,21872.93555
853.50000,21854.25391
854.00000,21836.17773
854.50000,21816.84766
855.00000,21793.50781
855.50000,21763.61133
856.00000,21728.03711
856.50000,21689.83398
857.00000,21655.10742
857.50000,21631.48828
858.00000,21620.62305
858.50000,21622.12500
859.00000,21628.64258
859.50000,21632.55078
860.00000,21628.06250
860.50000,21614.03125
861.00000,21591.16602
861.50000,21564.68359
862.00000,21539.51563
862.50000,21520.02734
863.00000,21511.70117
863.50000,21516.64648
864.00000,21536.74609
864.50000,21569.23047
865.00000,21606.52148
865.50000,21639.84375
866.00000,21662.62109
866.50000,21668.10547
867.00000,21659.91992
867.50000,21639.25391
868.00000,21610.78320
868.50000,21574.66016
869.00000,21529.14258
869.50000,21471.69922
870.00000,21400.91992
870.50000,21322.12891
871.00000,21242.16211
871.50000,21167.18945
872.00000,21100.73828
872.50000,21039.29102
873.00000,20977.83984
873.50000,20912.16992
874.00000,20842.16602
874.50000,20772.60938
875.00000,20710.47266
875.50000,20663.03906
876.00000,20629.06836
876.50000,20606.05273
877.00000,20585.20898
877.50000,20561.49023
878.00000,20533.67773
878.50000,20502.99414
879.00000,20471.36523
879.50000,20439.64844
880.00000,20407.87891
880.50000,20377.11719
881.00000,20352.32813
881.50000,20338.13477
882.00000,20341.52539
882.50000,20359.51367
883.00000,20383.23633
883.50000,20399.99023
884.00000,20400.89063
884.50000,20384.40039
885.00000,20360.37891
885.50000,20341.77148
886.00000,20336.98633
886.50000,20350.65625
887.00000,20374.20313
887.50000,20398.16406
888.00000,20415.08984
888.50000,20423.82813
889.00000,20429.43164
889.50000,20439.04688
890.00000,20457.45508
890.50000,20482.91797
891.00000,20513.22070
891.50000,20544.55273
892.00000,20576.37500
892.50000,20610.47461
893.00000,20650.11914
893.50000,20697.43750
894.00000,20751.52148
894.50000,20809.48047
895.00000,20866.08398
895.50000,20915.25391
896.00000,20956.44141
896.50000,20989.90039
897.00000,21020.63281
897.50000,21053.86523
898.00000,21093.35547
898.50000,21140.04688
899.00000,21193.10938
899.50000,21250.19141
900.00000,21312.41016
900.50000,21381.92578
901.00000,21466.44336
901.50000,21568.72656
902.00000,21693.68945
902.50000,21838.18164
903.00000,21998.61328
903.50000,22172.68555
904.00000,22358.34961
904.50000,22558.30664
905.00000,22771.41797
905.50000,23001.24023
906.00000,23244.70703
906.50000,23503.60156
907.00000,23776.69922
907.50000,24064.54688
908.00000,24365.53125
908.50000,24674.31250
909.00000,24982.94336
909.50000,25282.35547
910.00000,25559.89648
910.50000,25812.30273
911.00000,26027.59180
911.50000,26203.93945
912.00000,26331.87305
912.50000,26407.06055
913.00000,26426.66211
913.50000,26383.76758
914.00000,26284.57813
914.50000,26118.65430
915.00000,25899.74219
915.50000,25624.21484
916.00000,25311.62891
916.50000,24978.65234
917.00000,24646.68555
917.50000,24333.27148
918.00000,24050.05664
918.50000,23797.49414
919.00000,23577.56250
919.50000,23380.75781
920.00000,23207.14453
920.50000,23049.15039
921.00000,22905.10547
921.50000,22770.07422
922.00000,22641.39258
922.50000,22518.73828
923.00000,22404.91406
923.50000,22306.88867
924.00000,22225.86914
924.50000,22165.06641
925.00000,22115.60156
925.50000,22070.26367
926.00000,22020.82422
926.50000,21962.18164
927.00000,21894.20898
927.50000,21819.99023
928.00000,21743.11133
928.50000,21666.78516
929.00000,21592.65039
929.50000,21520.16602
930.00000,21447.90234
930.50000,21373.23242
931.00000,21292.28320
931.50000,21203.01953
932.00000,21105.57227
932.50000,21003.35938
933.00000,20902.66992
933.50000,20810.14844
934.00000,20726.96875
934.50000,20652.92188
935.00000,20582.14453
935.50000,20511.35352
936.00000,20441.00977
936.50000,20376.19141
937.00000,20323.30859
937.50000,20284.96875
938.00000,20260.53711
938.50000,20242.10742
939.00000,20223.26563
939.50000,20201.43359
940.00000,20177.81250
940.50000,20155.59180
941.00000,20136.61914
941.50000,20119.93164
942.00000,20103.24805
942.50000,20085.31055
943.00000,20067.33984
943.50000,20052.79883
944.00000,20043.91797
944.50000,20043.34180
945.00000,20049.55664
945.50000,20061.91211
946.00000,20078.68750
946.50000,20098.40820
947.00000,20119.25977
947.50000,20139.74219
948.00000,20160.41992
948.50000,20184.44922
949.00000,20219.10742
949.50000,20267.18359
950.00000,20330.73828
950.50000,20402.96875
951.00000,20474.19531
951.50000,20535.25586
952.00000,20582.97266
952.50000,20619.06836
953.00000,20652.00586
953.50000,20689.24609
954.00000,20732.70898
954.50000,20780.33203
955.00000,20825.39844
955.50000,20860.83398
956.00000,20882.51953
956.50000,20888.90820
957.00000,20878.35352
957.50000,20853.47070
958.00000,20813.79492
958.50000,20765.67383
959.00000,20714.06250
959.50000,20665.32422
960.00000,20623.69922
960.50000,20588.51367
961.00000,20555.66406
961.50000,20520.00000
962.00000,20479.10547
962.50000,20433.81250
963.00000,20388.78711
963.50000,20348.19141
964.00000,20310.84961
964.50000,20271.93359
965.00000,20226.16016
965.50000,20171.09570
966.00000,20109.74023
966.50000,20048.86133
967.00000,19994.86719
967.50000,19948.55273
968.00000,19908.45898
968.50000,19869.19531
969.00000,19828.37109
969.50000,19787.42188
970.00000,19750.43359
970.50000,19720.53906
971.00000,19697.38867
971.50000,19677.84570
972.00000,19657.53516
972.50000,19634.58008
973.00000,19611.66992
973.50000,19594.10352
974.00000,19584.42383
974.50000,19582.92383
975.00000,19584.96289
975.50000,19584.45508
976.00000,19576.50195
976.50000,19560.70898
977.00000,19538.93359
977.50000,19516.71875
978.00000,19499.37305
978.50000,19488.67578
979.00000,19485.29883
979.50000,19486.20117
980.00000,19487.70117
980.50000,19486.15039
981.00000,19479.33203
981.50000,19465.92773
982.00000,19448.12109
982.50000,19428.57813
983.00000,19411.34180
983.50000,19399.89648
984.00000,19394.30273
984.50000,19393.11328
985.00000,19393.24219
985.50000,19392.35156
986.00000,19390.25000
986.50000,19388.95898
987.00000,19391.66602
987.50000,19398.92383
988.00000,19410.23242
988.50000,19421.98828
989.00000,19430.30273
989.50000,19432.59766
990.00000,19427.60352
990.50000,19414.88867
991.00000,19395.73047
991.50000,19370.15430
992.00000,19340.37109
992.50000,19306.67383
993.00000,19269.77539
993.50000,19227.48633
994.00000,19177.82617
994.50000,19119.31055
995.00000,19053.76953
995.50000,18986.65625
996.00000,18924.05273
996.50000,18867.91992
997.00000,18816.34375
997.50000,18761.59766
998.00000,18694.97852
998.50000,18614.83008
999.00000,18524.54883
999.50000,18433.45313
1000.00000,18350.91797
1000.50000,18282.75000
1001.00000,18225.96094
1001.50000,18176.41211
1002.00000,18127.59961
1002.50000,18077.69727
1003.00000,18029.06836
1003.50000,17987.16602
1004.00000,17956.08398
1004.50000,17937.86328
1005.00000,17932.60352
1005.50000,17936.59375
1006.00000,17946.76758
1006.50000,17957.52930
1007.00000,17963.67773
1007.50000,17963.25586
1008.00000,17956.24219
1008.50000,17947.41992
1009.00000,17943.06836
1009.50000,17947.94141
1010.00000,17961.71875
1010.50000,17980.69336
1011.00000,17998.22070
1011.50000,18008.99219
1012.00000,18014.49609
1012.50000,18018.96875
1013.00000,18028.11719
1013.50000,18045.48828
1014.00000,18069.58594
1014.50000,18095.28516
1015.00000,18116.87695
1015.50000,18131.79102
1016.00000,18139.17773
1016.50000,18142.65234
1017.00000,18144.25195
1017.50000,18145.56055
1018.00000,18146.63086
1018.50000,18147.01758
1019.00000,18146.38086
1019.50000,18144.55273
1020.00000,18141.39063
1020.50000,18135.77734
1021.00000,18127.06055
1021.50000,18113.80859
1022.00000,18097.34570
1022.50000,18079.79102
1023.00000,18064.44922
1023.50000,18054.03320
1024.00000,18048.78711
1024.50000,18045.41602
1025.00000,18038.36133
1025.50000,18023.32031
1026.00000,17995.50781
1026.50000,17958.55664
1027.00000,17915.99609
1027.50000,17873.75781
1028.00000,17835.75781
1028.50000,17802.35742
1029.00000,17770.80859
1029.50000,17737.37109
1030.00000,17699.62109
1030.50000,17656.10352
1031.00000,17609.78516
1031.50000,17565.03906
1032.00000,17526.82227
1032.50000,17500.52539
1033.00000,17487.29297
1033.50000,17484.74219
1034.00000,17487.82422
1034.50000,17490.49023
1035.00000,17489.97266
1035.50000,17489.10742
1036.00000,17495.35156
1036.50000,17513.72266
1037.00000,17547.66406
1037.50000,17591.76367
1038.00000,17637.78711
1038.50000,17678.44141
1039.00000,17712.02539
1039.50000,17741.23828
1040.00000,17771.12305
1040.50000,17803.15820
1041.00000,17833.16406
1041.50000,17853.43555
1042.00000,17860.82227
1042.50000,17856.46875
1043.00000,17847.33984
1043.50000,17839.74609
1044.00000,17834.49609
1044.50000,17826.67969
1045.00000,17808.42969
1045.50000,17779.26563
1046.00000,17741.70508
1046.50000,17704.18359
1047.00000,17672.97461
1047.50000,17648.48242
1048.00000,17626.60156
1048.50000,17602.68750
1049.00000,17575.72852
1049.50000,17548.49414
1050.00000,17524.80469
1050.50000,17506.99023
1051.00000,17492.09180
1051.50000,17476.68359
1052.00000,17459.48242
1052.50000,17443.33398
1053.00000,17433.86328
1053.50000,17435.10352
1054.00000,17449.40039
1054.50000,17472.25000
1055.00000,17500.81836
1055.50000,17531.20117
1056.00000,17562.72656
1056.50000,17595.23242
1057.00000,17628.22852
1057.50000,17660.55859
1058.00000,17691.85352
1058.50000,17724.06445
1059.00000,17761.04688
1059.50000,17809.17969
1060.00000,17868.45117
1060.50000,17938.49414
1061.00000,18012.38867
1061.50000,18083.06445
1062.00000,18145.12695
1062.50000,18196.11914
1063.00000,18235.82813
1063.50000,18267.29492
1064.00000,18291.61133
1064.50000,18311.79297
1065.00000,18329.31445
1065.50000,18347.37109
1066.00000,18370.45898
1066.50000,18402.78320
1067.00000,18448.50977
1067.50000,18509.67969
1068.00000,18584.00781
1068.50000,18669.03125
1069.00000,18758.36328
1069.50000,18847.50391
1070.00000,18933.74023
1070.50000,19016.75977
1071.00000,19099.82813
1071.50000,19188.42188
1072.00000,19288.11523
1072.50000,19401.89063
1073.00000,19530.07617
1073.50000,19665.12500
1074.00000,19796.56445
1074.50000,19914.49805
1075.00000,20007.68164
1075.50000,20077.34180
1076.00000,20125.55469
1076.50000,20159.55469
1077.00000,20183.57422
1077.50000,20195.12695
1078.00000,20188.69922
1078.50000,20151.56836
1079.00000,20084.32617
1079.50000,19983.40430
1080.00000,19862.23828
1080.50000,19729.91602
1081.00000,19595.61133
1081.50000,19464.04102
1082.00000,19337.36328
1082.50000,19216.99023
1083.00000,19106.78906
1083.50000,19007.77344
1084.00000,18923.67383
1084.50000,18850.45898
1085.00000,18786.92383
1085.50000,18729.95117
1086.00000,18679.33203
1086.50000,18635.63281
1087.00000,18599.08008
1087.50000,18570.27148
1088.00000,18547.96484
1088.50000,18533.86523
1089.00000,18526.68945
1089.50000,18525.97266
1090.00000,18526.67773
1090.50000,18522.48242
1091.00000,18509.17773
1091.50000,18487.50586
1092.00000,18463.31445
1092.50000,18444.62305
1093.00000,18437.99414
1093.50000,18440.49414
1094.00000,18446.42188
1094.50000,18447.66602
1095.00000,18438.75586
1095.50000,18421.11523
1096.00000,18400.10156
1096.50000,18382.95313
1097.00000,18375.06445
1097.50000,18380.08398
1098.00000,18394.05273
1098.50000,18411.78125
1099.00000,18425.27539
1099.50000,18428.14453
1100.00000,18421.62305
1100.50000,18412.04102
1101.00000,18408.80078
1101.50000,18418.00391
1102.00000,18440.30078
1102.50000,18467.94727
1103.00000,18493.66211
1103.50000,18515.25977
1104.00000,18536.63867
1104.50000,18564.67578
1105.00000,18604.67383
1105.50000,18655.02148
1106.00000,18710.24414
1106.50000,18765.77344
1107.00000,18821.02734
1107.50000,18879.72461
1108.00000,18944.50391
1108.50000,19016.60742
1109.00000,19091.78516
1109.50000,19166.42969
1110.00000,19239.48047
1110.50000,19312.86719
1111.00000,19388.96094
1111.50000,19467.21875
1112.00000,19543.53320
1112.50000,19613.13281
1113.00000,19670.33594
1113.50000,19717.62891
1114.00000,19757.92188
1114.50000,19797.27539
1115.00000,19840.10742
1115.50000,19887.84961
1116.00000,19938.72852
1116.50000,19989.39258
1117.00000,20036.56445
1117.50000,20076.90039
1118.00000,20110.83984
1118.50000,20136.80078
1119.00000,20154.75781
1119.50000,20161.83984
1120.00000,20156.87500
1120.50000,20141.38281
1121.00000,20120.41797
1121.50000,20102.21875
1122.00000,20094.76758
1122.50000,20097.85742
1123.00000,20108.28516
1123.50000,20117.26953
1124.00000,20117.33594
1124.50000,20106.66211
1125.00000,20087.43555
1125.50000,20064.24805
1126.00000,20041.84570
1126.50000,20023.80469
1127.00000,20011.31055
1127.50000,20006.84961
1128.00000,20008.87109
1128.50000,20016.52344
1129.00000,20026.84570
1129.50000,20038.45898
1130.00000,20052.17773
1130.50000,20070.21484
1131.00000,20094.43164
1131.50000,20122.51758
1132.00000,20150.76758
1132.50000,20176.58398
1133.00000,20202.11914
1133.50000,20234.17969
1134.00000,20281.63867
1134.50000,20347.19141
1135.00000,20426.02930
1135.50000,20508.23633
1136.00000,20583.24219
1136.50000,20643.10352
1137.00000,20690.46289
1137.50000,20727.78711
1138.00000,20761.55664
1138.50000,20795.16602
1139.00000,20830.22656
1139.50000,20866.97070
1140.00000,20904.79492
1140.50000,20942.29492
1141.00000,20977.12500
1141.50000,21007.40820
1142.00000,21029.41992
1142.50000,21043.07422
1143.00000,21046.67773
1143.50000,21042.46094
1144.00000,21033.45313
1144.50000,21024.22852
1145.00000,21018.81836
1145.50000,21019.40039
1146.00000,21024.01563
1146.50000,21030.31055
1147.00000,21036.34180
1147.50000,21043.26172
1148.00000,21053.46094
1148.50000,21068.49414
1149.00000,21086.00781
1149.50000,21101.03125
1150.00000,21109.00195
1150.50000,21110.29883
1151.00000,21108.04883
1151.50000,21107.44336
1152.00000,21111.29688
1152.50000,21117.58398
1153.00000,21123.13281
1153.50000,21126.25781
1154.00000,21128.45898
1154.50000,21133.59375
1155.00000,21144.97852
1155.50000,21165.46289
1156.00000,21193.54102
1156.50000,21229.41797
1157.00000,21269.66406
1157.50000,21311.08008
1158.00000,21348.69336
1158.50000,21376.79492
1159.00000,21391.72070
1159.50000,21393.78320
1160.00000,21384.68359
1160.50000,21370.05859
1161.00000,21353.58984
1161.50000,21338.68750
1162.00000,21327.90625
1162.50000,21321.63281
1163.00000,21319.50781
1163.50000,21319.10547
1164.00000,21317.28516
1164.50000,21311.46094
1165.00000,21301.39648
1165.50000,21286.94727
1166.00000,21269.11523
1166.50000,21245.93750
1167.00000,21216.62891
1167.50000,21180.33398
1168.00000,21140.11133
1168.50000,21100.83008
1169.00000,21067.00391
1169.50000,21039.59375
1170.00000,21017.29492
1170.50000,20995.93945
1171.00000,20972.36719
1171.50000,20945.73047
1172.00000,20915.30273
1172.50000,20881.12305
1173.00000,20842.53125
1173.50000,20800.08398
1174.00000,20756.80469
1174.50000,20718.10156
1175.00000,20688.38672
1175.50000,20673.15820
1176.00000,20668.94336
1176.50000,20672.51563
1177.00000,20676.73242
1177.50000,20675.91211
1178.00000,20667.83008
1178.50000,20654.18750
1179.00000,20639.50391
1179.50000,20629.28125
1180.00000,20629.05664
1180.50000,20638.14258
1181.00000,20655.80664
1181.50000,20677.10352
1182.00000,20699.43164
1182.50000,20722.60547
1183.00000,20749.23828
1183.50000,20782.74219
1184.00000,20823.88477
1184.50000,20872.10352
1185.00000,20923.47852
1185.50000,20976.82031
1186.00000,21033.28711
1186.50000,21098.33203
1187.00000,21175.54492
1187.50000,21266.25195
1188.00000,21366.21484
1188.50000,21467.62891
1189.00000,21563.76367
1189.50000,21653.28516
1190.00000,21737.74219
1190.50000,21822.24609
1191.00000,21909.56641
1191.50000,21998.27344
1192.00000,22083.69727
1192.50000,22160.29883
1193.00000,22223.69141
1193.50000,22270.48828
1194.00000,22302.74609
1194.50000,22320.67188
1195.00000,22330.59961
1195.50000,22335.39258
1196.00000,22337.52539
1196.50000,22334.46484
1197.00000,22321.84375
1197.50000,22295.58398
1198.00000,22255.90039
1198.50000,22210.07813
1199.00000,22167.25391
1199.50000,22133.13281
1200.00000,22109.70898
1200.50000,22090.08594
1201.00000,22067.52930
1201.50000,22038.36133
1202.00000,22002.21289
1202.50000,21960.68359
1203.00000,21914.73047
1203.50000,21863.13281
1204.00000,21806.83398
1204.50000,21748.66797
1205.00000,21694.31445
1205.50000,21649.03906
1206.00000,21610.94727
1206.50000,21573.40625
1207.00000,21527.51367
1207.50000,21467.95898
1208.00000,21395.10742
1208.50000,21316.97070
1209.00000,21241.64063
1209.50000,21172.97852
1210.00000,21111.13281
1210.50000,21050.77734
1211.00000,20987.21094
1211.50000,20919.01367
1212.00000,20848.48633
1212.50000,20780.41797
1213.00000,20719.03711
1213.50000,20667.84961
1214.00000,20624.73828
1214.50000,20588.57422
1215.00000,20555.56250
1215.50000,20524.51367
1216.00000,20495.10938
1216.50000,20468.21094
1217.00000,20444.83789
1217.50000,20425.76758
1218.00000,20412.67383
1218.50000,20405.76563
1219.00000,20407.48633
1219.50000,20416.49219
1220.00000,20434.04102
1220.50000,20459.28906
1221.00000,20493.18750
1221.50000,20534.96094
1222.00000,20581.47070
1222.50000,20627.63281
1223.00000,20669.04297
1223.50000,20704.59570
1224.00000,20740.43750
1224.50000,20786.14453
1225.00000,20845.29492
1225.50000,20915.93164
1226.00000,20987.43750
1226.50000,21049.18555
1227.00000,21097.47266
1227.50000,21139.50586
1228.00000,21186.76953
1228.50000,21246.03906
1229.00000,21319.49219
1229.50000,21398.53906
1230.00000,21476.82813
1230.50000,21552.40820
1231.00000,21627.46289
1231.50000,21703.50977
1232.00000,21776.75977
1232.50000,21836.82031
1233.00000,21876.45313
1233.50000,21886.19141
1234.00000,21875.63281
1234.50000,21853.43164
1235.00000,21833.02734
1235.50000,21822.93750
1236.00000,21823.26953
1236.50000,21826.85938
1237.00000,21823.34766
1237.50000,21806.31250
1238.00000,21772.64844
1238.50000,21731.48438
1239.00000,21691.99414
1239.50000,21660.45703
1240.00000,21638.21680
1240.50000,21620.46094
1241.00000,21602.02344
1241.50000,21580.65430
1242.00000,21557.62500
1242.50000,21534.71680
1243.00000,21512.24219
1243.50000,21489.10938
1244.00000,21465.24219
1244.50000,21442.73242
1245.00000,21424.05664
1245.50000,21409.48828
1246.00000,21395.01953
1246.50000,21374.57617
1247.00000,21343.10156
1247.50000,21303.27344
1248.00000,21260.72461
1248.50000,21223.30273
1249.00000,21196.80469
1249.50000,21179.39844
1250.00000,21166.15430
1250.50000,21149.95313
1251.00000,21125.36133
1251.50000,21090.19336
1252.00000,21048.86719
1252.50000,21008.40039
1253.00000,20975.73047
1253.50000,20956.39063
1254.00000,20946.29297
1254.50000,20938.58008
1255.00000,20926.13867
1255.50000,20906.98828
1256.00000,20885.55664
1256.50000,20869.87891
1257.00000,20868.34766
1257.50000,20880.64258
1258.00000,20906.27930
1258.50000,20938.03320
1259.00000,20971.83398
1259.50000,21004.87109
1260.00000,21035.85742
1260.50000,21063.86719
1261.00000,21087.99609
1261.50000,21106.84961
1262.00000,21121.46094
1262.50000,21133.25977
1263.00000,21145.67773
1263.50000,21161.22656
1264.00000,21179.08594
1264.50000,21195.16406
1265.00000,21203.63477
1265.50000,21200.45313
1266.00000,21185.02930
1266.50000,21163.64844
1267.00000,21143.33008
1267.50000,21128.69336
1268.00000,21121.13477
1268.50000,21116.25977
1269.00000,21109.72461
1269.50000,21098.98047
1270.00000,21083.43555
1270.50000,21063.55664
1271.00000,21041.17188
1271.50000,21019.14063
1272.00000,21001.55859
1272.50000,20994.35352
1273.00000,20996.85156
1273.50000,21005.36719
1274.00000,21011.07617
1274.50000,21006.21289
1275.00000,20989.48242
1275.50000,20967.95117
1276.00000,20952.17188
1276.50000,20948.32031
1277.00000,20959.07617
1277.50000,20975.50977
1278.00000,20989.89453
1278.50000,20998.70313
1279.00000,21004.86523
1279.50000,21016.26758
1280.00000,21040.28320
1280.50000,21080.91992
1281.00000,21132.91602
1281.50000,21190.17969
1282.00000,21245.49219
1282.50000,21294.76367
1283.00000,21338.31250
1283.50000,21375.45703
1284.00000,21404.60938
1284.50000,21421.94922
1285.00000,21423.69922
1285.50000,21411.78711
1286.00000,21389.49805
1286.50000,21364.67578
1287.00000,21341.69141
1287.50000,21320.55859
1288.00000,21298.89844
1288.50000,21275.15039
1289.00000,21250.72852
1289.50000,21229.12891
1290.00000,21212.43945
1290.50000,21200.24219
1291.00000,21189.22461
1291.50000,21178.08398
1292.00000,21168.82031
1292.50000,21165.91992
1293.00000,21169.84766
1293.50000,21176.88867
1294.00000,21179.84961
1294.50000,21173.17188
1295.00000,21154.88867
1295.50000,21128.74414
1296.00000,21095.77930
1296.50000,21057.06445
1297.00000,21010.46289
1297.50000,20959.40234
1298.00000,20911.78711
1298.50000,20876.87695
1299.00000,20859.19727
1299.50000,20854.94727
1300.00000,20852.81836
1300.50000,20843.86133
1301.00000,20829.11523
1301.50000,20817.08203
1302.00000,20816.26367
1302.50000,20830.94922
1303.00000,20854.43750
1303.50000,20879.35547
1304.00000,20903.87891
1304.50000,20933.33203
1305.00000,20976.90625
1305.50000,21035.66211
1306.00000,21107.57813
1306.50000,21181.38477
1307.00000,21249.54297
1307.50000,21311.80078
1308.00000,21373.98828
1308.50000,21444.84570
1309.00000,21530.90820
1309.50000,21635.50195
1310.00000,21752.78711
1310.50000,21875.02539
1311.00000,21990.39453
1311.50000,22085.52930
1312.00000,22156.87305
1312.50000,22201.54883
1313.00000,22225.23047
1313.50000,22231.71680
1314.00000,22219.94336
1314.50000,22188.74414
1315.00000,22132.78125
1315.50000,22058.59961
1316.00000,21970.62891
1316.50000,21878.25781
1317.00000,21783.96289
1317.50000,21685.69922
1318.00000,21579.29297
1318.50000,21463.75586
1319.00000,21343.61133
1319.50000,21224.91797
1320.00000,21110.81055
1320.50000,21000.79297
1321.00000,20890.81250
1321.50000,20780.41602
1322.00000,20674.92969
1322.50000,20584.70898
1323.00000,20518.17188
1323.50000,20477.63086
1324.00000,20461.82422
1324.50000,20460.39063
1325.00000,20465.77148
1325.50000,20469.10156
1326.00000,20464.35742
1326.50000,20451.78516
1327.00000,20435.22852
1327.50000,20422.44336
1328.00000,20420.39648
1328.50000,20431.55273
1329.00000,20450.65234
1329.50000,20471.68359
1330.00000,20491.28320
1330.50000,20513.18945
1331.00000,20542.84375
1331.50000,20582.33203
1332.00000,20623.51758
1332.50000,20652.94922
1333.00000,20660.10352
1333.50000,20646.56641
1334.00000,20621.39648
1334.50000,20599.62695
1335.00000,20593.38672
1335.50000,20601.77930
1336.00000,20623.33594
1336.50000,20652.42188
1337.00000,20686.60547
1337.50000,20723.58594
1338.00000,20759.50977
1338.50000,20788.63281
1339.00000,20807.93750
1339.50000,20816.43750
1340.00000,20820.84961
1340.50000,20827.48633
1341.00000,20839.91602
1341.50000,20858.20703
1342.00000,20878.29102
1342.50000,20895.51367
1343.00000,20907.38477
1343.50000,20916.34961
1344.00000,20929.20117
1344.50000,20953.03711
1345.00000,20996.66992
1345.50000,21056.51172
1346.00000,21126.44336
1346.50000,21195.48047
1347.00000,21257.04492
1347.50000,21314.11133
1348.00000,21377.10352
1348.50000,21458.68945
1349.00000,21560.29688
1349.50000,21680.76367
1350.00000,21806.63477
1350.50000,21927.89453
1351.00000,22039.45117
1351.50000,22139.25391
1352.00000,22226.96680
1352.50000,22300.88477
1353.00000,22355.65625
1353.50000,22390.92578
1354.00000,22402.32422
1354.50000,22395.17188
1355.00000,22366.01563
1355.50000,22314.56445
1356.00000,22232.99219
1356.50000,22119.67969
1357.00000,21978.53711
1357.50000,21818.41406
1358.00000,21652.55859
1358.50000,21488.40625
1359.00000,21326.39648
1359.50000,21162.32813
1360.00000,20993.74805
1360.50000,20823.15039
1361.00000,20658.13477
1361.50000,20506.49609
1362.00000,20370.86719
1362.50000,20245.65234
1363.00000,20125.48047
1363.50000,20007.07227
1364.00000,19894.17773
1364.50000,19790.52930
1365.00000,19700.29492
1365.50000,19620.06250
1366.00000,19545.30859
1366.50000,19472.62305
1367.00000,19402.98438
1367.50000,19341.55078
1368.00000,19290.98633
1368.50000,19252.65625
1369.00000,19218.86133
1369.50000,19182.00781
1370.00000,19139.12891
1370.50000,19093.71484
1371.00000,19054.61719
1371.50000,19029.72070
1372.00000,19020.44922
1372.50000,19017.14453
1373.00000,19006.01367
1373.50000,18979.66211
1374.00000,18937.72266
1374.50000,18895.16992
1375.00000,18869.62891
1375.50000,18869.13477
1376.00000,18890.16797
1376.50000,18917.07031
1377.00000,18933.83594
1377.50000,18930.88086
1378.00000,18913.45898
1378.50000,18888.50000
1379.00000,18865.24805
1379.50000,18847.51367
1380.00000,18833.53906
1380.50000,18820.20898
1381.00000,18805.31641
1381.50000,18789.05469
1382.00000,18773.55273
1382.50000,18761.40234
1383.00000,18755.59375
1383.50000,18754.69922
1384.00000,18756.31836
1384.50000,18755.58203
1385.00000,18747.49609
1385.50000,18730.00195
1386.00000,18703.85742
1386.50000,18671.38672
1387.00000,18636.22461
1387.50000,18600.55859
1388.00000,18565.97852
1388.50000,18533.98242
1389.00000,18504.52148
1389.50000,18476.12891
1390.00000,18445.06836
1390.50000,18407.17773
1391.00000,18360.81836
1391.50000,18309.59961
1392.00000,18260.24609
1392.50000,18218.68750
1393.00000,18189.60156
1393.50000,18168.18555
1394.00000,18149.15430
1394.50000,18127.17578
1395.00000,18100.49023
1395.50000,18071.25781
1396.00000,18043.09570
1396.50000,18018.57617
1397.00000,17997.82031
1397.50000,17981.30078
1398.00000,17967.87109
1398.50000,17957.62109
1399.00000,17949.57031
1399.50000,17943.70703
1400.00000,17940.88086
1400.50000,17942.89844
1401.00000,17950.74805
1401.50000,17960.93945
1402.00000,17965.55664
1402.50000,17958.82227
1403.00000,17936.97852
1403.50000,17908.37109
1404.00000,17883.52148
1404.50000,17869.30859
1405.00000,17863.90625
1405.50000,17857.14063
1406.00000,17838.52344
1406.50000,17803.05859
1407.00000,17759.66797
1407.50000,17721.20703
1408.00000,17695.64648
1408.50000,17683.93164
1409.00000,17677.42578
1409.50000,17668.14844
1410.00000,17653.16211
1410.50000,17635.51563
1411.00000,17620.54102
1411.50000,17611.22656
1412.00000,17608.83203
1412.50000,17610.10742
1413.00000,17613.13086
1413.50000,17615.86523
1414.00000,17616.19922
1414.50000,17611.60938
1415.00000,17599.37695
1415.50000,17577.57422
1416.00000,17548.40625
1416.50000,17515.14258
1417.00000,17483.41406
1417.50000,17458.35352
1418.00000,17440.35352
1418.50000,17427.91211
1419.00000,17416.16797
1419.50000,17400.83008
1420.00000,17381.43359
1420.50000,17362.41406
1421.00000,17351.29492
1421.50000,17351.65039
1422.00000,17365.51953
1422.50000,17384.82813
1423.00000,17401.56250
1423.50000,17410.56641
1424.00000,17411.33398
1424.50000,17407.67188
1425.00000,17403.45508
1425.50000,17399.31250
1426.00000,17394.02734
1426.50000,17387.34570
1427.00000,17382.06836
1427.50000,17382.54297
1428.00000,17389.33984
1428.50000,17400.31445
1429.00000,17411.70898
1429.50000,17423.38477
1430.00000,17441.41602
1430.50000,17473.65234
1431.00000,17527.31250
1431.50000,17595.02539
1432.00000,17666.77930
1432.50000,17730.01563
1433.00000,17776.17773
1433.50000,17807.10742
1434.00000,17829.68359
1434.50000,17852.38867
1435.00000,17880.89063
1435.50000,17917.10938
1436.00000,17956.92969
1436.50000,17995.19531
1437.00000,18028.41992
1437.50000,18054.57227
1438.00000,18075.64063
1438.50000,18093.91992
1439.00000,18111.04883
1439.50000,18126.94141
1440.00000,18139.83203
1440.50000,18148.40234
1441.00000,18149.51563
1441.50000,18143.03711
1442.00000,18126.48047
1442.50000,18102.03906
1443.00000,18074.16602
1443.50000,18051.07227
1444.00000,18040.95703
1444.50000,18048.70898
1445.00000,18069.61133
1445.50000,18096.43555
1446.00000,18119.45313
1446.50000,18132.62891
1447.00000,18139.09180
1447.50000,18144.20117
1448.00000,18154.08984
1448.50000,18172.62891
1449.00000,18200.25195
1449.50000,18233.18555
1450.00000,18266.24219
1450.50000,18294.00977
1451.00000,18310.55273
1451.50000,18317.06836
1452.00000,18315.92578
1452.50000,18312.63281
1453.00000,18311.22266
1453.50000,18313.21289
1454.00000,18317.69727
1454.50000,18323.33203
1455.00000,18329.09375
1455.50000,18334.58594
1456.00000,18338.78711
1456.50000,18337.59570
1457.00000,18327.01758
1457.50000,18302.10938
1458.00000,18263.01758
1458.50000,18215.02930
1459.00000,18167.14063
1459.50000,18128.52734
1460.00000,18107.16211
1460.50000,18099.24805
1461.00000,18098.97461
1461.50000,18095.32422
1462.00000,18080.55664
1462.50000,18054.66992
1463.00000,18022.57617
1463.50000,17991.12891
1464.00000,17964.71289
1464.50000,17944.04688
1465.00000,17925.34180
1465.50000,17905.53711
1466.00000,17884.45703
1466.50000,17864.68164
1467.00000,17848.69727
1467.50000,17837.46875
1468.00000,17829.99805
1468.50000,17824.97266
1469.00000,17822.55273
1469.50000,17822.57617
1470.00000,17824.05078
1470.50000,17823.52734
1471.00000,17816.67773
1471.50000,17803.84570
1472.00000,17787.84180
1472.50000,17773.00781
1473.00000,17761.83594
1473.50000,17754.82813
1474.00000,17751.78906
1474.50000,17756.56641
1475.00000,17771.64063
1475.50000,17800.47852
1476.00000,17835.23242
1476.50000,17865.89844
1477.00000,17885.56055
1477.50000,17894.85352
1478.00000,17901.41406
1478.50000,17913.66211
1479.00000,17935.44141
1479.50000,17962.06250
1480.00000,17988.44141
1480.50000,18012.75586
1481.00000,18036.75195
1481.50000,18061.65430
1482.00000,18085.15625
1482.50000,18103.29492
1483.00000,18115.44336
1483.50000,18126.25195
1484.00000,18143.70117
1484.50000,18177.32031
1485.00000,18225.28125
1485.50000,18285.87109
1486.00000,18353.46680
1486.50000,18425.21484
1487.00000,18497.89453
1487.50000,18567.29883
1488.00000,18629.05273
1488.50000,18683.74023
1489.00000,18737.21680
1489.50000,18799.58203
1490.00000,18880.94531
1490.50000,18978.56836
1491.00000,19086.08398
1491.50000,19193.00195
1492.00000,19292.84570
1492.50000,19385.62891
1493.00000,19476.71484
1493.50000,19571.20508
1494.00000,19668.75000
1494.50000,19763.95313
1495.00000,19850.69922
1495.50000,19923.03906
1496.00000,19982.44727
1496.50000,20032.60938
1497.00000,20078.19141
1497.50000,20121.35742
1498.00000,20159.29883
1498.50000,20188.60547
1499.00000,20202.27734
1499.50000,20200.65234
1500.00000,20180.29297
1500.50000,20144.85352
1501.00000,20097.46875
1501.50000,20044.62305
1502.00000,19992.95117
1502.50000,19946.23438
1503.00000,19902.56836
1503.50000,19857.70508
1504.00000,19808.76367
1504.50000,19755.26953
1505.00000,19700.26758
1505.50000,19645.19531
1506.00000,19589.07227
1506.50000,19530.57813
1507.00000,19472.91602
1507.50000,19423.97461
1508.00000,19394.99023
1508.50000,19386.04688
1509.00000,19394.80859
1509.50000,19407.18945
1510.00000,19412.40039
1510.50000,19407.16016
1511.00000,19395.75781
1511.50000,19386.38672
1512.00000,19384.86328
1512.50000,19393.67578
1513.00000,19409.10352
1513.50000,19427.60938
1514.00000,19445.24219
1514.50000,19461.03320
1515.00000,19477.17383
1515.50000,19496.54688
1516.00000,19519.48438
1516.50000,19543.12500
1517.00000,19563.61914
1517.50000,19580.53711
1518.00000,19597.83398
1518.50000,19620.95508
1519.00000,19652.48438
1519.50000,19684.06055
1520.00000,19703.58594
1520.50000,19704.90820
1521.00000,19691.58203
1521.50000,19675.32227
1522.00000,19667.17578
1522.50000,19669.86328
1523.00000,19673.30664
1523.50000,19665.76563
1524.00000,19648.16211
1524.50000,19630.20703
1525.00000,19624.67188
1525.50000,19637.03320
1526.00000,19659.11523
1526.50000,19674.26367
1527.00000,19666.37695
1527.50000,19638.18359
1528.00000,19598.29688
1528.50000,19563.15820
1529.00000,19545.85352
1529.50000,19548.60156
1530.00000,19570.86328
1530.50000,19606.88086
1531.00000,19649.35938
1531.50000,19691.12305
1532.00000,19727.04297
1532.50000,19753.22852
1533.00000,19772.24023
1533.50000,19786.92773
1534.00000,19802.64258
1534.50000,19824.64648
1535.00000,19856.56055
1535.50000,19899.56250
1536.00000,19952.68359
1536.50000,20011.34766
1537.00000,20071.44141
1537.50000,20130.10156
1538.00000,20187.07227
1538.50000,20243.89258
1539.00000,20300.38672
1539.50000,20354.24609
1540.00000,20402.42578
1540.50000,20443.93164
1541.00000,20480.72461
1541.50000,20514.81641
1542.00000,20547.36523
1542.50000,20575.29102
1543.00000,20595.59180
1543.50000,20602.00781
1544.00000,20592.54688
1544.50000,20564.69922
1545.00000,20521.31250
1545.50000,20469.04297
1546.00000,20414.57422
1546.50000,20360.95117
1547.00000,20303.60938
1547.50000,20237.15039
1548.00000,20158.36914
1548.50000,20075.84570
1549.00000,20002.32227
1549.50000,19946.04883
1550.00000,19906.25586
1550.50000,19873.18555
1551.00000,19837.62695
1551.50000,19797.06250
1552.00000,19755.06055
1552.50000,19714.18359
1553.00000,19673.44531
1553.50000,19631.11914
1554.00000,19589.75391
1554.50000,19556.19531
1555.00000,19534.94141
1555.50000,19521.95508
1556.00000,19506.87891
1556.50000,19480.51953
1557.00000,19437.90039
1557.50000,19388.70313
1558.00000,19342.48438
1558.50000,19302.47852
1559.00000,19265.12500
1559.50000,19224.37500
1560.00000,19178.43359
1560.50000,19131.29297
1561.00000,19089.26367
1561.50000,19055.27734
1562.00000,19023.73047
1562.50000,18987.84180
1563.00000,18945.49609
1563.50000,18899.93164
1564.00000,18858.19727
1564.50000,18824.88281
1565.00000,18797.51172
1565.50000,18767.92578
1566.00000,18728.74609
1566.50000,18680.86914
1567.00000,18628.52344
1567.50000,18578.79102
1568.00000,18535.41211
1568.50000,18495.92773
1569.00000,18455.07227
1569.50000,18408.42578
1570.00000,18354.29297
1570.50000,18292.21484
1571.00000,18226.11133
1571.50000,18163.16406
1572.00000,18112.95898
1572.50000,18086.98242
1573.00000,18083.28516
1573.50000,18091.59375
1574.00000,18092.46680
1574.50000,18069.54102
1575.00000,18017.62695
1575.50000,17953.43359
1576.00000,17899.62500
1576.50000,17866.25977
1577.00000,17852.33203
1577.50000,17840.86719
1578.00000,17819.06836
1578.50000,17787.85547
1579.00000,17760.05664
1579.50000,17747.08203
1580.00000,17746.02148
1580.50000,17744.78320
1581.00000,17732.13086
1581.50000,17704.85938
1582.00000,17674.92383
1582.50000,17654.14453
1583.00000,17643.40430
1583.50000,17635.91602
1584.00000,17624.43359
1584.50000,17607.82031
1585.00000,17588.43555
1585.50000,17566.86133
1586.00000,17535.48242
1586.50000,17490.93750
1587.00000,17434.01367
1587.50000,17376.39844
1588.00000,17328.85742
1588.50000,17291.65039
1589.00000,17252.69531
1589.50000,17196.88086
1590.00000,17122.51758
1590.50000,17035.50781
1591.00000,16949.92969
1591.50000,16873.95313
1592.00000,16805.10938
1592.50000,16737.94922
1593.00000,16669.22852
1593.50000,16600.54688
1594.00000,16534.26563
1594.50000,16469.18750
1595.00000,16400.64258
1595.50000,16325.90039
1596.00000,16246.85840
1596.50000,16172.55273
1597.00000,16113.56152
1597.50000,16073.21777
1598.00000,16049.57715
1598.50000,16035.63379
1599.00000,16023.97754
1599.50000,16012.65625
1600.00000,16004.42871
1600.50000,16006.03320
1601.00000,16019.20215
1601.50000,16047.19043
1602.00000,16088.15039
1602.50000,16142.31738
1603.00000,16207.12012
1603.50000,16278.09082
1604.00000,16349.53809
1604.50000,16416.79492
1605.00000,16478.78516
1605.50000,16541.18945
1606.00000,16611.50977
1606.50000,16690.60938
1607.00000,16774.34375
1607.50000,16854.30664
1608.00000,16924.05859
1608.50000,16982.59961
1609.00000,17036.18945
1609.50000,17091.78711
1610.00000,17151.69336
1610.50000,17212.58398
1611.00000,17266.18359
1611.50000,17300.74219
1612.00000,17310.34570
1612.50000,17295.51367
1613.00000,17264.40625
1613.50000,17227.87500
1614.00000,17191.79492
1614.50000,17155.13086
1615.00000,17108.68555
1615.50000,17046.24414
1616.00000,16963.66992
1616.50000,16866.56055
1617.00000,16759.02930
1617.50000,16642.91016
1618.00000,16516.50000
1618.50000,16376.41504
1619.00000,16227.34961
1619.50000,16074.67969
1620.00000,15923.07910
1620.50000,15769.79102
1621.00000,15607.67188
1621.50000,15429.29199
1622.00000,15240.12988
1622.50000,15054.19727
1623.00000,14885.39941
1623.50000,14735.43262
1624.00000,14597.27637
1624.50000,14455.87598
1625.00000,14303.11719
1625.50000,14146.01563
1626.00000,13995.22266
1626.50000,13856.03516
1627.00000,13725.76172
1627.50000,13597.18164
1628.00000,13467.04297
1628.50000,13340.23926
1629.00000,13222.33398
1629.50000,13116.87793
1630.00000,13016.54395
1630.50000,12914.18164
1631.00000,12806.96289
1631.50000,12698.57227
1632.00000,12594.31348
1632.50000,12496.37012
1633.00000,12404.03125
1633.50000,12314.77930
1634.00000,12229.27734
1634.50000,12147.26074
1635.00000,12067.67188
1635.50000,11986.47168
1636.00000,11899.85547
1636.50000,11808.37109
1637.00000,11717.33984
1637.50000,11633.46289
1638.00000,11558.81348
1638.50000,11492.67871
1639.00000,11429.39355
1639.50000,11365.51465
1640.00000,11300.77832
1640.50000,11237.91699
1641.00000,11179.32324
1641.50000,11125.56543
1642.00000,11074.71777
1642.50000,11023.55859
1643.00000,10969.39355
1643.50000,10912.47656
1644.00000,10853.53418
1644.50000,10793.81445
1645.00000,10732.46094
1645.50000,10667.58008
1646.00000,10596.62695
1646.50000,10520.47070
1647.00000,10443.50586
1647.50000,10372.53320
1648.00000,10311.90527
1648.50000,10264.52148
1649.00000,10222.77930
1649.50000,10176.95898
1650.00000,10120.82422
1650.50000,10052.89063
1651.00000,9979.31934
1651.50000,9908.33887
1652.00000,9845.35156
1652.50000,9788.09961
1653.00000,9732.45801
1653.50000,9675.07422
1654.00000,9616.40918
1654.50000,9559.90332
1655.00000,9508.22852
1655.50000,9459.40039
1656.00000,9409.08496
1656.50000,9353.35840
1657.00000,9292.05176
1657.50000,9228.38477
1658.00000,9168.27539
1658.50000,9117.90625
1659.00000,9076.87207
1659.50000,9044.12207
1660.00000,9014.23828
1660.50000,8982.40918
1661.00000,8947.16113
1661.50000,8910.84766
1662.00000,8877.46777
1662.50000,8848.90723
1663.00000,8824.90625
1663.50000,8801.32520
1664.00000,8775.57031
1664.50000,8748.65625
1665.00000,8723.33398
1665.50000,8701.06250
1666.00000,8680.10059
1666.50000,8656.64551
1667.00000,8629.44922
1667.50000,8600.61914
1668.00000,8574.56445
1668.50000,8554.74316
1669.00000,8538.44043
1669.50000,8519.95605
1670.00000,8494.76465
1670.50000,8461.75000
1671.00000,8423.66211
1671.50000,8385.16992
1672.00000,8349.65039
1672.50000,8316.65625
1673.00000,8284.69336
1673.50000,8252.36523
1674.00000,8220.80566
1674.50000,8193.12988
1675.00000,8172.32715
1675.50000,8157.58594
1676.00000,8144.93652
1676.50000,8130.17188
1677.00000,8112.12256
1677.50000,8092.19287
1678.00000,8072.61719
1678.50000,8051.87109
1679.00000,8026.83936
1679.50000,7995.67529
1680.00000,7962.15234
1680.50000,7933.07129
1681.00000,7911.94434
1681.50000,7894.92285
1682.00000,7875.04883
1682.50000,7848.68066
1683.00000,7817.45166
1683.50000,7789.03564
1684.00000,7768.52393
1684.50000,7754.23047
1685.00000,7740.64893
1685.50000,7722.07129
1686.00000,7697.45898
1686.50000,7669.46582
1687.00000,7642.62061
1687.50000,7620.41504
1688.00000,7601.71631
1688.50000,7582.88770
1689.00000,7559.68457
1689.50000,7530.66846
1690.00000,7499.29932
1690.50000,7471.82959
1691.00000,7453.90479
1691.50000,7443.41553
1692.00000,7435.61133
1692.50000,7425.21240
1693.00000,7410.01855
1693.50000,7391.80957
1694.00000,7371.84570
1694.50000,7350.24707
1695.00000,7327.18652
1695.50000,7304.95605
1696.00000,7287.08789
1696.50000,7277.06592
1697.00000,7271.09180
1697.50000,7264.51123
1698.00000,7254.28809
1698.50000,7241.04346
1699.00000,7228.84814
1699.50000,7220.45215
1700.00000,7214.44873
1700.50000,7206.62256
1701.00000,7192.61377
1701.50000,7172.34863
1702.00000,7147.64111
1702.50000,7123.38965
1703.00000,7103.30664
1703.50000,7088.49316
1704.00000,7078.45020
1704.50000,7070.34668
1705.00000,7060.34326
1705.50000,7045.44141
1706.00000,7025.77100
1706.50000,7002.89941
1707.00000,6981.71777
1707.50000,6967.97119
1708.00000,6963.63574
1708.50000,6969.15820
1709.00000,6980.23047
1709.50000,6989.97852
1710.00000,6992.19043
1710.50000,6986.06250
1711.00000,6973.31641
1711.50000,6959.49023
1712.00000,6947.60303
1712.50000,6936.13330
1713.00000,6921.22852
1713.50000,6901.53027
1714.00000,6879.98975
1714.50000,6863.29688
1715.00000,6856.09668
1715.50000,6857.59326
1716.00000,6859.69092
1716.50000,6852.43359
1717.00000,6833.03125
1717.50000,6804.24268
1718.00000,6777.36230
1718.50000,6762.25879
1719.00000,6761.65332
1719.50000,6769.14648
1720.00000,6773.55225
1720.50000,6768.04541
1721.00000,6751.23047
1721.50000,6730.81055
1722.00000,6712.25488
1722.50000,6696.07129
1723.00000,6678.95898
1723.50000,6659.70068
1724.00000,6641.75879
1724.50000,6631.00195
1725.00000,6628.65479
1725.50000,6630.19922
1726.00000,6628.19922
1726.50000,6617.68994
1727.00000,6601.14209
1727.50000,6582.28174
1728.00000,6564.40137
1728.50000,6548.72510
1729.00000,6536.66504
1729.50000,6529.96191
1730.00000,6530.26855
1730.50000,6532.64697
1731.00000,6529.77783
1731.50000,6518.02441
1732.00000,6497.67334
1732.50000,6476.72021
1733.00000,6462.92285
1733.50000,6457.79150
1734.00000,6456.55566
1734.50000,6452.90625
1735.00000,6444.40430
1735.50000,6433.51563
1736.00000,6424.54834
1736.50000,6418.63770
1737.00000,6412.42578
1737.50000,6402.29395
1738.00000,6389.59717
1738.50000,6378.88330
1739.00000,6372.80176
1739.50000,6367.21191
1740.00000,6352.37939
1740.50000,6326.48438
1741.00000,6294.61377
1741.50000,6269.35742
1742.00000,6261.09180
1742.50000,6266.74316
1743.00000,6274.93506
1743.50000,6276.94873
1744.00000,6272.36084
1744.50000,6265.89111
1745.00000,6261.69580
1745.50000,6258.21143
1746.00000,6251.72559
1746.50000,6240.97754
1747.00000,6229.81592
1747.50000,6222.68506
1748.00000,6220.03662
1748.50000,6218.84375
1749.00000,6216.32129
1749.50000,6212.60010
1750.00000,6209.59424
1750.50000,6207.25537
1751.00000,6202.64941
1751.50000,6193.34521
1752.00000,6180.33545
1752.50000,6169.89697
1753.00000,6167.71387
1753.50000,6174.94482
1754.00000,6185.46924
1754.50000,6191.15674
1755.00000,6189.79053
1755.50000,6182.49219
1756.00000,6173.96777
1756.50000,6166.49561
1757.00000,6160.07471
1757.50000,6154.66602
1758.00000,6151.08936
1758.50000,6149.19873
1759.00000,6146.90088
1759.50000,6142.15723
1760.00000,6135.60059
1760.50000,6130.76318
1761.00000,6129.86621
1761.50000,6129.57520
1762.00000,6123.57910
1762.50000,6108.75879
1763.00000,6087.66846
1763.50000,6065.19189
1764.00000,6045.41553
1764.50000,6030.38184
1765.00000,6019.86279
1765.50000,6015.16455
1766.00000,6013.74658
1766.50000,6009.79834
1767.00000,5998.18262
1767.50000,5978.64697
1768.00000,5955.38428
1768.50000,5933.68213
1769.00000,5914.83740
1769.50000,5897.07227
1770.00000,5880.98633
1770.50000,5868.65332
1771.00000,5861.02588
1771.50000,5854.46777
1772.00000,5845.72363
1772.50000,5835.80078
1773.00000,5829.33691
1773.50000,5827.93896
1774.00000,5825.95557
1774.50000,5815.31006
1775.00000,5795.76270
1775.50000,5772.25342
1776.00000,5751.92041
1776.50000,5736.85742
1777.00000,5725.59717
1777.50000,5717.61328
1778.00000,5714.97314
1778.50000,5716.54492
1779.00000,5717.51758
1779.50000,5711.85986
1780.00000,5695.36328
1780.50000,5673.64551
1781.00000,5652.74512
1781.50000,5636.62305
1782.00000,5625.78564
1782.50000,5618.06055
1783.00000,5609.76709
1783.50000,5598.07764
1784.00000,5584.10742
1784.50000,5573.55273
1785.00000,5571.25684
1785.50000,5577.75732
1786.00000,5585.46191
1786.50000,5584.65088
1787.00000,5571.66553
1787.50000,5553.20410
1788.00000,5537.37158
1788.50000,5528.12695
1789.00000,5526.15771
1789.50000,5526.13379
1790.00000,5524.63770
1790.50000,5520.04248
1791.00000,5513.27148
1791.50000,5508.61963
1792.00000,5509.66455
1792.50000,5515.81445
1793.00000,5520.70996
1793.50000,5516.57861
1794.00000,5506.23438
1794.50000,5494.25830
1795.00000,5482.96436
1795.50000,5468.37061
1796.00000,5447.98633
1796.50000,5428.03174
1797.00000,5419.05078
1797.50000,5422.96826
1798.00000,5430.93115
1798.50000,5430.19531
1799.00000,5417.60547
1799.50000,5402.80957
1800.00000,5394.20313
1800.50000,5390.12451
1801.00000,5385.04395
1801.50000,5377.31982
1802.00000,5369.48340
1802.50000,5362.17285
1803.00000,5353.13232
1803.50000,5342.66113
1804.00000,5335.67822
1804.50000,5335.79785
1805.00000,5336.70996
1805.50000,5331.81787
1806.00000,5323.64355
1806.50000,5322.99854
1807.00000,5333.93066
1807.50000,5344.42090
1808.00000,5339.50586
1808.50000,5322.38379
1809.00000,5306.17920
1809.50000,5297.57275
1810.00000,5289.81738
