440.00000,13955.68066
440.50000,13965.90039
441.00000,13978.80078
441.50000,13992.25684
442.00000,14004.72754
442.50000,14015.39258
443.00000,14023.78125
443.50000,14028.62207
444.00000,14029.22168
444.50000,14027.03711
445.00000,14025.55762
445.50000,14028.05371
446.00000,14037.50195
446.50000,14052.37695
447.00000,14068.49609
447.50000,14080.71094
448.00000,14085.27148
448.50000,14082.22363
449.00000,14073.36328
449.50000,14062.32715
450.00000,14052.07520
450.50000,14043.65039
451.00000,14036.63184
451.50000,14030.64551
452.00000,14025.10840
452.50000,14020.04980
453.00000,14015.45117
453.50000,14011.18945
454.00000,14006.92480
454.50000,14002.21191
455.00000,13996.72656
455.50000,13990.40137
456.00000,13982.84766
456.50000,13974.15332
457.00000,13964.20703
457.50000,13954.16895
458.00000,13945.80469
458.50000,13941.08301
459.00000,13942.04297
459.50000,13950.93262
460.00000,13966.58691
460.50000,13987.30762
461.00000,14009.17676
461.50000,14028.17090
462.00000,14041.21387
462.50000,14046.38281
463.00000,14046.38281
463.50000,14044.50781
464.00000,14044.09375
464.50000,14046.86914
465.00000,14051.67773
465.50000,14054.31641
466.00000,14049.91406
466.50000,14037.84863
467.00000,14017.74512
467.50000,13994.05176
468.00000,13971.88770
468.50000,13954.08008
469.00000,13941.01660
469.50000,13931.82031
470.00000,13924.11523
470.50000,13916.63184
471.00000,13909.39355
471.50000,13903.18359
472.00000,13898.31641
472.50000,13894.61914
473.00000,13890.82715
473.50000,13885.74023
474.00000,13878.69434
474.50000,13869.94629
475.00000,13859.81641
475.50000,13849.21387
476.00000,13838.59766
476.50000,13828.09863
477.00000,13817.71777
477.50000,13807.42383
478.00000,13797.36328
478.50000,13787.91797
479.00000,13779.57813
479.50000,13773.17578
480.00000,13768.87988
480.50000,13767.40527
481.00000,13767.61719
481.50000,13768.32813
482.00000,13768.38086
482.50000,13767.14746
483.00000,13765.07813
483.50000,13764.13477
484.00000,13767.03320
484.50000,13774.90430
485.00000,13789.17480
485.50000,13807.39941
486.00000,13826.39063
486.50000,13841.68457
487.00000,13850.22070
487.50000,13852.08398
488.00000,13849.86621
488.50000,13848.37793
489.00000,13852.65332
489.50000,13865.21973
490.00000,13882.74414
490.50000,13900.67969
491.00000,13913.35938
491.50000,13914.49902
492.00000,13905.76367
492.50000,13890.67090
493.00000,13873.57129
493.50000,13857.90137
494.00000,13844.86523
494.50000,13832.47168
495.00000,13818.69141
495.50000,13803.67969
496.00000,13789.33887
496.50000,13778.79883
497.00000,13776.00488
497.50000,13781.40332
498.00000,13793.49316
498.50000,13810.90918
499.00000,13831.24805
499.50000,13853.97656
500.00000,13878.16211
500.50000,13903.45215
501.00000,13928.94824
501.50000,13953.69531
502.00000,13977.04688
502.50000,13999.04004
503.00000,14020.39160
503.50000,14041.59570
504.00000,14062.19531
504.50000,14081.04688
505.00000,14094.65137
505.50000,14100.83789
506.00000,14096.68359
506.50000,14081.92090
507.00000,14056.95117
507.50000,14023.85547
508.00000,13987.61523
508.50000,13954.00195
509.00000,13926.34961
509.50000,13907.96191
510.00000,13896.32422
510.50000,13888.64453
511.00000,13879.45410
511.50000,13865.26270
512.00000,13845.54492
512.50000,13822.42480
513.00000,13799.46191
513.50000,13780.97949
514.00000,13771.10840
514.50000,13769.09277
515.00000,13775.87109
515.50000,13788.92969
516.00000,13806.54688
516.50000,13825.82324
517.00000,13844.17188
517.50000,13860.15527
518.00000,13873.80469
518.50000,13885.69434
519.00000,13897.60156
519.50000,13910.79883
520.00000,13924.85742
520.50000,13938.48145
521.00000,13950.06055
521.50000,13958.21875
522.00000,13962.37402
522.50000,13963.81836
523.00000,13962.93457
523.50000,13960.10742
524.00000,13954.10352
524.50000,13944.57129
525.00000,13931.12402
525.50000,13916.05176
526.00000,13902.00098
526.50000,13891.51953
527.00000,13886.06152
527.50000,13886.65039
528.00000,13891.43066
528.50000,13899.72949
529.00000,13910.21680
529.50000,13922.94336
530.00000,13937.40723
530.50000,13953.37988
531.00000,13970.18164
531.50000,13987.63672
532.00000,14006.00879
532.50000,14025.30957
533.00000,14044.78418
533.50000,14061.85449
534.00000,14071.90820
534.50000,14073.35645
535.00000,14064.65137
535.50000,14048.67383
536.00000,14030.12500
536.50000,14014.40527
537.00000,14003.23828
537.50000,13995.85840
538.00000,13988.99902
538.50000,13979.83594
539.00000,13968.40820
539.50000,13957.87988
540.00000,13951.90234
540.50000,13952.92090
541.00000,13960.57324
541.50000,13972.03906
542.00000,13984.16016
542.50000,13995.23047
543.00000,14006.15820
543.50000,14018.70801
544.00000,14034.44238
544.50000,14052.41016
545.00000,14069.48047
545.50000,14081.85742
546.00000,14087.11523
546.50000,14083.90723
547.00000,14073.70996
547.50000,14056.76660
548.00000,14035.58301
548.50000,14011.25293
549.00000,13985.67285
549.50000,13960.46875
550.00000,13937.30859
550.50000,13917.70313
551.00000,13902.58789
551.50000,13890.75977
552.00000,13881.64941
552.50000,13874.13770
553.00000,13868.48242
553.50000,13865.04688
554.00000,13865.69238
554.50000,13870.75195
555.00000,13880.31641
555.50000,13893.10254
556.00000,13906.69141
556.50000,13918.15430
557.00000,13925.93945
557.50000,13930.66504
558.00000,13936.15332
558.50000,13947.90039
559.00000,13969.47852
559.50000,14004.18457
560.00000,14049.54688
560.50000,14098.44922
561.00000,14144.03613
561.50000,14181.48633
562.00000,14206.27344
562.50000,14220.27344
563.00000,14223.62988
563.50000,14220.55273
564.00000,14211.62598
564.50000,14197.93945
565.00000,14180.29395
565.50000,14160.05371
566.00000,14139.67285
566.50000,14121.28418
567.00000,14105.25000
567.50000,14091.38672
568.00000,14077.86230
568.50000,14062.71484
569.00000,14044.81738
569.50000,14024.82422
570.00000,14004.70605
570.50000,13987.11035
571.00000,13974.99805
571.50000,13968.96875
572.00000,13969.40625
572.50000,13971.35645
573.00000,13970.33398
573.50000,13963.11719
574.00000,13947.36816
574.50000,13923.98926
575.00000,13896.24609
575.50000,13868.29102
576.00000,13842.79004
576.50000,13821.59668
577.00000,13804.14160
577.50000,13790.89160
578.00000,13781.23145
578.50000,13775.46484
579.00000,13773.25781
579.50000,13774.45996
580.00000,13778.99414
580.50000,13786.57422
581.00000,13797.94141
581.50000,13811.91406
582.00000,13826.56836
582.50000,13838.69434
583.00000,13844.15234
583.50000,13841.38184
584.00000,13830.44434
584.50000,13815.65332
585.00000,13802.38281
585.50000,13794.06250
586.00000,13790.19824
586.50000,13788.87012
587.00000,13786.33105
587.50000,13780.49219
588.00000,13773.45508
588.50000,13768.55762
589.00000,13768.37402
589.50000,13773.30371
590.00000,13781.73242
590.50000,13790.32910
591.00000,13797.40723
591.50000,13803.99316
592.00000,13811.90918
592.50000,13821.68262
593.00000,13831.81055
593.50000,13838.32715
594.00000,13837.77734
594.50000,13830.52637
595.00000,13821.09277
595.50000,13815.61719
596.00000,13817.80957
596.50000,13829.88379
597.00000,13845.17676
597.50000,13855.46680
598.00000,13856.04883
598.50000,13845.70898
599.00000,13828.04395
599.50000,13809.33691
600.00000,13795.16406
600.50000,13785.37988
601.00000,13777.31836
601.50000,13767.24316
602.00000,13753.10352
602.50000,13736.91992
603.00000,13723.78516
603.50000,13719.10742
604.00000,13724.59277
604.50000,13739.27148
605.00000,13758.04980
605.50000,13775.81152
606.00000,13788.70117
606.50000,13793.64453
607.00000,13793.53613
607.50000,13790.71094
608.00000,13787.84375
608.50000,13786.37793
609.00000,13786.16016
609.50000,13785.25195
610.00000,13780.57617
610.50000,13771.13379
611.00000,13755.90332
611.50000,13737.65430
612.00000,13719.69043
612.50000,13706.05566
613.00000,13700.69629
613.50000,13704.18555
614.00000,13714.60449
614.50000,13729.72754
615.00000,13745.79883
615.50000,13759.28809
616.00000,13767.59668
616.50000,13767.38965
617.00000,13759.00488
617.50000,13743.00293
618.00000,13723.00195
618.50000,13704.64063
619.00000,13694.94141
619.50000,13698.29883
620.00000,13716.47656
620.50000,13742.28418
621.00000,13768.90918
621.50000,13789.46777
622.00000,13799.33984
622.50000,13800.01465
623.00000,13797.51953
623.50000,13798.54395
624.00000,13805.98340
624.50000,13820.03027
625.00000,13836.28418
625.50000,13850.01367
626.00000,13858.38574
626.50000,13860.97656
627.00000,13860.53711
627.50000,13859.24121
628.00000,13858.33594
628.50000,13858.00977
629.00000,13858.31934
629.50000,13860.00586
630.00000,13865.42383
630.50000,13875.01367
631.00000,13888.71387
631.50000,13903.24219
632.00000,13914.06250
632.50000,13917.07813
633.00000,13911.38086
633.50000,13900.26367
634.00000,13889.50195
634.50000,13884.66602
635.00000,13886.83203
635.50000,13895.48438
636.00000,13904.90234
636.50000,13908.54102
637.00000,13903.33496
637.50000,13889.22949
638.00000,13868.58301
638.50000,13845.61230
639.00000,13823.45313
639.50000,13803.49707
640.00000,13785.68750
640.50000,13768.97168
641.00000,13753.79785
641.50000,13741.28223
642.00000,13733.26172
642.50000,13730.80469
643.00000,13733.09766
643.50000,13737.57617
644.00000,13741.31543
644.50000,13742.46484
645.00000,13741.79297
645.50000,13740.97754
646.00000,13742.14648
646.50000,13746.88965
647.00000,13754.19922
647.50000,13762.16895
648.00000,13769.15430
648.50000,13774.64160
649.00000,13778.85547
649.50000,13782.90332
650.00000,13787.40234
650.50000,13791.87598
651.00000,13795.27441
651.50000,13796.75781
652.00000,13795.81445
652.50000,13792.16602
653.00000,13785.93652
653.50000,13776.22852
654.00000,13763.74219
654.50000,13748.95215
655.00000,13734.00098
655.50000,13721.29199
656.00000,13712.23242
656.50000,13706.93359
657.00000,13703.31055
657.50000,13698.04688
658.00000,13688.79980
658.50000,13676.16406
659.00000,13661.83594
659.50000,13649.10840
660.00000,13641.34180
660.50000,13639.46387
661.00000,13642.66602
661.50000,13648.51465
662.00000,13654.67090
662.50000,13659.56250
663.00000,13662.97656
663.50000,13665.54883
664.00000,13668.95313
664.50000,13674.75977
665.00000,13682.50098
665.50000,13690.58984
666.00000,13696.55762
666.50000,13698.44727
667.00000,13696.18164
667.50000,13693.03027
668.00000,13694.70410
668.50000,13703.74902
669.00000,13721.34766
669.50000,13742.19141
670.00000,13760.11328
670.50000,13770.44043
671.00000,13771.90137
671.50000,13768.87988
672.00000,13768.62109
672.50000,13776.24219
673.00000,13791.10938
673.50000,13811.37207
674.00000,13832.21777
674.50000,13851.49805
675.00000,13870.57715
675.50000,13892.83691
676.00000,13919.83789
676.50000,13949.88867
677.00000,13978.68457
677.50000,14001.60938
678.00000,14013.50684
678.50000,14015.12500
679.00000,14006.98438
679.50000,13993.10742
680.00000,13974.95898
680.50000,13954.20117
681.00000,13932.32910
681.50000,13911.08887
682.00000,13892.03809
682.50000,13876.18555
683.00000,13861.78711
683.50000,13846.95898
684.00000,13830.47168
684.50000,13812.21680
685.00000,13793.69629
685.50000,13776.73633
686.00000,13762.37012
686.50000,13749.75391
687.00000,13737.67773
687.50000,13725.35156
688.00000,13712.82813
688.50000,13700.49023
689.00000,13687.99707
689.50000,13673.79199
690.00000,13655.24219
690.50000,13631.62598
691.00000,13604.81348
691.50000,13578.73926
692.00000,13557.68848
692.50000,13546.35938
693.00000,13543.51270
693.50000,13547.92969
694.00000,13554.13184
694.50000,13558.89063
695.00000,13561.53516
695.50000,13563.75781
696.00000,13568.88574
696.50000,13580.05859
697.00000,13601.53320
697.50000,13633.25098
698.00000,13675.81641
698.50000,13724.53711
699.00000,13775.00488
699.50000,13821.29297
700.00000,13857.52441
700.50000,13879.96973
701.00000,13889.28223
701.50000,13888.77344
702.00000,13886.19629
702.50000,13886.85547
703.00000,13891.95898
703.50000,13900.38867
704.00000,13908.28613
704.50000,13912.41504
705.00000,13912.64844
705.50000,13912.87305
706.00000,13918.18066
706.50000,13930.68848
707.00000,13951.27539
707.50000,13975.48926
708.00000,13999.43652
708.50000,14020.46387
709.00000,14038.26660
709.50000,14055.57520
710.00000,14074.92188
710.50000,14097.63281
711.00000,14123.17285
711.50000,14150.84375
712.00000,14179.29688
712.50000,14207.83594
713.00000,14235.80371
713.50000,14262.54102
714.00000,14288.12109
714.50000,14313.39160
715.00000,14339.67285
715.50000,14367.32520
716.00000,14394.28516
716.50000,14416.02637
717.00000,14422.02637
717.50000,14411.27051
718.00000,14381.82129
718.50000,14340.98926
719.00000,14295.84375
719.50000,14251.91113
720.00000,14209.93457
720.50000,14166.09766
721.00000,14115.94141
721.50000,14057.92090
722.00000,13997.83203
722.50000,13943.29297
723.00000,13899.23047
723.50000,13868.46289
724.00000,13847.90039
724.50000,13832.74512
725.00000,13819.18164
725.50000,13805.46875
726.00000,13791.24805
726.50000,13775.64160
727.00000,13755.76563
727.50000,13730.23438
728.00000,13698.22754
728.50000,13663.04980
729.00000,13630.04785
729.50000,13603.08887
730.00000,13581.48633
730.50000,13561.94043
731.00000,13540.07813
731.50000,13512.88770
732.00000,13482.68359
732.50000,13453.75391
733.00000,13430.74805
733.50000,13415.60645
734.00000,13405.52441
734.50000,13395.65527
735.00000,13381.21191
735.50000,13360.28418
736.00000,13331.63574
736.50000,13298.74609
737.00000,13264.98340
737.50000,13234.78516
738.00000,13212.03320
738.50000,13197.96680
739.00000,13191.61523
739.50000,13189.96387
740.00000,13188.25293
740.50000,13182.42578
741.00000,13172.26367
741.50000,13160.31836
742.00000,13151.91895
742.50000,13151.32227
743.00000,13158.03613
743.50000,13168.54590
744.00000,13177.49512
744.50000,13180.85449
745.00000,13176.96680
745.50000,13169.37793
746.00000,13162.96094
746.50000,13160.77246
747.00000,13164.18066
747.50000,13171.30664
748.00000,13180.33203
748.50000,13189.98926
749.00000,13200.09766
749.50000,13211.01953
750.00000,13222.30078
750.50000,13232.08789
751.00000,13238.77930
751.50000,13240.45313
752.00000,13237.85156
752.50000,13231.84570
753.00000,13223.95215
753.50000,13214.79785
754.00000,13203.56152
754.50000,13188.88965
755.00000,13168.99512
755.50000,13144.74219
756.00000,13116.79297
756.50000,13087.91016
757.00000,13060.63965
757.50000,13036.77539
758.00000,13017.32520
758.50000,13002.26953
759.00000,12990.30371
759.50000,12980.69727
760.00000,12972.66406
760.50000,12966.54102
761.00000,12961.89746
761.50000,12958.22852
762.00000,12954.11914
762.50000,12947.93652
763.00000,12938.97070
763.50000,12928.62598
764.00000,12919.59082
764.50000,12913.90527
765.00000,12912.76855
765.50000,12913.53809
766.00000,12912.55762
766.50000,12906.97852
767.00000,12895.89551
767.50000,12882.93750
768.00000,12874.43945
768.50000,12876.04590
769.00000,12888.48145
769.50000,12910.83398
770.00000,12936.48926
770.50000,12959.47754
771.00000,12976.33691
771.50000,12985.44824
772.00000,12989.26465
772.50000,12990.98633
773.00000,12992.38672
773.50000,12993.38281
774.00000,12992.65918
774.50000,12989.87793
775.00000,12986.06348
775.50000,12984.38672
776.00000,12989.20898
776.50000,13001.77832
777.00000,13019.49707
777.50000,13035.93066
778.00000,13044.63281
778.50000,13041.24316
779.00000,13028.78418
779.50000,13012.48047
780.00000,13000.06055
780.50000,12997.38086
781.00000,13002.89844
781.50000,13011.32227
782.00000,13016.58789
782.50000,13016.42871
783.00000,13012.76465
783.50000,13010.33008
784.00000,13013.49219
784.50000,13021.76367
785.00000,13032.58105
785.50000,13041.35742
786.00000,13045.63574
786.50000,13047.92285
787.00000,13052.64258
787.50000,13063.27051
788.00000,13079.30273
788.50000,13097.15723
789.00000,13111.23145
789.50000,13115.24121
790.00000,13109.59570
790.50000,13095.11230
791.00000,13077.22070
791.50000,13059.35254
792.00000,13042.72559
792.50000,13026.69922
793.00000,13010.17578
793.50000,12992.94922
794.00000,12976.07910
794.50000,12961.07422
795.00000,12949.52441
795.50000,12940.73438
796.00000,12933.25488
796.50000,12925.91895
797.00000,12918.98828
797.50000,12914.19922
798.00000,12913.14941
798.50000,12917.25586
799.00000,12924.49805
799.50000,12932.33887
800.00000,12938.03906
800.50000,12940.84570
801.00000,12942.91797
801.50000,12946.93262
802.00000,12954.13867
802.50000,12962.86133
803.00000,12969.25586
803.50000,12970.10352
804.00000,12962.21875
804.50000,12948.54297
805.00000,12932.49512
805.50000,12918.16895
806.00000,12906.65430
806.50000,12895.92383
807.00000,12882.59180
807.50000,12863.80664
808.00000,12840.48145
808.50000,12815.51465
809.00000,12793.83008
809.50000,12780.59863
810.00000,12776.08691
810.50000,12777.54980
811.00000,12779.29883
811.50000,12776.49316
812.00000,12767.01270
812.50000,12753.61719
813.00000,12741.43652
813.50000,12735.26563
814.00000,12738.91406
814.50000,12748.77246
815.00000,12758.52246
815.50000,12760.95215
816.00000,12752.36719
816.50000,12733.81445
817.00000,12710.72656
817.50000,12688.37207
818.00000,12669.71680
818.50000,12655.63867
819.00000,12643.57520
819.50000,12632.21289
820.00000,12621.91309
820.50000,12615.08301
821.00000,12613.52832
821.50000,12616.83984
822.00000,12623.25977
822.50000,12630.01660
823.00000,12635.85254
823.50000,12641.57617
824.00000,12649.01855
824.50000,12658.75195
825.00000,12669.44727
825.50000,12677.74219
826.00000,12681.09180
826.50000,12679.45410
827.00000,12676.24121
827.50000,12675.74219
828.00000,12679.92285
828.50000,12688.91406
829.00000,12698.71191
829.50000,12704.97754
830.00000,12705.60742
830.50000,12701.36133
831.00000,12695.82031
831.50000,12692.50098
832.00000,12693.22949
832.50000,12696.70117
833.00000,12701.39258
833.50000,12705.70410
834.00000,12709.40527
834.50000,12713.34277
835.00000,12718.56250
835.50000,12725.51953
836.00000,12733.95215
836.50000,12743.38281
837.00000,12753.11719
837.50000,12762.17285
838.00000,12769.30469
838.50000,12772.30176
839.00000,12770.77051
839.50000,12765.30566
840.00000,12758.84277
840.50000,12754.89648
841.00000,12755.67676
841.50000,12759.38379
842.00000,12761.28809
842.50000,12757.55566
843.00000,12745.82715
843.50000,12730.22363
844.00000,12716.59570
844.50000,12710.02051
845.00000,12712.07324
845.50000,12719.53125
846.00000,12725.74219
846.50000,12724.03125
847.00000,12713.36914
847.50000,12695.59668
848.00000,12677.36328
848.50000,12664.24316
849.00000,12658.84277
849.50000,12662.43262
850.00000,12674.66016
850.50000,12694.62793
851.00000,12722.95215
851.50000,12758.16992
852.00000,12800.46094
852.50000,12846.61426
853.00000,12894.54883
853.50000,12942.27441
854.00000,12988.81250
854.50000,13033.51074
855.00000,13075.01855
855.50000,13110.37402
856.00000,13136.93555
856.50000,13149.31250
857.00000,13148.01367
857.50000,13130.41602
858.00000,13100.90820
858.50000,13061.58496
859.00000,13016.53418
859.50000,12967.86133
860.00000,12916.53027
860.50000,12863.37988
861.00000,12809.27930
861.50000,12756.14160
862.00000,12707.45508
862.50000,12665.32129
863.00000,12633.16309
863.50000,12610.70703
864.00000,12597.19336
864.50000,12589.78223
865.00000,12584.91895
865.50000,12580.25293
866.00000,12574.30371
866.50000,12565.86133
867.00000,12554.90137
867.50000,12540.38770
868.00000,12522.26758
868.50000,12500.01660
869.00000,12474.05566
869.50000,12445.38379
870.00000,12415.28418
870.50000,12385.50293
871.00000,12357.79883
871.50000,12332.92871
872.00000,12312.25293
872.50000,12295.20898
873.00000,12281.42090
873.50000,12269.28418
874.00000,12256.98828
874.50000,12242.89941
875.00000,12226.40918
875.50000,12207.69434
876.00000,12188.65820
876.50000,12172.20703
877.00000,12160.02734
877.50000,12153.95410
878.00000,12153.08594
878.50000,12155.85059
879.00000,12159.81738
879.50000,12162.69238
880.00000,12162.79297
880.50000,12160.06055
881.00000,12154.44238
881.50000,12147.67871
882.00000,12141.87109
882.50000,12139.67480
883.00000,12144.13281
883.50000,12156.28223
884.00000,12175.02148
884.50000,12197.85938
885.00000,12221.42090
885.50000,12244.64648
886.00000,12269.39063
886.50000,12300.81738
887.00000,12341.66992
887.50000,12393.51367
888.00000,12451.92969
888.50000,12510.16113
889.00000,12561.57520
889.50000,12604.09277
890.00000,12636.29297
890.50000,12659.70313
891.00000,12669.63086
891.50000,12664.76758
892.00000,12640.35352
892.50000,12600.10742
893.00000,12550.84473
893.50000,12502.15039
894.00000,12461.06445
894.50000,12429.85449
895.00000,12403.43945
895.50000,12375.94043
896.00000,12344.83594
896.50000,12311.91895
897.00000,12282.13086
897.50000,12260.48926
898.00000,12248.83398
898.50000,12246.40234
899.00000,12252.07324
899.50000,12263.50293
900.00000,12280.83691
900.50000,12302.41895
901.00000,12328.04297
901.50000,12356.15625
902.00000,12386.62891
902.50000,12419.45898
903.00000,12454.49707
903.50000,12490.34766
904.00000,12524.34375
904.50000,12553.18066
905.00000,12576.47363
905.50000,12594.12305
906.00000,12609.25195
906.50000,12623.43652
907.00000,12636.81348
907.50000,12647.48730
908.00000,12653.16797
908.50000,12653.20020
909.00000,12648.39648
909.50000,12642.58008
910.00000,12639.63574
910.50000,12641.59473
911.00000,12650.73633
911.50000,12666.10742
912.00000,12686.61621
912.50000,12709.57910
913.00000,12731.71094
913.50000,12749.52246
914.00000,12760.97949
914.50000,12762.90918
915.00000,12756.09277
915.50000,12738.39551
916.00000,12711.62012
916.50000,12676.74805
917.00000,12637.25781
917.50000,12596.88574
918.00000,12558.76465
918.50000,12523.87695
919.00000,12491.58789
919.50000,12459.55078
920.00000,12426.31543
920.50000,12392.74707
921.00000,12361.88867
921.50000,12336.89551
922.00000,12320.26074
922.50000,12311.80664
923.00000,12308.69531
923.50000,12307.89355
924.00000,12306.66602
924.50000,12303.89160
925.00000,12300.20508
925.50000,12296.70898
926.00000,12294.78906
926.50000,12296.12598
927.00000,12301.85645
927.50000,12312.32227
928.00000,12327.12695
928.50000,12343.98828
929.00000,12360.48438
929.50000,12374.70215
930.00000,12385.16895
930.50000,12392.62598
931.00000,12397.68164
931.50000,12401.20703
932.00000,12403.53906
932.50000,12404.95703
933.00000,12406.11816
933.50000,12407.65430
934.00000,12409.40723
934.50000,12409.57520
935.00000,12405.81641
935.50000,12394.73047
936.00000,12376.08398
936.50000,12351.60547
937.00000,12325.48145
937.50000,12302.33496
938.00000,12285.82227
938.50000,12275.80859
939.00000,12272.56641
939.50000,12274.02051
940.00000,12281.45703
940.50000,12295.26172
941.00000,12316.53418
941.50000,12344.20313
942.00000,12375.55664
942.50000,12407.51465
943.00000,12437.62012
943.50000,12464.55469
944.00000,12489.50684
944.50000,12513.73438
945.00000,12538.43359
945.50000,12563.49707
946.00000,12587.22852
946.50000,12606.35840
947.00000,12617.14453
947.50000,12618.05566
948.00000,12607.25879
948.50000,12588.49316
949.00000,12564.27637
949.50000,12539.34863
950.00000,12516.74414
950.50000,12497.45605
951.00000,12481.13574
951.50000,12466.33594
952.00000,12451.18555
952.50000,12433.70801
953.00000,12412.85840
953.50000,12387.10938
954.00000,12358.24316
954.50000,12329.23340
955.00000,12305.02637
955.50000,12291.02734
956.00000,12289.28711
956.50000,12297.76660
957.00000,12311.72363
957.50000,12324.23438
958.00000,12329.07813
958.50000,12325.63281
959.00000,12313.94336
959.50000,12298.42188
960.00000,12282.18945
960.50000,12267.00000
961.00000,12252.65625
961.50000,12237.87891
962.00000,12221.69336
962.50000,12203.99707
963.00000,12186.11035
963.50000,12169.64160
964.00000,12154.93164
964.50000,12141.30664
965.00000,12127.04492
965.50000,12110.52148
966.00000,12091.12891
966.50000,12069.62207
967.00000,12047.06348
967.50000,12024.52539
968.00000,12002.27539
968.50000,11980.00488
969.00000,11957.61328
969.50000,11935.67480
970.00000,11915.44824
970.50000,11897.96973
971.00000,11883.45020
971.50000,11871.58594
972.00000,11861.42285
972.50000,11853.22461
973.00000,11847.03906
973.50000,11842.87793
974.00000,11838.57324
974.50000,11830.46484
975.00000,11815.84473
975.50000,11794.70410
976.00000,11770.72852
976.50000,11749.93359
977.00000,11737.86719
977.50000,11733.38379
978.00000,11732.86523
978.50000,11729.85449
979.00000,11720.53516
979.50000,11707.04297
980.00000,11694.69824
980.50000,11688.17871
981.00000,11687.21289
981.50000,11687.25586
982.00000,11682.63086
982.50000,11669.53027
983.00000,11652.97168
983.50000,11639.40820
984.00000,11633.15723
984.50000,11634.87598
985.00000,11640.94629
985.50000,11647.36914
986.00000,11652.56250
986.50000,11657.36426
987.00000,11662.64746
987.50000,11667.41699
988.00000,11668.70703
988.50000,11665.31934
989.00000,11658.09082
989.50000,11650.78711
990.00000,11646.70898
990.50000,11646.10059
991.00000,11645.55566
991.50000,11640.94336
992.00000,11632.24219
992.50000,11623.26367
993.00000,11620.09375
993.50000,11627.86816
994.00000,11645.34375
994.50000,11668.31445
995.00000,11691.14355
995.50000,11709.47266
996.00000,11720.01758
996.50000,11722.74902
997.00000,11715.10352
997.50000,11699.39258
998.00000,11676.61133
998.50000,11651.24805
999.00000,11627.38867
999.50000,11607.28906
1000.00000,11590.18457
1000.50000,11573.24121
1001.00000,11553.39258
1001.50000,11528.12988
1002.00000,11498.82227
1002.50000,11467.43652
1003.00000,11437.83594
1003.50000,11414.98535
1004.00000,11402.16113
1004.50000,11400.06543
1005.00000,11405.39941
1005.50000,11410.18066
1006.00000,11405.23633
1006.50000,11388.29688
1007.00000,11360.85059
1007.50000,11333.56738
1008.00000,11317.50879
1008.50000,11316.91016
1009.00000,11329.21875
1009.50000,11345.80566
1010.00000,11357.71875
1010.50000,11360.14160
1011.00000,11356.24219
1011.50000,11350.76660
1012.00000,11348.30176
1012.50000,11350.72070
1013.00000,11356.33008
1013.50000,11363.33691
1014.00000,11370.29590
1014.50000,11375.89941
1015.00000,11377.82227
1015.50000,11374.27930
1016.00000,11363.80957
1016.50000,11350.57227
1017.00000,11340.89063
1017.50000,11339.87012
1018.00000,11350.09082
1018.50000,11367.38086
1019.00000,11384.48242
1019.50000,11394.63281
1020.00000,11396.03223
1020.50000,11389.78125
1021.00000,11381.77637
1021.50000,11377.51953
1022.00000,11379.91992
1022.50000,11391.60742
1023.00000,11411.55566
1023.50000,11437.31641
1024.00000,11464.03320
1024.50000,11485.77441
1025.00000,11496.88867
1025.50000,11498.18848
1026.00000,11491.99512
1026.50000,11485.58398
1027.00000,11483.90137
1027.50000,11487.12598
1028.00000,11492.74414
1028.50000,11498.15430
1029.00000,11504.09570
1029.50000,11514.51270
1030.00000,11531.74414
1030.50000,11555.80469
1031.00000,11580.37793
1031.50000,11598.59668
1032.00000,11608.83496
1032.50000,11613.97070
1033.00000,11620.97754
1033.50000,11635.19434
1034.00000,11657.05664
1034.50000,11681.32617
1035.00000,11702.28809
1035.50000,11718.65625
1036.00000,11733.33496
1036.50000,11752.11523
1037.00000,11779.65918
1037.50000,11814.64453
1038.00000,11852.40234
1038.50000,11887.45215
1039.00000,11917.18750
1039.50000,11941.83105
1040.00000,11964.75684
1040.50000,11988.35059
1041.00000,12013.10547
1041.50000,12038.20117
1042.00000,12062.38574
1042.50000,12084.61523
1043.00000,12104.04297
1043.50000,12119.45801
1044.00000,12128.64648
1044.50000,12131.17871
1045.00000,12125.46680
1045.50000,12113.43555
1046.00000,12093.52051
1046.50000,12064.85840
1047.00000,12023.29688
1047.50000,11967.58887
1048.00000,11900.21094
1048.50000,11828.21387
1049.00000,11761.80957
1049.50000,11711.55957
1050.00000,11677.94922
1050.50000,11660.60352
1051.00000,11650.00586
1051.50000,11639.69141
1052.00000,11626.69727
1052.50000,11612.84961
1053.00000,11602.78125
1053.50000,11600.04590
1054.00000,11606.26660
1054.50000,11617.30957
1055.00000,11627.90625
1055.50000,11632.92383
1056.00000,11627.87500
1056.50000,11613.58203
1057.00000,11592.44141
1057.50000,11568.94824
1058.00000,11547.46387
1058.50000,11531.27930
1059.00000,11521.00098
1059.50000,11518.02344
1060.00000,11520.35742
1060.50000,11526.97363
1061.00000,11534.09473
1061.50000,11537.22070
1062.00000,11533.47363
1062.50000,11523.70996
1063.00000,11513.13965
1063.50000,11508.69531
1064.00000,11515.91699
1064.50000,11530.62891
1065.00000,11544.60742
1065.50000,11549.29004
1066.00000,11540.40430
1066.50000,11524.26758
1067.00000,11511.60352
1067.50000,11511.12012
1068.00000,11522.59668
1068.50000,11539.66992
1069.00000,11552.88672
1069.50000,11556.31738
1070.00000,11554.37988
1070.50000,11554.13672
1071.00000,11561.11816
1071.50000,11576.07422
1072.00000,11594.38184
1072.50000,11610.37500
1073.00000,11620.75684
1073.50000,11626.69531
1074.00000,11629.71387
1074.50000,11631.78223
1075.00000,11633.15918
1075.50000,11634.45020
1076.00000,11637.52246
1076.50000,11644.75293
1077.00000,11657.56738
1077.50000,11675.47266
1078.00000,11695.65234
1078.50000,11716.28418
1079.00000,11737.32227
1079.50000,11761.26465
1080.00000,11789.74512
1080.50000,11823.48828
1081.00000,11860.08789
1081.50000,11896.35059
1082.00000,11929.60156
1082.50000,11958.82324
1083.00000,11983.21484
1083.50000,12003.55273
1084.00000,12018.93457
1084.50000,12030.49023
1085.00000,12038.08594
1085.50000,12042.11328
1086.00000,12040.85156
1086.50000,12031.41992
1087.00000,12011.44922
1087.50000,11979.78125
1088.00000,11941.46582
1088.50000,11902.87207
1089.00000,11869.93848
1089.50000,11845.96094
1090.00000,11827.25684
1090.50000,11809.01758
1091.00000,11788.14648
1091.50000,11766.18555
1092.00000,11748.43848
1092.50000,11739.11914
1093.00000,11740.53711
1093.50000,11747.47070
1094.00000,11754.82227
1094.50000,11759.06738
1095.00000,11759.89453
1095.50000,11759.51563
1096.00000,11759.07031
1096.50000,11757.42480
1097.00000,11752.80273
1097.50000,11744.87305
1098.00000,11737.06250
1098.50000,11734.89258
1099.00000,11740.05273
1099.50000,11752.03125
1100.00000,11765.55957
1100.50000,11775.76758
1101.00000,11780.87793
1101.50000,11782.87891
1102.00000,11785.20703
1102.50000,11790.44336
1103.00000,11800.21973
1103.50000,11813.26465
1104.00000,11828.98730
1104.50000,11845.66797
1105.00000,11861.45508
1105.50000,11874.78418
1106.00000,11885.69043
1106.50000,11896.60645
1107.00000,11911.19141
1107.50000,11932.70703
1108.00000,11958.59570
1108.50000,11983.49902
1109.00000,12001.69434
1109.50000,12009.46191
1110.00000,12009.77441
1110.50000,12008.22363
1111.00000,12010.09082
1111.50000,12017.40430
1112.00000,12030.31738
1112.50000,12046.49902
1113.00000,12065.20703
1113.50000,12084.93262
1114.00000,12104.14355
1114.50000,12121.23730
1115.00000,12135.63867
1115.50000,12149.05078
1116.00000,12164.32617
1116.50000,12183.22070
1117.00000,12203.75586
1117.50000,12221.56543
1118.00000,12233.96582
1118.50000,12240.27051
1119.00000,12244.46191
1119.50000,12249.74805
1120.00000,12255.76465
1120.50000,12258.03906
1121.00000,12250.69824
1121.50000,12232.74609
1122.00000,12205.97461
1122.50000,12177.70898
1123.00000,12153.21875
1123.50000,12132.71875
1124.00000,12113.12598
1124.50000,12090.09961
1125.00000,12061.24121
1125.50000,12027.44141
1126.00000,11992.50195
1126.50000,11961.05859
1127.00000,11936.09570
1127.50000,11921.79590
1128.00000,11916.72461
1128.50000,11920.45508
1129.00000,11928.95508
1129.50000,11938.92285
1130.00000,11948.41309
1130.50000,11957.44336
1131.00000,11966.73047
1131.50000,11975.87500
1132.00000,11982.20703
1132.50000,11983.80176
1133.00000,11979.47559
1133.50000,11972.76953
1134.00000,11968.40234
1134.50000,11969.41406
1135.00000,11975.16699
1135.50000,11982.59082
1136.00000,11989.10449
1136.50000,11995.84570
1137.00000,12006.58301
1137.50000,12025.99121
1138.00000,12052.01367
1138.50000,12079.20605
1139.00000,12100.28027
1139.50000,12110.64355
1140.00000,12110.50781
1140.50000,12104.14551
1141.00000,12093.56738
1141.50000,12078.94238
1142.00000,12056.10352
1142.50000,12025.21484
1143.00000,11988.41992
1143.50000,11952.84180
1144.00000,11925.75684
1144.50000,11910.44824
1145.00000,11904.38770
1145.50000,11902.40723
1146.00000,11898.20215
1146.50000,11886.86719
1147.00000,11868.97461
1147.50000,11845.40430
1148.00000,11819.84082
1148.50000,11795.21191
1149.00000,11772.98633
1149.50000,11752.48047
1150.00000,11731.49707
1150.50000,11708.40234
1151.00000,11684.14453
1151.50000,11663.24902
1152.00000,11653.42871
1152.50000,11656.59766
1153.00000,11671.86230
1153.50000,11691.05664
1154.00000,11705.26367
1154.50000,11709.41504
1155.00000,11705.97754
1155.50000,11701.07813
1156.00000,11701.05566
1156.50000,11709.84766
1157.00000,11724.30273
1157.50000,11741.67871
1158.00000,11759.80664
1158.50000,11779.01563
1159.00000,11800.03027
1159.50000,11821.72461
1160.00000,11840.77148
1160.50000,11854.60059
1161.00000,11861.78711
1161.50000,11866.70117
1162.00000,11874.57227
1162.50000,11888.28809
1163.00000,11907.01953
1163.50000,11925.14648
1164.00000,11935.68652
1164.50000,11933.24219
1165.00000,11919.27930
1165.50000,11897.31836
1166.00000,11875.60742
1166.50000,11861.58594
1167.00000,11857.41797
1167.50000,11863.32910
1168.00000,11874.64746
1168.50000,11885.68164
1169.00000,11891.21582
1169.50000,11888.82813
1170.00000,11877.28516
1170.50000,11860.21582
1171.00000,11840.83398
1171.50000,11822.99219
1172.00000,11808.56445
1172.50000,11795.92285
1173.00000,11781.24805
1173.50000,11760.68750
1174.00000,11733.61230
1174.50000,11703.20020
1175.00000,11676.23340
1175.50000,11660.94727
1176.00000,11657.35742
1176.50000,11663.32031
1177.00000,11670.36328
1177.50000,11671.14648
1178.00000,11663.12695
1178.50000,11648.99219
1179.00000,11633.79102
1179.50000,11621.63184
1180.00000,11613.94824
1180.50000,11608.29004
1181.00000,11602.86230
1181.50000,11597.48438
1182.00000,11594.08008
1182.50000,11594.39453
1183.00000,11598.60254
1183.50000,11604.79590
1184.00000,11610.04297
1184.50000,11611.92969
1185.00000,11610.39551
1185.50000,11605.08496
1186.00000,11597.03027
1186.50000,11586.13281
1187.00000,11573.54395
1187.50000,11561.60352
1188.00000,11553.77246
1188.50000,11552.79395
1189.00000,11560.34766
1189.50000,11573.76465
1190.00000,11590.71680
1190.50000,11607.79688
1191.00000,11623.42773
1191.50000,11637.50586
1192.00000,11650.00391
1192.50000,11660.75000
1193.00000,11669.34180
1193.50000,11675.50391
1194.00000,11680.01074
1194.50000,11683.60547
1195.00000,11687.17090
1195.50000,11690.93848
1196.00000,11694.60059
1196.50000,11697.27441
1197.00000,11697.59961
1197.50000,11693.39941
1198.00000,11682.29102
1198.50000,11664.16504
1199.00000,11640.49707
1199.50000,11617.06348
1200.00000,11601.71582
1200.50000,11598.12793
1201.00000,11609.31055
1201.50000,11630.81152
1202.00000,11656.47754
1202.50000,11679.42188
1203.00000,11694.90625
1203.50000,11700.21387
1204.00000,11698.04688
1204.50000,11691.12207
1205.00000,11684.54004
1205.50000,11681.72949
1206.00000,11682.71777
1206.50000,11685.49902
1207.00000,11687.11035
1207.50000,11686.30371
1208.00000,11684.44434
1208.50000,11684.35254
1209.00000,11688.00293
1209.50000,11693.20703
1210.00000,11695.55371
1210.50000,11691.98242
1211.00000,11681.78418
1211.50000,11668.94531
1212.00000,11658.68945
1212.50000,11654.76367
1213.00000,11657.16699
1213.50000,11665.21777
1214.00000,11676.68359
1214.50000,11691.94434
1215.00000,11710.18262
1215.50000,11730.13574
1216.00000,11748.60938
1216.50000,11762.31250
1217.00000,11770.26563
1217.50000,11774.84863
1218.00000,11779.64746
1218.50000,11786.80469
1219.00000,11795.45508
1219.50000,11801.67578
1220.00000,11800.96094
1220.50000,11793.61230
1221.00000,11783.50781
1221.50000,11777.51855
1222.00000,11780.93555
1222.50000,11794.55859
1223.00000,11811.56738
1223.50000,11822.06641
1224.00000,11820.49707
1224.50000,11804.57813
1225.00000,11783.31543
1225.50000,11767.55664
1226.00000,11764.73145
1226.50000,11775.26172
1227.00000,11792.62109
1227.50000,11807.19434
1228.00000,11811.94922
1228.50000,11808.53125
1229.00000,11801.29199
1229.50000,11796.70410
1230.00000,11798.36230
1230.50000,11804.85547
1231.00000,11813.16211
1231.50000,11820.77930
1232.00000,11827.36426
1232.50000,11833.94238
1233.00000,11841.10254
1233.50000,11847.67188
1234.00000,11851.74121
1234.50000,11851.56543
1235.00000,11848.74902
1235.50000,11846.58887
1236.00000,11848.31934
1236.50000,11854.63086
1237.00000,11863.44043
1237.50000,11871.03027
1238.00000,11874.72559
1238.50000,11875.75684
1239.00000,11875.90039
1239.50000,11876.16797
1240.00000,11874.86230
1240.50000,11869.59277
1241.00000,11860.08398
1241.50000,11850.19629
1242.00000,11846.30664
1242.50000,11855.00684
1243.00000,11874.43848
1243.50000,11900.44922
1244.00000,11924.45703
1244.50000,11940.14355
1245.00000,11947.05664
1245.50000,11947.55566
1246.00000,11945.06445
1246.50000,11941.61426
1247.00000,11936.90430
1247.50000,11930.26660
1248.00000,11921.02148
1248.50000,11910.60938
1249.00000,11900.73145
1249.50000,11892.67090
1250.00000,11886.46777
1250.50000,11880.01758
1251.00000,11869.64746
1251.50000,11851.16895
1252.00000,11824.30859
1252.50000,11791.02441
1253.00000,11758.90234
1253.50000,11736.88379
1254.00000,11728.08887
1254.50000,11732.23535
1255.00000,11742.48730
1255.50000,11751.70313
1256.00000,11755.67773
1256.50000,11755.18066
1257.00000,11753.13770
1257.50000,11752.81543
1258.00000,11755.84375
1258.50000,11760.87793
1259.00000,11766.70801
1259.50000,11772.77051
1260.00000,11779.84961
1260.50000,11789.13281
1261.00000,11800.80078
1261.50000,11813.80957
1262.00000,11825.91211
1262.50000,11834.82520
1263.00000,11841.16699
1263.50000,11846.91211
1264.00000,11854.85840
1264.50000,11866.26367
1265.00000,11879.04590
1265.50000,11889.10352
1266.00000,11893.05078
1266.50000,11892.36230
1267.00000,11891.61035
1267.50000,11895.68848
1268.00000,11906.58887
1268.50000,11918.86230
1269.00000,11925.01270
1269.50000,11921.32520
1270.00000,11910.26270
1270.50000,11898.96191
1271.00000,11893.68652
1271.50000,11896.04102
1272.00000,11899.94629
1272.50000,11898.02930
1273.00000,11888.75000
1273.50000,11875.64941
1274.00000,11866.79102
1274.50000,11868.85742
1275.00000,11882.91309
1275.50000,11904.09375
1276.00000,11927.16211
1276.50000,11948.86426
1277.00000,11969.84473
1277.50000,11992.96191
1278.00000,12021.21191
1278.50000,12054.78906
1279.00000,12093.72949
1279.50000,12137.67188
1280.00000,12186.24316
1280.50000,12238.18555
1281.00000,12289.12793
1281.50000,12331.70020
1282.00000,12362.14063
1282.50000,12376.31641
1283.00000,12379.57227
1283.50000,12377.81445
1284.00000,12377.45898
1284.50000,12381.18750
1285.00000,12387.44043
1285.50000,12392.17480
1286.00000,12391.83594
1286.50000,12387.39844
1287.00000,12382.18164
1287.50000,12380.90039
1288.00000,12387.28809
1288.50000,12399.98730
1289.00000,12414.30273
1289.50000,12423.53613
1290.00000,12422.84863
1290.50000,12409.75781
1291.00000,12389.08691
1291.50000,12365.91992
1292.00000,12345.31250
1292.50000,12327.79395
1293.00000,12308.65137
1293.50000,12280.92383
1294.00000,12240.42383
1294.50000,12188.65234
1295.00000,12131.68359
1295.50000,12078.68262
1296.00000,12038.62109
1296.50000,12011.51367
1297.00000,11996.39941
1297.50000,11985.74414
1298.00000,11973.62695
1298.50000,11956.95605
1299.00000,11936.45801
1299.50000,11915.79492
1300.00000,11899.31641
1300.50000,11890.96582
1301.00000,11889.44434
1301.50000,11892.44336
1302.00000,11894.25586
1302.50000,11888.97461
1303.00000,11874.15137
1303.50000,11850.33984
1304.00000,11822.03809
1304.50000,11796.21875
1305.00000,11779.94141
1305.50000,11774.27344
1306.00000,11778.41699
1306.50000,11784.21973
1307.00000,11784.62891
1307.50000,11777.46777
1308.00000,11765.48438
1308.50000,11755.50977
1309.00000,11753.31738
1309.50000,11760.82422
1310.00000,11773.37402
1310.50000,11785.37207
1311.00000,11792.94141
1311.50000,11794.21289
1312.00000,11791.04004
1312.50000,11784.28418
1313.00000,11775.11914
1313.50000,11765.18652
1314.00000,11757.38184
1314.50000,11754.20117
1315.00000,11756.89160
1315.50000,11761.89648
1316.00000,11764.41406
1316.50000,11761.69922
1317.00000,11753.42578
1317.50000,11743.06836
1318.00000,11734.10156
1318.50000,11728.27051
1319.00000,11725.26855
1319.50000,11724.78613
1320.00000,11726.08105
1320.50000,11728.47266
1321.00000,11729.47754
1321.50000,11725.25488
1322.00000,11714.92676
1322.50000,11701.27539
1323.00000,11690.58984
1323.50000,11688.40039
1324.00000,11696.50000
1324.50000,11709.36230
1325.00000,11719.49707
1325.50000,11722.22168
1326.00000,11716.19922
1326.50000,11707.45020
1327.00000,11703.47363
1327.50000,11709.57324
1328.00000,11726.47461
1328.50000,11749.79199
1329.00000,11770.87305
1329.50000,11780.28418
1330.00000,11776.40820
1330.50000,11760.33008
1331.00000,11742.63574
1331.50000,11732.48242
1332.00000,11732.73340
1332.50000,11739.89063
1333.00000,11746.09082
1333.50000,11744.84277
1334.00000,11733.50488
1334.50000,11716.70020
1335.00000,11699.66602
1335.50000,11686.68848
1336.00000,11680.41992
1336.50000,11679.94043
1337.00000,11683.80566
1337.50000,11688.90918
1338.00000,11690.96484
1338.50000,11685.06348
1339.00000,11670.11914
1339.50000,11647.03027
1340.00000,11622.42871
1340.50000,11602.39941
1341.00000,11589.19043
1341.50000,11582.27246
1342.00000,11577.92480
1342.50000,11572.85547
1343.00000,11565.67188
1343.50000,11556.91504
1344.00000,11547.05664
1344.50000,11536.29004
1345.00000,11524.00098
1345.50000,11510.66113
1346.00000,11497.57813
1346.50000,11486.34082
1347.00000,11477.63184
1347.50000,11470.49414
1348.00000,11463.52441
1348.50000,11456.81348
1349.00000,11452.09473
1349.50000,11452.59375
1350.00000,11457.52344
1350.50000,11463.44141
1351.00000,11464.30859
1351.50000,11455.27539
1352.00000,11437.65039
1352.50000,11418.99805
1353.00000,11409.22852
1353.50000,11412.47461
1354.00000,11428.60938
1354.50000,11447.18164
1355.00000,11458.60254
1355.50000,11460.53320
1356.00000,11455.88281
1356.50000,11451.45215
1357.00000,11451.69727
1357.50000,11456.29688
1358.00000,11460.95020
1358.50000,11461.52930
1359.00000,11458.20898
1359.50000,11453.33691
1360.00000,11450.26074
1360.50000,11450.26855
1361.00000,11451.54688
1361.50000,11451.45801
1362.00000,11448.67676
1362.50000,11444.48535
1363.00000,11441.06055
1363.50000,11439.45215
1364.00000,11439.17578
1364.50000,11438.10156
1365.00000,11434.32422
1365.50000,11427.91113
1366.00000,11419.80273
1366.50000,11411.00000
1367.00000,11401.29395
1367.50000,11389.12988
1368.00000,11373.80273
1368.50000,11355.71289
1369.00000,11338.39844
1369.50000,11326.49121
1370.00000,11321.45117
1370.50000,11322.78711
1371.00000,11326.54883
1371.50000,11328.19922
1372.00000,11324.39648
1372.50000,11315.05469
1373.00000,11301.16504
1373.50000,11286.36816
1374.00000,11274.39648
1374.50000,11267.43164
1375.00000,11266.97754
1375.50000,11270.97559
1376.00000,11275.68652
1376.50000,11277.25293
1377.00000,11274.45215
1377.50000,11268.11035
1378.00000,11260.86719
1378.50000,11253.27148
1379.00000,11243.69043
1379.50000,11228.84082
1380.00000,11208.50488
1380.50000,11185.33691
1381.00000,11164.30078
1381.50000,11149.02441
1382.00000,11140.38184
1382.50000,11135.33691
1383.00000,11131.90625
1383.50000,11129.21094
1384.00000,11127.53320
1384.50000,11125.36719
1385.00000,11118.95410
1385.50000,11105.40234
1386.00000,11085.52148
1386.50000,11064.51660
1387.00000,11049.00488
1387.50000,11043.53906
1388.00000,11043.95020
1388.50000,11043.52539
1389.00000,11036.61621
1389.50000,11022.41309
1390.00000,11006.92090
1390.50000,10996.83789
1391.00000,10995.03711
1391.50000,10997.75586
1392.00000,10997.64453
1392.50000,10989.08301
1393.00000,10968.85449
1393.50000,10943.80762
1394.00000,10922.46973
1394.50000,10911.07422
1395.00000,10910.71973
1395.50000,10915.47070
1396.00000,10917.25293
1396.50000,10911.97168
1397.00000,10902.83203
1397.50000,10895.64746
1398.00000,10893.56055
1398.50000,10895.74512
1399.00000,10897.26465
1399.50000,10895.03027
1400.00000,10890.82129
1400.50000,10889.33301
1401.00000,10893.90918
1401.50000,10902.52930
1402.00000,10910.54199
1402.50000,10915.21875
1403.00000,10917.63281
1403.50000,10921.76172
1404.00000,10930.01367
1404.50000,10940.58301
1405.00000,10949.87598
1405.50000,10955.63477
1406.00000,10958.69531
1406.50000,10960.44531
1407.00000,10961.10547
1407.50000,10958.04688
1408.00000,10950.89355
1408.50000,10942.11621
1409.00000,10936.67480
1409.50000,10937.61133
1410.00000,10942.21582
1410.50000,10943.49219
1411.00000,10934.80664
1411.50000,10917.39941
1412.00000,10897.18359
1412.50000,10882.81250
1413.00000,10880.16504
1413.50000,10885.55957
1414.00000,10891.72266
1414.50000,10891.85742
1415.00000,10883.52344
1415.50000,10868.07129
1416.00000,10849.85938
1416.50000,10832.27832
1417.00000,10817.31641
1417.50000,10806.87109
1418.00000,10800.87305
1418.50000,10799.91406
1419.00000,10803.05371
1419.50000,10809.15039
1420.00000,10816.92480
1420.50000,10825.03906
1421.00000,10831.80469
1421.50000,10835.62598
1422.00000,10834.27051
1422.50000,10829.26660
1423.00000,10823.63867
1423.50000,10821.51758
1424.00000,10825.03418
1424.50000,10831.63477
1425.00000,10835.21289
1425.50000,10830.30664
1426.00000,10817.95313
1426.50000,10801.69824
1427.00000,10786.82129
1427.50000,10774.62500
1428.00000,10761.97461
1428.50000,10745.37305
1429.00000,10725.54004
1429.50000,10707.82129
1430.00000,10698.79590
1430.50000,10699.20020
1431.00000,10704.42383
1431.50000,10706.28223
1432.00000,10699.34375
1432.50000,10687.00000
1433.00000,10676.20703
1433.50000,10673.43848
1434.00000,10680.43262
1434.50000,10692.95410
1435.00000,10703.49512
1435.50000,10705.89355
1436.00000,10701.41504
1436.50000,10695.52930
1437.00000,10695.32129
1437.50000,10705.85254
1438.00000,10724.59082
1438.50000,10745.67383
1439.00000,10762.72461
1439.50000,10773.28613
1440.00000,10778.69629
1440.50000,10782.97656
1441.00000,10787.52344
1441.50000,10790.66895
1442.00000,10790.03906
1442.50000,10787.37891
1443.00000,10788.07422
1443.50000,10797.70215
1444.00000,10817.81152
1444.50000,10844.83105
1445.00000,10871.16309
1445.50000,10890.37109
1446.00000,10902.64258
1446.50000,10910.96582
1447.00000,10920.97559
1447.50000,10936.66992
1448.00000,10958.72363
1448.50000,10985.68945
1449.00000,11014.01270
1449.50000,11038.88379
1450.00000,11055.20996
1450.50000,11063.27148
1451.00000,11065.66797
1451.50000,11070.24316
1452.00000,11083.21777
1452.50000,11103.68848
1453.00000,11125.91797
1453.50000,11142.45410
1454.00000,11149.83691
1454.50000,11149.23926
1455.00000,11146.45703
1455.50000,11144.88086
1456.00000,11143.52930
1456.50000,11138.52148
1457.00000,11128.95215
1457.50000,11117.24805
1458.00000,11107.48535
1458.50000,11100.61523
1459.00000,11092.64844
1459.50000,11078.02344
1460.00000,11052.76758
1460.50000,11022.15918
1461.00000,10994.06641
1461.50000,10973.66699
1462.00000,10960.03027
1462.50000,10946.57910
1463.00000,10927.56543
1463.50000,10901.81836
1464.00000,10872.99512
1464.50000,10844.73047
1465.00000,10818.09766
1465.50000,10792.21484
1466.00000,10766.37402
1466.50000,10742.22754
1467.00000,10721.39551
1467.50000,10703.68457
1468.00000,10686.51660
1468.50000,10667.76855
1469.00000,10648.66504
1469.50000,10633.43945
1470.00000,10627.87012
1470.50000,10630.01172
1471.00000,10633.66797
1471.50000,10629.62695
1472.00000,10611.35742
1472.50000,10580.71875
1473.00000,10546.27441
1473.50000,10519.32324
1474.00000,10506.99902
1474.50000,10513.86914
1475.00000,10532.17480
1475.50000,10554.54883
1476.00000,10573.10352
1476.50000,10584.55957
1477.00000,10590.52734
1477.50000,10593.55176
1478.00000,10594.99805
1478.50000,10594.92676
1479.00000,10592.99316
1479.50000,10590.69043
1480.00000,10590.85059
1480.50000,10594.26758
1481.00000,10599.11719
1481.50000,10601.00391
1482.00000,10595.78809
1482.50000,10583.07617
1483.00000,10567.33887
1483.50000,10555.72754
1484.00000,10553.47266
1484.50000,10565.08301
1485.00000,10584.27148
1485.50000,10602.98828
1486.00000,10613.06543
1486.50000,10609.15625
1487.00000,10593.54297
1487.50000,10573.93555
1488.00000,10559.32324
1488.50000,10554.16113
1489.00000,10558.69531
1489.50000,10565.22656
1490.00000,10567.43750
1490.50000,10564.54590
1491.00000,10559.58691
1491.50000,10557.25195
1492.00000,10559.46680
1492.50000,10564.06152
1493.00000,10566.87402
1493.50000,10565.18652
1494.00000,10561.08008
1494.50000,10557.15039
1495.00000,10553.84570
1495.50000,10548.70215
1496.00000,10539.88867
1496.50000,10529.24805
1497.00000,10522.56836
1497.50000,10524.29004
1498.00000,10532.86621
1498.50000,10537.95605
1499.00000,10527.58789
1499.50000,10503.32422
1500.00000,10473.67480
1500.50000,10453.25977
1501.00000,10452.21680
1501.50000,10467.80176
1502.00000,10488.20410
1502.50000,10500.85840
1503.00000,10502.14746
1503.50000,10493.54883
1504.00000,10482.72852
1504.50000,10475.35352
1505.00000,10473.91895
1505.50000,10479.92578
1506.00000,10491.65527
1506.50000,10505.25586
1507.00000,10515.45020
1507.50000,10519.36719
1508.00000,10517.04199
1508.50000,10513.35938
1509.00000,10513.21777
1509.50000,10517.97168
1510.00000,10527.55469
1510.50000,10540.50195
1511.00000,10557.24219
1511.50000,10578.67188
1512.00000,10603.95215
1512.50000,10630.43750
1513.00000,10654.70020
1513.50000,10674.15234
1514.00000,10690.24707
1514.50000,10704.58008
1515.00000,10719.10059
1515.50000,10734.75781
1516.00000,10751.93750
1516.50000,10770.80957
1517.00000,10791.30957
1517.50000,10812.76563
1518.00000,10835.06543
1518.50000,10858.28223
1519.00000,10882.33398
1519.50000,10905.14746
1520.00000,10923.22363
1520.50000,10935.25488
1521.00000,10943.54102
1521.50000,10953.11230
1522.00000,10967.09277
1522.50000,10983.58594
1523.00000,10995.95703
1523.50000,10998.80078
1524.00000,10996.75000
1524.50000,10997.43750
1525.00000,11004.88574
1525.50000,11014.28613
1526.00000,11014.14355
1526.50000,10996.84570
1527.00000,10964.17773
1527.50000,10932.20801
1528.00000,10916.86816
1528.50000,10918.33008
1529.00000,10930.45215
1529.50000,10940.39258
1530.00000,10940.59375
1530.50000,10932.15527
1531.00000,10920.72852
1531.50000,10909.98438
1532.00000,10899.41113
1532.50000,10886.83594
1533.00000,10872.71094
1533.50000,10860.46777
1534.00000,10853.73633
1534.50000,10854.66211
1535.00000,10860.00586
1535.50000,10863.48730
1536.00000,10859.80664
1536.50000,10848.51855
1537.00000,10832.74512
1537.50000,10819.02539
1538.00000,10812.66992
1538.50000,10811.70898
1539.00000,10810.65723
1539.50000,10804.73926
1540.00000,10794.51660
1540.50000,10785.76270
1541.00000,10783.78125
1541.50000,10788.67383
1542.00000,10792.80664
1542.50000,10785.61523
1543.00000,10767.75195
1543.50000,10745.61523
1544.00000,10729.22168
1544.50000,10723.59473
1545.00000,10724.45020
1545.50000,10722.90332
1546.00000,10712.28809
1546.50000,10694.57422
1547.00000,10675.62207
1547.50000,10659.96191
1548.00000,10647.87695
1548.50000,10635.99219
1549.00000,10622.66699
1549.50000,10609.97754
1550.00000,10602.44434
1550.50000,10602.69824
1551.00000,10608.54297
1551.50000,10616.47949
1552.00000,10622.88574
1552.50000,10625.94336
1553.00000,10626.52344
1553.50000,10624.85938
1554.00000,10621.09277
1554.50000,10615.31055
1555.00000,10608.91113
1555.50000,10605.12109
1556.00000,10608.96094
1556.50000,10622.49707
1557.00000,10647.77930
1557.50000,10677.58789
1558.00000,10702.20020
1558.50000,10714.40625
1559.00000,10712.01367
1559.50000,10702.41406
1560.00000,10697.61914
1560.50000,10707.30664
1561.00000,10729.68457
1561.50000,10755.05859
1562.00000,10772.30371
1562.50000,10775.58691
1563.00000,10770.78125
1563.50000,10764.70703
1564.00000,10761.06641
1564.50000,10757.59961
1565.00000,10749.63770
1565.50000,10736.40234
1566.00000,10719.54297
1566.50000,10701.40430
1567.00000,10679.68164
1567.50000,10651.29492
1568.00000,10613.59473
1568.50000,10570.84375
1569.00000,10529.84863
1569.50000,10494.63965
1570.00000,10464.02441
1570.50000,10434.41211
1571.00000,10402.92871
1571.50000,10369.28906
1572.00000,10335.65723
1572.50000,10303.15527
1573.00000,10271.17480
1573.50000,10238.44141
1574.00000,10203.75684
1574.50000,10166.36230
1575.00000,10126.50977
1575.50000,10087.80078
1576.00000,10058.34766
1576.50000,10042.77344
1577.00000,10044.92383
1577.50000,10055.96582
1578.00000,10064.49414
1578.50000,10061.30371
1579.00000,10045.30176
1579.50000,10023.04297
1580.00000,10002.00195
1580.50000,9985.90137
1581.00000,9973.85449
1581.50000,9966.36914
1582.00000,9963.69336
1582.50000,9966.94043
1583.00000,9973.25879
1583.50000,9978.97266
1584.00000,9981.91895
1584.50000,9982.42480
1585.00000,9979.92578
1585.50000,9971.43555
1586.00000,9949.17969
1586.50000,9915.62500
1587.00000,9878.40039
1587.50000,9850.92383
1588.00000,9843.14551
1588.50000,9852.24219
1589.00000,9864.85059
1589.50000,9867.14844
1590.00000,9856.93945
1590.50000,9838.52051
1591.00000,9820.82031
1591.50000,9807.02051
1592.00000,9793.56543
1592.50000,9775.18262
1593.00000,9751.79395
1593.50000,9728.04590
1594.00000,9709.49414
1594.50000,9697.23340
1595.00000,9687.91016
1595.50000,9674.58887
1596.00000,9650.64160
1596.50000,9618.87402
1597.00000,9584.63086
1597.50000,9554.60742
1598.00000,9531.74121
1598.50000,9513.09863
1599.00000,9491.90332
1599.50000,9462.97852
1600.00000,9428.50488
1600.50000,9393.43652
1601.00000,9362.67871
1601.50000,9338.10645
1602.00000,9316.56934
1602.50000,9294.73828
1603.00000,9271.77734
1603.50000,9249.35742
1604.00000,9229.37500
1604.50000,9211.51855
1605.00000,9194.00781
1605.50000,9174.52344
1606.00000,9151.59473
1606.50000,9126.43555
1607.00000,9100.96191
1607.50000,9077.56543
1608.00000,9057.97559
1608.50000,9042.37402
1609.00000,9028.41504
1609.50000,9013.37598
1610.00000,8996.60156
1610.50000,8979.75879
1611.00000,8965.47852
1611.50000,8955.20801
1612.00000,8946.61426
1612.50000,8935.49805
1613.00000,8918.81348
1613.50000,8896.38574
1614.00000,8868.74902
1614.50000,8838.19824
1615.00000,8806.58789
1615.50000,8777.51465
1616.00000,8755.60938
1616.50000,8741.66992
1617.00000,8733.29297
1617.50000,8724.64844
1618.00000,8711.33301
1618.50000,8693.60352
1619.00000,8676.72070
1619.50000,8664.66504
1620.00000,8655.43555
1620.50000,8644.72949
1621.00000,8630.18750
1621.50000,8613.53418
1622.00000,8598.85254
1622.50000,8586.81934
1623.00000,8574.12500
1623.50000,8557.74609
1624.00000,8538.72852
1624.50000,8522.92188
1625.00000,8515.53809
1625.50000,8512.43164
1626.00000,8506.27148
1626.50000,8492.34570
1627.00000,8472.46680
1627.50000,8453.71387
1628.00000,8441.16309
1628.50000,8433.37695
1629.00000,8424.45215
1629.50000,8410.21191
1630.00000,8392.98242
1630.50000,8376.48340
1631.00000,8362.04102
1631.50000,8346.38379
1632.00000,8325.28516
1632.50000,8297.39941
1633.00000,8264.29883
1633.50000,8230.12402
1634.00000,8198.62988
1634.50000,8171.39844
1635.00000,8150.85547
1635.50000,8136.31201
1636.00000,8125.98340
1636.50000,8115.49170
1637.00000,8100.85205
1637.50000,8081.75830
1638.00000,8061.51611
1638.50000,8043.36426
1639.00000,8027.48047
1639.50000,8011.92725
1640.00000,7994.68799
1640.50000,7976.33154
1641.00000,7959.16748
1641.50000,7944.30078
1642.00000,7929.98926
1642.50000,7912.87695
1643.00000,7890.28418
1643.50000,7865.00146
1644.00000,7842.10156
1644.50000,7825.29492
1645.00000,7816.28076
1645.50000,7810.65625
1646.00000,7801.60645
1646.50000,7784.35449
1647.00000,7759.30713
1647.50000,7730.75049
1648.00000,7704.90674
1648.50000,7686.48926
1649.00000,7673.30957
1649.50000,7661.07373
1650.00000,7645.99121
1650.50000,7627.30811
1651.00000,7607.78857
1651.50000,7591.30322
1652.00000,7580.66455
1652.50000,7574.59033
1653.00000,7570.64014
1653.50000,7565.07617
1654.00000,7554.62695
1654.50000,7539.75830
1655.00000,7522.82227
1655.50000,7507.33984
1656.00000,7494.61670
1656.50000,7482.62500
1657.00000,7467.49219
1657.50000,7446.07715
1658.00000,7421.40625
1658.50000,7400.14014
1659.00000,7387.27930
1659.50000,7385.66309
1660.00000,7389.97607
1660.50000,7391.63965
1661.00000,7383.82520
1661.50000,7365.92236
1662.00000,7341.94043
1662.50000,7319.02832
1663.00000,7302.38330
1663.50000,7290.15625
1664.00000,7277.24512
1664.50000,7259.37402
1665.00000,7235.43213
1665.50000,7208.97314
1666.00000,7185.31299
1666.50000,7168.76367
1667.00000,7159.45996
1667.50000,7157.25830
1668.00000,7158.61230
1668.50000,7160.43701
1669.00000,7159.22119
1669.50000,7152.55615
1670.00000,7141.20459
1670.50000,7126.77832
1671.00000,7110.58203
1671.50000,7093.06104
1672.00000,7074.66260
1672.50000,7057.88818
1673.00000,7047.55518
1673.50000,7044.57617
1674.00000,7047.70508
1674.50000,7050.33350
1675.00000,7045.81006
1675.50000,7031.83350
1676.00000,7010.30908
1676.50000,6984.29248
1677.00000,6957.92236
1677.50000,6935.61914
1678.00000,6919.34375
1678.50000,6910.97803
1679.00000,6907.24902
1679.50000,6904.16602
1680.00000,6899.17822
1680.50000,6894.12109
1681.00000,6892.71533
1681.50000,6894.89795
1682.00000,6895.77393
1682.50000,6889.66602
1683.00000,6873.78076
1683.50000,6856.46729
1684.00000,6846.12695
1684.50000,6844.33057
1685.00000,6845.06787
1685.50000,6839.21777
1686.00000,6824.56299
1686.50000,6807.23193
1687.00000,6796.13477
1687.50000,6797.85742
1688.00000,6807.44043
1688.50000,6817.39941
1689.00000,6820.87549
1689.50000,6814.51465
1690.00000,6798.69043
1690.50000,6776.41260
1691.00000,6752.43311
1691.50000,6733.16992
1692.00000,6724.37842
1692.50000,6723.17285
1693.00000,6723.49072
1693.50000,6717.32178
1694.00000,6701.25879
1694.50000,6680.56592
1695.00000,6662.51318
1695.50000,6651.11426
1696.00000,6643.70166
1696.50000,6634.42822
1697.00000,6620.19189
1697.50000,6601.37207
1698.00000,6582.52783
1698.50000,6568.27930
1699.00000,6561.49023
1699.50000,6563.06836
1700.00000,6571.43848
1700.50000,6582.09326
1701.00000,6589.09424
1701.50000,6588.52734
1702.00000,6578.97021
1702.50000,6566.67529
1703.00000,6556.41992
1703.50000,6549.15039
1704.00000,6541.50977
1704.50000,6529.04053
1705.00000,6512.50537
1705.50000,6497.42529
1706.00000,6489.52246
1706.50000,6491.84766
1707.00000,6496.86377
1707.50000,6493.93457
1708.00000,6478.47168
1708.50000,6452.02490
1709.00000,6423.68311
1709.50000,6403.24023
1710.00000,6394.13330
1710.50000,6391.62402
1711.00000,6390.85889
1711.50000,6389.15723
1712.00000,6388.03369
1712.50000,6389.23291
1713.00000,6391.46826
1713.50000,6390.96387
1714.00000,6384.79199
1714.50000,6373.53613
1715.00000,6361.44092
1715.50000,6352.45947
1716.00000,6347.34424
1716.50000,6346.31641
1717.00000,6347.57617
1717.50000,6349.63916
1718.00000,6349.97119
1718.50000,6345.96777
1719.00000,6337.11230
1719.50000,6326.02832
1720.00000,6316.82275
1720.50000,6310.83545
1721.00000,6306.25586
1721.50000,6299.33740
1722.00000,6287.65625
1722.50000,6273.54199
1723.00000,6261.37598
1723.50000,6254.25635
1724.00000,6252.70947
1724.50000,6255.19629
1725.00000,6258.18848
1725.50000,6258.16797
1726.00000,6253.95068
1726.50000,6245.01660
1727.00000,6233.98828
1727.50000,6223.17188
1728.00000,6213.43457
1728.50000,6204.21436
1729.00000,6195.18848
1729.50000,6187.39160
1730.00000,6183.16797
1730.50000,6181.99658
1731.00000,6181.94482
1731.50000,6180.25342
1732.00000,6175.89160
1732.50000,6170.62354
1733.00000,6166.15088
1733.50000,6161.98486
1734.00000,6156.29883
1734.50000,6148.11816
1735.00000,6139.42285
1735.50000,6133.16846
1736.00000,6129.33105
1736.50000,6125.79590
1737.00000,6120.03223
1737.50000,6112.10156
1738.00000,6105.13037
1738.50000,6101.39209
1739.00000,6100.12109
1739.50000,6097.80420
1740.00000,6091.46143
1740.50000,6083.12061
1741.00000,6076.16016
1741.50000,6072.16162
1742.00000,6069.90479
1742.50000,6066.40869
1743.00000,6061.04297
1743.50000,6055.80176
1744.00000,6052.40820
1744.50000,6049.58545
1745.00000,6043.57764
1745.50000,6031.65869
1746.00000,6017.39990
1746.50000,6006.62939
1747.00000,6003.36914
1747.50000,6006.48438
1748.00000,6010.40039
1748.50000,6010.11279
1749.00000,6003.35205
1749.50000,5992.70020
1750.00000,5982.28125
1750.50000,5975.65088
1751.00000,5975.85986
1751.50000,5981.93457
1752.00000,5990.96338
1752.50000,5997.80762
1753.00000,5998.89453
1753.50000,5993.32129
1754.00000,5984.03711
1754.50000,5974.32080
1755.00000,5966.36328
1755.50000,5960.98242
1756.00000,5957.33301
1756.50000,5954.51416
1757.00000,5951.03760
1757.50000,5945.90674
1758.00000,5939.62109
1758.50000,5934.33936
1759.00000,5932.67676
1759.50000,5933.52979
1760.00000,5933.18896
1760.50000,5928.32178
1761.00000,5917.89941
1761.50000,5906.40039
1762.00000,5899.58691
1762.50000,5899.71143
1763.00000,5904.12109
1763.50000,5907.83594
1764.00000,5907.29443
1764.50000,5902.09326
1765.00000,5895.50439
1765.50000,5889.49414
1766.00000,5884.07324
1766.50000,5878.15918
1767.00000,5871.83447
1767.50000,5866.85400
1768.00000,5865.41064
1768.50000,5867.41748
1769.00000,5870.82910
1769.50000,5872.81885
1770.00000,5871.22559
1770.50000,5866.17139
1771.00000,5858.18604
1771.50000,5849.32031
1772.00000,5842.06787
1772.50000,5838.49414
1773.00000,5837.93555
1773.50000,5836.66650
1774.00000,5831.59229
1774.50000,5822.42383
1775.00000,5813.92578
1775.50000,5810.43066
1776.00000,5809.66504
1776.50000,5805.74414
1777.00000,5794.92090
1777.50000,5780.76953
1778.00000,5772.24463
1778.50000,5773.15234
1779.00000,5781.44141
1779.50000,5787.68213
1780.00000,5784.18018
1780.50000,5773.69043
1781.00000,5761.78027
1781.50000,5753.03027
1782.00000,5747.96875
1782.50000,5744.56348
1783.00000,5741.29590
1783.50000,5738.57324
1784.00000,5736.63525
1784.50000,5734.52344
1785.00000,5731.00928
1785.50000,5726.26074
1786.00000,5722.32666
1786.50000,5721.43799
1787.00000,5723.41553
1787.50000,5725.03711
1788.00000,5722.89648
1788.50000,5717.20996
1789.00000,5711.33643
1789.50000,5709.44873
1790.00000,5712.80469
1790.50000,5717.58887
1791.00000,5718.31201
1791.50000,5711.98096
1792.00000,5700.41748
1792.50000,5686.77246
1793.00000,5674.80615
1793.50000,5669.39258
1794.00000,5671.15771
1794.50000,5680.06250
1795.00000,5689.93555
1795.50000,5692.05762
1796.00000,5682.60645
1796.50000,5666.44287
1797.00000,5652.54199
1797.50000,5647.13428
1798.00000,5650.99170
1798.50000,5656.15918
1799.00000,5657.48242
1799.50000,5654.92969
1800.00000,5651.22949
1800.50000,5649.56836
1801.00000,5650.27051
1801.50000,5650.07813
1802.00000,5643.12061
1802.50000,5623.63135
1803.00000,5597.55469
1803.50000,5577.55957
1804.00000,5574.16602
1804.50000,5589.80859
1805.00000,5606.62451
1805.50000,5607.84961
1806.00000,5590.60303
1806.50000,5568.99414
1807.00000,5560.25684
1807.50000,5565.93896
1808.00000,5579.20654
1808.50000,5588.69385
1809.00000,5589.12305
1809.50000,5582.79785
1810.00000,5571.65674
