440.00000,31833.76367
440.50000,31824.42383
441.00000,31825.28125
441.50000,31834.25391
442.00000,31847.57227
442.50000,31858.78125
443.00000,31862.29688
443.50000,31855.68555
444.00000,31841.52539
444.50000,31822.79883
445.00000,31803.63672
445.50000,31788.75000
446.00000,31781.77148
446.50000,31785.38867
447.00000,31795.81836
447.50000,31808.96289
448.00000,31819.37891
448.50000,31822.46289
449.00000,31819.17773
449.50000,31813.12695
450.00000,31807.12109
450.50000,31802.41016
451.00000,31798.53320
451.50000,31794.58398
452.00000,31792.08789
452.50000,31793.40430
453.00000,31801.09375
453.50000,31814.88672
454.00000,31830.16406
454.50000,31841.89063
455.00000,31848.18945
455.50000,31848.80273
456.00000,31847.32422
456.50000,31845.76367
457.00000,31843.11133
457.50000,31836.36328
458.00000,31824.03320
458.50000,31807.33398
459.00000,31791.69531
459.50000,31781.62305
460.00000,31778.47266
460.50000,31778.38281
461.00000,31776.20117
461.50000,31769.45313
462.00000,31761.65430
462.50000,31758.86719
463.00000,31766.08398
463.50000,31782.79102
464.00000,31800.71484
464.50000,31808.42188
465.00000,31801.84375
465.50000,31779.90820
466.00000,31752.11133
466.50000,31729.90039
467.00000,31719.28320
467.50000,31720.72266
468.00000,31728.94727
468.50000,31737.96680
469.00000,31743.09961
469.50000,31743.98633
470.00000,31742.38477
470.50000,31740.42578
471.00000,31739.14648
471.50000,31738.55664
472.00000,31738.52930
472.50000,31738.88867
473.00000,31739.32227
473.50000,31739.00195
474.00000,31736.75977
474.50000,31731.54102
475.00000,31725.30078
475.50000,31721.42773
476.00000,31722.64453
476.50000,31732.08789
477.00000,31747.76367
477.50000,31764.58008
478.00000,31776.97656
478.50000,31781.33789
479.00000,31776.69727
479.50000,31766.05273
480.00000,31753.62695
480.50000,31742.49609
481.00000,31733.06055
481.50000,31723.40625
482.00000,31710.78320
482.50000,31693.93164
483.00000,31674.55469
483.50000,31655.88672
484.00000,31641.34961
484.50000,31634.20703
485.00000,31634.87109
485.50000,31642.92773
486.00000,31654.94922
486.50000,31669.54883
487.00000,31684.83789
487.50000,31699.38672
488.00000,31711.84180
488.50000,31721.14453
489.00000,31726.41992
489.50000,31728.08398
490.00000,31726.70898
490.50000,31724.82422
491.00000,31725.23242
491.50000,31729.17773
492.00000,31737.83984
492.50000,31750.21680
493.00000,31764.25000
493.50000,31776.31250
494.00000,31783.36914
494.50000,31782.59570
495.00000,31774.55078
495.50000,31759.41602
496.00000,31742.18164
496.50000,31727.59180
497.00000,31718.26172
497.50000,31716.01172
498.00000,31720.17188
498.50000,31729.25391
499.00000,31741.28711
499.50000,31754.84375
500.00000,31769.19336
500.50000,31783.12500
501.00000,31794.35742
501.50000,31801.37305
502.00000,31803.71484
502.50000,31803.65430
503.00000,31804.86719
503.50000,31811.66797
504.00000,31826.97070
504.50000,31849.75391
505.00000,31874.54883
505.50000,31894.54688
506.00000,31905.00977
506.50000,31899.48438
507.00000,31880.53125
507.50000,31854.16797
508.00000,31828.77734
508.50000,31812.93164
509.00000,31814.27344
509.50000,31833.75781
510.00000,31867.12891
510.50000,31903.37305
511.00000,31932.87305
511.50000,31950.83594
512.00000,31954.81641
512.50000,31951.63086
513.00000,31949.92578
513.50000,31955.09570
514.00000,31967.74219
514.50000,31985.17383
515.00000,32000.84961
515.50000,32009.01758
516.00000,32010.59961
516.50000,32007.13086
517.00000,32002.81836
517.50000,32001.33008
518.00000,32004.71680
518.50000,32012.57617
519.00000,32024.64453
519.50000,32039.81445
520.00000,32057.63672
520.50000,32076.07227
521.00000,32091.97070
521.50000,32103.21289
522.00000,32107.69727
522.50000,32106.09961
523.00000,32100.24805
523.50000,32092.99023
524.00000,32086.53125
524.50000,32081.07227
525.00000,32075.55078
525.50000,32068.66797
526.00000,32060.57813
526.50000,32053.50391
527.00000,32050.41211
527.50000,32054.21484
528.00000,32065.63672
528.50000,32083.09570
529.00000,32103.31445
529.50000,32121.55469
530.00000,32134.25391
530.50000,32141.55664
531.00000,32143.59961
531.50000,32143.54102
532.00000,32145.18750
532.50000,32151.73047
533.00000,32165.41992
533.50000,32187.05664
534.00000,32214.57617
534.50000,32244.35547
535.00000,32270.11719
535.50000,32285.35938
536.00000,32290.63086
536.50000,32287.27734
537.00000,32281.83398
537.50000,32281.60938
538.00000,32289.58594
538.50000,32301.65430
539.00000,32310.47656
539.50000,32309.79297
540.00000,32294.54102
540.50000,32271.06250
541.00000,32250.55859
541.50000,32241.70898
542.00000,32249.31836
542.50000,32268.90430
543.00000,32290.91797
543.50000,32303.24023
544.00000,32301.98438
544.50000,32288.78906
545.00000,32272.78711
545.50000,32263.71289
546.00000,32266.72852
546.50000,32284.32617
547.00000,32308.84766
547.50000,32333.04688
548.00000,32350.70508
548.50000,32358.64844
549.00000,32355.57422
549.50000,32345.44922
550.00000,32331.74609
550.50000,32317.85547
551.00000,32305.58594
551.50000,32295.27344
552.00000,32286.88867
552.50000,32279.55469
553.00000,32272.05859
553.50000,32262.66797
554.00000,32249.41602
554.50000,32229.24414
555.00000,32201.84961
555.50000,32168.88867
556.00000,32137.08398
556.50000,32114.30859
557.00000,32105.31055
557.50000,32112.40625
558.00000,32131.51953
558.50000,32152.09375
559.00000,32164.71094
559.50000,32166.40039
560.00000,32156.49219
560.50000,32142.51758
561.00000,32132.76758
561.50000,32131.81641
562.00000,32140.41797
562.50000,32155.31641
563.00000,32172.64258
563.50000,32189.55273
564.00000,32205.01563
564.50000,32219.46484
565.00000,32233.44336
565.50000,32246.31055
566.00000,32257.34180
566.50000,32265.45703
567.00000,32271.05859
567.50000,32275.83398
568.00000,32281.65039
568.50000,32289.31836
569.00000,32298.28906
569.50000,32306.27539
570.00000,32308.64453
570.50000,32303.81055
571.00000,32290.65820
571.50000,32272.68945
572.00000,32254.12109
572.50000,32239.37891
573.00000,32231.12891
573.50000,32227.47656
574.00000,32223.39063
574.50000,32214.03125
575.00000,32198.57813
575.50000,32177.96484
576.00000,32157.78320
576.50000,32143.13281
577.00000,32134.06445
577.50000,32127.50391
578.00000,32118.86523
578.50000,32105.30078
579.00000,32087.44336
579.50000,32071.35938
580.00000,32064.38477
580.50000,32066.96289
581.00000,32077.81641
581.50000,32089.92383
582.00000,32095.70898
582.50000,32091.28906
583.00000,32079.76367
583.50000,32066.33789
584.00000,32056.11133
584.50000,32052.07813
585.00000,32051.84766
585.50000,32051.02930
586.00000,32046.50781
586.50000,32038.16211
587.00000,32029.28516
587.50000,32024.14648
588.00000,32025.83984
588.50000,32033.63672
589.00000,32043.09570
589.50000,32049.20703
590.00000,32047.30469
590.50000,32038.44531
591.00000,32024.21484
591.50000,32009.44531
592.00000,31997.85352
592.50000,31989.93750
593.00000,31983.96484
593.50000,31977.47266
594.00000,31968.82031
594.50000,31957.72070
595.00000,31946.48633
595.50000,31937.20313
596.00000,31929.59180
596.50000,31921.53320
597.00000,31909.77539
597.50000,31891.41016
598.00000,31866.39258
598.50000,31840.52930
599.00000,31821.50781
599.50000,31814.35156
600.00000,31825.53711
600.50000,31850.15820
601.00000,31882.53320
601.50000,31910.81250
602.00000,31925.66797
602.50000,31923.19336
603.00000,31905.25586
603.50000,31877.16797
604.00000,31848.85547
604.50000,31830.36523
605.00000,31823.24805
605.50000,31827.96875
606.00000,31838.00195
606.50000,31847.06250
607.00000,31849.80859
607.50000,31843.66016
608.00000,31831.14648
608.50000,31817.05273
609.00000,31805.74805
609.50000,31799.27930
610.00000,31799.24414
610.50000,31803.39648
611.00000,31810.15234
611.50000,31818.05078
612.00000,31826.94727
612.50000,31836.91797
613.00000,31847.56055
613.50000,31857.44922
614.00000,31864.30273
614.50000,31865.33789
615.00000,31861.27148
615.50000,31853.31055
616.00000,31845.83008
616.50000,31844.49609
617.00000,31854.40039
617.50000,31877.55859
618.00000,31911.35938
618.50000,31949.10938
619.00000,31982.97070
619.50000,32007.15039
620.00000,32015.01367
620.50000,32009.91602
621.00000,31996.93750
621.50000,31983.56055
622.00000,31975.42969
622.50000,31975.29102
623.00000,31982.62500
623.50000,31995.71875
624.00000,32010.70898
624.50000,32024.77930
625.00000,32036.22852
625.50000,32042.81055
626.00000,32044.16602
626.50000,32039.77539
627.00000,32031.53125
627.50000,32023.17773
628.00000,32018.22266
628.50000,32018.03320
629.00000,32022.61523
629.50000,32028.89453
630.00000,32033.86719
630.50000,32036.44141
631.00000,32038.23828
631.50000,32041.98242
632.00000,32049.40039
632.50000,32059.53125
633.00000,32068.80664
633.50000,32072.26563
634.00000,32068.82617
634.50000,32061.10938
635.00000,32055.73438
635.50000,32059.96680
636.00000,32075.47266
636.50000,32100.58789
637.00000,32126.68945
637.50000,32143.07813
638.00000,32142.73828
638.50000,32126.86914
639.00000,32098.99609
639.50000,32069.22070
640.00000,32047.33789
640.50000,32038.01563
641.00000,32041.94531
641.50000,32053.41016
642.00000,32066.53516
642.50000,32076.24805
643.00000,32080.27539
643.50000,32078.68555
644.00000,32075.47070
644.50000,32075.45898
645.00000,32080.99805
645.50000,32094.15039
646.00000,32112.74414
646.50000,32133.79688
647.00000,32152.99219
647.50000,32166.71289
648.00000,32173.95508
648.50000,32176.93359
649.00000,32178.23047
649.50000,32180.71289
650.00000,32185.69336
650.50000,32191.11523
651.00000,32191.95703
651.50000,32183.96680
652.00000,32164.12305
652.50000,32132.89063
653.00000,32095.08789
653.50000,32057.36914
654.00000,32027.22461
654.50000,32013.18164
655.00000,32012.69336
655.50000,32024.47070
656.00000,32041.43164
656.50000,32057.41211
657.00000,32067.96484
657.50000,32071.55469
658.00000,32069.50000
658.50000,32065.11523
659.00000,32059.59961
659.50000,32053.14844
660.00000,32044.58984
660.50000,32033.80273
661.00000,32021.59375
661.50000,32010.47656
662.00000,32002.43555
662.50000,31997.58398
663.00000,31993.93359
663.50000,31988.71289
664.00000,31980.26563
664.50000,31967.74805
665.00000,31953.96680
665.50000,31941.99609
666.00000,31933.56055
666.50000,31929.59375
667.00000,31929.55273
667.50000,31932.24414
668.00000,31936.29297
668.50000,31939.39258
669.00000,31938.20898
669.50000,31931.16992
670.00000,31916.06055
670.50000,31895.43945
671.00000,31872.74023
671.50000,31852.83984
672.00000,31839.70508
672.50000,31833.20117
673.00000,31830.16602
673.50000,31827.80273
674.00000,31824.70508
674.50000,31822.05469
675.00000,31822.27734
675.50000,31828.33203
676.00000,31838.35156
676.50000,31847.96094
677.00000,31851.68555
677.50000,31845.18750
678.00000,31825.53320
678.50000,31795.29688
679.00000,31756.79102
679.50000,31716.99023
680.00000,31681.71094
680.50000,31653.61914
681.00000,31634.30859
681.50000,31621.28516
682.00000,31610.55664
682.50000,31598.09570
683.00000,31582.83398
683.50000,31568.35938
684.00000,31559.89648
684.50000,31564.14258
685.00000,31579.42969
685.50000,31602.41211
686.00000,31624.57617
686.50000,31637.48242
687.00000,31639.50586
687.50000,31635.59180
688.00000,31632.67773
688.50000,31635.99805
689.00000,31648.41211
689.50000,31665.77930
690.00000,31683.54297
690.50000,31697.71875
691.00000,31707.38867
691.50000,31713.88867
692.00000,31718.32813
692.50000,31720.90625
693.00000,31721.66602
693.50000,31720.86328
694.00000,31720.19141
694.50000,31721.00391
695.00000,31721.88867
695.50000,31718.79492
696.00000,31708.03125
696.50000,31687.46289
697.00000,31659.84766
697.50000,31632.21484
698.00000,31612.67773
698.50000,31601.91602
699.00000,31596.65820
699.50000,31588.86328
700.00000,31571.29297
700.50000,31543.94531
701.00000,31510.65820
701.50000,31479.50000
702.00000,31456.50781
702.50000,31442.31250
703.00000,31432.79688
703.50000,31423.82227
704.00000,31412.51172
704.50000,31397.51172
705.00000,31379.77734
705.50000,31358.65234
706.00000,31334.02930
706.50000,31306.37891
707.00000,31278.57031
707.50000,31255.17773
708.00000,31241.31836
708.50000,31237.30078
709.00000,31242.57617
709.50000,31250.51172
710.00000,31256.80664
710.50000,31260.96680
711.00000,31265.01758
711.50000,31271.35352
712.00000,31280.13867
712.50000,31288.39453
713.00000,31291.40625
713.50000,31284.83008
714.00000,31271.99609
714.50000,31257.67773
715.00000,31247.80859
715.50000,31246.82227
716.00000,31253.84180
716.50000,31265.62500
717.00000,31277.76953
717.50000,31287.74023
718.00000,31295.94141
718.50000,31304.35547
719.00000,31314.52148
719.50000,31325.78711
720.00000,31336.00781
720.50000,31342.59766
721.00000,31342.67383
721.50000,31336.06836
722.00000,31324.49805
722.50000,31310.25781
723.00000,31296.32031
723.50000,31285.39648
724.00000,31278.20313
724.50000,31275.12109
725.00000,31273.64453
725.50000,31270.88477
726.00000,31265.23047
726.50000,31256.97461
727.00000,31248.25195
727.50000,31241.55469
728.00000,31238.20898
728.50000,31236.33594
729.00000,31231.64844
729.50000,31221.14453
730.00000,31203.99414
730.50000,31184.32813
731.00000,31167.43555
731.50000,31157.30273
732.00000,31154.58398
732.50000,31157.00586
733.00000,31159.94336
733.50000,31160.03711
734.00000,31157.60742
734.50000,31153.44727
735.00000,31148.40820
735.50000,31141.68164
736.00000,31132.51953
736.50000,31121.64258
737.00000,31112.70313
737.50000,31110.98828
738.00000,31120.31445
738.50000,31137.09961
739.00000,31155.36328
739.50000,31167.40039
740.00000,31166.45117
740.50000,31153.32227
741.00000,31131.06641
741.50000,31104.91797
742.00000,31077.99414
742.50000,31049.83398
743.00000,31019.25586
743.50000,30985.63477
744.00000,30951.22070
744.50000,30919.32813
745.00000,30891.97852
745.50000,30870.45508
746.00000,30853.38672
746.50000,30839.73633
747.00000,30829.64844
747.50000,30823.03711
748.00000,30819.18164
748.50000,30814.92383
749.00000,30805.44727
749.50000,30789.06055
750.00000,30766.40234
750.50000,30744.91016
751.00000,30733.11914
751.50000,30736.17578
752.00000,30752.86719
752.50000,30776.75000
753.00000,30796.82422
753.50000,30801.51563
754.00000,30789.47852
754.50000,30764.10156
755.00000,30738.61328
755.50000,30724.58984
756.00000,30726.56055
756.50000,30741.48242
757.00000,30759.46094
757.50000,30768.28516
758.00000,30756.88281
758.50000,30726.49609
759.00000,30681.96094
759.50000,30635.44336
760.00000,30595.22852
760.50000,30564.51367
761.00000,30543.58203
761.50000,30529.70313
762.00000,30519.23047
762.50000,30508.82813
763.00000,30495.00000
763.50000,30473.81250
764.00000,30445.94336
764.50000,30413.52344
765.00000,30383.16016
765.50000,30362.50391
766.00000,30355.07422
766.50000,30359.07422
767.00000,30367.07031
767.50000,30369.06055
768.00000,30358.50977
768.50000,30338.75000
769.00000,30315.07813
769.50000,30294.61523
770.00000,30281.02344
770.50000,30271.65625
771.00000,30260.85742
771.50000,30243.05859
772.00000,30217.44336
772.50000,30187.76758
773.00000,30159.88477
773.50000,30138.61523
774.00000,30122.91211
774.50000,30109.54883
775.00000,30092.87500
775.50000,30067.96289
776.00000,30034.30469
776.50000,29996.20313
777.00000,29960.72656
777.50000,29933.35156
778.00000,29917.98438
778.50000,29910.88086
779.00000,29907.46289
779.50000,29901.02344
780.00000,29886.63281
780.50000,29864.76563
781.00000,29839.83789
781.50000,29818.42578
782.00000,29805.29492
782.50000,29803.50391
783.00000,29810.51367
783.50000,29824.21680
784.00000,29839.03711
784.50000,29849.82422
785.00000,29852.56445
785.50000,29842.17188
786.00000,29818.10156
786.50000,29782.51953
787.00000,29740.60156
787.50000,29700.88477
788.00000,29673.38867
788.50000,29661.88477
789.00000,29671.01758
789.50000,29693.29102
790.00000,29720.82422
790.50000,29743.23242
791.00000,29753.72656
791.50000,29750.39844
792.00000,29736.39453
792.50000,29715.70703
793.00000,29694.22070
793.50000,29676.78906
794.00000,29665.38281
794.50000,29662.35938
795.00000,29665.70313
795.50000,29671.55078
796.00000,29674.29492
796.50000,29668.49805
797.00000,29650.56055
797.50000,29622.97852
798.00000,29590.26953
798.50000,29560.04688
799.00000,29538.90820
799.50000,29526.35156
800.00000,29518.15625
800.50000,29507.72266
801.00000,29490.83203
801.50000,29467.55078
802.00000,29442.18750
802.50000,29420.46875
803.00000,29405.81836
803.50000,29401.05273
804.00000,29402.20117
804.50000,29405.09570
805.00000,29404.70508
805.50000,29397.62109
806.00000,29383.64258
806.50000,29365.42773
807.00000,29347.38477
807.50000,29333.84570
808.00000,29328.19336
808.50000,29327.83398
809.00000,29328.02148
809.50000,29322.51953
810.00000,29307.81055
810.50000,29286.80078
811.00000,29265.84180
811.50000,29251.83203
812.00000,29247.48438
812.50000,29251.37695
813.00000,29255.90820
813.50000,29252.16992
814.00000,29237.49219
814.50000,29213.43164
815.00000,29189.58789
815.50000,29175.60156
816.00000,29176.31836
816.50000,29189.41406
817.00000,29207.24219
817.50000,29219.34766
818.00000,29216.17578
818.50000,29199.43164
819.00000,29173.84766
819.50000,29150.82227
820.00000,29138.23047
820.50000,29135.31445
821.00000,29135.46875
821.50000,29129.83398
822.00000,29113.32227
822.50000,29085.09180
823.00000,29052.20508
823.50000,29021.77734
824.00000,28997.38281
824.50000,28979.43555
825.00000,28964.22852
825.50000,28950.86133
826.00000,28941.43359
826.50000,28939.03516
827.00000,28945.13672
827.50000,28955.29492
828.00000,28962.24414
828.50000,28960.60938
829.00000,28947.60156
829.50000,28929.72266
830.00000,28915.00195
830.50000,28906.91992
831.00000,28902.01172
831.50000,28891.91406
832.00000,28869.90625
832.50000,28833.16016
833.00000,28789.92188
833.50000,28751.43555
834.00000,28725.76563
834.50000,28717.53516
835.00000,28720.10352
835.50000,28724.03320
836.00000,28722.39844
836.50000,28713.34961
837.00000,28698.27930
837.50000,28681.07813
838.00000,28664.17188
838.50000,28648.78516
839.00000,28636.53516
839.50000,28628.83203
840.00000,28628.42383
840.50000,28634.91797
841.00000,28643.72852
841.50000,28647.27344
842.00000,28638.86523
842.50000,28612.70703
843.00000,28573.60352
843.50000,28527.62891
844.00000,28485.52539
844.50000,28456.81445
845.00000,28443.65820
845.50000,28443.91016
846.00000,28449.25391
846.50000,28450.29297
847.00000,28440.07617
847.50000,28418.92773
848.00000,28389.39258
848.50000,28360.00977
849.00000,28339.18164
849.50000,28330.21875
850.00000,28333.74414
850.50000,28344.46289
851.00000,28355.22070
851.50000,28359.65820
852.00000,28355.93750
852.50000,28343.29688
853.00000,28325.02539
853.50000,28302.37891
854.00000,28277.85547
854.50000,28252.98242
855.00000,28229.48438
855.50000,28209.09766
856.00000,28192.80664
856.50000,28180.23242
857.00000,28170.58398
857.50000,28162.24414
858.00000,28155.33594
858.50000,28150.38086
859.00000,28148.97656
859.50000,28151.01953
860.00000,28155.56445
860.50000,28160.04688
861.00000,28161.52539
861.50000,28157.70313
862.00000,28148.95703
862.50000,28136.83398
863.00000,28125.33594
863.50000,28118.10156
864.00000,28115.43164
864.50000,28116.00586
865.00000,28115.98242
865.50000,28111.57617
866.00000,28101.23828
866.50000,28087.07031
867.00000,28073.26172
867.50000,28063.78711
868.00000,28061.41211
868.50000,28062.45703
869.00000,28061.32617
869.50000,28053.60156
870.00000,28037.29297
870.50000,28015.11133
871.00000,27991.92578
871.50000,27972.00000
872.00000,27956.26172
872.50000,27943.16602
873.00000,27929.00977
873.50000,27911.14844
874.00000,27891.17578
874.50000,27873.86328
875.00000,27863.84180
875.50000,27862.98438
876.00000,27868.59961
876.50000,27874.71094
877.00000,27876.23438
877.50000,27873.32031
878.00000,27870.55859
878.50000,27874.47656
879.00000,27890.53125
879.50000,27914.97852
880.00000,27939.01758
880.50000,27952.08398
881.00000,27950.29102
881.50000,27937.92383
882.00000,27925.69922
882.50000,27922.76563
883.00000,27928.41797
883.50000,27936.16406
884.00000,27936.17383
884.50000,27921.49219
885.00000,27895.43945
885.50000,27867.25781
886.00000,27847.09180
886.50000,27838.85742
887.00000,27839.93555
887.50000,27841.49219
888.00000,27837.68555
888.50000,27829.92578
889.00000,27823.32617
889.50000,27823.33789
890.00000,27832.58398
890.50000,27848.17773
891.00000,27864.26172
891.50000,27875.61328
892.00000,27881.23633
892.50000,27882.48242
893.00000,27883.41211
893.50000,27885.48828
894.00000,27886.37109
894.50000,27880.83008
895.00000,27865.19922
895.50000,27838.99805
896.00000,27806.57227
896.50000,27776.10547
897.00000,27756.15820
897.50000,27748.32227
898.00000,27751.78516
898.50000,27756.99023
899.00000,27754.28516
899.50000,27738.29688
900.00000,27708.52344
900.50000,27670.75000
901.00000,27632.58398
901.50000,27600.82227
902.00000,27578.52539
902.50000,27569.08594
903.00000,27569.31250
903.50000,27577.45508
904.00000,27587.47852
904.50000,27593.07031
905.00000,27589.45508
905.50000,27574.77539
906.00000,27551.18750
906.50000,27525.10352
907.00000,27502.50977
907.50000,27485.28320
908.00000,27473.11328
908.50000,27461.90234
909.00000,27448.44141
909.50000,27431.74414
910.00000,27412.51172
910.50000,27392.50781
911.00000,27373.21094
911.50000,27355.49609
912.00000,27339.62500
912.50000,27326.84375
913.00000,27317.41406
913.50000,27311.71289
914.00000,27307.35156
914.50000,27301.37500
915.00000,27291.97070
915.50000,27280.39258
916.00000,27271.66016
916.50000,27272.03906
917.00000,27288.30859
917.50000,27317.51758
918.00000,27353.88477
918.50000,27385.15625
919.00000,27399.38086
919.50000,27394.40430
920.00000,27375.42773
920.50000,27355.66797
921.00000,27347.54688
921.50000,27357.46680
922.00000,27379.29102
922.50000,27403.91016
923.00000,27421.48047
923.50000,27425.92773
924.00000,27420.78516
924.50000,27411.30273
925.00000,27402.81250
925.50000,27397.16211
926.00000,27393.29297
926.50000,27389.65039
927.00000,27387.17578
927.50000,27388.57813
928.00000,27397.47656
928.50000,27411.64453
929.00000,27426.22461
929.50000,27434.48047
930.00000,27430.92188
930.50000,27414.71680
931.00000,27390.43555
931.50000,27364.34961
932.00000,27342.64648
932.50000,27330.31445
933.00000,27325.45313
933.50000,27325.58789
934.00000,27325.48242
934.50000,27321.07813
935.00000,27311.66211
935.50000,27300.62500
936.00000,27293.82813
936.50000,27295.57813
937.00000,27308.52539
937.50000,27327.34766
938.00000,27345.13867
938.50000,27355.66797
939.00000,27355.42969
939.50000,27347.97852
940.00000,27339.23828
940.50000,27334.15625
941.00000,27332.99023
941.50000,27331.70703
942.00000,27325.31250
942.50000,27310.13672
943.00000,27290.98438
943.50000,27275.42383
944.00000,27269.46094
944.50000,27276.38086
945.00000,27293.60742
945.50000,27315.93555
946.00000,27338.30469
946.50000,27356.77344
947.00000,27366.89063
947.50000,27367.13086
948.00000,27352.78906
948.50000,27326.27344
949.00000,27290.66797
949.50000,27253.78906
950.00000,27222.89453
950.50000,27201.32227
951.00000,27186.22461
951.50000,27172.66211
952.00000,27157.39063
952.50000,27141.69531
953.00000,27129.65430
953.50000,27125.05469
954.00000,27125.64844
954.50000,27125.76953
955.00000,27119.36719
955.50000,27104.56641
956.00000,27084.32422
956.50000,27064.96680
957.00000,27050.98828
957.50000,27040.54688
958.00000,27028.91406
958.50000,27012.49609
959.00000,26992.09766
959.50000,26974.23828
960.00000,26965.63477
960.50000,26967.93750
961.00000,26975.37891
961.50000,26979.47656
962.00000,26974.94531
962.50000,26959.65234
963.00000,26940.09766
963.50000,26921.73438
964.00000,26906.89063
964.50000,26893.86133
965.00000,26879.11914
965.50000,26861.39063
966.00000,26843.22656
966.50000,26829.07031
967.00000,26822.66406
967.50000,26820.81445
968.00000,26817.54688
968.50000,26807.84570
969.00000,26790.99805
969.50000,26772.81836
970.00000,26761.28320
970.50000,26762.11914
971.00000,26774.20898
971.50000,26793.20508
972.00000,26811.15430
972.50000,26820.74805
973.00000,26820.29492
973.50000,26807.38867
974.00000,26784.04297
974.50000,26751.95117
975.00000,26715.26367
975.50000,26680.34375
976.00000,26654.92578
976.50000,26642.85742
977.00000,26647.48242
977.50000,26660.95508
978.00000,26674.86133
978.50000,26681.05664
979.00000,26674.03320
979.50000,26655.25781
980.00000,26630.10742
980.50000,26605.87695
981.00000,26588.63672
981.50000,26582.58789
982.00000,26584.63672
982.50000,26590.30469
983.00000,26592.30469
983.50000,26584.18359
984.00000,26565.39063
984.50000,26538.79492
985.00000,26510.59180
985.50000,26486.57227
986.00000,26469.99219
986.50000,26459.25977
987.00000,26453.15625
987.50000,26449.88672
988.00000,26451.36523
988.50000,26458.25391
989.00000,26469.64063
989.50000,26480.38477
990.00000,26483.60352
990.50000,26474.23828
991.00000,26454.50977
991.50000,26430.84375
992.00000,26412.81250
992.50000,26409.12305
993.00000,26417.44922
993.50000,26432.29883
994.00000,26444.15820
994.50000,26446.00781
995.00000,26436.68164
995.50000,26420.47266
996.00000,26402.26367
996.50000,26385.31250
997.00000,26369.55859
997.50000,26353.14258
998.00000,26335.98438
998.50000,26321.00977
999.00000,26313.39648
999.50000,26316.35742
1000.00000,26329.66992
1000.50000,26349.71484
1001.00000,26370.16602
1001.50000,26385.73438
1002.00000,26395.58008
1002.50000,26400.62695
1003.00000,26405.28906
1003.50000,26413.30273
1004.00000,26425.67773
1004.50000,26440.56445
1005.00000,26453.51172
1005.50000,26459.96875
1006.00000,26456.76758
1006.50000,26447.03906
1007.00000,26436.23438
1007.50000,26430.96289
1008.00000,26435.86328
1008.50000,26446.94336
1009.00000,26456.72070
1009.50000,26458.00781
1010.00000,26448.74805
1010.50000,26432.98828
1011.00000,26419.21289
1011.50000,26415.09766
1012.00000,26420.19141
1012.50000,26431.15234
1013.00000,26440.67969
1013.50000,26443.69141
1014.00000,26440.13086
1014.50000,26432.68945
1015.00000,26425.13672
1015.50000,26420.31445
1016.00000,26420.02148
1016.50000,26423.46289
1017.00000,26428.84180
1017.50000,26431.33594
1018.00000,26423.59570
1018.50000,26402.64258
1019.00000,26369.86328
1019.50000,26335.80273
1020.00000,26315.52344
1020.50000,26321.12305
1021.00000,26349.48438
1021.50000,26390.94727
1022.00000,26427.51758
1022.50000,26444.84961
1023.00000,26444.44336
1023.50000,26433.09180
1024.00000,26422.46680
1024.50000,26419.83789
1025.00000,26425.98438
1025.50000,26437.03320
1026.00000,26450.32227
1026.50000,26464.83594
1027.00000,26481.36133
1027.50000,26498.57617
1028.00000,26513.12305
1028.50000,26522.26563
1029.00000,26525.39063
1029.50000,26525.61523
1030.00000,26526.52539
1030.50000,26528.60156
1031.00000,26528.43359
1031.50000,26520.69531
1032.00000,26506.22656
1032.50000,26490.50977
1033.00000,26482.66602
1033.50000,26489.65039
1034.00000,26508.54297
1034.50000,26530.64648
1035.00000,26546.52734
1035.50000,26552.85156
1036.00000,26552.03516
1036.50000,26551.37500
1037.00000,26555.83594
1037.50000,26563.67383
1038.00000,26570.76758
1038.50000,26574.44727
1039.00000,26576.60156
1039.50000,26582.67969
1040.00000,26596.50195
1040.50000,26616.65039
1041.00000,26635.13477
1041.50000,26641.73438
1042.00000,26635.06055
1042.50000,26617.77148
1043.00000,26600.55078
1043.50000,26591.91016
1044.00000,26592.51563
1044.50000,26596.23047
1045.00000,26594.83203
1045.50000,26585.46094
1046.00000,26572.43555
1046.50000,26565.68750
1047.00000,26576.19922
1047.50000,26601.16797
1048.00000,26632.17969
1048.50000,26655.84180
1049.00000,26662.77734
1049.50000,26654.19336
1050.00000,26640.56445
1050.50000,26634.43555
1051.00000,26641.24414
1051.50000,26659.61523
1052.00000,26677.37891
1052.50000,26682.16016
1053.00000,26671.74219
1053.50000,26650.93945
1054.00000,26631.88672
1054.50000,26624.54688
1055.00000,26630.68945
1055.50000,26641.40625
1056.00000,26644.18555
1056.50000,26633.01563
1057.00000,26607.42969
1057.50000,26579.73633
1058.00000,26562.64063
1058.50000,26561.33789
1059.00000,26573.46094
1059.50000,26589.82227
1060.00000,26601.92773
1060.50000,26607.36719
1061.00000,26611.46680
1061.50000,26621.73633
1062.00000,26639.40039
1062.50000,26660.05273
1063.00000,26674.46289
1063.50000,26675.60938
1064.00000,26666.85938
1064.50000,26660.37305
1065.00000,26670.13477
1065.50000,26699.53125
1066.00000,26741.93750
1066.50000,26778.38477
1067.00000,26788.33594
1067.50000,26771.62305
1068.00000,26737.34570
1068.50000,26707.40820
1069.00000,26699.66211
1069.50000,26717.01563
1070.00000,26745.95703
1070.50000,26768.22656
1071.00000,26774.10938
1071.50000,26763.82422
1072.00000,26752.75195
1072.50000,26754.26172
1073.00000,26769.02930
1073.50000,26788.49219
1074.00000,26800.21680
1074.50000,26798.83594
1075.00000,26789.64844
1075.50000,26784.83203
1076.00000,26794.12109
1076.50000,26813.20313
1077.00000,26830.52539
1077.50000,26833.99023
1078.00000,26816.15625
1078.50000,26783.38672
1079.00000,26746.27734
1079.50000,26714.00781
1080.00000,26688.84375
1080.50000,26667.93750
1081.00000,26646.45117
1081.50000,26622.94141
1082.00000,26600.53320
1082.50000,26584.63086
1083.00000,26577.62695
1083.50000,26580.37109
1084.00000,26590.22852
1084.50000,26603.52344
1085.00000,26616.20313
1085.50000,26623.86523
1086.00000,26620.13672
1086.50000,26603.74805
1087.00000,26573.21289
1087.50000,26537.02148
1088.00000,26506.17578
1088.50000,26490.41211
1089.00000,26494.33398
1089.50000,26513.30664
1090.00000,26534.82813
1090.50000,26545.84961
1091.00000,26542.04883
1091.50000,26523.96289
1092.00000,26503.61914
1092.50000,26491.61328
1093.00000,26491.68164
1093.50000,26502.44922
1094.00000,26517.98047
1094.50000,26533.57031
1095.00000,26548.04883
1095.50000,26562.28516
1096.00000,26575.77344
1096.50000,26586.15430
1097.00000,26589.79297
1097.50000,26588.64648
1098.00000,26588.76172
1098.50000,26597.75391
1099.00000,26619.50391
1099.50000,26649.82813
1100.00000,26677.65039
1100.50000,26690.95313
1101.00000,26687.84180
1101.50000,26670.12500
1102.00000,26650.19922
1102.50000,26638.53516
1103.00000,26639.88086
1103.50000,26655.96875
1104.00000,26684.35938
1104.50000,26721.23242
1105.00000,26762.72266
1105.50000,26803.35156
1106.00000,26837.00391
1106.50000,26861.70508
1107.00000,26875.85547
1107.50000,26883.84375
1108.00000,26888.87891
1108.50000,26893.50195
1109.00000,26898.80273
1109.50000,26906.05078
1110.00000,26917.24219
1110.50000,26935.02734
1111.00000,26957.69141
1111.50000,26980.91797
1112.00000,26999.03516
1112.50000,27008.70703
1113.00000,27014.29688
1113.50000,27023.60938
1114.00000,27042.21484
1114.50000,27067.74219
1115.00000,27090.32227
1115.50000,27099.57227
1116.00000,27087.88086
1116.50000,27064.97266
1117.00000,27044.92773
1117.50000,27040.47070
1118.00000,27058.07227
1118.50000,27090.21094
1119.00000,27123.49805
1119.50000,27145.46875
1120.00000,27152.26758
1120.50000,27145.82813
1121.00000,27135.94336
1121.50000,27130.19336
1122.00000,27130.17578
1122.50000,27133.37695
1123.00000,27134.11133
1123.50000,27127.96094
1124.00000,27114.80469
1124.50000,27098.76367
1125.00000,27085.50977
1125.50000,27078.60742
1126.00000,27079.64453
1126.50000,27083.80273
1127.00000,27085.06836
1127.50000,27078.78320
1128.00000,27062.32813
1128.50000,27038.85352
1129.00000,27014.64063
1129.50000,26996.58203
1130.00000,26987.84375
1130.50000,26988.51563
1131.00000,26992.26172
1131.50000,26992.76758
1132.00000,26987.55273
1132.50000,26977.99805
1133.00000,26970.05469
1133.50000,26969.84180
1134.00000,26979.58984
1134.50000,26996.00000
1135.00000,27013.00000
1135.50000,27024.64844
1136.00000,27026.33594
1136.50000,27020.81641
1137.00000,27011.51172
1137.50000,27004.12891
1138.00000,27003.67578
1138.50000,27012.21289
1139.00000,27029.14258
1139.50000,27051.54883
1140.00000,27074.29492
1140.50000,27092.37500
1141.00000,27104.10742
1141.50000,27108.60547
1142.00000,27109.70313
1142.50000,27111.02148
1143.00000,27115.70898
1143.50000,27125.62305
1144.00000,27140.73047
1144.50000,27159.35547
1145.00000,27179.74219
1145.50000,27200.12109
1146.00000,27220.01758
1146.50000,27240.18359
1147.00000,27261.36328
1147.50000,27282.22656
1148.00000,27298.14648
1148.50000,27303.25781
1149.00000,27293.39063
1149.50000,27268.98633
1150.00000,27238.85352
1150.50000,27214.43555
1151.00000,27202.97266
1151.50000,27208.85352
1152.00000,27224.16602
1152.50000,27241.30859
1153.00000,27254.58594
1153.50000,27263.34766
1154.00000,27270.09961
1154.50000,27276.13086
1155.00000,27278.22266
1155.50000,27272.18555
1156.00000,27253.26758
1156.50000,27227.48438
1157.00000,27204.70898
1157.50000,27195.10352
1158.00000,27205.03906
1158.50000,27230.06250
1159.00000,27258.65430
1159.50000,27277.80078
1160.00000,27280.66406
1160.50000,27263.87891
1161.00000,27236.17578
1161.50000,27205.24023
1162.00000,27179.10742
1162.50000,27163.03906
1163.00000,27156.76367
1163.50000,27157.82031
1164.00000,27162.47266
1164.50000,27167.33008
1165.00000,27170.55859
1165.50000,27171.73047
1166.00000,27169.40430
1166.50000,27163.00195
1167.00000,27151.00977
1167.50000,27135.55859
1168.00000,27121.25586
1168.50000,27113.70703
1169.00000,27115.70898
1169.50000,27125.47852
1170.00000,27135.97266
1170.50000,27140.19727
1171.00000,27137.44336
1171.50000,27130.36133
1172.00000,27124.39063
1172.50000,27121.16797
1173.00000,27117.11523
1173.50000,27107.05859
1174.00000,27089.75000
1174.50000,27070.90430
1175.00000,27059.69336
1175.50000,27059.83789
1176.00000,27070.35156
1176.50000,27080.73438
1177.00000,27082.13867
1177.50000,27074.61719
1178.00000,27065.66406
1178.50000,27065.88477
1179.00000,27080.62305
1179.50000,27107.21484
1180.00000,27134.43359
1180.50000,27150.44141
1181.00000,27152.86719
1181.50000,27143.06055
1182.00000,27130.22461
1182.50000,27120.88281
1183.00000,27116.31641
1183.50000,27113.32422
1184.00000,27107.76367
1184.50000,27098.91797
1185.00000,27090.32422
1185.50000,27087.06836
1186.00000,27093.70508
1186.50000,27106.12695
1187.00000,27117.32227
1187.50000,27120.06055
1188.00000,27110.72266
1188.50000,27092.67969
1189.00000,27073.50000
1189.50000,27060.24609
1190.00000,27054.93750
1190.50000,27057.52148
1191.00000,27063.47266
1191.50000,27070.22656
1192.00000,27076.10156
1192.50000,27080.26563
1193.00000,27082.49609
1193.50000,27082.83203
1194.00000,27081.70703
1194.50000,27079.74219
1195.00000,27076.66406
1195.50000,27072.09570
1196.00000,27066.07227
1196.50000,27061.17383
1197.00000,27062.00586
1197.50000,27070.58398
1198.00000,27084.94727
1198.50000,27097.81641
1199.00000,27101.45313
1199.50000,27092.63477
1200.00000,27078.96289
1200.50000,27073.79883
1201.00000,27085.63086
1201.50000,27118.83594
1202.00000,27162.05469
1202.50000,27201.78711
1203.00000,27228.24414
1203.50000,27239.98242
1204.00000,27242.23633
1204.50000,27242.69922
1205.00000,27244.53320
1205.50000,27246.25391
1206.00000,27244.81641
1206.50000,27240.98633
1207.00000,27239.48438
1207.50000,27246.25195
1208.00000,27265.54492
1208.50000,27295.93359
1209.00000,27330.81836
1209.50000,27362.46680
1210.00000,27386.01953
1210.50000,27397.94727
1211.00000,27402.08008
1211.50000,27400.67188
1212.00000,27397.18359
1212.50000,27392.80859
1213.00000,27387.73633
1213.50000,27382.08203
1214.00000,27376.85938
1214.50000,27373.72070
1215.00000,27374.44922
1215.50000,27377.95117
1216.00000,27381.69531
1216.50000,27382.57031
1217.00000,27379.12891
1217.50000,27374.28516
1218.00000,27373.23047
1218.50000,27379.71289
1219.00000,27391.92188
1219.50000,27403.01563
1220.00000,27405.54102
1220.50000,27394.22461
1221.00000,27376.30078
1221.50000,27362.60742
1222.00000,27362.36133
1222.50000,27379.67188
1223.00000,27408.36719
1223.50000,27437.84180
1224.00000,27458.80469
1224.50000,27468.80078
1225.00000,27468.69141
1225.50000,27465.09570
1226.00000,27463.22656
1226.50000,27466.35938
1227.00000,27476.95508
1227.50000,27494.00586
1228.00000,27514.71289
1228.50000,27534.36914
1229.00000,27548.60742
1229.50000,27554.66797
1230.00000,27555.10938
1230.50000,27553.32031
1231.00000,27553.59570
1231.50000,27559.06836
1232.00000,27570.27344
1232.50000,27588.28906
1233.00000,27613.09766
1233.50000,27643.24219
1234.00000,27675.41602
1234.50000,27705.06445
1235.00000,27728.60352
1235.50000,27747.85352
1236.00000,27766.44336
1236.50000,27788.01563
1237.00000,27813.31055
1237.50000,27839.46680
1238.00000,27863.75000
1238.50000,27886.22070
1239.00000,27909.35742
1239.50000,27934.42383
1240.00000,27958.16602
1240.50000,27972.27344
1241.00000,27974.00977
1241.50000,27964.19141
1242.00000,27953.54883
1242.50000,27954.28516
1243.00000,27972.50586
1243.50000,28004.93555
1244.00000,28042.37891
1244.50000,28074.32227
1245.00000,28093.60547
1245.50000,28103.22461
1246.00000,28107.44336
1246.50000,28113.05859
1247.00000,28124.52930
1247.50000,28142.02930
1248.00000,28162.68945
1248.50000,28181.76953
1249.00000,28195.60742
1249.50000,28203.09375
1250.00000,28208.34961
1250.50000,28216.52734
1251.00000,28229.21289
1251.50000,28243.90430
1252.00000,28254.86523
1252.50000,28258.53711
1253.00000,28258.11133
1253.50000,28261.49023
1254.00000,28275.29102
1254.50000,28296.71094
1255.00000,28316.42578
1255.50000,28325.51758
1256.00000,28320.48828
1256.50000,28311.57227
1257.00000,28311.09766
1257.50000,28323.29688
1258.00000,28341.42578
1258.50000,28352.73242
1259.00000,28350.18359
1259.50000,28336.54883
1260.00000,28325.68945
1260.50000,28332.25977
1261.00000,28355.48438
1261.50000,28388.06641
1262.00000,28416.40820
1262.50000,28432.08984
1263.00000,28436.84570
1263.50000,28439.55664
1264.00000,28449.22461
1264.50000,28468.19531
1265.00000,28494.51563
1265.50000,28520.55273
1266.00000,28539.64453
1266.50000,28550.46289
1267.00000,28554.37305
1267.50000,28556.44922
1268.00000,28561.67773
1268.50000,28572.79297
1269.00000,28588.50586
1269.50000,28605.90039
1270.00000,28621.55273
1270.50000,28633.17969
1271.00000,28641.57422
1271.50000,28647.09570
1272.00000,28650.49414
1272.50000,28652.46094
1273.00000,28654.92578
1273.50000,28660.49414
1274.00000,28670.69336
1274.50000,28682.65039
1275.00000,28689.94727
1275.50000,28688.18750
1276.00000,28675.30664
1276.50000,28658.59570
1277.00000,28648.01953
1277.50000,28650.70508
1278.00000,28667.42578
1278.50000,28692.95508
1279.00000,28718.68164
1279.50000,28738.23438
1280.00000,28751.12500
1280.50000,28758.05078
1281.00000,28762.63672
1281.50000,28766.69922
1282.00000,28771.27539
1282.50000,28776.67578
1283.00000,28782.66797
1283.50000,28788.52930
1284.00000,28793.42969
1284.50000,28797.35352
1285.00000,28801.19141
1285.50000,28806.57422
1286.00000,28815.70508
1286.50000,28829.09570
1287.00000,28847.00195
1287.50000,28867.95508
1288.00000,28889.38086
1288.50000,28907.72656
1289.00000,28919.97266
1289.50000,28922.86523
1290.00000,28918.43555
1290.50000,28909.11328
1291.00000,28900.58203
1291.50000,28898.09961
1292.00000,28903.67773
1292.50000,28916.67773
1293.00000,28933.06055
1293.50000,28947.14453
1294.00000,28954.02539
1294.50000,28954.18750
1295.00000,28951.30664
1295.50000,28952.16211
1296.00000,28961.39648
1296.50000,28975.87305
1297.00000,28988.09766
1297.50000,28990.63867
1298.00000,28981.66602
1298.50000,28965.89258
1299.00000,28952.11523
1299.50000,28946.88867
1300.00000,28948.43750
1300.50000,28952.62500
1301.00000,28954.80859
1301.50000,28953.92383
1302.00000,28951.79688
1302.50000,28949.21875
1303.00000,28944.65430
1303.50000,28936.59961
1304.00000,28926.56641
1304.50000,28920.15625
1305.00000,28925.50977
1305.50000,28941.91992
1306.00000,28964.98828
1306.50000,28985.90234
1307.00000,28999.11523
1307.50000,29005.43359
1308.00000,29008.91406
1308.50000,29011.65039
1309.00000,29011.87695
1309.50000,29004.75977
1310.00000,28990.74219
1310.50000,28974.70703
1311.00000,28965.91406
1311.50000,28973.26172
1312.00000,28996.50000
1312.50000,29029.29883
1313.00000,29061.86523
1313.50000,29086.45313
1314.00000,29098.74805
1314.50000,29101.61133
1315.00000,29096.28125
1315.50000,29087.08984
1316.00000,29076.35742
1316.50000,29066.97461
1317.00000,29061.68555
1317.50000,29061.33008
1318.00000,29064.03320
1318.50000,29066.10938
1319.00000,29064.50000
1319.50000,29058.21875
1320.00000,29050.97070
1320.50000,29047.82031
1321.00000,29051.07422
1321.50000,29060.44141
1322.00000,29071.14258
1322.50000,29077.23828
1323.00000,29073.98828
1323.50000,29060.54883
1324.00000,29037.21875
1324.50000,29009.02734
1325.00000,28980.99219
1325.50000,28957.68555
1326.00000,28942.51172
1326.50000,28933.48633
1327.00000,28926.15039
1327.50000,28915.29883
1328.00000,28899.12109
1328.50000,28880.68555
1329.00000,28866.42773
1329.50000,28862.69922
1330.00000,28866.85938
1330.50000,28872.27734
1331.00000,28870.22656
1331.50000,28855.01953
1332.00000,28829.58008
1332.50000,28800.78125
1333.00000,28774.69531
1333.50000,28752.71484
1334.00000,28733.55469
1334.50000,28716.58203
1335.00000,28707.08008
1335.50000,28708.76367
1336.00000,28723.45703
1336.50000,28741.74414
1337.00000,28749.22266
1337.50000,28735.41602
1338.00000,28702.39063
1338.50000,28662.75195
1339.00000,28633.52930
1339.50000,28627.72461
1340.00000,28638.46289
1340.50000,28655.43945
1341.00000,28666.75781
1341.50000,28667.87109
1342.00000,28662.39648
1342.50000,28654.44336
1343.00000,28643.46484
1343.50000,28626.42578
1344.00000,28600.73047
1344.50000,28570.85547
1345.00000,28543.34961
1345.50000,28522.07031
1346.00000,28506.95117
1346.50000,28493.36328
1347.00000,28478.29688
1347.50000,28462.74023
1348.00000,28450.05273
1348.50000,28442.57617
1349.00000,28438.34375
1349.50000,28434.80469
1350.00000,28431.23633
1350.50000,28430.72266
1351.00000,28435.48438
1351.50000,28444.78516
1352.00000,28453.34180
1352.50000,28455.57617
1353.00000,28449.38867
1353.50000,28437.98438
1354.00000,28423.92578
1354.50000,28407.20313
1355.00000,28382.04883
1355.50000,28346.52344
1356.00000,28302.99414
1356.50000,28262.91797
1357.00000,28239.96680
1357.50000,28240.70313
1358.00000,28257.28711
1358.50000,28274.86133
1359.00000,28280.00000
1359.50000,28264.88086
1360.00000,28239.10352
1360.50000,28214.00391
1361.00000,28198.90039
1361.50000,28196.85742
1362.00000,28202.33008
1362.50000,28206.51563
1363.00000,28201.09766
1363.50000,28182.68945
1364.00000,28149.54492
1364.50000,28109.23047
1365.00000,28072.48633
1365.50000,28049.73242
1366.00000,28048.86328
1366.50000,28063.72461
1367.00000,28079.97852
1367.50000,28080.75977
1368.00000,28058.34570
1368.50000,28015.69141
1369.00000,27970.28711
1369.50000,27941.08398
1370.00000,27932.79688
1370.50000,27943.54297
1371.00000,27958.30273
1371.50000,27963.58789
1372.00000,27953.73242
1372.50000,27933.10156
1373.00000,27911.36719
1373.50000,27897.26367
1374.00000,27895.31836
1374.50000,27899.20313
1375.00000,27898.55664
1375.50000,27884.65625
1376.00000,27852.23047
1376.50000,27807.95898
1377.00000,27764.01953
1377.50000,27732.97266
1378.00000,27719.87695
1378.50000,27723.23047
1379.00000,27730.71875
1379.50000,27727.97070
1380.00000,27708.09180
1380.50000,27666.12109
1381.00000,27610.52148
1381.50000,27553.66016
1382.00000,27509.29297
1382.50000,27485.02344
1383.00000,27479.44531
1383.50000,27479.40625
1384.00000,27470.84375
1384.50000,27448.96484
1385.00000,27415.83984
1385.50000,27382.77344
1386.00000,27357.54492
1386.50000,27338.80078
1387.00000,27320.25586
1387.50000,27296.72266
1388.00000,27268.74414
1388.50000,27240.26953
1389.00000,27214.44336
1389.50000,27190.90820
1390.00000,27166.08398
1390.50000,27137.49023
1391.00000,27106.63281
1391.50000,27076.91992
1392.00000,27051.19531
1392.50000,27029.83789
1393.00000,27011.59180
1393.50000,26994.10742
1394.00000,26974.92969
1394.50000,26952.40625
1395.00000,26925.46484
1395.50000,26897.36914
1396.00000,26874.08789
1396.50000,26860.50781
1397.00000,26857.37891
1397.50000,26859.66406
1398.00000,26859.39453
1398.50000,26850.58594
1399.00000,26834.76758
1399.50000,26813.81250
1400.00000,26789.89844
1400.50000,26761.15820
1401.00000,26727.48047
1401.50000,26692.11914
1402.00000,26661.69727
1402.50000,26641.10547
1403.00000,26630.33398
1403.50000,26622.43359
1404.00000,26610.66992
1404.50000,26594.03516
1405.00000,26576.15430
1405.50000,26561.88477
1406.00000,26552.63281
1406.50000,26544.89063
1407.00000,26533.66406
1407.50000,26515.45703
1408.00000,26490.78711
1408.50000,26462.33594
1409.00000,26436.12109
1409.50000,26420.97461
1410.00000,26420.05664
1410.50000,26434.16797
1411.00000,26451.87305
1411.50000,26457.35156
1412.00000,26439.60547
1412.50000,26399.70117
1413.00000,26347.24609
1413.50000,26297.09570
1414.00000,26259.12695
1414.50000,26231.06836
1415.00000,26209.58984
1415.50000,26191.03516
1416.00000,26176.98633
1416.50000,26168.93555
1417.00000,26163.84766
1417.50000,26153.95313
1418.00000,26132.75000
1418.50000,26096.53711
1419.00000,26051.46875
1419.50000,26003.36133
1420.00000,25958.10742
1420.50000,25919.63477
1421.00000,25889.26758
1421.50000,25868.48242
1422.00000,25856.23242
1422.50000,25847.51172
1423.00000,25835.68555
1423.50000,25817.47852
1424.00000,25793.33398
1424.50000,25769.18945
1425.00000,25749.57813
1425.50000,25733.74023
1426.00000,25718.12109
1426.50000,25700.07422
1427.00000,25681.42578
1427.50000,25667.32422
1428.00000,25660.36523
1428.50000,25657.60547
1429.00000,25650.99414
1429.50000,25632.50000
1430.00000,25603.99219
1430.50000,25571.11914
1431.00000,25542.18750
1431.50000,25521.94141
1432.00000,25509.45703
1432.50000,25500.50195
1433.00000,25492.74609
1433.50000,25486.85352
1434.00000,25486.52148
1434.50000,25491.83594
1435.00000,25501.05664
1435.50000,25509.08008
1436.00000,25511.51367
1436.50000,25507.84375
1437.00000,25501.25195
1437.50000,25496.48242
1438.00000,25496.41992
1438.50000,25501.19531
1439.00000,25506.26758
1439.50000,25506.21680
1440.00000,25499.45898
1440.50000,25486.19922
1441.00000,25470.06250
1441.50000,25453.99414
1442.00000,25438.71680
1442.50000,25422.65820
1443.00000,25403.61719
1443.50000,25381.90625
1444.00000,25360.31641
1444.50000,25342.95313
1445.00000,25333.41602
1445.50000,25330.16016
1446.00000,25329.68945
1446.50000,25327.34961
1447.00000,25320.35352
1447.50000,25308.65625
1448.00000,25295.05859
1448.50000,25281.84180
1449.00000,25269.15625
1449.50000,25254.04688
1450.00000,25233.70508
1450.50000,25206.31250
1451.00000,25174.98242
1451.50000,25145.54297
1452.00000,25123.67969
1452.50000,25110.22656
1453.00000,25101.00391
1453.50000,25087.46875
1454.00000,25060.56055
1454.50000,25023.03906
1455.00000,24983.77344
1455.50000,24954.60938
1456.00000,24943.32617
1456.50000,24946.97461
1457.00000,24955.91797
1457.50000,24961.88672
1458.00000,24963.94531
1458.50000,24967.09961
1459.00000,24974.78711
1459.50000,24981.83789
1460.00000,24976.82031
1460.50000,24950.01367
1461.00000,24907.91211
1461.50000,24868.41992
1462.00000,24850.48828
1462.50000,24857.88281
1463.00000,24880.28711
1463.50000,24896.07813
1464.00000,24887.37695
1464.50000,24860.30859
1465.00000,24828.26563
1465.50000,24804.15625
1466.00000,24791.19141
1466.50000,24783.39258
1467.00000,24774.32422
1467.50000,24763.54883
1468.00000,24756.03320
1468.50000,24758.48047
1469.00000,24770.59570
1469.50000,24790.36133
1470.00000,24812.12500
1470.50000,24831.59766
1471.00000,24844.81836
1471.50000,24847.56836
1472.00000,24837.39844
1472.50000,24817.70898
1473.00000,24794.95313
1473.50000,24777.10156
1474.00000,24770.07813
1474.50000,24769.72656
1475.00000,24771.77930
1475.50000,24772.80859
1476.00000,24773.08594
1476.50000,24774.72070
1477.00000,24778.40625
1477.50000,24782.22266
1478.00000,24783.34570
1478.50000,24780.22266
1479.00000,24776.35156
1479.50000,24776.79297
1480.00000,24783.29297
1480.50000,24793.25391
1481.00000,24798.50977
1481.50000,24789.52930
1482.00000,24761.04102
1482.50000,24719.34570
1483.00000,24678.65234
1483.50000,24655.24805
1484.00000,24662.95117
1484.50000,24692.11133
1485.00000,24728.10352
1485.50000,24751.94336
1486.00000,24752.32422
1486.50000,24733.06836
1487.00000,24709.57031
1487.50000,24698.69531
1488.00000,24705.63477
1488.50000,24726.00391
1489.00000,24745.32227
1489.50000,24752.52148
1490.00000,24747.93945
1490.50000,24737.64648
1491.00000,24730.08594
1491.50000,24728.78906
1492.00000,24731.41602
1492.50000,24733.53125
1493.00000,24735.06641
1493.50000,24740.04297
1494.00000,24753.30469
1494.50000,24771.43750
1495.00000,24785.71875
1495.50000,24787.13086
1496.00000,24771.59570
1496.50000,24744.91016
1497.00000,24719.55664
1497.50000,24706.23242
1498.00000,24706.22070
1498.50000,24718.00000
1499.00000,24732.84766
1499.50000,24743.90820
1500.00000,24747.18945
1500.50000,24740.26367
1501.00000,24725.04688
1501.50000,24706.43750
1502.00000,24689.49609
1502.50000,24676.58984
1503.00000,24666.98438
1503.50000,24657.02930
1504.00000,24644.63086
1504.50000,24632.25000
1505.00000,24625.82031
1505.50000,24629.11719
1506.00000,24640.30859
1506.50000,24652.28516
1507.00000,24657.36523
1507.50000,24651.49219
1508.00000,24639.24609
1508.50000,24627.49414
1509.00000,24621.31250
1509.50000,24621.49609
1510.00000,24622.68555
1510.50000,24621.24219
1511.00000,24618.63477
1511.50000,24620.45117
1512.00000,24631.91797
1512.50000,24651.15039
1513.00000,24670.90234
1513.50000,24681.94922
1514.00000,24677.48438
1514.50000,24663.94336
1515.00000,24649.59180
1515.50000,24641.80078
1516.00000,24642.73438
1516.50000,24649.10352
1517.00000,24655.27734
1517.50000,24656.57031
1518.00000,24651.47266
1518.50000,24638.10156
1519.00000,24618.81836
1519.50000,24595.93555
1520.00000,24575.06445
1520.50000,24562.71094
1521.00000,24562.16797
1521.50000,24571.65820
1522.00000,24584.88086
1522.50000,24593.11133
1523.00000,24589.06055
1523.50000,24574.17383
1524.00000,24551.93359
1524.50000,24531.33984
1525.00000,24520.74805
1525.50000,24522.32031
1526.00000,24531.93359
1526.50000,24539.37891
1527.00000,24536.19336
1527.50000,24518.42188
1528.00000,24492.36914
1528.50000,24465.18945
1529.00000,24442.46680
1529.50000,24425.94922
1530.00000,24413.75586
1530.50000,24406.36133
1531.00000,24405.93945
1531.50000,24412.98047
1532.00000,24423.12500
1532.50000,24427.22266
1533.00000,24414.31055
1533.50000,24384.97070
1534.00000,24342.52539
1534.50000,24299.28320
1535.00000,24263.67773
1535.50000,24238.47656
1536.00000,24223.31641
1536.50000,24216.30859
1537.00000,24214.28125
1537.50000,24214.66406
1538.00000,24214.35352
1538.50000,24211.54688
1539.00000,24206.80859
1539.50000,24199.73047
1540.00000,24188.77148
1540.50000,24170.64063
1541.00000,24144.67578
1541.50000,24115.21289
1542.00000,24090.04492
1542.50000,24073.09570
1543.00000,24063.41211
1543.50000,24053.66211
1544.00000,24038.98828
1544.50000,24021.89063
1545.00000,24009.11719
1545.50000,24005.06055
1546.00000,24006.87109
1546.50000,24007.47656
1547.00000,24003.16406
1547.50000,23996.27930
1548.00000,23992.43555
1548.50000,23993.40430
1549.00000,23991.75195
1549.50000,23974.95703
1550.00000,23940.98438
1550.50000,23897.22852
1551.00000,23858.82813
1551.50000,23837.89844
1552.00000,23838.44336
1552.50000,23850.77344
1553.00000,23864.44922
1553.50000,23872.20508
1554.00000,23872.48438
1554.50000,23868.28711
1555.00000,23859.62695
1555.50000,23844.72852
1556.00000,23821.57813
1556.50000,23791.46875
1557.00000,23761.16406
1557.50000,23739.11523
1558.00000,23727.78125
1558.50000,23727.25195
1559.00000,23729.84961
1559.50000,23728.78711
1560.00000,23720.29102
1560.50000,23702.87695
1561.00000,23678.44531
1561.50000,23649.86133
1562.00000,23620.04883
1562.50000,23592.64063
1563.00000,23571.79492
1563.50000,23557.12305
1564.00000,23546.52539
1564.50000,23534.12891
1565.00000,23514.98633
1565.50000,23488.00977
1566.00000,23454.88086
1566.50000,23418.61719
1567.00000,23383.08203
1567.50000,23353.42188
1568.00000,23333.75977
1568.50000,23330.11719
1569.00000,23339.01758
1569.50000,23354.60742
1570.00000,23365.86328
1570.50000,23363.20508
1571.00000,23343.92578
1571.50000,23314.47656
1572.00000,23285.04883
1572.50000,23263.25195
1573.00000,23253.50000
1573.50000,23250.93164
1574.00000,23250.62500
1574.50000,23247.23633
1575.00000,23237.60156
1575.50000,23222.54492
1576.00000,23204.09375
1576.50000,23183.98047
1577.00000,23163.32031
1577.50000,23142.28320
1578.00000,23121.17969
1578.50000,23101.21484
1579.00000,23083.80273
1579.50000,23071.43164
1580.00000,23065.44727
1580.50000,23066.78516
1581.00000,23073.72656
1581.50000,23080.56445
1582.00000,23077.55664
1582.50000,23060.03320
1583.00000,23025.88672
1583.50000,22987.16211
1584.00000,22958.01953
1584.50000,22945.92188
1585.00000,22949.10742
1585.50000,22953.58594
1586.00000,22945.82031
1586.50000,22922.41211
1587.00000,22892.70703
1587.50000,22867.83789
1588.00000,22850.91602
1588.50000,22836.15430
1589.00000,22813.24414
1589.50000,22778.19922
1590.00000,22738.31641
1590.50000,22703.90430
1591.00000,22679.89063
1591.50000,22660.76367
1592.00000,22634.44531
1592.50000,22593.47656
1593.00000,22535.85156
1593.50000,22472.65039
1594.00000,22414.24805
1594.50000,22366.68750
1595.00000,22331.27539
1595.50000,22303.22266
1596.00000,22275.96289
1596.50000,22245.71680
1597.00000,22212.99023
1597.50000,22180.85742
1598.00000,22152.16797
1598.50000,22128.11328
1599.00000,22105.57422
1599.50000,22081.38867
1600.00000,22054.85742
1600.50000,22027.02734
1601.00000,21998.11914
1601.50000,21965.59961
1602.00000,21923.83398
1602.50000,21872.28906
1603.00000,21813.58984
1603.50000,21755.82617
1604.00000,21705.36523
1604.50000,21663.16406
1605.00000,21628.97070
1605.50000,21602.91797
1606.00000,21585.73633
1606.50000,21576.34766
1607.00000,21566.81055
1607.50000,21544.32422
1608.00000,21503.83203
1608.50000,21445.11328
1609.00000,21384.06055
1609.50000,21336.77734
1610.00000,21309.76758
1610.50000,21300.23242
1611.00000,21298.08398
1611.50000,21290.87891
1612.00000,21266.92383
1612.50000,21226.46094
1613.00000,21171.63477
1613.50000,21115.40039
1614.00000,21070.33984
1614.50000,21040.66211
1615.00000,21021.19922
1615.50000,20997.70898
1616.00000,20960.63281
1616.50000,20911.23438
1617.00000,20862.18359
1617.50000,20827.20898
1618.00000,20806.81641
1618.50000,20793.95117
1619.00000,20776.08398
1619.50000,20747.65234
1620.00000,20712.87891
1620.50000,20679.84570
1621.00000,20654.67383
1621.50000,20636.98242
1622.00000,20621.71680
1622.50000,20602.63086
1623.00000,20574.25781
1623.50000,20537.66992
1624.00000,20494.36914
1624.50000,20448.60547
1625.00000,20402.96680
1625.50000,20357.85352
1626.00000,20312.75000
1626.50000,20267.77930
1627.00000,20223.44336
1627.50000,20178.90039
1628.00000,20131.30469
1628.50000,20077.57227
1629.00000,20020.32617
1629.50000,19966.08008
1630.00000,19920.86328
1630.50000,19884.79883
1631.00000,19850.46289
1631.50000,19809.56250
1632.00000,19760.36523
1632.50000,19710.37109
1633.00000,19667.87500
1633.50000,19632.16211
1634.00000,19595.57422
1634.50000,19550.72461
1635.00000,19498.16602
1635.50000,19446.22266
1636.00000,19402.97266
1636.50000,19370.50000
1637.00000,19341.75391
1637.50000,19309.52148
1638.00000,19272.70703
1638.50000,19233.16016
1639.00000,19193.64453
1639.50000,19154.77344
1640.00000,19116.82422
1640.50000,19081.68359
1641.00000,19051.23047
1641.50000,19023.16211
1642.00000,18990.76172
1642.50000,18948.60352
1643.00000,18893.51172
1643.50000,18834.88086
1644.00000,18782.49414
1644.50000,18741.45313
1645.00000,18712.16992
1645.50000,18691.31641
1646.00000,18674.85547
1646.50000,18659.15430
1647.00000,18639.79883
1647.50000,18610.38477
1648.00000,18571.35547
1648.50000,18526.98828
1649.00000,18488.28906
1649.50000,18463.90234
1650.00000,18451.77930
1650.50000,18441.70117
1651.00000,18421.27930
1651.50000,18385.37305
1652.00000,18334.79492
1652.50000,18282.32031
1653.00000,18238.62891
1653.50000,18206.81836
1654.00000,18186.22461
1654.50000,18169.31641
1655.00000,18147.57227
1655.50000,18115.90430
1656.00000,18075.02344
1656.50000,18028.63281
1657.00000,17982.93555
1657.50000,17942.53906
1658.00000,17906.21680
1658.50000,17870.13281
1659.00000,17830.62500
1659.50000,17787.00000
1660.00000,17743.25391
1660.50000,17706.23828
1661.00000,17681.55273
1661.50000,17667.32227
1662.00000,17659.49414
1662.50000,17650.73633
1663.00000,17635.58398
1663.50000,17613.28906
1664.00000,17583.56836
1664.50000,17547.73828
1665.00000,17507.27539
1665.50000,17466.23438
1666.00000,17430.61719
1666.50000,17406.14844
1667.00000,17388.36523
1667.50000,17368.71680
1668.00000,17339.77344
1668.50000,17299.20898
1669.00000,17256.06055
1669.50000,17222.36719
1670.00000,17203.22852
1670.50000,17194.70898
1671.00000,17188.08594
1671.50000,17174.87305
1672.00000,17148.25000
1672.50000,17110.51953
1673.00000,17062.81641
1673.50000,17011.24805
1674.00000,16962.48242
1674.50000,16922.86523
1675.00000,16895.59570
1675.50000,16876.75195
1676.00000,16858.50977
1676.50000,16834.25000
1677.00000,16803.35156
1677.50000,16768.15430
1678.00000,16734.35352
1678.50000,16705.62695
1679.00000,16682.38477
1679.50000,16664.87305
1680.00000,16652.75000
1680.50000,16645.23828
1681.00000,16640.50000
1681.50000,16635.74023
1682.00000,16628.64063
1682.50000,16618.89258
1683.00000,16606.01367
1683.50000,16589.95508
1684.00000,16568.52734
1684.50000,16540.40625
1685.00000,16506.43945
1685.50000,16471.30469
1686.00000,16442.01172
1686.50000,16423.13867
1687.00000,16410.28125
1687.50000,16395.07031
1688.00000,16370.55371
1688.50000,16334.68555
1689.00000,16297.03906
1689.50000,16268.83008
1690.00000,16254.01270
1690.50000,16246.38770
1691.00000,16234.56250
1691.50000,16211.51855
1692.00000,16179.37695
1692.50000,16149.02832
1693.00000,16129.24414
1693.50000,16118.50098
1694.00000,16110.33398
1694.50000,16098.20117
1695.00000,16082.19629
1695.50000,16066.57617
1696.00000,16053.88086
1696.50000,16041.32031
1697.00000,16023.16016
1697.50000,15996.10254
1698.00000,15966.35449
1698.50000,15943.31738
1699.00000,15932.90332
1699.50000,15934.49707
1700.00000,15937.48145
1700.50000,15930.17383
1701.00000,15904.65234
1701.50000,15865.48242
1702.00000,15823.14746
1702.50000,15791.44727
1703.00000,15778.69043
1703.50000,15777.75684
1704.00000,15776.75000
1704.50000,15764.61230
1705.00000,15740.37305
1705.50000,15713.00000
1706.00000,15691.63086
1706.50000,15679.07422
1707.00000,15668.47070
1707.50000,15651.59082
1708.00000,15628.91016
1708.50000,15605.57227
1709.00000,15586.88379
1709.50000,15573.16602
1710.00000,15559.61914
1710.50000,15542.31738
1711.00000,15522.39453
1711.50000,15504.80762
1712.00000,15494.95898
1712.50000,15492.16504
1713.00000,15493.52734
1713.50000,15494.02051
1714.00000,15489.60547
1714.50000,15478.04785
1715.00000,15458.55859
1715.50000,15433.26855
1716.00000,15407.68457
1716.50000,15387.38281
1717.00000,15373.53223
1717.50000,15364.19727
1718.00000,15352.50391
1718.50000,15333.06055
1719.00000,15306.81445
1719.50000,15279.29004
1720.00000,15258.60938
1720.50000,15250.04297
1721.00000,15253.58789
1721.50000,15262.04102
1722.00000,15267.62402
1722.50000,15265.53418
1723.00000,15253.33691
1723.50000,15235.49023
1724.00000,15214.41016
1724.50000,15190.36133
1725.00000,15161.62109
1725.50000,15127.78418
1726.00000,15094.48535
1726.50000,15070.79004
1727.00000,15060.19629
1727.50000,15062.67969
1728.00000,15066.80859
1728.50000,15062.14746
1729.00000,15047.42090
1729.50000,15028.83984
1730.00000,15015.22266
1730.50000,15009.72656
1731.00000,15006.96191
1731.50000,14998.73535
1732.00000,14979.15918
1732.50000,14953.14355
1733.00000,14928.77930
1733.50000,14912.71387
1734.00000,14907.20605
1734.50000,14908.46484
1735.00000,14909.68555
1735.50000,14902.86328
1736.00000,14884.80762
1736.50000,14854.30078
1737.00000,14818.78516
1737.50000,14788.21777
1738.00000,14771.27637
1738.50000,14772.07813
1739.00000,14783.97559
1739.50000,14796.04102
1740.00000,14797.54883
1740.50000,14785.77539
1741.00000,14766.61914
1741.50000,14749.93750
1742.00000,14741.31543
1742.50000,14735.35547
1743.00000,14722.06348
1743.50000,14698.00586
1744.00000,14667.64648
1744.50000,14641.09277
1745.00000,14625.54492
1745.50000,14620.70020
1746.00000,14619.32910
1746.50000,14618.63574
1747.00000,14619.90820
1747.50000,14626.02344
1748.00000,14633.27051
1748.50000,14632.99707
1749.00000,14619.22656
1749.50000,14591.65137
1750.00000,14556.04102
1750.50000,14520.12793
1751.00000,14487.19531
1751.50000,14456.88574
1752.00000,14431.22070
1752.50000,14413.73438
1753.00000,14410.13574
1753.50000,14417.68457
1754.00000,14428.36426
1754.50000,14430.51758
1755.00000,14417.14648
1755.50000,14392.76758
1756.00000,14370.71777
1756.50000,14363.95508
1757.00000,14371.14746
1757.50000,14381.78320
1758.00000,14381.47070
1758.50000,14363.49902
1759.00000,14335.16211
1759.50000,14310.20020
1760.00000,14299.24512
1760.50000,14300.35156
1761.00000,14305.63184
1761.50000,14305.19434
1762.00000,14291.99805
1762.50000,14272.06348
1763.00000,14253.15527
1763.50000,14240.57910
1764.00000,14232.88672
1764.50000,14221.43066
1765.00000,14199.48926
1765.50000,14168.49121
1766.00000,14139.04883
1766.50000,14123.51660
1767.00000,14121.08496
1767.50000,14123.65527
1768.00000,14122.51172
1768.50000,14117.40430
1769.00000,14116.30566
1769.50000,14124.87305
1770.00000,14138.16504
1770.50000,14143.84473
1771.00000,14129.37988
1771.50000,14097.98535
1772.00000,14061.45996
1772.50000,14033.95508
1773.00000,14022.78613
1773.50000,14021.31152
1774.00000,14017.00781
1774.50000,14001.80859
1775.00000,13978.60938
1775.50000,13957.58105
1776.00000,13948.14844
1776.50000,13952.21387
1777.00000,13960.09180
1777.50000,13964.92090
1778.00000,13966.28418
1778.50000,13968.00977
1779.00000,13971.12695
1779.50000,13970.81445
1780.00000,13960.65918
1780.50000,13940.19238
1781.00000,13915.02832
1781.50000,13893.11035
1782.00000,13879.19922
1782.50000,13871.48730
1783.00000,13868.10840
1783.50000,13865.51953
1784.00000,13860.50586
1784.50000,13850.18652
1785.00000,13833.78027
1785.50000,13813.43164
1786.00000,13793.73047
1786.50000,13778.67188
1787.00000,13768.96582
1787.50000,13765.54688
1788.00000,13764.68457
1788.50000,13761.63574
1789.00000,13752.30371
1789.50000,13736.72266
1790.00000,13720.94141
1790.50000,13711.47461
1791.00000,13710.66113
1791.50000,13712.83984
1792.00000,13711.47461
1792.50000,13705.37598
1793.00000,13695.50781
1793.50000,13683.22070
1794.00000,13667.99316
1794.50000,13650.58691
1795.00000,13633.98340
1795.50000,13620.34180
1796.00000,13608.11035
1796.50000,13594.40723
1797.00000,13580.02832
1797.50000,13568.50879
1798.00000,13560.63477
1798.50000,13552.69922
1799.00000,13540.56836
1799.50000,13526.24512
1800.00000,13516.11035
1800.50000,13513.72266
1801.00000,13518.02930
1801.50000,13523.35840
1802.00000,13527.59961
1802.50000,13528.74707
1803.00000,13518.04883
1803.50000,13490.22168
1804.00000,13450.55273
1804.50000,13417.70313
1805.00000,13410.28516
1805.50000,13430.84668
1806.00000,13456.25000
1806.50000,13465.93848
1807.00000,13459.47852
1807.50000,13445.53613
1808.00000,13433.70996
1808.50000,13423.42969
1809.00000,13411.78516
1809.50000,13399.59277
1810.00000,13387.68652
