440.00000,22616.65430
440.50000,22601.57031
441.00000,22585.40234
441.50000,22570.50195
442.00000,22557.83789
442.50000,22547.62695
443.00000,22540.46680
443.50000,22535.69727
444.00000,22530.22461
444.50000,22520.51172
445.00000,22505.17969
445.50000,22484.23828
446.00000,22462.47656
446.50000,22444.21484
447.00000,22428.88281
447.50000,22412.93359
448.00000,22391.44727
448.50000,22360.27344
449.00000,22322.69141
449.50000,22284.90430
450.00000,22252.09375
450.50000,22225.03125
451.00000,22201.84570
451.50000,22177.40430
452.00000,22150.77930
452.50000,22124.81055
453.00000,22104.08789
453.50000,22091.82813
454.00000,22085.67969
454.50000,22080.75391
455.00000,22073.75000
455.50000,22064.56055
456.00000,22057.69531
456.50000,22059.89063
457.00000,22070.66992
457.50000,22087.31055
458.00000,22103.75391
458.50000,22114.31445
459.00000,22117.30078
459.50000,22116.94141
460.00000,22116.89063
460.50000,22118.94336
461.00000,22122.15625
461.50000,22122.54492
462.00000,22116.74414
462.50000,22105.50000
463.00000,22091.12109
463.50000,22077.53906
464.00000,22068.60938
464.50000,22065.31836
465.00000,22065.12891
465.50000,22064.23828
466.00000,22058.12891
466.50000,22038.54492
467.00000,22004.68750
467.50000,21956.24219
468.00000,21898.05859
468.50000,21836.57422
469.00000,21779.29297
469.50000,21730.65234
470.00000,21691.61914
470.50000,21658.63477
471.00000,21629.85352
471.50000,21602.72461
472.00000,21577.25195
472.50000,21553.44336
473.00000,21530.93945
473.50000,21508.61523
474.00000,21485.39844
474.50000,21461.54492
475.00000,21439.25000
475.50000,21421.19141
476.00000,21407.11133
476.50000,21395.54102
477.00000,21381.83789
477.50000,21361.71875
478.00000,21335.20703
478.50000,21304.95898
479.00000,21275.12891
479.50000,21249.41797
480.00000,21228.44141
480.50000,21208.04492
481.00000,21183.59375
481.50000,21153.17188
482.00000,21116.17383
482.50000,21077.07422
483.00000,21041.76563
483.50000,21014.04492
484.00000,20994.91797
484.50000,20984.06836
485.00000,20977.90039
485.50000,20973.88086
486.00000,20970.90039
486.50000,20970.72461
487.00000,20975.51172
487.50000,20989.30078
488.00000,21012.89063
488.50000,21043.29688
489.00000,21075.69922
489.50000,21103.85938
490.00000,21120.20898
490.50000,21122.83203
491.00000,21112.21094
491.50000,21096.01172
492.00000,21080.85547
492.50000,21072.49023
493.00000,21074.88086
493.50000,21085.36328
494.00000,21098.42969
494.50000,21109.38477
495.00000,21115.97266
495.50000,21117.58984
496.00000,21118.03516
496.50000,21120.40625
497.00000,21125.05664
497.50000,21130.51953
498.00000,21134.04688
498.50000,21133.20313
499.00000,21128.72852
499.50000,21123.43359
500.00000,21119.64648
500.50000,21117.59961
501.00000,21115.05078
501.50000,21108.29102
502.00000,21095.38281
502.50000,21078.83008
503.00000,21063.69336
503.50000,21056.28711
504.00000,21061.08398
504.50000,21077.27344
505.00000,21098.15430
505.50000,21117.09570
506.00000,21129.01953
506.50000,21128.55859
507.00000,21116.83594
507.50000,21095.75000
508.00000,21068.07617
508.50000,21036.74219
509.00000,21004.75391
509.50000,20975.64258
510.00000,20952.31055
510.50000,20933.86133
511.00000,20919.27539
511.50000,20905.34180
512.00000,20889.61133
512.50000,20872.03320
513.00000,20854.87500
513.50000,20840.46680
514.00000,20829.59375
514.50000,20821.47266
515.00000,20812.87695
515.50000,20800.59961
516.00000,20784.99023
516.50000,20767.14063
517.00000,20749.46484
517.50000,20733.72656
518.00000,20719.83984
518.50000,20706.27734
519.00000,20692.30664
519.50000,20678.56250
520.00000,20667.36523
520.50000,20661.10938
521.00000,20662.01758
521.50000,20667.97070
522.00000,20677.19141
522.50000,20686.98242
523.00000,20695.40430
523.50000,20701.67188
524.00000,20706.74219
524.50000,20711.77344
525.00000,20718.00391
525.50000,20727.28711
526.00000,20740.43359
526.50000,20758.71875
527.00000,20780.33594
527.50000,20802.68945
528.00000,20822.07031
528.50000,20834.83789
529.00000,20837.45898
529.50000,20831.84180
530.00000,20820.03320
530.50000,20806.11914
531.00000,20792.16406
531.50000,20778.70313
532.00000,20764.25195
532.50000,20747.29688
533.00000,20727.50000
533.50000,20705.96289
534.00000,20684.84570
534.50000,20666.62109
535.00000,20651.96875
535.50000,20640.82422
536.00000,20631.53516
536.50000,20623.41211
537.00000,20615.81055
537.50000,20608.47266
538.00000,20600.89063
538.50000,20592.32031
539.00000,20581.99414
539.50000,20569.92578
540.00000,20556.06445
540.50000,20540.91406
541.00000,20523.49219
541.50000,20502.61719
542.00000,20476.23047
542.50000,20444.23633
543.00000,20408.36133
543.50000,20372.95898
544.00000,20342.54102
544.50000,20320.11523
545.00000,20303.90234
545.50000,20292.15625
546.00000,20281.05469
546.50000,20269.26758
547.00000,20258.45508
547.50000,20251.67773
548.00000,20251.20508
548.50000,20257.26172
549.00000,20268.81445
549.50000,20282.31445
550.00000,20295.11719
550.50000,20305.88867
551.00000,20312.76172
551.50000,20314.66016
552.00000,20308.28711
552.50000,20292.30273
553.00000,20268.15625
553.50000,20239.36328
554.00000,20211.75586
554.50000,20191.97656
555.00000,20183.50781
555.50000,20188.95117
556.00000,20202.77930
556.50000,20221.53711
557.00000,20240.40820
557.50000,20255.52930
558.00000,20264.07227
558.50000,20265.67188
559.00000,20260.93945
559.50000,20252.83398
560.00000,20244.57617
560.50000,20239.99219
561.00000,20244.93359
561.50000,20260.32227
562.00000,20286.37891
562.50000,20319.83789
563.00000,20355.96289
563.50000,20389.42773
564.00000,20415.54883
564.50000,20431.88477
565.00000,20441.65039
565.50000,20446.95313
566.00000,20451.30469
566.50000,20455.86523
567.00000,20459.48438
567.50000,20459.61133
568.00000,20455.05664
568.50000,20446.77539
569.00000,20436.33008
569.50000,20425.15430
570.00000,20410.59570
570.50000,20388.16602
571.00000,20351.17969
571.50000,20300.45898
572.00000,20239.98242
572.50000,20179.78125
573.00000,20132.53125
573.50000,20105.56445
574.00000,20094.21094
574.50000,20092.06641
575.00000,20089.05859
575.50000,20078.46680
576.00000,20061.17773
576.50000,20042.20703
577.00000,20026.32617
577.50000,20014.36523
578.00000,20003.51563
578.50000,19989.73242
579.00000,19970.40625
579.50000,19948.86133
580.00000,19931.51758
580.50000,19921.81641
581.00000,19921.99609
581.50000,19928.03320
582.00000,19934.70508
582.50000,19937.35156
583.00000,19935.90234
583.50000,19932.79688
584.00000,19931.00391
584.50000,19931.97070
585.00000,19933.71094
585.50000,19931.40234
586.00000,19922.65234
586.50000,19906.34961
587.00000,19885.37109
587.50000,19863.79883
588.00000,19845.92969
588.50000,19834.61328
589.00000,19830.54102
589.50000,19831.24219
590.00000,19835.52734
590.50000,19840.87695
591.00000,19845.80469
591.50000,19849.27539
592.00000,19850.96289
592.50000,19851.52344
593.00000,19852.06641
593.50000,19853.86133
594.00000,19857.64844
594.50000,19864.22852
595.00000,19872.95898
595.50000,19883.88672
596.00000,19896.80078
596.50000,19912.15234
597.00000,19929.42969
597.50000,19946.89648
598.00000,19960.66797
598.50000,19967.41016
599.00000,19964.18555
599.50000,19953.35938
600.00000,19937.71289
600.50000,19923.28516
601.00000,19915.96094
601.50000,19915.93555
602.00000,19920.77930
602.50000,19926.46289
603.00000,19930.11914
603.50000,19931.58984
604.00000,19934.10352
604.50000,19942.90430
605.00000,19958.04102
605.50000,19977.25977
606.00000,19993.96289
606.50000,20000.26367
607.00000,19991.83008
607.50000,19968.45508
608.00000,19937.23242
608.50000,19906.95313
609.00000,19884.87695
609.50000,19872.29492
610.00000,19869.25195
610.50000,19869.42773
611.00000,19867.91016
611.50000,19863.44531
612.00000,19857.97656
612.50000,19855.25195
613.00000,19858.40820
613.50000,19868.90234
614.00000,19883.39648
614.50000,19896.76563
615.00000,19905.28711
615.50000,19905.83594
616.00000,19899.84961
616.50000,19888.92578
617.00000,19876.08984
617.50000,19863.85352
618.00000,19853.74414
618.50000,19846.52539
619.00000,19843.34375
619.50000,19843.59375
620.00000,19846.55469
620.50000,19848.70313
621.00000,19845.64648
621.50000,19835.58008
622.00000,19818.70703
622.50000,19798.67969
623.00000,19781.04102
623.50000,19771.41992
624.00000,19769.63867
624.50000,19771.27734
625.00000,19768.92383
625.50000,19755.02148
626.00000,19729.20117
626.50000,19694.82813
627.00000,19662.40430
627.50000,19643.15820
628.00000,19642.99219
628.50000,19658.30078
629.00000,19681.98047
629.50000,19701.86914
630.00000,19705.06445
630.50000,19689.66992
631.00000,19659.57617
631.50000,19625.52930
632.00000,19597.46289
632.50000,19581.49219
633.00000,19577.26563
633.50000,19580.24805
634.00000,19581.87305
634.50000,19576.64844
635.00000,19566.41016
635.50000,19555.81641
636.00000,19551.25000
636.50000,19558.44727
637.00000,19577.60547
637.50000,19602.74414
638.00000,19626.19531
638.50000,19642.63281
639.00000,19649.06055
639.50000,19649.38672
640.00000,19648.56641
640.50000,19652.43750
641.00000,19663.80078
641.50000,19680.20703
642.00000,19697.50586
642.50000,19711.04883
643.00000,19717.77344
643.50000,19715.59180
644.00000,19706.55664
644.50000,19692.53516
645.00000,19677.18555
645.50000,19663.41992
646.00000,19653.50977
646.50000,19649.42773
647.00000,19650.84180
647.50000,19654.70313
648.00000,19656.37891
648.50000,19652.95117
649.00000,19643.59961
649.50000,19632.97852
650.00000,19629.03320
650.50000,19638.40820
651.00000,19666.22852
651.50000,19706.05664
652.00000,19748.01367
652.50000,19780.72461
653.00000,19796.70898
653.50000,19791.83008
654.00000,19772.90820
654.50000,19747.62305
655.00000,19724.48438
655.50000,19706.54688
656.00000,19691.72070
656.50000,19676.31250
657.00000,19657.29492
657.50000,19634.59180
658.00000,19611.89648
658.50000,19593.70508
659.00000,19583.90039
659.50000,19580.87305
660.00000,19582.27148
660.50000,19582.74219
661.00000,19577.02344
661.50000,19563.23438
662.00000,19543.07227
662.50000,19520.17188
663.00000,19498.79492
663.50000,19482.14453
664.00000,19469.72266
664.50000,19458.92969
665.00000,19444.30859
665.50000,19420.94727
666.00000,19389.25781
666.50000,19352.26953
667.00000,19316.18945
667.50000,19287.12891
668.00000,19268.99414
668.50000,19258.40625
669.00000,19248.13086
669.50000,19231.27148
670.00000,19202.26758
670.50000,19164.03125
671.00000,19121.88477
671.50000,19084.17773
672.00000,19058.88477
672.50000,19048.36914
673.00000,19049.61523
673.50000,19059.74805
674.00000,19073.29492
674.50000,19086.83984
675.00000,19097.89258
675.50000,19103.74414
676.00000,19104.12695
676.50000,19099.15430
677.00000,19090.56641
677.50000,19081.01172
678.00000,19073.02148
678.50000,19067.77930
679.00000,19065.67188
679.50000,19064.91211
680.00000,19064.47070
680.50000,19064.01953
681.00000,19063.60742
681.50000,19062.82422
682.00000,19060.23438
682.50000,19053.61523
683.00000,19042.00391
683.50000,19026.52148
684.00000,19010.92188
684.50000,18999.07617
685.00000,18991.56055
685.50000,18986.71289
686.00000,18979.62109
686.50000,18964.10547
687.00000,18938.32031
687.50000,18905.27344
688.00000,18869.89453
688.50000,18837.61133
689.00000,18812.78516
689.50000,18794.43164
690.00000,18781.33008
690.50000,18769.57031
691.00000,18756.49414
691.50000,18740.94531
692.00000,18722.74219
692.50000,18702.74805
693.00000,18683.28125
693.50000,18668.43750
694.00000,18661.93164
694.50000,18668.23047
695.00000,18683.75000
695.50000,18704.28320
696.00000,18722.43555
696.50000,18731.60352
697.00000,18729.05273
697.50000,18717.09375
698.00000,18700.76367
698.50000,18685.83984
699.00000,18674.72656
699.50000,18665.65430
700.00000,18655.92188
700.50000,18643.44922
701.00000,18627.74219
701.50000,18610.75391
702.00000,18595.07617
702.50000,18581.95508
703.00000,18570.66797
703.50000,18559.69727
704.00000,18547.30273
704.50000,18531.67188
705.00000,18512.76563
705.50000,18489.98438
706.00000,18464.49609
706.50000,18437.32031
707.00000,18409.79492
707.50000,18383.15039
708.00000,18358.30078
708.50000,18335.22461
709.00000,18314.41211
709.50000,18296.11523
710.00000,18282.46484
710.50000,18274.59766
711.00000,18274.03125
711.50000,18279.82617
712.00000,18289.63477
712.50000,18300.65039
713.00000,18310.60938
713.50000,18319.02148
714.00000,18327.27930
714.50000,18336.62305
715.00000,18347.03125
715.50000,18357.69922
716.00000,18367.54102
716.50000,18376.15625
717.00000,18384.29492
717.50000,18393.12500
718.00000,18402.76367
718.50000,18411.82227
719.00000,18417.56641
719.50000,18418.79883
720.00000,18414.02344
720.50000,18404.68750
721.00000,18391.97266
721.50000,18377.40234
722.00000,18361.64648
722.50000,18344.84570
723.00000,18327.38086
723.50000,18309.58008
724.00000,18291.65625
724.50000,18273.06445
725.00000,18252.92188
725.50000,18230.38867
726.00000,18206.20508
726.50000,18181.83789
727.00000,18158.86328
727.50000,18137.94727
728.00000,18119.04102
728.50000,18101.17383
729.00000,18084.40039
729.50000,18069.17773
730.00000,18056.30469
730.50000,18044.72656
731.00000,18032.13672
731.50000,18016.16602
732.00000,17996.32227
732.50000,17975.06836
733.00000,17957.66992
733.50000,17950.87109
734.00000,17954.03516
734.50000,17966.40430
735.00000,17982.76172
735.50000,18000.58789
736.00000,18019.30859
736.50000,18039.81055
737.00000,18061.39258
737.50000,18078.94531
738.00000,18083.50781
738.50000,18071.90234
739.00000,18041.21875
739.50000,18001.89063
740.00000,17964.26758
740.50000,17936.99414
741.00000,17923.51563
741.50000,17918.57617
742.00000,17912.36719
742.50000,17897.89648
743.00000,17874.85938
743.50000,17845.48633
744.00000,17815.67578
744.50000,17790.10352
745.00000,17770.45703
745.50000,17758.87305
746.00000,17755.80664
746.50000,17761.45508
747.00000,17774.54883
747.50000,17790.65625
748.00000,17804.16992
748.50000,17811.22266
749.00000,17809.31641
749.50000,17803.52930
750.00000,17801.57813
750.50000,17809.50391
751.00000,17830.29492
751.50000,17861.50391
752.00000,17897.39453
752.50000,17931.87305
753.00000,17960.50586
753.50000,17979.15039
754.00000,17988.41211
754.50000,17986.56250
755.00000,17975.86914
755.50000,17956.28320
756.00000,17929.85352
756.50000,17898.90039
757.00000,17865.96094
757.50000,17833.33398
758.00000,17802.18750
758.50000,17772.05469
759.00000,17742.02148
759.50000,17711.89453
760.00000,17683.26953
760.50000,17658.67383
761.00000,17641.23633
761.50000,17632.02930
762.00000,17628.99609
762.50000,17628.00195
763.00000,17623.80273
763.50000,17613.03516
764.00000,17598.09375
764.50000,17582.46289
765.00000,17569.80664
765.50000,17561.53906
766.00000,17555.12500
766.50000,17545.87109
767.00000,17529.09180
767.50000,17504.22656
768.00000,17473.58398
768.50000,17442.33984
769.00000,17414.86328
769.50000,17392.35938
770.00000,17375.25586
770.50000,17361.57031
771.00000,17349.68945
771.50000,17338.35547
772.00000,17326.74023
772.50000,17314.15820
773.00000,17300.24414
773.50000,17284.57617
774.00000,17268.03711
774.50000,17252.16602
775.00000,17238.89258
775.50000,17230.58398
776.00000,17228.09375
776.50000,17230.11914
777.00000,17232.94141
777.50000,17231.86914
778.00000,17221.77930
778.50000,17202.87695
779.00000,17176.68359
779.50000,17150.64453
780.00000,17133.20508
780.50000,17129.14648
781.00000,17138.22852
781.50000,17152.86719
782.00000,17163.72656
782.50000,17163.48438
783.00000,17152.74609
783.50000,17134.89258
784.00000,17118.24609
784.50000,17109.41992
785.00000,17108.96094
785.50000,17114.27734
786.00000,17120.45313
786.50000,17125.23633
787.00000,17129.04883
787.50000,17133.17188
788.00000,17137.15039
788.50000,17138.34375
789.00000,17131.86523
789.50000,17117.56445
790.00000,17098.33203
790.50000,17082.09375
791.00000,17074.65039
791.50000,17075.46484
792.00000,17077.14453
792.50000,17069.57227
793.00000,17048.58594
793.50000,17014.24805
794.00000,16978.65039
794.50000,16955.74414
795.00000,16951.44141
795.50000,16962.34180
796.00000,16977.03125
796.50000,16984.06055
797.00000,16976.91992
797.50000,16958.45703
798.00000,16933.85938
798.50000,16910.23438
799.00000,16891.01953
799.50000,16874.74023
800.00000,16859.23242
800.50000,16843.53906
801.00000,16828.30273
801.50000,16814.27539
802.00000,16801.21289
802.50000,16788.54297
803.00000,16776.51953
803.50000,16768.34570
804.00000,16767.11719
804.50000,16777.17188
805.00000,16794.89844
805.50000,16814.02734
806.00000,16826.77344
806.50000,16827.92969
807.00000,16816.13086
807.50000,16796.65234
808.00000,16775.37695
808.50000,16758.12500
809.00000,16749.39258
809.50000,16748.19141
810.00000,16752.50000
810.50000,16758.49414
811.00000,16762.19336
811.50000,16760.01367
812.00000,16750.50586
812.50000,16733.45898
813.00000,16713.14063
813.50000,16695.09961
814.00000,16684.30273
814.50000,16685.50000
815.00000,16696.37109
815.50000,16713.16992
816.00000,16730.04688
816.50000,16741.75977
817.00000,16744.82422
817.50000,16740.47461
818.00000,16731.10742
818.50000,16722.22070
819.00000,16719.07422
819.50000,16723.15430
820.00000,16733.64844
820.50000,16746.98633
821.00000,16759.75391
821.50000,16769.74414
822.00000,16776.55469
822.50000,16779.91602
823.00000,16780.37305
823.50000,16776.83398
824.00000,16770.13281
824.50000,16762.03125
825.00000,16756.63672
825.50000,16758.13672
826.00000,16767.74609
826.50000,16782.50781
827.00000,16796.56836
827.50000,16803.91992
828.00000,16799.07031
828.50000,16784.87891
829.00000,16765.13281
829.50000,16746.97852
830.00000,16735.24219
830.50000,16729.67773
831.00000,16727.22266
831.50000,16723.90234
832.00000,16717.16797
832.50000,16706.28320
833.00000,16693.61914
833.50000,16682.13281
834.00000,16674.22461
834.50000,16672.63477
835.00000,16678.08984
835.50000,16690.92578
836.00000,16709.94922
836.50000,16732.07813
837.00000,16753.00391
837.50000,16768.74023
838.00000,16775.64258
838.50000,16776.51758
839.00000,16775.72461
839.50000,16779.14844
840.00000,16790.38867
840.50000,16806.10938
841.00000,16818.41211
841.50000,16820.21484
842.00000,16811.52734
842.50000,16798.29297
843.00000,16791.55859
843.50000,16803.15234
844.00000,16831.34766
844.50000,16869.45898
845.00000,16903.04297
845.50000,16918.71680
846.00000,16912.64844
846.50000,16892.05273
847.00000,16865.34375
847.50000,16839.49023
848.00000,16815.13281
848.50000,16788.49805
849.00000,16755.25000
849.50000,16716.54688
850.00000,16676.98633
850.50000,16642.47461
851.00000,16615.69922
851.50000,16593.69531
852.00000,16569.97461
852.50000,16540.19727
853.00000,16506.82617
853.50000,16476.66016
854.00000,16456.15039
854.50000,16450.29297
855.00000,16455.55273
855.50000,16465.48828
856.00000,16473.57617
856.50000,16477.68164
857.00000,16480.79883
857.50000,16487.62305
858.00000,16500.21094
858.50000,16513.48828
859.00000,16518.82227
859.50000,16510.76563
860.00000,16487.49414
860.50000,16455.95898
861.00000,16427.16602
861.50000,16411.24414
862.00000,16410.10938
862.50000,16420.67969
863.00000,16431.13477
863.50000,16431.08203
864.00000,16418.66797
864.50000,16395.28711
865.00000,16368.62305
865.50000,16346.84082
866.00000,16336.33398
866.50000,16339.39648
867.00000,16357.19434
867.50000,16384.69727
868.00000,16417.85547
868.50000,16449.15234
869.00000,16471.54297
869.50000,16482.89648
870.00000,16483.17383
870.50000,16477.15234
871.00000,16471.45508
871.50000,16472.34766
872.00000,16482.47070
872.50000,16503.60156
873.00000,16531.62109
873.50000,16563.54297
874.00000,16594.72461
874.50000,16620.66211
875.00000,16638.94531
875.50000,16648.08789
876.00000,16648.74609
876.50000,16644.42578
877.00000,16639.31641
877.50000,16637.55664
878.00000,16642.88281
878.50000,16653.83203
879.00000,16668.26758
879.50000,16681.75391
880.00000,16690.29688
880.50000,16692.26953
881.00000,16689.24219
881.50000,16684.16602
882.00000,16679.93164
882.50000,16677.41406
883.00000,16674.53711
883.50000,16667.30469
884.00000,16653.86133
884.50000,16634.08008
885.00000,16612.33984
885.50000,16594.49023
886.00000,16584.77930
886.50000,16582.20313
887.00000,16581.42578
887.50000,16575.50391
888.00000,16558.69336
888.50000,16534.07617
889.00000,16506.45117
889.50000,16482.58594
890.00000,16467.30273
890.50000,16461.21680
891.00000,16462.12500
891.50000,16468.01563
892.00000,16476.82813
892.50000,16488.09180
893.00000,16499.61133
893.50000,16506.96094
894.00000,16506.58984
894.50000,16495.47070
895.00000,16476.20313
895.50000,16454.54883
896.00000,16437.35156
896.50000,16428.50781
897.00000,16428.91992
897.50000,16433.28906
898.00000,16435.75586
898.50000,16432.37305
899.00000,16420.78906
899.50000,16403.11914
900.00000,16381.72363
900.50000,16358.28027
901.00000,16332.88574
901.50000,16304.57813
902.00000,16273.51465
902.50000,16240.59863
903.00000,16208.54199
903.50000,16180.67480
904.00000,16158.14453
904.50000,16141.37695
905.00000,16128.32813
905.50000,16116.66309
906.00000,16104.84668
906.50000,16092.77637
907.00000,16081.33496
907.50000,16070.86621
908.00000,16060.75488
908.50000,16049.42480
909.00000,16035.03906
909.50000,16017.32910
910.00000,15996.72559
910.50000,15974.29199
911.00000,15950.84473
911.50000,15926.59082
912.00000,15902.12695
912.50000,15879.40527
913.00000,15860.96484
913.50000,15850.72656
914.00000,15847.95996
914.50000,15850.61816
915.00000,15854.17578
915.50000,15854.95801
916.00000,15851.87988
916.50000,15847.06934
917.00000,15843.49805
917.50000,15842.53320
918.00000,15843.63477
918.50000,15843.99707
919.00000,15841.29980
919.50000,15836.06055
920.00000,15831.17480
920.50000,15830.51758
921.00000,15835.89160
921.50000,15847.33203
922.00000,15861.86816
922.50000,15877.15332
923.00000,15891.30566
923.50000,15903.11719
924.00000,15912.37402
924.50000,15918.28613
925.00000,15920.67188
925.50000,15920.04004
926.00000,15917.89355
926.50000,15916.60254
927.00000,15918.56543
927.50000,15924.04492
928.00000,15932.49316
928.50000,15941.28809
929.00000,15947.79004
929.50000,15950.21094
930.00000,15947.34375
930.50000,15939.39941
931.00000,15928.30078
931.50000,15916.89258
932.00000,15908.59180
932.50000,15907.81641
933.00000,15914.64648
933.50000,15929.04004
934.00000,15946.15625
934.50000,15959.96484
935.00000,15964.81055
935.50000,15958.22754
936.00000,15941.62988
936.50000,15921.37598
937.00000,15904.53711
937.50000,15895.22461
938.00000,15895.54590
938.50000,15900.30664
939.00000,15903.52148
939.50000,15900.54590
940.00000,15890.28418
940.50000,15875.99512
941.00000,15863.10840
941.50000,15856.14551
942.00000,15855.01367
942.50000,15858.25781
943.00000,15861.92773
943.50000,15864.40430
944.00000,15866.52051
944.50000,15870.25293
945.00000,15876.86523
945.50000,15885.92188
946.00000,15895.55469
946.50000,15903.37988
947.00000,15907.10938
947.50000,15906.96582
948.00000,15902.95313
948.50000,15896.73438
949.00000,15888.57324
949.50000,15877.89355
950.00000,15862.78418
950.50000,15841.62598
951.00000,15815.84961
951.50000,15790.40723
952.00000,15771.77148
952.50000,15767.67480
953.00000,15775.15527
953.50000,15788.28125
954.00000,15796.13379
954.50000,15789.91797
955.00000,15769.41016
955.50000,15742.55078
956.00000,15720.37012
956.50000,15709.41895
957.00000,15710.73438
957.50000,15714.96191
958.00000,15712.21973
958.50000,15698.84766
959.00000,15676.13672
959.50000,15651.67383
960.00000,15632.22461
960.50000,15620.58203
961.00000,15615.04395
961.50000,15613.24609
962.00000,15612.02930
962.50000,15609.01074
963.00000,15602.71875
963.50000,15591.05957
964.00000,15574.57227
964.50000,15555.38672
965.00000,15537.57129
965.50000,15524.72266
966.00000,15518.32422
966.50000,15515.62891
967.00000,15513.11035
967.50000,15508.17383
968.00000,15500.43555
968.50000,15492.48535
969.00000,15486.82422
969.50000,15484.37500
970.00000,15484.83789
970.50000,15487.27148
971.00000,15490.31152
971.50000,15492.26953
972.00000,15491.35156
972.50000,15484.44531
973.00000,15471.68359
973.50000,15453.29102
974.00000,15432.26953
974.50000,15411.02441
975.00000,15390.60156
975.50000,15370.76855
976.00000,15351.75879
976.50000,15335.27051
977.00000,15325.64648
977.50000,15323.43750
978.00000,15326.87598
978.50000,15328.86621
979.00000,15321.87891
979.50000,15303.68848
980.00000,15278.28613
980.50000,15254.44141
981.00000,15240.42090
981.50000,15241.68652
982.00000,15253.28418
982.50000,15269.05566
983.00000,15281.21094
983.50000,15285.22168
984.00000,15282.71484
984.50000,15277.95215
985.00000,15276.25488
985.50000,15281.26465
986.00000,15294.70996
986.50000,15313.81152
987.00000,15335.19531
987.50000,15354.51172
988.00000,15369.14941
988.50000,15380.63086
989.00000,15392.26074
989.50000,15407.33008
990.00000,15426.31445
990.50000,15445.92383
991.00000,15461.07910
991.50000,15467.66016
992.00000,15468.93066
992.50000,15472.52051
993.00000,15486.67969
993.50000,15518.12793
994.00000,15562.70020
994.50000,15610.78027
995.00000,15650.63086
995.50000,15675.60352
996.00000,15685.21094
996.50000,15688.48633
997.00000,15694.45801
997.50000,15707.15332
998.00000,15725.12891
998.50000,15741.34570
999.00000,15748.53516
999.50000,15743.88770
1000.00000,15729.06348
1000.50000,15708.35059
1001.00000,15687.06934
1001.50000,15668.18945
1002.00000,15651.35645
1002.50000,15634.80176
1003.00000,15616.62305
1003.50000,15596.26758
1004.00000,15575.48242
1004.50000,15556.87207
1005.00000,15541.93945
1005.50000,15529.25195
1006.00000,15514.79395
1006.50000,15494.66309
1007.00000,15465.71094
1007.50000,15432.46387
1008.00000,15402.43359
1008.50000,15382.75098
1009.00000,15377.74219
1009.50000,15384.30176
1010.00000,15395.34082
1010.50000,15403.96289
1011.00000,15407.23730
1011.50000,15405.74512
1012.00000,15403.70801
1012.50000,15404.38672
1013.00000,15407.97363
1013.50000,15413.32324
1014.00000,15418.63281
1014.50000,15423.17090
1015.00000,15427.21875
1015.50000,15431.23438
1016.00000,15435.16602
1016.50000,15438.75391
1017.00000,15442.03711
1017.50000,15445.65137
1018.00000,15450.15527
1018.50000,15455.00195
1019.00000,15458.70801
1019.50000,15459.95313
1020.00000,15458.75000
1020.50000,15456.52344
1021.00000,15455.09766
1021.50000,15455.50293
1022.00000,15457.16309
1022.50000,15460.04785
1023.00000,15464.74805
1023.50000,15473.18750
1024.00000,15485.51172
1024.50000,15498.94043
1025.00000,15507.54492
1025.50000,15505.82910
1026.00000,15490.31934
1026.50000,15466.79785
1027.00000,15443.93359
1027.50000,15430.29004
1028.00000,15431.97559
1028.50000,15445.08008
1029.00000,15463.01758
1029.50000,15478.59473
1030.00000,15488.31348
1030.50000,15492.10547
1031.00000,15492.18262
1031.50000,15487.59961
1032.00000,15476.83105
1032.50000,15455.83496
1033.00000,15427.00000
1033.50000,15395.94141
1034.00000,15370.73730
1034.50000,15357.30859
1035.00000,15356.24609
1035.50000,15362.05762
1036.00000,15369.14258
1036.50000,15374.16113
1037.00000,15377.70703
1037.50000,15382.78613
1038.00000,15391.30957
1038.50000,15401.65430
1039.00000,15410.89551
1039.50000,15417.54883
1040.00000,15423.29199
1040.50000,15431.46484
1041.00000,15443.01367
1041.50000,15454.77637
1042.00000,15460.69727
1042.50000,15454.33789
1043.00000,15438.67285
1043.50000,15421.55957
1044.00000,15413.37207
1044.50000,15420.15527
1045.00000,15439.71191
1045.50000,15462.05566
1046.00000,15477.22656
1046.50000,15482.94238
1047.00000,15482.06152
1047.50000,15483.23633
1048.00000,15492.25879
1048.50000,15507.67676
1049.00000,15524.52734
1049.50000,15537.76660
1050.00000,15546.06836
1050.50000,15551.28906
1051.00000,15556.67090
1051.50000,15563.32324
1052.00000,15569.50684
1052.50000,15572.23438
1053.00000,15570.70605
1053.50000,15565.47949
1054.00000,15558.87793
1054.50000,15552.84082
1055.00000,15548.43555
1055.50000,15546.22559
1056.00000,15548.08691
1056.50000,15555.16504
1057.00000,15569.85156
1057.50000,15589.61133
1058.00000,15610.79297
1058.50000,15628.45020
1059.00000,15639.31152
1059.50000,15644.22559
1060.00000,15647.72363
1060.50000,15655.26660
1061.00000,15669.36523
1061.50000,15690.82617
1062.00000,15715.29688
1062.50000,15739.19629
1063.00000,15760.36035
1063.50000,15778.23926
1064.00000,15793.66504
1064.50000,15806.98535
1065.00000,15817.50879
1065.50000,15824.77051
1066.00000,15828.44531
1066.50000,15830.50195
1067.00000,15833.18945
1067.50000,15838.11426
1068.00000,15845.95117
1068.50000,15855.45117
1069.00000,15865.00000
1069.50000,15873.37305
1070.00000,15880.35449
1070.50000,15886.33496
1071.00000,15892.10547
1071.50000,15898.03613
1072.00000,15904.05078
1072.50000,15909.98145
1073.00000,15916.04688
1073.50000,15923.28125
1074.00000,15933.13281
1074.50000,15946.89844
1075.00000,15965.00781
1075.50000,15985.78125
1076.00000,16007.27344
1076.50000,16028.08301
1077.00000,16049.28809
1077.50000,16073.87305
1078.00000,16105.71387
1078.50000,16144.27637
1079.00000,16184.53125
1079.50000,16217.74219
1080.00000,16236.80762
1080.50000,16238.19141
1081.00000,16229.38379
1081.50000,16219.54492
1082.00000,16216.80566
1082.50000,16224.49316
1083.00000,16237.24023
1083.50000,16248.35254
1084.00000,16253.78516
1084.50000,16254.38477
1085.00000,16253.52637
1085.50000,16253.25586
1086.00000,16250.86523
1086.50000,16241.71289
1087.00000,16219.55273
1087.50000,16186.50781
1088.00000,16146.56250
1088.50000,16106.87695
1089.00000,16072.54785
1089.50000,16044.98926
1090.00000,16022.33008
1090.50000,16003.10547
1091.00000,15986.19043
1091.50000,15973.01660
1092.00000,15963.67773
1092.50000,15958.58789
1093.00000,15955.95996
1093.50000,15954.27637
1094.00000,15952.70313
1094.50000,15951.77734
1095.00000,15953.31445
1095.50000,15958.98926
1096.00000,15971.33008
1096.50000,15989.63965
1097.00000,16014.05273
1097.50000,16041.77637
1098.00000,16071.04883
1098.50000,16100.76074
1099.00000,16131.39551
1099.50000,16164.17969
1100.00000,16199.09961
1100.50000,16233.63574
1101.00000,16263.08301
1101.50000,16279.32617
1102.00000,16281.51563
1102.50000,16269.23828
1103.00000,16250.68066
1103.50000,16235.24707
1104.00000,16230.38672
1104.50000,16237.83398
1105.00000,16254.09863
1105.50000,16270.69727
1106.00000,16279.58887
1106.50000,16279.53711
1107.00000,16272.79883
1107.50000,16267.74805
1108.00000,16273.34766
1108.50000,16293.57520
1109.00000,16327.33887
1109.50000,16368.16504
1110.00000,16406.46875
1110.50000,16433.27148
1111.00000,16447.14258
1111.50000,16448.12109
1112.00000,16444.96094
1112.50000,16445.42578
1113.00000,16454.25977
1113.50000,16472.55273
1114.00000,16496.92969
1114.50000,16523.14648
1115.00000,16549.91992
1115.50000,16579.57031
1116.00000,16618.35547
1116.50000,16667.88477
1117.00000,16728.39453
1117.50000,16792.15039
1118.00000,16850.62109
1118.50000,16898.34180
1119.00000,16934.62305
1119.50000,16963.03711
1120.00000,16989.41797
1120.50000,17017.69727
1121.00000,17049.17383
1121.50000,17085.53320
1122.00000,17127.32813
1122.50000,17177.69336
1123.00000,17236.67773
1123.50000,17302.42969
1124.00000,17369.67383
1124.50000,17432.34570
1125.00000,17485.71289
1125.50000,17530.37109
1126.00000,17567.20313
1126.50000,17600.63867
1127.00000,17632.67188
1127.50000,17664.63867
1128.00000,17696.75195
1128.50000,17728.62500
1129.00000,17759.31836
1129.50000,17787.53711
1130.00000,17812.89453
1130.50000,17836.08594
1131.00000,17860.00391
1131.50000,17888.54297
1132.00000,17922.53906
1132.50000,17961.48633
1133.00000,18001.83398
1133.50000,18040.48047
1134.00000,18076.26758
1134.50000,18109.96094
1135.00000,18142.05859
1135.50000,18172.02539
1136.00000,18196.91211
1136.50000,18216.15234
1137.00000,18229.53320
1137.50000,18240.27344
1138.00000,18250.41016
1138.50000,18259.77734
1139.00000,18266.06836
1139.50000,18267.29102
1140.00000,18265.18555
1140.50000,18264.26172
1141.00000,18268.62305
1141.50000,18280.18555
1142.00000,18293.89648
1142.50000,18303.37695
1143.00000,18305.72266
1143.50000,18303.86523
1144.00000,18306.40039
1144.50000,18322.08203
1145.00000,18356.89063
1145.50000,18405.50781
1146.00000,18461.14258
1146.50000,18513.91406
1147.00000,18557.89648
1147.50000,18594.71484
1148.00000,18628.98242
1148.50000,18666.59961
1149.00000,18711.27344
1149.50000,18763.67773
1150.00000,18820.59375
1150.50000,18878.56445
1151.00000,18934.19531
1151.50000,18984.36133
1152.00000,19028.76563
1152.50000,19066.36328
1153.00000,19098.35547
1153.50000,19126.41211
1154.00000,19153.18750
1154.50000,19181.49023
1155.00000,19213.41992
1155.50000,19248.52539
1156.00000,19285.61328
1156.50000,19322.14453
1157.00000,19356.12695
1157.50000,19387.31250
1158.00000,19416.01172
1158.50000,19443.07227
1159.00000,19468.78125
1159.50000,19492.27539
1160.00000,19512.18555
1160.50000,19525.26953
1161.00000,19530.71289
1161.50000,19526.23047
1162.00000,19515.32227
1162.50000,19503.11914
1163.00000,19497.39648
1163.50000,19506.07617
1164.00000,19533.42773
1164.50000,19576.26758
1165.00000,19628.26367
1165.50000,19678.98242
1166.00000,19719.68555
1166.50000,19750.98633
1167.00000,19777.22461
1167.50000,19807.30273
1168.00000,19848.33789
1168.50000,19900.16211
1169.00000,19955.24219
1169.50000,20002.28125
1170.00000,20034.10156
1170.50000,20047.25586
1171.00000,20051.91797
1171.50000,20059.47656
1172.00000,20078.05273
1172.50000,20109.73633
1173.00000,20146.58398
1173.50000,20177.56836
1174.00000,20194.26953
1174.50000,20196.46289
1175.00000,20187.77734
1175.50000,20176.25977
1176.00000,20165.64844
1176.50000,20155.12500
1177.00000,20141.22461
1177.50000,20122.82813
1178.00000,20102.44922
1178.50000,20085.47461
1179.00000,20075.59570
1179.50000,20071.88672
1180.00000,20067.81641
1180.50000,20055.98047
1181.00000,20036.23242
1181.50000,20013.16406
1182.00000,19995.06055
1182.50000,19986.60156
1183.00000,19982.93164
1183.50000,19973.30078
1184.00000,19948.16016
1184.50000,19908.33398
1185.00000,19862.39453
1185.50000,19823.46875
1186.00000,19801.89648
1186.50000,19792.82422
1187.00000,19789.07422
1187.50000,19783.39844
1188.00000,19776.41211
1188.50000,19775.39258
1189.00000,19787.37109
1189.50000,19814.11133
1190.00000,19847.51172
1190.50000,19878.87891
1191.00000,19904.78906
1191.50000,19929.23633
1192.00000,19961.32813
1192.50000,20009.74023
1193.00000,20073.77734
1193.50000,20145.56250
1194.00000,20213.90430
1194.50000,20271.21484
1195.00000,20314.81055
1195.50000,20351.17383
1196.00000,20384.63867
1196.50000,20416.08984
1197.00000,20438.43750
1197.50000,20444.72852
1198.00000,20431.72070
1198.50000,20407.51367
1199.00000,20388.41602
1199.50000,20390.71680
1200.00000,20415.64844
1200.50000,20455.92773
1201.00000,20492.04688
1201.50000,20508.14063
1202.00000,20504.95898
1202.50000,20490.37695
1203.00000,20476.04492
1203.50000,20466.70508
1204.00000,20459.09570
1204.50000,20448.04297
1205.00000,20433.72070
1205.50000,20423.85156
1206.00000,20430.44336
1206.50000,20454.34180
1207.00000,20492.38477
1207.50000,20534.19141
1208.00000,20573.52148
1208.50000,20611.05469
1209.00000,20651.54102
1209.50000,20698.09375
1210.00000,20747.35547
1210.50000,20792.86914
1211.00000,20831.59375
1211.50000,20864.21484
1212.00000,20896.31641
1212.50000,20931.34375
1213.00000,20967.90820
1213.50000,21001.91211
1214.00000,21031.24805
1214.50000,21059.42773
1215.00000,21093.50781
1215.50000,21136.54297
1216.00000,21187.46875
1216.50000,21237.15625
1217.00000,21275.87891
1217.50000,21300.50586
1218.00000,21313.17383
1218.50000,21320.22852
1219.00000,21327.62305
1219.50000,21337.76367
1220.00000,21349.43750
1220.50000,21360.39258
1221.00000,21368.77734
1221.50000,21372.07031
1222.00000,21369.25977
1222.50000,21359.12305
1223.00000,21343.43750
1223.50000,21326.26563
1224.00000,21312.24609
1224.50000,21303.24609
1225.00000,21298.08984
1225.50000,21291.88477
1226.00000,21279.72656
1226.50000,21261.59766
1227.00000,21239.50586
1227.50000,21217.36328
1228.00000,21197.30273
1228.50000,21179.02734
1229.00000,21161.38672
1229.50000,21145.16797
1230.00000,21132.97266
1230.50000,21130.22852
1231.00000,21136.84375
1231.50000,21152.09961
1232.00000,21170.39648
1232.50000,21187.51367
1233.00000,21202.81055
1233.50000,21220.08594
1234.00000,21245.91797
1234.50000,21284.04883
1235.00000,21337.20703
1235.50000,21398.85742
1236.00000,21462.56055
1236.50000,21521.67969
1237.00000,21572.56055
1237.50000,21616.90820
1238.00000,21657.72852
1238.50000,21696.38086
1239.00000,21730.60742
1239.50000,21753.94922
1240.00000,21763.96094
1240.50000,21759.35352
1241.00000,21750.09766
1241.50000,21745.93359
1242.00000,21751.75977
1242.50000,21765.58789
1243.00000,21778.57617
1243.50000,21782.32227
1244.00000,21774.41406
1244.50000,21762.41211
1245.00000,21757.88672
1245.50000,21767.44141
1246.00000,21795.46875
1246.50000,21835.43945
1247.00000,21883.49023
1247.50000,21936.86133
1248.00000,21995.75391
1248.50000,22059.38281
1249.00000,22122.89063
1249.50000,22178.42578
1250.00000,22222.54883
1250.50000,22254.99414
1251.00000,22286.25000
1251.50000,22328.41602
1252.00000,22387.66797
1252.50000,22464.88086
1253.00000,22553.17969
1253.50000,22643.62109
1254.00000,22729.85938
1254.50000,22810.12109
1255.00000,22883.25195
1255.50000,22950.22656
1256.00000,23007.43359
1256.50000,23053.25586
1257.00000,23084.48633
1257.50000,23102.94922
1258.00000,23112.57031
1258.50000,23118.72852
1259.00000,23126.46094
1259.50000,23138.49805
1260.00000,23153.44727
1260.50000,23168.14648
1261.00000,23178.89453
1261.50000,23181.96680
1262.00000,23177.31445
1262.50000,23166.17969
1263.00000,23152.33008
1263.50000,23140.97461
1264.00000,23137.98438
1264.50000,23145.75586
1265.00000,23166.54492
1265.50000,23194.72070
1266.00000,23225.88672
1266.50000,23256.24609
1267.00000,23286.55859
1267.50000,23320.75391
1268.00000,23362.19922
1268.50000,23409.79492
1269.00000,23456.83203
1269.50000,23494.79688
1270.00000,23521.74219
1270.50000,23538.88477
1271.00000,23554.31445
1271.50000,23572.14063
1272.00000,23590.17969
1272.50000,23601.64844
1273.00000,23601.07813
1273.50000,23589.27148
1274.00000,23571.47266
1274.50000,23555.13867
1275.00000,23544.32813
1275.50000,23536.75391
1276.00000,23529.60547
1276.50000,23522.36719
1277.00000,23519.24609
1277.50000,23525.67383
1278.00000,23544.29492
1278.50000,23571.98438
1279.00000,23599.36523
1279.50000,23615.50586
1280.00000,23616.93750
1280.50000,23602.52930
1281.00000,23582.09180
1281.50000,23564.46094
1282.00000,23554.68359
1282.50000,23551.76367
1283.00000,23548.92969
1283.50000,23538.65430
1284.00000,23517.32422
1284.50000,23490.37109
1285.00000,23467.31250
1285.50000,23455.78320
1286.00000,23461.33984
1286.50000,23478.30273
1287.00000,23498.88477
1287.50000,23514.75977
1288.00000,23521.21094
1288.50000,23516.98242
1289.00000,23504.41016
1289.50000,23483.49805
1290.00000,23456.30664
1290.50000,23423.09766
1291.00000,23387.91602
1291.50000,23355.35742
1292.00000,23328.56250
1292.50000,23307.66406
1293.00000,23289.08984
1293.50000,23268.42969
1294.00000,23244.07227
1294.50000,23219.71094
1295.00000,23203.07617
1295.50000,23197.18359
1296.00000,23202.73242
1296.50000,23212.17969
1297.00000,23217.18945
1297.50000,23212.55859
1298.00000,23198.32422
1298.50000,23178.17383
1299.00000,23157.70508
1299.50000,23140.89844
1300.00000,23128.37500
1300.50000,23120.42969
1301.00000,23115.08203
1301.50000,23111.08594
1302.00000,23107.33594
1302.50000,23103.99219
1303.00000,23102.55273
1303.50000,23104.64453
1304.00000,23111.12109
1304.50000,23119.73242
1305.00000,23127.81445
1305.50000,23134.54297
1306.00000,23142.72266
1306.50000,23156.56641
1307.00000,23179.17773
1307.50000,23208.14063
1308.00000,23236.72461
1308.50000,23257.07617
1309.00000,23265.86719
1309.50000,23261.91406
1310.00000,23252.27344
1310.50000,23245.13672
1311.00000,23248.77930
1311.50000,23271.95703
1312.00000,23314.81836
1312.50000,23371.07422
1313.00000,23427.96875
1313.50000,23473.11719
1314.00000,23500.06250
1314.50000,23517.07422
1315.00000,23536.40430
1315.50000,23566.22852
1316.00000,23605.63672
1316.50000,23643.89844
1317.00000,23671.58203
1317.50000,23688.61719
1318.00000,23703.73633
1318.50000,23727.09766
1319.00000,23760.62109
1319.50000,23798.65625
1320.00000,23830.28516
1320.50000,23846.39648
1321.00000,23850.43750
1321.50000,23850.63086
1322.00000,23858.25586
1322.50000,23881.48438
1323.00000,23922.20703
1323.50000,23974.25781
1324.00000,24029.75977
1324.50000,24080.66797
1325.00000,24122.56055
1325.50000,24159.80859
1326.00000,24198.14063
1326.50000,24241.45313
1327.00000,24288.57227
1327.50000,24333.25586
1328.00000,24368.95703
1328.50000,24392.27734
1329.00000,24407.27539
1329.50000,24418.14453
1330.00000,24428.31445
1330.50000,24434.82227
1331.00000,24432.09180
1331.50000,24412.12695
1332.00000,24373.29883
1332.50000,24319.25586
1333.00000,24258.92578
1333.50000,24203.54883
1334.00000,24160.96680
1334.50000,24127.57813
1335.00000,24093.66406
1335.50000,24047.52148
1336.00000,23980.45117
1336.50000,23898.73242
1337.00000,23815.71094
1337.50000,23745.61914
1338.00000,23693.71289
1338.50000,23655.84766
1339.00000,23619.82617
1339.50000,23577.74023
1340.00000,23532.57227
1340.50000,23495.04688
1341.00000,23473.52344
1341.50000,23471.32031
1342.00000,23479.89648
1342.50000,23487.90820
1343.00000,23489.89063
1343.50000,23489.97656
1344.00000,23498.48242
1344.50000,23521.03516
1345.00000,23559.17383
1345.50000,23601.35742
1346.00000,23636.07227
1346.50000,23658.65820
1347.00000,23672.47266
1347.50000,23686.67969
1348.00000,23707.95313
1348.50000,23735.60547
1349.00000,23760.98047
1349.50000,23772.25391
1350.00000,23767.12500
1350.50000,23745.60547
1351.00000,23715.83008
1351.50000,23683.59375
1352.00000,23653.64844
1352.50000,23629.74219
1353.00000,23615.17383
1353.50000,23609.47266
1354.00000,23609.39063
1354.50000,23606.76953
1355.00000,23592.91797
1355.50000,23568.14453
1356.00000,23536.97266
1356.50000,23508.26758
1357.00000,23487.62109
1357.50000,23473.79297
1358.00000,23460.48242
1358.50000,23442.30859
1359.00000,23418.70898
1359.50000,23389.78516
1360.00000,23356.55664
1360.50000,23315.36328
1361.00000,23264.68750
1361.50000,23204.92969
1362.00000,23142.20313
1362.50000,23084.07227
1363.00000,23035.17969
1363.50000,22993.22852
1364.00000,22953.44922
1364.50000,22911.37305
1365.00000,22866.91602
1365.50000,22824.48242
1366.00000,22788.56055
1366.50000,22758.99414
1367.00000,22732.04883
1367.50000,22702.18164
1368.00000,22665.66992
1368.50000,22621.12500
1369.00000,22571.70898
1369.50000,22519.85156
1370.00000,22467.78711
1370.50000,22414.88086
1371.00000,22358.89844
1371.50000,22296.41211
1372.00000,22225.81250
1372.50000,22148.56836
1373.00000,22068.80273
1373.50000,21992.00781
1374.00000,21923.13281
1374.50000,21861.13672
1375.00000,21802.73047
1375.50000,21741.44727
1376.00000,21672.41992
1376.50000,21597.40625
1377.00000,21524.11523
1377.50000,21463.41602
1378.00000,21421.99219
1378.50000,21401.98633
1379.00000,21393.19922
1379.50000,21386.65820
1380.00000,21377.85938
1380.50000,21370.70898
1381.00000,21371.72656
1381.50000,21384.11719
1382.00000,21401.76367
1382.50000,21413.46680
1383.00000,21410.55469
1383.50000,21396.16016
1384.00000,21380.24023
1384.50000,21374.10352
1385.00000,21385.09766
1385.50000,21407.48438
1386.00000,21435.01758
1386.50000,21463.23438
1387.00000,21492.30078
1387.50000,21522.90039
1388.00000,21552.70117
1388.50000,21576.69531
1389.00000,21593.36719
1389.50000,21603.99414
1390.00000,21614.99414
1390.50000,21630.41602
1391.00000,21648.62891
1391.50000,21664.63086
1392.00000,21674.07227
1392.50000,21676.34180
1393.00000,21672.47656
1393.50000,21663.43750
1394.00000,21645.93750
1394.50000,21619.58789
1395.00000,21583.45117
1395.50000,21541.95313
1396.00000,21497.52539
1396.50000,21450.76953
1397.00000,21400.53906
1397.50000,21347.27539
1398.00000,21295.04688
1398.50000,21250.11523
1399.00000,21213.45313
1399.50000,21182.17969
1400.00000,21148.07617
1400.50000,21103.71484
1401.00000,21048.69727
1401.50000,20987.00586
1402.00000,20926.45313
1402.50000,20874.48242
1403.00000,20836.47070
1403.50000,20810.52734
1404.00000,20793.54688
1404.50000,20777.33203
1405.00000,20756.10938
1405.50000,20730.13867
1406.00000,20702.80664
1406.50000,20677.52930
1407.00000,20653.17578
1407.50000,20623.83398
1408.00000,20584.46875
1408.50000,20534.29492
1409.00000,20482.50781
1409.50000,20441.80273
1410.00000,20416.75195
1410.50000,20406.88867
1411.00000,20401.31641
1411.50000,20390.54102
1412.00000,20371.83594
1412.50000,20349.49414
1413.00000,20330.55859
1413.50000,20319.61719
1414.00000,20319.57031
1414.50000,20325.83789
1415.00000,20333.43945
1415.50000,20336.29688
1416.00000,20329.81055
1416.50000,20315.36133
1417.00000,20300.03906
1417.50000,20292.90234
1418.00000,20297.70898
1418.50000,20312.72461
1419.00000,20328.40820
1419.50000,20336.80469
1420.00000,20339.10352
1420.50000,20342.06641
1421.00000,20352.52734
1421.50000,20370.25195
1422.00000,20385.58008
1422.50000,20386.51563
1423.00000,20367.26172
1423.50000,20336.48633
1424.00000,20305.72070
1424.50000,20283.67383
1425.00000,20273.15625
1425.50000,20268.57227
1426.00000,20266.09961
1426.50000,20264.81445
1427.00000,20264.94727
1427.50000,20262.95898
1428.00000,20250.48633
1428.50000,20216.49414
1429.00000,20163.56055
1429.50000,20098.37305
1430.00000,20036.39844
1430.50000,19988.61328
1431.00000,19953.72656
1431.50000,19922.60156
1432.00000,19883.63477
1432.50000,19830.64258
1433.00000,19762.72461
1433.50000,19686.90234
1434.00000,19609.31641
1434.50000,19536.03711
1435.00000,19474.70898
1435.50000,19429.57422
1436.00000,19404.84180
1436.50000,19396.24219
1437.00000,19393.64063
1437.50000,19385.78711
1438.00000,19367.90039
1438.50000,19343.17188
1439.00000,19322.99023
1439.50000,19317.75977
1440.00000,19324.41211
1440.50000,19333.98828
1441.00000,19334.70508
1441.50000,19319.94336
1442.00000,19292.10742
1442.50000,19260.21484
1443.00000,19232.61523
1443.50000,19212.24609
1444.00000,19199.36523
1444.50000,19188.95117
1445.00000,19177.07031
1445.50000,19160.45898
1446.00000,19135.90820
1446.50000,19103.28516
1447.00000,19066.35547
1447.50000,19031.88281
1448.00000,19005.14063
1448.50000,18987.18164
1449.00000,18969.63086
1449.50000,18940.62695
1450.00000,18897.59570
1450.50000,18844.99023
1451.00000,18795.76953
1451.50000,18761.88281
1452.00000,18747.36914
1452.50000,18745.84570
1453.00000,18748.92383
1453.50000,18749.54883
1454.00000,18745.75586
1454.50000,18740.60156
1455.00000,18736.44141
1455.50000,18734.15039
1456.00000,18735.11719
1456.50000,18741.83008
1457.00000,18756.66797
1457.50000,18779.39258
1458.00000,18803.60547
1458.50000,18819.68555
1459.00000,18823.02930
1459.50000,18812.06641
1460.00000,18796.42383
1460.50000,18783.85742
1461.00000,18777.09570
1461.50000,18773.36523
1462.00000,18767.78320
1462.50000,18758.13672
1463.00000,18745.40820
1463.50000,18732.25000
1464.00000,18717.97656
1464.50000,18699.31250
1465.00000,18672.70898
1465.50000,18641.07031
1466.00000,18611.64844
1466.50000,18592.49023
1467.00000,18587.00000
1467.50000,18593.26563
1468.00000,18603.10547
1468.50000,18609.06055
1469.00000,18607.86328
1469.50000,18598.33789
1470.00000,18583.81836
1470.50000,18566.18359
1471.00000,18547.28516
1471.50000,18528.24023
1472.00000,18510.04102
1472.50000,18494.03320
1473.00000,18483.22070
1473.50000,18479.54883
1474.00000,18486.73633
1474.50000,18500.58984
1475.00000,18516.11719
1475.50000,18527.45703
1476.00000,18531.95117
1476.50000,18531.81445
1477.00000,18530.75195
1477.50000,18529.01953
1478.00000,18522.88086
1478.50000,18505.89063
1479.00000,18481.16016
1479.50000,18456.87109
1480.00000,18441.68945
1480.50000,18438.06055
1481.00000,18437.28320
1481.50000,18427.25586
1482.00000,18401.70703
1482.50000,18367.07031
1483.00000,18335.81055
1483.50000,18316.05078
1484.00000,18308.09766
1484.50000,18302.39063
1485.00000,18293.07617
1485.50000,18281.57813
1486.00000,18273.92383
1486.50000,18273.92578
1487.00000,18278.47070
1487.50000,18279.74023
1488.00000,18272.44336
1488.50000,18256.58594
1489.00000,18239.97266
1489.50000,18230.49805
1490.00000,18230.90430
1490.50000,18241.33398
1491.00000,18257.83594
1491.50000,18276.21680
1492.00000,18293.40820
1492.50000,18308.77344
1493.00000,18324.48047
1493.50000,18344.00391
1494.00000,18371.80859
1494.50000,18406.91016
1495.00000,18447.42188
1495.50000,18489.27930
1496.00000,18530.18164
1496.50000,18569.42969
1497.00000,18605.96484
1497.50000,18636.13086
1498.00000,18657.67773
1498.50000,18669.39258
1499.00000,18678.66016
1499.50000,18694.38672
1500.00000,18720.20117
1500.50000,18752.47461
1501.00000,18779.37891
1501.50000,18790.02734
1502.00000,18781.32227
1502.50000,18762.02930
1503.00000,18744.27148
1503.50000,18738.27148
1504.00000,18752.65430
1504.50000,18783.16211
1505.00000,18825.17188
1505.50000,18868.66602
1506.00000,18905.20313
1506.50000,18931.45117
1507.00000,18950.79688
1507.50000,18969.72656
1508.00000,18993.31055
1508.50000,19021.41602
1509.00000,19046.79492
1509.50000,19060.20898
1510.00000,19061.95313
1510.50000,19058.33984
1511.00000,19059.14063
1511.50000,19070.19922
1512.00000,19090.60938
1512.50000,19112.92969
1513.00000,19129.45898
1513.50000,19137.53711
1514.00000,19136.06055
1514.50000,19128.76367
1515.00000,19116.29102
1515.50000,19099.58203
1516.00000,19079.67773
1516.50000,19059.23242
1517.00000,19041.80664
1517.50000,19030.63477
1518.00000,19024.75195
1518.50000,19021.50586
1519.00000,19017.16406
1519.50000,19010.71484
1520.00000,19004.65039
1520.50000,19002.54492
1521.00000,19005.11328
1521.50000,19008.68359
1522.00000,19006.97070
1522.50000,18997.83789
1523.00000,18983.91797
1523.50000,18972.72070
1524.00000,18971.16992
1524.50000,18978.24805
1525.00000,18990.51563
1525.50000,19003.45898
1526.00000,19016.99023
1526.50000,19034.98242
1527.00000,19060.47461
1527.50000,19094.28320
1528.00000,19132.12695
1528.50000,19170.42773
1529.00000,19206.97266
1529.50000,19240.96484
1530.00000,19272.35547
1530.50000,19299.91211
1531.00000,19322.66797
1531.50000,19341.03320
1532.00000,19357.19727
1532.50000,19375.22852
1533.00000,19400.26563
1533.50000,19433.44727
1534.00000,19475.08398
1534.50000,19518.50391
1535.00000,19557.22656
1535.50000,19588.65820
1536.00000,19615.67969
1536.50000,19645.05078
1537.00000,19681.33008
1537.50000,19723.21094
1538.00000,19762.28516
1538.50000,19790.02734
1539.00000,19809.17969
1539.50000,19826.58008
1540.00000,19849.39258
1540.50000,19877.91016
1541.00000,19904.84375
1541.50000,19922.38867
1542.00000,19929.15039
1542.50000,19933.30664
1543.00000,19941.99414
1543.50000,19954.41016
1544.00000,19963.14453
1544.50000,19961.69336
1545.00000,19948.74414
1545.50000,19932.36914
1546.00000,19921.76172
1546.50000,19919.58203
1547.00000,19920.68555
1547.50000,19918.25586
1548.00000,19909.97656
1548.50000,19896.96875
1549.00000,19883.40430
1549.50000,19869.71680
1550.00000,19853.34570
1550.50000,19831.98242
1551.00000,19807.24414
1551.50000,19783.91211
1552.00000,19766.59961
1552.50000,19755.18945
1553.00000,19747.59375
1553.50000,19740.52930
1554.00000,19735.62109
1554.50000,19736.77734
1555.00000,19748.24023
1555.50000,19767.97461
1556.00000,19788.60742
1556.50000,19800.58203
1557.00000,19799.81250
1557.50000,19789.57813
1558.00000,19780.90625
1558.50000,19785.22656
1559.00000,19803.29883
1559.50000,19831.19531
1560.00000,19858.46094
1560.50000,19876.66797
1561.00000,19885.52344
1561.50000,19890.70313
1562.00000,19897.94727
1562.50000,19908.96289
1563.00000,19921.75586
1563.50000,19932.43750
1564.00000,19938.74023
1564.50000,19942.73438
1565.00000,19946.91602
1565.50000,19951.71289
1566.00000,19954.65430
1566.50000,19952.11914
1567.00000,19943.43555
1567.50000,19931.01758
1568.00000,19921.04297
1568.50000,19918.48633
1569.00000,19920.63477
1569.50000,19920.50977
1570.00000,19910.40039
1570.50000,19886.00195
1571.00000,19850.06250
1571.50000,19809.98242
1572.00000,19770.45313
1572.50000,19730.84375
1573.00000,19687.26367
1573.50000,19639.74414
1574.00000,19593.16211
1574.50000,19554.93945
1575.00000,19530.33594
1575.50000,19514.06641
1576.00000,19496.40234
1576.50000,19469.76367
1577.00000,19435.83398
1577.50000,19404.04688
1578.00000,19385.40234
1578.50000,19390.97070
1579.00000,19411.85352
1579.50000,19436.25000
1580.00000,19450.27734
1580.50000,19445.68750
1581.00000,19424.21680
1581.50000,19395.97852
1582.00000,19372.17578
1582.50000,19357.68945
1583.00000,19353.53516
1583.50000,19353.10938
1584.00000,19349.68945
1584.50000,19336.80078
1585.00000,19306.87305
1585.50000,19256.92188
1586.00000,19192.30273
1586.50000,19122.63281
1587.00000,19058.55664
1587.50000,19005.78125
1588.00000,18959.06250
1588.50000,18911.82227
1589.00000,18862.00195
1589.50000,18815.19141
1590.00000,18776.94336
1590.50000,18746.43945
1591.00000,18715.14844
1591.50000,18674.47266
1592.00000,18622.53516
1592.50000,18569.07031
1593.00000,18524.20117
1593.50000,18487.29688
1594.00000,18452.21289
1594.50000,18411.83398
1595.00000,18365.06641
1595.50000,18317.45117
1596.00000,18273.52148
1596.50000,18231.39648
1597.00000,18185.22656
1597.50000,18130.17773
1598.00000,18069.72070
1598.50000,18009.37695
1599.00000,17952.20508
1599.50000,17893.79297
1600.00000,17825.95117
1600.50000,17741.93359
1601.00000,17641.52734
1601.50000,17532.16797
1602.00000,17421.70313
1602.50000,17314.72852
1603.00000,17210.80469
1603.50000,17107.20313
1604.00000,17005.61914
1604.50000,16911.84375
1605.00000,16833.93750
1605.50000,16773.09375
1606.00000,16719.23828
1606.50000,16658.78320
1607.00000,16584.52930
1607.50000,16497.22266
1608.00000,16409.75195
1608.50000,16335.43750
1609.00000,16276.03516
1609.50000,16226.55664
1610.00000,16178.19531
1610.50000,16125.09180
1611.00000,16064.68555
1611.50000,15996.26367
1612.00000,15916.61328
1612.50000,15828.26270
1613.00000,15734.85352
1613.50000,15644.21387
1614.00000,15562.18945
1614.50000,15487.38184
1615.00000,15414.80664
1615.50000,15339.92188
1616.00000,15263.18457
1616.50000,15187.50879
1617.00000,15113.36133
1617.50000,15036.42188
1618.00000,14952.12793
1618.50000,14858.95898
1619.00000,14765.39355
1619.50000,14680.90820
1620.00000,14608.35059
1620.50000,14542.49609
1621.00000,14473.69238
1621.50000,14395.93848
1622.00000,14311.47266
1622.50000,14228.62012
1623.00000,14154.04785
1623.50000,14085.98730
1624.00000,14020.51465
1624.50000,13953.62988
1625.00000,13885.03223
1625.50000,13815.85645
1626.00000,13745.36328
1626.50000,13671.22754
1627.00000,13594.30762
1627.50000,13521.19922
1628.00000,13459.67480
1628.50000,13414.28516
1629.00000,13376.13672
1629.50000,13332.63281
1630.00000,13275.74512
1630.50000,13208.63672
1631.00000,13144.79980
1631.50000,13095.30078
1632.00000,13062.43359
1632.50000,13034.21387
1633.00000,12997.32520
1633.50000,12947.33008
1634.00000,12885.90625
1634.50000,12822.01172
1635.00000,12760.15234
1635.50000,12700.17773
1636.00000,12640.55566
1636.50000,12582.39941
1637.00000,12528.93848
1637.50000,12482.98242
1638.00000,12440.23242
1638.50000,12394.01953
1639.00000,12339.74609
1639.50000,12276.67578
1640.00000,12209.76270
1640.50000,12143.76953
1641.00000,12078.57910
1641.50000,12010.31836
1642.00000,11934.65234
1642.50000,11853.41602
1643.00000,11771.13281
1643.50000,11692.06738
1644.00000,11615.60059
1644.50000,11537.42676
1645.00000,11455.00977
1645.50000,11371.56543
1646.00000,11294.78711
1646.50000,11230.12109
1647.00000,11173.30078
1647.50000,11117.35352
1648.00000,11057.32324
1648.50000,10995.83691
1649.00000,10941.63477
1649.50000,10900.87207
1650.00000,10869.06152
1650.50000,10835.40918
1651.00000,10790.37305
1651.50000,10734.39551
1652.00000,10675.15625
1652.50000,10622.53809
1653.00000,10580.65234
1653.50000,10543.00586
1654.00000,10501.32910
1654.50000,10450.45898
1655.00000,10390.50684
1655.50000,10326.60742
1656.00000,10263.87891
1656.50000,10205.67578
1657.00000,10152.66211
1657.50000,10107.31934
1658.00000,10068.96582
1658.50000,10036.56543
1659.00000,10004.43555
1659.50000,9964.67773
1660.00000,9911.81543
1660.50000,9846.77637
1661.00000,9779.17676
1661.50000,9721.44336
1662.00000,9683.33105
1662.50000,9659.28809
1663.00000,9639.48828
1663.50000,9610.89648
1664.00000,9567.12598
1664.50000,9513.17480
1665.00000,9456.68945
1665.50000,9403.29297
1666.00000,9353.67969
1666.50000,9306.20410
1667.00000,9259.45508
1667.50000,9215.25000
1668.00000,9174.84863
1668.50000,9139.19238
1669.00000,9106.46387
1669.50000,9075.16211
1670.00000,9044.52539
1670.50000,9014.16895
1671.00000,8983.08887
1671.50000,8950.33789
1672.00000,8916.39355
1672.50000,8884.67480
1673.00000,8860.12207
1673.50000,8843.10645
1674.00000,8831.74512
1674.50000,8820.62500
1675.00000,8804.86719
1675.50000,8782.83398
1676.00000,8755.91016
1676.50000,8725.99414
1677.00000,8696.60645
1677.50000,8673.20605
1678.00000,8658.12109
1678.50000,8650.98047
1679.00000,8644.32227
1679.50000,8628.63281
1680.00000,8599.08984
1680.50000,8560.36523
1681.00000,8524.44727
1681.50000,8500.11133
1682.00000,8490.54590
1682.50000,8486.72656
1683.00000,8479.37109
1683.50000,8464.32227
1684.00000,8443.16895
1684.50000,8420.71387
1685.00000,8400.20996
1685.50000,8382.35938
1686.00000,8365.98633
1686.50000,8349.60254
1687.00000,8331.76758
1687.50000,8310.32910
1688.00000,8285.29102
1688.50000,8257.99023
1689.00000,8233.02051
1689.50000,8215.53711
1690.00000,8207.96680
1690.50000,8208.59766
1691.00000,8212.97461
1691.50000,8214.70117
1692.00000,8209.13477
1692.50000,8198.18848
1693.00000,8186.02246
1693.50000,8178.44775
1694.00000,8180.23047
1694.50000,8189.56348
1695.00000,8201.17871
1695.50000,8209.64063
1696.00000,8212.95801
1696.50000,8213.08203
1697.00000,8215.79590
1697.50000,8226.51172
1698.00000,8243.62695
1698.50000,8262.76172
1699.00000,8277.24316
1699.50000,8281.63281
1700.00000,8276.12012
1700.50000,8263.41699
1701.00000,8244.79590
1701.50000,8221.52637
1702.00000,8192.90820
1702.50000,8161.52832
1703.00000,8128.84473
1703.50000,8094.77051
1704.00000,8056.81689
1704.50000,8014.26758
1705.00000,7971.64893
1705.50000,7937.21436
1706.00000,7915.01953
1706.50000,7903.65332
1707.00000,7892.56787
1707.50000,7870.39209
1708.00000,7837.49268
1708.50000,7798.71484
1709.00000,7762.57861
1709.50000,7735.10498
1710.00000,7717.78418
1710.50000,7706.92139
1711.00000,7697.88281
1711.50000,7685.90967
1712.00000,7667.66309
1712.50000,7645.85547
1713.00000,7625.16406
1713.50000,7607.59277
1714.00000,7589.91846
1714.50000,7566.57324
1715.00000,7536.36377
1715.50000,7507.07373
1716.00000,7488.25195
1716.50000,7483.85986
1717.00000,7483.56445
1717.50000,7472.55322
1718.00000,7445.99023
1718.50000,7410.02832
1719.00000,7377.18701
1719.50000,7354.98438
1720.00000,7341.62891
1720.50000,7329.57715
1721.00000,7314.20703
1721.50000,7296.52734
1722.00000,7278.58691
1722.50000,7260.87891
1723.00000,7242.32617
1723.50000,7223.59668
1724.00000,7207.40088
1724.50000,7195.44922
1725.00000,7186.13477
1725.50000,7175.09863
1726.00000,7160.04297
1726.50000,7142.29980
1727.00000,7126.12646
1727.50000,7114.75098
1728.00000,7106.26563
1728.50000,7096.94824
1729.00000,7084.75830
1729.50000,7070.47607
1730.00000,7056.39746
1730.50000,7043.63916
1731.00000,7030.97314
1731.50000,7016.75391
1732.00000,7000.32324
1732.50000,6983.45801
1733.00000,6968.39648
1733.50000,6955.75781
1734.00000,6945.21436
1734.50000,6935.55029
1735.00000,6925.39795
1735.50000,6913.33545
1736.00000,6899.20996
1736.50000,6883.98779
1737.00000,6870.26904
1737.50000,6861.35938
1738.00000,6857.00488
1738.50000,6854.06201
1739.00000,6847.89063
1739.50000,6835.30811
1740.00000,6816.64063
1740.50000,6796.16748
1741.00000,6779.14063
1741.50000,6768.11426
1742.00000,6765.36133
1742.50000,6768.00098
1743.00000,6773.54639
1743.50000,6778.18652
1744.00000,6779.15430
1744.50000,6775.36816
1745.00000,6767.33887
1745.50000,6756.69775
1746.00000,6745.97949
1746.50000,6736.68555
1747.00000,6728.36670
1747.50000,6718.73438
1748.00000,6705.27490
1748.50000,6686.74365
1749.00000,6665.58984
1749.50000,6646.57227
1750.00000,6635.09326
1750.50000,6632.59375
1751.00000,6637.59082
1751.50000,6644.63770
1752.00000,6648.91064
1752.50000,6648.73877
1753.00000,6645.13916
1753.50000,6641.25342
1754.00000,6638.65771
1754.50000,6636.40674
1755.00000,6632.18994
1755.50000,6625.38379
1756.00000,6618.32129
1756.50000,6613.78027
1757.00000,6610.84131
1757.50000,6603.68994
1758.00000,6587.52490
1758.50000,6560.65918
1759.00000,6529.39404
1759.50000,6503.90381
1760.00000,6492.22266
1760.50000,6492.97559
1761.00000,6500.60107
1761.50000,6505.57764
1762.00000,6499.26123
1762.50000,6484.18018
1763.00000,6466.42871
1763.50000,6453.81445
1764.00000,6450.11523
1764.50000,6451.65332
1765.00000,6450.77344
1765.50000,6443.58203
1766.00000,6433.19971
1766.50000,6425.69678
1767.00000,6423.80566
1767.50000,6425.63037
1768.00000,6426.56982
1768.50000,6423.87891
1769.00000,6417.47314
1769.50000,6407.63770
1770.00000,6393.84668
1770.50000,6376.93213
1771.00000,6360.08008
1771.50000,6348.09766
1772.00000,6344.74951
1772.50000,6346.77490
1773.00000,6350.07422
1773.50000,6350.51025
1774.00000,6346.92334
1774.50000,6341.41260
1775.00000,6336.50830
1775.50000,6332.91992
1776.00000,6327.90967
1776.50000,6315.94971
1777.00000,6296.56494
1777.50000,6273.19434
1778.00000,6254.87158
1778.50000,6249.14355
1779.00000,6251.96436
1779.50000,6253.12207
1780.00000,6243.92529
1780.50000,6225.45166
1781.00000,6206.44092
1781.50000,6194.18359
1782.00000,6190.28027
1782.50000,6188.59424
1783.00000,6184.27246
1783.50000,6176.96973
1784.00000,6168.20996
1784.50000,6159.17334
1785.00000,6150.38965
1785.50000,6142.76123
1786.00000,6136.79492
1786.50000,6132.20752
1787.00000,6127.32617
1787.50000,6121.33496
1788.00000,6115.44775
1788.50000,6110.73828
1789.00000,6106.56250
1789.50000,6101.29150
1790.00000,6094.56934
1790.50000,6087.98389
1791.00000,6082.79395
1791.50000,6078.25586
1792.00000,6072.76514
1792.50000,6066.15723
1793.00000,6058.97119
1793.50000,6051.52539
1794.00000,6043.67041
1794.50000,6036.18115
1795.00000,6030.25977
1795.50000,6025.18994
1796.00000,6017.35303
1796.50000,6001.66895
1797.00000,5982.26318
1797.50000,5967.05469
1798.00000,5961.73730
1798.50000,5966.21045
1799.00000,5972.15186
1799.50000,5972.91455
1800.00000,5967.54980
1800.50000,5960.12451
1801.00000,5955.13916
1801.50000,5954.33984
1802.00000,5958.73193
1802.50000,5964.96826
1803.00000,5966.47900
1803.50000,5959.00635
1804.00000,5944.65576
1804.50000,5931.34717
1805.00000,5925.14844
1805.50000,5923.42920
1806.00000,5917.87402
1806.50000,5904.65820
1807.00000,5890.04053
1807.50000,5880.38770
1808.00000,5873.68018
1808.50000,5865.50928
1809.00000,5856.58252
1809.50000,5853.11377
1810.00000,5856.28027
