440.00000,14947.62695
440.50000,14897.95410
441.00000,14854.37402
441.50000,14815.14551
442.00000,14776.18652
442.50000,14733.02734
443.00000,14683.11133
443.50000,14628.65039
444.00000,14575.26563
444.50000,14527.15527
445.00000,14485.50293
445.50000,14451.29297
446.00000,14422.15527
446.50000,14397.14648
447.00000,14375.00879
447.50000,14356.45313
448.00000,14342.44922
448.50000,14336.76758
449.00000,14342.69629
449.50000,14361.46582
450.00000,14394.42090
450.50000,14436.45117
451.00000,14481.89355
451.50000,14522.41406
452.00000,14552.40527
452.50000,14571.65234
453.00000,14580.52246
453.50000,14581.19141
454.00000,14576.10742
454.50000,14566.00586
455.00000,14551.84375
455.50000,14533.41211
456.00000,14511.82715
456.50000,14486.42773
457.00000,14456.97559
457.50000,14421.73926
458.00000,14380.79590
458.50000,14335.73535
459.00000,14291.22070
459.50000,14252.19336
460.00000,14223.12012
460.50000,14203.83984
461.00000,14196.21484
461.50000,14196.73926
462.00000,14204.03613
462.50000,14216.12891
463.00000,14232.21387
463.50000,14251.17188
464.00000,14271.88379
464.50000,14293.74902
465.00000,14316.55078
465.50000,14340.15527
466.00000,14363.31543
466.50000,14382.06836
467.00000,14393.35547
467.50000,14394.47070
468.00000,14386.95996
468.50000,14374.92773
469.00000,14365.21289
469.50000,14363.97266
470.00000,14374.54004
470.50000,14394.19434
471.00000,14421.66406
471.50000,14452.58789
472.00000,14485.49023
472.50000,14519.98047
473.00000,14556.68652
473.50000,14595.75488
474.00000,14636.52832
474.50000,14677.83691
475.00000,14718.49023
475.50000,14757.78906
476.00000,14795.72656
476.50000,14831.55762
477.00000,14864.42090
477.50000,14892.35156
478.00000,14914.06152
478.50000,14928.06738
479.00000,14932.99023
479.50000,14928.70313
480.00000,14914.27832
480.50000,14892.63867
481.00000,14863.15137
481.50000,14827.69922
482.00000,14785.12305
482.50000,14735.05566
483.00000,14677.67090
483.50000,14614.26172
484.00000,14547.80859
484.50000,14482.20508
485.00000,14421.80957
485.50000,14370.21680
486.00000,14325.48340
486.50000,14286.66992
487.00000,14250.44141
487.50000,14214.81543
488.00000,14179.40918
488.50000,14145.68359
489.00000,14115.81348
489.50000,14091.16406
490.00000,14073.93652
490.50000,14063.53516
491.00000,14060.60938
491.50000,14063.60059
492.00000,14073.28613
492.50000,14089.01270
493.00000,14111.09082
493.50000,14138.14941
494.00000,14168.18066
494.50000,14199.53418
495.00000,14230.34766
495.50000,14258.68262
496.00000,14283.85547
496.50000,14305.07227
497.00000,14322.65820
497.50000,14336.20703
498.00000,14345.89551
498.50000,14351.78906
499.00000,14354.45508
499.50000,14354.39648
500.00000,14350.31641
500.50000,14341.30469
501.00000,14323.04395
501.50000,14294.97656
502.00000,14257.70605
502.50000,14215.76855
503.00000,14174.89355
503.50000,14141.01660
504.00000,14117.69922
504.50000,14103.72754
505.00000,14093.34766
505.50000,14081.52148
506.00000,14065.12012
506.50000,14042.27246
507.00000,14015.60449
507.50000,13987.52246
508.00000,13959.09961
508.50000,13930.16992
509.00000,13900.00195
509.50000,13868.79395
510.00000,13838.41602
510.50000,13810.78613
511.00000,13788.29492
511.50000,13770.68262
512.00000,13758.43066
512.50000,13751.07715
513.00000,13749.50195
513.50000,13755.63184
514.00000,13770.38574
514.50000,13794.85840
515.00000,13825.71289
515.50000,13858.54004
516.00000,13888.75684
516.50000,13912.55371
517.00000,13929.09375
517.50000,13937.36621
518.00000,13937.83691
518.50000,13932.24805
519.00000,13921.32031
519.50000,13906.94629
520.00000,13890.13867
520.50000,13872.37207
521.00000,13853.71875
521.50000,13833.88379
522.00000,13812.57617
522.50000,13790.87988
523.00000,13771.57422
523.50000,13759.46973
524.00000,13756.83887
524.50000,13765.30078
525.00000,13781.37305
525.50000,13802.73828
526.00000,13825.07520
526.50000,13846.97656
527.00000,13869.50098
527.50000,13894.60938
528.00000,13923.32422
528.50000,13954.98633
529.00000,13987.43652
529.50000,14018.15332
530.00000,14046.05273
530.50000,14072.30762
531.00000,14097.98535
531.50000,14123.72461
532.00000,14148.08008
532.50000,14168.97461
533.00000,14185.07813
533.50000,14196.78223
534.00000,14206.49316
534.50000,14216.90625
535.00000,14229.25684
535.50000,14242.36035
536.00000,14254.08105
536.50000,14263.00684
537.00000,14270.32031
537.50000,14279.49219
538.00000,14294.06934
538.50000,14314.03223
539.00000,14336.62012
539.50000,14356.91211
540.00000,14369.19336
540.50000,14372.43359
541.00000,14367.56836
541.50000,14358.84766
542.00000,14347.35645
542.50000,14332.19336
543.00000,14309.99219
543.50000,14276.37207
544.00000,14232.93652
544.50000,14182.19531
545.00000,14129.57813
545.50000,14078.70313
546.00000,14030.14453
546.50000,13981.58594
547.00000,13930.24902
547.50000,13875.50000
548.00000,13819.52441
548.50000,13766.11914
549.00000,13719.46777
549.50000,13679.62109
550.00000,13644.33105
550.50000,13609.51367
551.00000,13573.08984
551.50000,13535.93750
552.00000,13502.39746
552.50000,13477.85254
553.00000,13465.07520
553.50000,13464.22070
554.00000,13471.18359
554.50000,13482.10938
555.00000,13492.52539
555.50000,13501.25586
556.00000,13510.65527
556.50000,13524.58789
557.00000,13545.66504
557.50000,13575.75098
558.00000,13614.32031
558.50000,13657.84277
559.00000,13703.18555
559.50000,13747.81641
560.00000,13789.78516
560.50000,13828.67871
561.00000,13862.73633
561.50000,13891.94434
562.00000,13915.34473
562.50000,13932.95020
563.00000,13944.94238
563.50000,13951.36914
564.00000,13952.53125
564.50000,13947.50488
565.00000,13936.89648
565.50000,13919.09961
566.00000,13895.48828
566.50000,13866.03320
567.00000,13832.08105
567.50000,13794.40918
568.00000,13753.10938
568.50000,13707.87891
569.00000,13657.65918
569.50000,13602.96484
570.00000,13543.40430
570.50000,13481.84961
571.00000,13420.99219
571.50000,13363.64453
572.00000,13313.21484
572.50000,13271.75781
573.00000,13240.93262
573.50000,13220.14844
574.00000,13206.03516
574.50000,13196.97461
575.00000,13190.29492
575.50000,13185.57910
576.00000,13182.89648
576.50000,13183.25195
577.00000,13186.32910
577.50000,13191.27637
578.00000,13196.74219
578.50000,13201.65723
579.00000,13205.95801
579.50000,13210.91406
580.00000,13218.23047
580.50000,13227.75098
581.00000,13238.54102
581.50000,13248.22266
582.00000,13253.83301
582.50000,13253.73633
583.00000,13248.91895
583.50000,13240.99707
584.00000,13232.32422
584.50000,13224.54297
585.00000,13218.23145
585.50000,13213.94434
586.00000,13211.52832
586.50000,13212.13867
587.00000,13216.60156
587.50000,13225.68945
588.00000,13239.11035
588.50000,13254.67188
589.00000,13269.04688
589.50000,13279.76172
590.00000,13283.72754
590.50000,13281.43945
591.00000,13271.88379
591.50000,13256.16602
592.00000,13234.76172
592.50000,13208.78125
593.00000,13179.66992
593.50000,13149.53809
594.00000,13121.43066
594.50000,13100.03516
595.00000,13087.26172
595.50000,13085.15137
596.00000,13090.90820
596.50000,13102.77148
597.00000,13117.68750
597.50000,13134.00195
598.00000,13152.16797
598.50000,13173.92383
599.00000,13202.11426
599.50000,13236.82520
600.00000,13278.70215
600.50000,13323.91211
601.00000,13368.03906
601.50000,13406.64160
602.00000,13436.35156
602.50000,13456.33105
603.00000,13467.78711
603.50000,13472.49023
604.00000,13473.94141
604.50000,13474.30762
605.00000,13474.58496
605.50000,13474.10352
606.00000,13472.16504
606.50000,13468.65234
607.00000,13465.48828
607.50000,13467.28320
608.00000,13478.76563
608.50000,13501.37402
609.00000,13535.39160
609.50000,13575.16113
610.00000,13615.35938
610.50000,13651.31152
611.00000,13682.63281
611.50000,13714.31348
612.00000,13752.42676
612.50000,13800.78516
613.00000,13858.66602
613.50000,13921.43164
614.00000,13980.35840
614.50000,14027.19629
615.00000,14062.01270
615.50000,14084.36035
616.00000,14099.55273
616.50000,14110.79297
617.00000,14120.44336
617.50000,14128.98438
618.00000,14136.47266
618.50000,14143.80859
619.00000,14152.84473
619.50000,14165.01855
620.00000,14182.26660
620.50000,14203.39355
621.00000,14226.72559
621.50000,14250.03809
622.00000,14271.64746
622.50000,14290.54004
623.00000,14306.38672
623.50000,14318.83887
624.00000,14328.94922
624.50000,14338.04102
625.00000,14348.13086
625.50000,14361.76758
626.00000,14380.12598
626.50000,14404.45605
627.00000,14433.91211
627.50000,14465.86133
628.00000,14497.19336
628.50000,14525.24512
629.00000,14547.57031
629.50000,14564.96875
630.00000,14578.56934
630.50000,14592.50977
631.00000,14610.65332
631.50000,14634.45996
632.00000,14664.43945
632.50000,14699.99609
633.00000,14740.60254
633.50000,14788.20508
634.00000,14843.62109
634.50000,14907.51172
635.00000,14974.04883
635.50000,15033.78906
636.00000,15077.06250
636.50000,15092.29492
637.00000,15075.54297
637.50000,15032.70898
638.00000,14973.49121
638.50000,14909.23438
639.00000,14847.24414
639.50000,14790.57031
640.00000,14741.30859
640.50000,14698.74316
641.00000,14664.66016
641.50000,14639.15723
642.00000,14621.65723
642.50000,14608.89746
643.00000,14595.84961
643.50000,14577.90625
644.00000,14554.95410
644.50000,14531.54492
645.00000,14514.55371
645.50000,14513.28418
646.00000,14531.36426
646.50000,14573.92969
647.00000,14642.00098
647.50000,14734.97949
648.00000,14850.20117
648.50000,14979.95410
649.00000,15116.68164
649.50000,15248.35742
650.00000,15359.28223
650.50000,15440.40625
651.00000,15479.49805
651.50000,15480.75977
652.00000,15448.21777
652.50000,15389.71387
653.00000,15316.05859
653.50000,15234.50879
654.00000,15152.00684
654.50000,15072.24121
655.00000,14996.03027
655.50000,14926.09375
656.00000,14865.08105
656.50000,14819.14453
657.00000,14793.15137
657.50000,14790.40332
658.00000,14809.69727
658.50000,14839.95605
659.00000,14871.45703
659.50000,14895.28711
660.00000,14903.70508
660.50000,14897.99609
661.00000,14878.52930
661.50000,14849.45801
662.00000,14813.27344
662.50000,14771.23633
663.00000,14725.97266
663.50000,14681.66797
664.00000,14643.46875
664.50000,14619.62793
665.00000,14610.25098
665.50000,14613.41895
666.00000,14621.34863
666.50000,14626.38770
667.00000,14622.46094
667.50000,14606.62793
668.00000,14577.79199
668.50000,14539.59277
669.00000,14495.22656
669.50000,14449.81152
670.00000,14408.26074
670.50000,14374.08691
671.00000,14351.31641
671.50000,14340.01270
672.00000,14338.56055
672.50000,14342.92188
673.00000,14349.90918
673.50000,14359.24512
674.00000,14371.68945
674.50000,14390.11426
675.00000,14414.21582
675.50000,14443.76270
676.00000,14475.38867
676.50000,14507.29883
677.00000,14539.47852
677.50000,14573.08008
678.00000,14608.94238
678.50000,14645.35742
679.00000,14676.46289
679.50000,14695.89258
680.00000,14694.94043
680.50000,14674.04785
681.00000,14632.75684
681.50000,14577.20215
682.00000,14514.33008
682.50000,14451.37793
683.00000,14394.74902
683.50000,14349.30469
684.00000,14314.41992
684.50000,14291.26465
685.00000,14275.21582
685.50000,14264.10254
686.00000,14255.59961
686.50000,14251.32129
687.00000,14255.70410
687.50000,14273.70898
688.00000,14310.51465
688.50000,14364.12402
689.00000,14434.07813
689.50000,14512.33594
690.00000,14594.72461
690.50000,14677.84473
691.00000,14762.12793
691.50000,14849.28809
692.00000,14940.67969
692.50000,15036.04980
693.00000,15132.54297
693.50000,15224.99805
694.00000,15307.09277
694.50000,15367.10059
695.00000,15401.54004
695.50000,15400.11328
696.00000,15364.37891
696.50000,15296.65527
697.00000,15206.23926
697.50000,15106.13184
698.00000,15007.33301
698.50000,14914.23438
699.00000,14825.96094
699.50000,14737.60645
700.00000,14646.40332
700.50000,14554.79785
701.00000,14470.75098
701.50000,14404.33496
702.00000,14361.38867
702.50000,14339.77539
703.00000,14329.11914
703.50000,14319.81250
704.00000,14305.67578
704.50000,14287.59180
705.00000,14274.70313
705.50000,14283.18359
706.00000,14318.71680
706.50000,14381.42773
707.00000,14462.58301
707.50000,14548.87305
708.00000,14629.11035
708.50000,14698.91504
709.00000,14757.61523
709.50000,14812.57324
710.00000,14867.73340
710.50000,14921.47461
711.00000,14965.32227
711.50000,14988.39551
712.00000,14979.99316
712.50000,14932.24805
713.00000,14850.07520
713.50000,14740.97070
714.00000,14625.95508
714.50000,14522.36426
715.00000,14440.25293
715.50000,14388.73926
716.00000,14364.12598
716.50000,14360.08008
717.00000,14366.84668
717.50000,14374.45508
718.00000,14377.40918
718.50000,14374.93555
719.00000,14366.12988
719.50000,14352.34473
720.00000,14331.63281
720.50000,14303.42676
721.00000,14266.55664
721.50000,14224.60352
722.00000,14184.38477
722.50000,14154.14063
723.00000,14139.13965
723.50000,14145.65918
724.00000,14169.58887
724.50000,14210.05176
725.00000,14258.64844
725.50000,14307.68164
726.00000,14348.70215
726.50000,14372.12109
727.00000,14368.72559
727.50000,14334.09961
728.00000,14263.18066
728.50000,14165.92578
729.00000,14049.00586
729.50000,13929.91309
730.00000,13820.33691
730.50000,13724.58984
731.00000,13644.77148
731.50000,13579.51660
732.00000,13528.34473
732.50000,13494.24902
733.00000,13478.45020
733.50000,13484.53027
734.00000,13503.21582
734.50000,13526.51758
735.00000,13544.31934
735.50000,13549.43262
736.00000,13542.65723
736.50000,13529.68848
737.00000,13519.06055
737.50000,13516.90332
738.00000,13523.52246
738.50000,13532.41504
739.00000,13535.53418
739.50000,13528.71875
740.00000,13508.64844
740.50000,13478.76367
741.00000,13442.33691
741.50000,13402.53027
742.00000,13360.84570
742.50000,13317.91602
743.00000,13275.83984
743.50000,13239.48828
744.00000,13212.44043
744.50000,13199.88477
745.00000,13198.50879
745.50000,13202.57520
746.00000,13202.11426
746.50000,13190.18359
747.00000,13165.58008
747.50000,13133.77637
748.00000,13101.73633
748.50000,13074.83105
749.00000,13055.23633
749.50000,13037.95020
750.00000,13016.34961
750.50000,12987.70313
751.00000,12953.61621
751.50000,12919.72070
752.00000,12892.09668
752.50000,12875.21777
753.00000,12868.07129
753.50000,12869.91016
754.00000,12876.78223
754.50000,12888.45801
755.00000,12904.36035
755.50000,12924.85840
756.00000,12948.25391
756.50000,12971.84766
757.00000,12992.88184
757.50000,13010.14063
758.00000,13023.19434
758.50000,13033.21094
759.00000,13038.88184
759.50000,13038.81348
760.00000,13028.85156
760.50000,13008.19922
761.00000,12977.08496
761.50000,12938.99902
762.00000,12898.98633
762.50000,12861.49121
763.00000,12828.40137
763.50000,12799.69434
764.00000,12772.62988
764.50000,12745.15039
765.00000,12715.95020
765.50000,12684.33594
766.00000,12650.41992
766.50000,12614.00293
767.00000,12573.99023
767.50000,12529.23633
768.00000,12478.27832
768.50000,12422.92285
769.00000,12366.03027
769.50000,12312.78809
770.00000,12269.80664
770.50000,12239.95313
771.00000,12224.18945
771.50000,12218.80078
772.00000,12216.33008
772.50000,12209.81836
773.00000,12196.26270
773.50000,12174.21484
774.00000,12148.04492
774.50000,12122.20898
775.00000,12101.19336
775.50000,12089.00586
776.00000,12086.81738
776.50000,12093.55469
777.00000,12106.42285
777.50000,12121.53809
778.00000,12136.04492
778.50000,12148.60547
779.00000,12159.16797
779.50000,12169.58789
780.00000,12181.89746
780.50000,12197.04395
781.00000,12214.58203
781.50000,12232.59082
782.00000,12248.97070
782.50000,12261.71875
783.00000,12270.28613
783.50000,12273.01172
784.00000,12270.65430
784.50000,12262.34277
785.00000,12249.51758
785.50000,12233.63477
786.00000,12217.33496
786.50000,12202.72559
787.00000,12190.97266
787.50000,12181.56836
788.00000,12173.61719
788.50000,12165.77930
789.00000,12157.81543
789.50000,12150.72363
790.00000,12146.96289
790.50000,12147.67383
791.00000,12152.24414
791.50000,12157.54102
792.00000,12159.02539
792.50000,12151.95410
793.00000,12136.20313
793.50000,12112.47949
794.00000,12086.83594
794.50000,12064.29297
795.00000,12046.31250
795.50000,12030.03516
796.00000,12010.44043
796.50000,11983.84277
797.00000,11949.97559
797.50000,11913.65039
798.00000,11881.51855
798.50000,11857.61426
799.00000,11844.92383
799.50000,11839.09375
800.00000,11835.78027
800.50000,11831.94434
801.00000,11828.03125
801.50000,11827.05273
802.00000,11832.25586
802.50000,11846.50781
803.00000,11867.79980
803.50000,11893.53027
804.00000,11917.85449
804.50000,11934.61523
805.00000,11942.43652
805.50000,11942.10352
806.00000,11938.15430
806.50000,11935.95801
807.00000,11939.17676
807.50000,11946.81738
808.00000,11954.80371
808.50000,11957.92676
809.00000,11952.09082
809.50000,11941.44434
810.00000,11934.30664
810.50000,11938.02246
811.00000,11955.62109
811.50000,11982.97363
812.00000,12009.70508
812.50000,12023.54297
813.00000,12019.28027
813.50000,11991.53125
814.00000,11949.31543
814.50000,11900.02246
815.00000,11852.68750
815.50000,11812.77148
816.00000,11781.96094
816.50000,11759.22266
817.00000,11742.92676
817.50000,11730.18164
818.00000,11720.36621
818.50000,11713.45605
819.00000,11712.86328
819.50000,11721.09570
820.00000,11741.40234
820.50000,11773.52051
821.00000,11816.24707
821.50000,11867.58691
822.00000,11924.72852
822.50000,11986.80566
823.00000,12052.10352
823.50000,12120.19629
824.00000,12189.20508
824.50000,12256.85547
825.00000,12320.64551
825.50000,12376.73828
826.00000,12420.78418
826.50000,12448.12207
827.00000,12452.33105
827.50000,12433.80664
828.00000,12389.24219
828.50000,12327.61328
829.00000,12253.64551
829.50000,12176.57422
830.00000,12102.82031
830.50000,12035.75879
831.00000,11977.09180
831.50000,11927.54492
832.00000,11885.84863
832.50000,11851.63184
833.00000,11821.87109
833.50000,11795.36230
834.00000,11770.53223
834.50000,11748.16309
835.00000,11729.58301
835.50000,11716.22852
836.00000,11708.16699
836.50000,11704.25781
837.00000,11703.73828
837.50000,11705.84082
838.00000,11711.99219
838.50000,11722.70898
839.00000,11740.04590
839.50000,11763.33398
840.00000,11792.68555
840.50000,11827.02637
841.00000,11865.31152
841.50000,11906.38281
842.00000,11947.66016
842.50000,11984.85938
843.00000,12014.13770
843.50000,12028.31250
844.00000,12026.95313
844.50000,12007.38086
845.00000,11973.94238
845.50000,11931.69727
846.00000,11887.69922
846.50000,11847.49023
847.00000,11813.93457
847.50000,11785.46875
848.00000,11760.02832
848.50000,11734.60059
849.00000,11708.52930
849.50000,11683.45508
850.00000,11662.57324
850.50000,11648.12695
851.00000,11641.00781
851.50000,11641.04395
852.00000,11646.87500
852.50000,11659.76465
853.00000,11678.68359
853.50000,11702.83008
854.00000,11727.03613
854.50000,11744.61914
855.00000,11751.30859
855.50000,11745.95313
856.00000,11732.79199
856.50000,11719.30664
857.00000,11712.13574
857.50000,11711.48730
858.00000,11714.94727
858.50000,11717.24414
859.00000,11714.32813
859.50000,11705.51465
860.00000,11690.18457
860.50000,11668.18262
861.00000,11638.41211
861.50000,11599.61816
862.00000,11554.17480
862.50000,11506.50195
863.00000,11463.30273
863.50000,11430.75977
864.00000,11407.98340
864.50000,11393.55566
865.00000,11383.72070
865.50000,11377.68555
866.00000,11378.01660
866.50000,11388.69434
867.00000,11414.56445
867.50000,11453.05566
868.00000,11500.74707
868.50000,11547.70508
869.00000,11584.96582
869.50000,11609.43945
870.00000,11619.76563
870.50000,11618.52832
871.00000,11608.56641
871.50000,11590.86230
872.00000,11566.51953
872.50000,11534.31152
873.00000,11496.32617
873.50000,11453.89648
874.00000,11410.63867
874.50000,11369.52344
875.00000,11331.91211
875.50000,11298.44824
876.00000,11269.60840
876.50000,11245.73438
877.00000,11228.13086
877.50000,11215.64941
878.00000,11207.42188
878.50000,11199.91992
879.00000,11190.38574
879.50000,11178.09863
880.00000,11164.54004
880.50000,11153.33691
881.00000,11148.01855
881.50000,11150.68359
882.00000,11159.62305
882.50000,11172.45996
883.00000,11184.46680
883.50000,11190.42676
884.00000,11187.90723
884.50000,11174.46484
885.00000,11152.15430
885.50000,11124.89551
886.00000,11097.93750
886.50000,11075.74219
887.00000,11060.92188
887.50000,11051.09180
888.00000,11044.41406
888.50000,11038.43262
889.00000,11032.83887
889.50000,11028.00684
890.00000,11023.89453
890.50000,11019.12207
891.00000,11011.69238
891.50000,11000.44238
892.00000,10987.39551
892.50000,10977.13086
893.00000,10974.05371
893.50000,10982.39453
894.00000,10999.30762
894.50000,11021.81348
895.00000,11046.03906
895.50000,11070.77051
896.00000,11097.89648
896.50000,11130.69336
897.00000,11173.35449
897.50000,11225.02637
898.00000,11284.63574
898.50000,11345.72461
899.00000,11401.46484
899.50000,11446.39160
900.00000,11476.20996
900.50000,11490.87891
901.00000,11493.02148
901.50000,11485.04102
902.00000,11471.28418
902.50000,11453.21875
903.00000,11432.91699
903.50000,11411.05762
904.00000,11389.07910
904.50000,11368.68457
905.00000,11351.02344
905.50000,11335.94727
906.00000,11321.26855
906.50000,11303.14746
907.00000,11277.01465
907.50000,11242.50000
908.00000,11199.23047
908.50000,11152.42383
909.00000,11107.19141
909.50000,11067.93359
910.00000,11037.61719
910.50000,11016.17285
911.00000,11001.28320
911.50000,10991.13867
912.00000,10984.15527
912.50000,10982.53711
913.00000,10988.45410
913.50000,11007.10352
914.00000,11037.62305
914.50000,11078.36230
915.00000,11123.20996
915.50000,11165.31250
916.00000,11199.50391
916.50000,11225.85547
917.00000,11248.04883
917.50000,11273.73730
918.00000,11311.86719
918.50000,11363.10645
919.00000,11424.84082
919.50000,11486.18457
920.00000,11533.57227
920.50000,11556.58496
921.00000,11554.84961
921.50000,11531.76563
922.00000,11498.75684
922.50000,11462.45703
923.00000,11426.32813
923.50000,11388.31934
924.00000,11345.59570
924.50000,11297.00684
925.00000,11246.27930
925.50000,11199.89063
926.00000,11163.85645
926.50000,11138.55762
927.00000,11121.69141
927.50000,11106.17969
928.00000,11087.36523
928.50000,11065.72070
929.00000,11044.63574
929.50000,11028.01465
930.00000,11017.88281
930.50000,11012.89453
931.00000,11009.43066
931.50000,11004.35742
932.00000,10996.99121
932.50000,10988.91113
933.00000,10983.44629
933.50000,10984.86035
934.00000,10994.37695
934.50000,11012.71094
935.00000,11037.52930
935.50000,11064.74414
936.00000,11089.84082
936.50000,11109.48145
937.00000,11120.68066
937.50000,11125.13867
938.00000,11123.72852
938.50000,11119.58496
939.00000,11113.65625
939.50000,11105.88184
940.00000,11095.22852
940.50000,11081.36426
941.00000,11065.90039
941.50000,11052.00488
942.00000,11042.62305
942.50000,11041.20117
943.00000,11046.05176
943.50000,11055.47852
944.00000,11066.07520
944.50000,11075.47754
945.00000,11082.46191
945.50000,11086.67090
946.00000,11087.98145
946.50000,11087.12109
947.00000,11084.90820
947.50000,11083.25098
948.00000,11084.71191
948.50000,11090.28320
949.00000,11100.26074
949.50000,11112.25000
950.00000,11122.92969
950.50000,11129.44531
951.00000,11131.38965
951.50000,11130.32129
952.00000,11129.33594
952.50000,11130.46582
953.00000,11132.68457
953.50000,11132.65527
954.00000,11126.62109
954.50000,11111.00586
955.00000,11085.66211
955.50000,11053.58691
956.00000,11019.55273
956.50000,10989.27441
957.00000,10969.13867
957.50000,10960.37793
958.00000,10965.65723
958.50000,10980.31934
959.00000,10999.62500
959.50000,11016.81152
960.00000,11027.30078
960.50000,11030.95605
961.00000,11033.02344
961.50000,11041.77344
962.00000,11062.52930
962.50000,11100.65234
963.00000,11149.92676
963.50000,11204.48730
964.00000,11256.78223
964.50000,11302.56348
965.00000,11342.30859
965.50000,11379.47363
966.00000,11417.34863
966.50000,11456.88184
967.00000,11496.15039
967.50000,11531.65723
968.00000,11557.87695
968.50000,11573.40234
969.00000,11575.71582
969.50000,11565.62695
970.00000,11544.12012
970.50000,11512.54590
971.00000,11473.58398
971.50000,11428.15234
972.00000,11378.90723
972.50000,11327.62500
973.00000,11277.75684
973.50000,11233.90137
974.00000,11198.78320
974.50000,11173.78320
975.00000,11156.09570
975.50000,11140.04785
976.00000,11120.10156
976.50000,11094.62988
977.00000,11065.65820
977.50000,11039.54004
978.00000,11022.80273
978.50000,11015.60059
979.00000,11015.34277
979.50000,11015.80078
980.00000,11011.75488
980.50000,11001.36523
981.00000,10987.44727
981.50000,10974.66699
982.00000,10966.87988
982.50000,10967.25098
983.00000,10973.36426
983.50000,10982.76172
984.00000,10991.88672
984.50000,10998.49316
985.00000,11002.21680
985.50000,11004.27344
986.00000,11006.31543
986.50000,11009.71191
987.00000,11015.67969
987.50000,11023.99023
988.00000,11035.27344
988.50000,11049.17383
989.00000,11065.29980
989.50000,11081.81641
990.00000,11095.80176
990.50000,11104.06445
991.00000,11105.81250
991.50000,11101.82813
992.00000,11097.00391
992.50000,11097.01465
993.00000,11104.03809
993.50000,11117.69238
994.00000,11132.06055
994.50000,11139.36133
995.00000,11133.62988
995.50000,11114.45605
996.00000,11085.34180
996.50000,11055.13672
997.00000,11032.66211
997.50000,11020.16016
998.00000,11017.55469
998.50000,11019.05859
999.00000,11020.47656
999.50000,11020.86328
1000.00000,11023.42969
1000.50000,11033.76270
1001.00000,11054.83398
1001.50000,11088.16406
1002.00000,11127.84668
1002.50000,11168.37695
1003.00000,11205.10938
1003.50000,11236.02246
1004.00000,11262.87109
1004.50000,11287.66895
1005.00000,11311.20020
1005.50000,11332.38867
1006.00000,11348.39941
1006.50000,11357.91504
1007.00000,11358.00586
1007.50000,11349.99121
1008.00000,11332.29102
1008.50000,11306.87891
1009.00000,11275.25977
1009.50000,11240.78027
1010.00000,11206.94824
1010.50000,11176.24902
1011.00000,11148.92676
1011.50000,11124.79395
1012.00000,11102.66797
1012.50000,11082.99902
1013.00000,11065.46094
1013.50000,11049.07715
1014.00000,11031.23145
1014.50000,11009.37695
1015.00000,10983.76172
1015.50000,10958.95020
1016.00000,10942.64063
1016.50000,10938.69336
1017.00000,10949.75098
1017.50000,10967.28027
1018.00000,10983.09375
1018.50000,10991.87793
1019.00000,10993.87988
1019.50000,10995.02832
1020.00000,11001.46680
1020.50000,11014.96387
1021.00000,11031.05762
1021.50000,11043.52637
1022.00000,11049.55371
1022.50000,11049.04785
1023.00000,11047.04980
1023.50000,11048.12793
1024.00000,11054.35352
1024.50000,11065.82715
1025.00000,11081.79688
1025.50000,11101.56445
1026.00000,11125.69629
1026.50000,11153.03516
1027.00000,11181.90039
1027.50000,11209.04395
1028.00000,11231.04492
1028.50000,11246.93652
1029.00000,11256.08594
1029.50000,11258.97070
1030.00000,11256.16992
1030.50000,11248.21777
1031.00000,11237.99414
1031.50000,11229.85156
1032.00000,11227.69629
1032.50000,11235.42383
1033.00000,11250.45020
1033.50000,11269.05762
1034.00000,11287.23145
1034.50000,11304.18359
1035.00000,11322.41113
1035.50000,11344.66016
1036.00000,11371.00781
1036.50000,11396.03906
1037.00000,11409.78027
1037.50000,11407.94629
1038.00000,11387.34570
1038.50000,11355.55664
1039.00000,11321.63379
1039.50000,11293.29004
1040.00000,11272.76074
1040.50000,11257.75293
1041.00000,11243.21777
1041.50000,11226.29980
1042.00000,11208.38086
1042.50000,11193.68066
1043.00000,11185.72656
1043.50000,11187.84473
1044.00000,11199.92969
1044.50000,11221.27637
1045.00000,11250.81934
1045.50000,11285.80957
1046.00000,11323.43848
1046.50000,11359.71875
1047.00000,11391.15625
1047.50000,11418.43262
1048.00000,11443.82813
1048.50000,11470.58594
1049.00000,11499.83496
1049.50000,11529.49414
1050.00000,11555.90332
1050.50000,11576.12695
1051.00000,11591.34863
1051.50000,11603.79883
1052.00000,11616.42871
1052.50000,11629.21680
1053.00000,11639.81055
1053.50000,11645.17480
1054.00000,11645.33301
1054.50000,11643.38184
1055.00000,11643.95313
1055.50000,11649.78125
1056.00000,11660.89355
1056.50000,11672.81738
1057.00000,11679.99219
1057.50000,11680.02539
1058.00000,11671.69922
1058.50000,11658.33203
1059.00000,11644.01367
1059.50000,11632.85156
1060.00000,11627.37012
1060.50000,11628.65625
1061.00000,11634.17773
1061.50000,11640.99707
1062.00000,11645.91016
1062.50000,11647.57520
1063.00000,11648.28320
1063.50000,11651.91113
1064.00000,11661.05566
1064.50000,11674.83789
1065.00000,11689.00586
1065.50000,11699.03809
1066.00000,11703.06152
1066.50000,11705.62500
1067.00000,11714.59766
1067.50000,11734.33008
1068.00000,11766.32422
1068.50000,11803.91602
1069.00000,11838.87988
1069.50000,11865.70508
1070.00000,11885.15039
1070.50000,11901.94824
1071.00000,11921.71777
1071.50000,11947.03711
1072.00000,11973.92090
1072.50000,11996.09766
1073.00000,12009.50781
1073.50000,12012.03027
1074.00000,12005.57813
1074.50000,11992.15137
1075.00000,11971.69141
1075.50000,11944.25977
1076.00000,11909.48730
1076.50000,11872.21387
1077.00000,11839.53711
1077.50000,11816.48730
1078.00000,11805.94824
1078.50000,11802.98438
1079.00000,11800.24902
1079.50000,11791.59277
1080.00000,11776.17188
1080.50000,11757.43359
1081.00000,11741.12207
1081.50000,11731.61230
1082.00000,11726.87305
1082.50000,11723.44043
1083.00000,11717.51074
1083.50000,11707.78711
1084.00000,11696.16797
1084.50000,11685.53711
1085.00000,11677.81055
1085.50000,11672.58984
1086.00000,11668.98438
1086.50000,11665.77637
1087.00000,11662.59180
1087.50000,11659.06250
1088.00000,11654.15137
1088.50000,11646.86719
1089.00000,11637.03711
1089.50000,11626.52148
1090.00000,11618.80469
1090.50000,11617.82031
1091.00000,11623.42578
1091.50000,11633.76758
1092.00000,11642.77734
1092.50000,11644.42285
1093.00000,11637.31250
1093.50000,11623.28125
1094.00000,11608.26172
1094.50000,11598.59961
1095.00000,11598.62891
1095.50000,11607.32422
1096.00000,11623.39160
1096.50000,11643.39453
1097.00000,11668.39551
1097.50000,11699.63281
1098.00000,11739.09473
1098.50000,11783.52441
1099.00000,11825.56445
1099.50000,11856.67480
1100.00000,11873.89746
1100.50000,11880.36719
1101.00000,11887.86426
1101.50000,11909.82422
1102.00000,11947.96777
1102.50000,11998.83594
1103.00000,12049.62207
1103.50000,12089.19434
1104.00000,12114.48145
1104.50000,12130.71387
1105.00000,12145.60059
1105.50000,12163.94141
1106.00000,12184.70801
1106.50000,12202.61914
1107.00000,12212.54004
1107.50000,12215.72168
1108.00000,12215.33301
1108.50000,12215.09863
1109.00000,12215.57715
1109.50000,12214.58105
1110.00000,12210.41309
1110.50000,12204.11230
1111.00000,12200.18750
1111.50000,12205.26270
1112.00000,12220.27832
1112.50000,12245.17773
1113.00000,12274.66895
1113.50000,12303.90723
1114.00000,12329.64160
1114.50000,12351.10059
1115.00000,12368.84863
1115.50000,12384.86230
1116.00000,12400.63965
1116.50000,12417.47949
1117.00000,12436.76465
1117.50000,12459.08984
1118.00000,12485.99609
1118.50000,12518.54980
1119.00000,12558.06543
1119.50000,12605.56348
1120.00000,12660.37012
1120.50000,12723.22656
1121.00000,12792.98828
1121.50000,12872.44434
1122.00000,12960.98047
1122.50000,13059.62891
1123.00000,13164.51855
1123.50000,13270.14941
1124.00000,13369.99902
1124.50000,13458.99609
1125.00000,13532.68555
1125.50000,13591.53613
1126.00000,13631.18652
1126.50000,13653.96875
1127.00000,13655.85059
1127.50000,13640.56055
1128.00000,13609.64844
1128.50000,13568.13770
1129.00000,13520.26855
1129.50000,13468.95215
1130.00000,13416.62695
1130.50000,13365.37402
1131.00000,13317.11426
1131.50000,13274.90039
1132.00000,13238.72656
1132.50000,13209.00293
1133.00000,13183.67871
1133.50000,13161.18457
1134.00000,13140.28809
1134.50000,13120.20215
1135.00000,13100.40820
1135.50000,13080.30371
1136.00000,13059.43652
1136.50000,13038.31250
1137.00000,13018.38184
1137.50000,13001.16016
1138.00000,12988.17871
1138.50000,12979.21191
1139.00000,12972.76758
1139.50000,12966.63379
1140.00000,12958.78320
1140.50000,12947.89844
1141.00000,12934.99902
1141.50000,12921.97363
1142.00000,12911.35254
1142.50000,12905.75781
1143.00000,12905.38770
1143.50000,12909.02637
1144.00000,12913.82813
1144.50000,12916.77148
1145.00000,12916.02344
1145.50000,12912.98535
1146.00000,12911.35742
1146.50000,12915.38379
1147.00000,12930.15137
1147.50000,12954.91016
1148.00000,12986.70117
1148.50000,13018.70313
1149.00000,13043.84766
1149.50000,13057.25391
1150.00000,13060.30469
1150.50000,13056.33398
1151.00000,13052.30273
1151.50000,13053.47852
1152.00000,13060.19141
1152.50000,13070.62402
1153.00000,13080.86523
1153.50000,13088.45703
1154.00000,13093.87500
1154.50000,13100.06152
1155.00000,13110.31738
1155.50000,13124.65332
1156.00000,13140.44824
1156.50000,13152.50195
1157.00000,13155.29395
1157.50000,13148.96777
1158.00000,13136.48535
1158.50000,13123.91504
1159.00000,13116.36230
1159.50000,13115.99902
1160.00000,13120.65918
1160.50000,13128.32324
1161.00000,13137.28613
1161.50000,13148.92969
1162.00000,13164.46191
1162.50000,13184.85156
1163.00000,13208.32129
1163.50000,13232.55371
1164.00000,13256.15430
1164.50000,13279.49902
1165.00000,13303.98340
1165.50000,13330.25879
1166.00000,13358.69043
1166.50000,13388.78223
1167.00000,13421.87305
1167.50000,13459.18848
1168.00000,13501.77441
1168.50000,13548.03027
1169.00000,13594.66797
1169.50000,13638.95898
1170.00000,13681.07324
1170.50000,13723.33301
1171.00000,13768.01465
1171.50000,13815.59668
1172.00000,13863.40234
1172.50000,13908.74316
1173.00000,13951.27148
1173.50000,13992.45703
1174.00000,14033.34766
1174.50000,14072.45508
1175.00000,14105.45996
1175.50000,14130.70020
1176.00000,14147.83984
1176.50000,14162.80273
1177.00000,14180.15137
1177.50000,14200.46191
1178.00000,14220.23535
1178.50000,14234.90723
1179.00000,14242.97461
1179.50000,14246.46777
1180.00000,14249.71484
1180.50000,14254.95605
1181.00000,14260.93945
1181.50000,14265.41602
1182.00000,14268.19922
1182.50000,14271.52344
1183.00000,14278.37012
1183.50000,14290.35059
1184.00000,14307.18066
1184.50000,14327.64648
1185.00000,14352.53906
1185.50000,14381.81641
1186.00000,14415.02344
1186.50000,14447.33008
1187.00000,14472.19141
1187.50000,14486.86621
1188.00000,14492.40918
1188.50000,14494.49219
1189.00000,14498.72852
1189.50000,14506.96191
1190.00000,14516.30371
1190.50000,14522.54297
1191.00000,14524.39648
1191.50000,14522.24121
1192.00000,14518.86523
1192.50000,14515.86035
1193.00000,14513.76465
1193.50000,14513.14648
1194.00000,14515.34082
1194.50000,14521.05371
1195.00000,14529.51270
1195.50000,14536.83496
1196.00000,14537.60645
1196.50000,14531.06641
1197.00000,14518.96387
1197.50000,14507.36035
1198.00000,14501.57227
1198.50000,14502.61523
1199.00000,14506.47754
1199.50000,14506.89551
1200.00000,14499.81641
1200.50000,14482.80957
1201.00000,14460.34766
1201.50000,14436.42969
1202.00000,14414.76758
1202.50000,14396.79980
1203.00000,14381.14941
1203.50000,14365.32324
1204.00000,14347.15137
1204.50000,14326.29199
1205.00000,14303.67969
1205.50000,14281.48633
1206.00000,14261.24316
1206.50000,14241.96680
1207.00000,14220.74414
1207.50000,14194.57813
1208.00000,14162.06055
1208.50000,14125.92480
1209.00000,14092.61133
1209.50000,14070.27441
1210.00000,14061.84473
1210.50000,14069.47559
1211.00000,14085.02930
1211.50000,14101.47852
1212.00000,14112.67871
1212.50000,14115.60254
1213.00000,14111.77637
1213.50000,14104.59180
1214.00000,14097.78711
1214.50000,14094.75195
1215.00000,14099.72363
1215.50000,14113.75391
1216.00000,14139.50488
1216.50000,14173.06738
1217.00000,14210.60742
1217.50000,14246.91113
1218.00000,14278.76953
1218.50000,14306.20508
1219.00000,14332.03809
1219.50000,14359.94629
1220.00000,14392.46191
1220.50000,14432.49707
1221.00000,14478.73828
1221.50000,14530.10742
1222.00000,14582.03027
1222.50000,14628.77051
1223.00000,14665.69043
1223.50000,14690.88086
1224.00000,14705.38281
1224.50000,14714.53711
1225.00000,14723.31836
1225.50000,14735.83984
1226.00000,14755.54590
1226.50000,14781.40137
1227.00000,14811.49512
1227.50000,14841.07520
1228.00000,14865.29980
1228.50000,14882.10742
1229.00000,14894.58301
1229.50000,14908.90039
1230.00000,14929.86035
1230.50000,14959.13379
1231.00000,14989.99512
1231.50000,15014.70996
1232.00000,15030.48340
1232.50000,15039.88086
1233.00000,15050.22949
1233.50000,15067.53809
1234.00000,15093.41992
1234.50000,15124.08594
1235.00000,15156.65039
1235.50000,15190.10742
1236.00000,15226.52637
1236.50000,15266.41504
1237.00000,15308.25879
1237.50000,15348.38965
1238.00000,15383.98633
1238.50000,15414.75879
1239.00000,15442.24512
1239.50000,15466.06543
1240.00000,15484.60059
1240.50000,15492.93652
1241.00000,15492.29297
1241.50000,15484.79688
1242.00000,15476.64648
1242.50000,15472.25098
1243.00000,15471.55957
1243.50000,15470.23730
1244.00000,15462.37305
1244.50000,15445.83301
1245.00000,15421.45703
1245.50000,15396.59766
1246.00000,15379.76270
1246.50000,15374.49121
1247.00000,15381.70117
1247.50000,15395.80762
1248.00000,15410.25781
1248.50000,15420.05957
1249.00000,15423.74902
1249.50000,15421.09863
1250.00000,15414.44629
1250.50000,15405.46289
1251.00000,15398.18164
1251.50000,15399.11035
1252.00000,15412.59375
1252.50000,15440.71094
1253.00000,15478.44336
1253.50000,15516.67773
1254.00000,15547.58887
1254.50000,15570.53125
1255.00000,15589.47559
1255.50000,15611.41211
1256.00000,15640.95801
1256.50000,15676.55371
1257.00000,15716.47949
1257.50000,15759.91699
1258.00000,15808.25195
1258.50000,15862.20996
1259.00000,15918.97559
1259.50000,15973.95996
1260.00000,16024.32129
1260.50000,16069.41895
1261.00000,16112.74609
1261.50000,16156.01367
1262.00000,16198.52930
1262.50000,16238.12207
1263.00000,16274.37305
1263.50000,16309.71387
1264.00000,16347.40430
1264.50000,16388.21094
1265.00000,16430.94336
1265.50000,16473.76367
1266.00000,16518.46484
1266.50000,16568.82227
1267.00000,16628.66602
1267.50000,16695.69141
1268.00000,16762.97266
1268.50000,16822.94336
1269.00000,16873.51172
1269.50000,16916.88477
1270.00000,16959.43164
1270.50000,17004.16602
1271.00000,17048.73438
1271.50000,17087.46094
1272.00000,17116.52148
1272.50000,17133.28711
1273.00000,17137.14648
1273.50000,17127.92188
1274.00000,17103.15039
1274.50000,17065.01563
1275.00000,17014.02930
1275.50000,16957.26758
1276.00000,16899.40234
1276.50000,16844.05859
1277.00000,16793.09375
1277.50000,16746.72266
1278.00000,16705.14648
1278.50000,16668.79297
1279.00000,16637.13867
1279.50000,16610.98242
1280.00000,16590.18750
1280.50000,16578.20508
1281.00000,16575.43945
1281.50000,16583.37891
1282.00000,16598.73047
1282.50000,16617.87305
1283.00000,16638.43555
1283.50000,16661.49609
1284.00000,16691.65820
1284.50000,16731.37109
1285.00000,16782.63477
1285.50000,16839.24023
1286.00000,16894.62109
1286.50000,16943.09766
1287.00000,16980.88281
1287.50000,17008.24219
1288.00000,17026.35352
1288.50000,17035.25977
1289.00000,17035.47266
1289.50000,17024.77539
1290.00000,17005.13672
1290.50000,16976.77148
1291.00000,16944.37891
1291.50000,16912.17578
1292.00000,16884.13867
1292.50000,16862.32617
1293.00000,16844.73633
1293.50000,16824.99219
1294.00000,16793.99219
1294.50000,16747.95703
1295.00000,16685.57031
1295.50000,16619.16992
1296.00000,16561.93750
1296.50000,16520.59961
1297.00000,16493.99023
1297.50000,16470.43555
1298.00000,16436.85938
1298.50000,16386.61523
1299.00000,16326.30566
1299.50000,16268.44531
1300.00000,16223.42285
1300.50000,16197.14355
1301.00000,16181.23438
1301.50000,16167.43262
1302.00000,16150.51953
1302.50000,16132.27051
1303.00000,16118.66406
1303.50000,16113.64063
1304.00000,16117.14258
1304.50000,16123.30664
1305.00000,16127.54395
1305.50000,16130.11328
1306.00000,16135.95508
1306.50000,16149.87793
1307.00000,16174.32715
1307.50000,16205.71094
1308.00000,16237.03418
1308.50000,16261.08496
1309.00000,16274.82617
1309.50000,16276.59766
1310.00000,16271.80273
1310.50000,16265.76465
1311.00000,16264.80566
1311.50000,16274.80566
1312.00000,16296.53320
1312.50000,16327.06445
1313.00000,16359.63281
1313.50000,16386.62695
1314.00000,16402.19727
1314.50000,16408.27734
1315.00000,16408.52930
1315.50000,16410.33008
1316.00000,16418.64063
1316.50000,16433.40820
1317.00000,16452.72070
1317.50000,16473.64063
1318.00000,16494.54883
1318.50000,16515.64844
1319.00000,16537.93164
1319.50000,16562.37695
1320.00000,16588.14258
1320.50000,16613.55273
1321.00000,16636.73828
1321.50000,16656.35352
1322.00000,16673.41211
1322.50000,16690.54688
1323.00000,16710.81641
1323.50000,16735.16992
1324.00000,16761.80859
1324.50000,16785.74023
1325.00000,16800.27148
1325.50000,16804.91992
1326.00000,16800.02930
1326.50000,16790.55273
1327.00000,16779.72266
1327.50000,16768.05859
1328.00000,16753.59961
1328.50000,16733.83203
1329.00000,16709.21484
1329.50000,16680.87891
1330.00000,16651.03711
1330.50000,16618.58398
1331.00000,16581.42383
1331.50000,16537.18750
1332.00000,16488.02734
1332.50000,16439.43164
1333.00000,16397.25586
1333.50000,16362.52051
1334.00000,16331.54297
1334.50000,16298.22266
1335.00000,16259.85547
1335.50000,16221.30078
1336.00000,16190.61426
1336.50000,16171.03223
1337.00000,16159.00586
1337.50000,16144.41406
1338.00000,16118.64941
1338.50000,16080.39063
1339.00000,16039.50391
1339.50000,16009.08105
1340.00000,15993.10547
1340.50000,15989.28223
1341.00000,15985.51660
1341.50000,15972.37988
1342.00000,15950.01172
1342.50000,15926.82715
1343.00000,15912.09180
1343.50000,15908.15527
1344.00000,15911.81934
1344.50000,15915.04980
1345.00000,15912.83105
1345.50000,15907.12402
1346.00000,15902.33789
1346.50000,15901.62109
1347.00000,15904.23438
1347.50000,15906.18457
1348.00000,15904.37207
1348.50000,15899.50684
1349.00000,15896.64063
1349.50000,15902.79688
1350.00000,15918.53418
1350.50000,15941.69336
1351.00000,15965.56250
1351.50000,15985.79883
1352.00000,16002.91797
1352.50000,16021.23926
1353.00000,16045.38770
1353.50000,16075.68848
1354.00000,16109.19141
1354.50000,16140.59961
1355.00000,16166.11914
1355.50000,16187.37891
1356.00000,16206.83887
1356.50000,16226.34863
1357.00000,16244.57227
1357.50000,16258.21094
1358.00000,16265.56934
1358.50000,16267.37793
1359.00000,16267.69629
1359.50000,16270.16797
1360.00000,16275.87012
1360.50000,16284.84180
1361.00000,16295.49609
1361.50000,16306.84570
1362.00000,16317.87402
1362.50000,16327.12012
1363.00000,16332.51855
1363.50000,16332.96973
1364.00000,16327.10352
1364.50000,16316.35547
1365.00000,16300.17773
1365.50000,16279.85547
1366.00000,16255.56445
1366.50000,16229.46191
1367.00000,16204.65723
1367.50000,16184.10645
1368.00000,16168.59863
1368.50000,16157.12793
1369.00000,16146.27246
1369.50000,16132.40527
1370.00000,16113.76367
1370.50000,16087.94824
1371.00000,16055.62695
1371.50000,16018.34570
1372.00000,15981.06445
1372.50000,15950.51172
1373.00000,15932.05762
1373.50000,15923.75586
1374.00000,15919.16406
1374.50000,15908.28223
1375.00000,15882.59863
1375.50000,15845.73633
1376.00000,15805.72559
1376.50000,15772.46777
1377.00000,15750.22754
1377.50000,15734.69141
1378.00000,15716.58594
1378.50000,15688.73828
1379.00000,15653.66602
1379.50000,15619.68848
1380.00000,15594.31250
1380.50000,15580.64844
1381.00000,15572.24609
1381.50000,15561.22070
1382.00000,15543.25293
1382.50000,15520.41602
1383.00000,15498.67676
1383.50000,15482.84473
1384.00000,15474.72461
1384.50000,15469.94336
1385.00000,15464.45117
1385.50000,15456.16602
1386.00000,15445.10742
1386.50000,15432.52930
1387.00000,15418.74512
1387.50000,15403.77051
1388.00000,15388.81836
1388.50000,15376.88770
1389.00000,15370.02051
1389.50000,15369.17285
1390.00000,15369.18359
1390.50000,15362.23047
1391.00000,15342.60059
1391.50000,15306.91895
1392.00000,15258.28613
1392.50000,15203.91797
1393.00000,15150.91504
1393.50000,15103.45020
1394.00000,15064.03613
1394.50000,15030.38672
1395.00000,15001.42871
1395.50000,14974.50879
1396.00000,14948.05566
1396.50000,14920.92676
1397.00000,14892.87012
1397.50000,14864.83203
1398.00000,14838.80859
1398.50000,14817.91406
1399.00000,14802.82520
1399.50000,14794.18359
1400.00000,14788.47656
1400.50000,14782.56348
1401.00000,14774.08789
1401.50000,14762.66504
1402.00000,14750.09473
1402.50000,14738.54785
1403.00000,14728.53711
1403.50000,14717.65332
1404.00000,14700.45801
1404.50000,14673.66895
1405.00000,14633.67188
1405.50000,14585.03613
1406.00000,14533.04980
1406.50000,14483.88184
1407.00000,14440.80859
1407.50000,14402.67285
1408.00000,14364.23047
1408.50000,14319.37109
1409.00000,14266.89844
1409.50000,14208.87695
1410.00000,14153.12891
1410.50000,14107.97656
1411.00000,14075.28223
1411.50000,14051.70410
1412.00000,14030.49023
1412.50000,14006.52539
1413.00000,13979.37305
1413.50000,13953.13965
1414.00000,13933.27734
1414.50000,13920.12305
1415.00000,13911.75293
1415.50000,13902.71289
1416.00000,13888.78418
1416.50000,13869.45313
1417.00000,13847.50879
1417.50000,13827.16211
1418.00000,13811.74707
1418.50000,13804.09375
1419.00000,13802.77148
1419.50000,13806.57813
1420.00000,13811.52637
1420.50000,13814.84863
1421.00000,13815.81445
1421.50000,13815.54199
1422.00000,13815.97949
1422.50000,13817.95996
1423.00000,13820.51660
1423.50000,13821.81152
1424.00000,13819.85156
1424.50000,13814.48535
1425.00000,13804.45703
1425.50000,13789.94434
1426.00000,13771.23438
1426.50000,13751.29492
1427.00000,13734.77930
1427.50000,13725.80176
1428.00000,13723.60742
1428.50000,13723.53809
1429.00000,13719.35352
1429.50000,13706.31055
1430.00000,13686.68066
1430.50000,13663.33887
1431.00000,13639.53516
1431.50000,13616.43555
1432.00000,13594.63477
1432.50000,13575.95410
1433.00000,13564.16602
1433.50000,13560.09961
1434.00000,13562.21191
1434.50000,13563.85059
1435.00000,13559.18457
1435.50000,13547.59180
1436.00000,13531.65918
1436.50000,13516.24805
1437.00000,13504.82227
1437.50000,13498.61816
1438.00000,13496.64355
1438.50000,13499.20605
1439.00000,13505.67090
1439.50000,13516.29199
1440.00000,13528.73145
1440.50000,13539.84277
1441.00000,13546.24609
1441.50000,13545.06641
1442.00000,13535.74219
1442.50000,13521.23926
1443.00000,13506.34863
1443.50000,13495.96289
1444.00000,13493.81445
1444.50000,13495.98633
1445.00000,13497.27344
1445.50000,13494.03027
1446.00000,13486.77539
1446.50000,13480.34570
1447.00000,13479.64063
1447.50000,13486.39160
1448.00000,13497.24805
1448.50000,13508.63379
1449.00000,13518.86035
1449.50000,13529.42676
1450.00000,13542.35938
1450.50000,13558.48340
1451.00000,13576.49219
1451.50000,13595.06738
1452.00000,13613.48730
1452.50000,13631.13086
1453.00000,13646.55566
1453.50000,13659.21582
1454.00000,13670.39941
1454.50000,13685.21289
1455.00000,13710.38086
1455.50000,13746.45313
1456.00000,13789.83203
1456.50000,13832.87012
1457.00000,13869.68750
1457.50000,13899.16895
1458.00000,13926.06250
1458.50000,13956.50586
1459.00000,13994.08105
1459.50000,14042.10742
1460.00000,14097.01855
1460.50000,14153.43066
1461.00000,14202.13379
1461.50000,14232.95117
1462.00000,14240.77832
1462.50000,14232.55566
1463.00000,14221.78418
1463.50000,14222.86230
1464.00000,14245.64258
1464.50000,14280.52930
1465.00000,14315.84375
1465.50000,14344.45117
1466.00000,14368.29688
1466.50000,14395.07910
1467.00000,14429.51855
1467.50000,14469.17969
1468.00000,14505.84766
1468.50000,14531.41309
1469.00000,14546.69434
1469.50000,14554.25586
1470.00000,14558.60449
1470.50000,14559.59961
1471.00000,14556.29883
1471.50000,14549.08594
1472.00000,14540.54492
1472.50000,14533.13672
1473.00000,14526.17090
1473.50000,14516.00586
1474.00000,14497.28809
1474.50000,14472.08301
1475.00000,14444.81348
1475.50000,14421.59766
1476.00000,14405.70703
1476.50000,14395.03223
1477.00000,14384.42188
1477.50000,14370.45313
1478.00000,14355.60547
1478.50000,14349.20117
1479.00000,14357.41406
1479.50000,14383.41504
1480.00000,14416.61914
1480.50000,14443.98535
1481.00000,14457.47168
1481.50000,14459.48047
1482.00000,14461.32422
1482.50000,14474.28906
1483.00000,14503.53125
1483.50000,14540.37500
1484.00000,14576.33105
1484.50000,14608.80957
1485.00000,14641.06250
1485.50000,14676.65723
1486.00000,14714.15430
1486.50000,14747.98633
1487.00000,14775.23730
1487.50000,14799.92188
1488.00000,14830.84570
1488.50000,14873.76367
1489.00000,14921.27148
1489.50000,14961.04297
1490.00000,14985.62793
1490.50000,14994.81152
1491.00000,14998.56934
1491.50000,15007.45410
1492.00000,15026.75000
1492.50000,15053.69336
1493.00000,15084.48340
1493.50000,15116.04883
1494.00000,15147.19434
1494.50000,15175.90527
1495.00000,15197.35352
1495.50000,15208.54102
1496.00000,15209.22363
1496.50000,15204.92578
1497.00000,15204.45313
1497.50000,15214.93359
1498.00000,15235.77344
1498.50000,15263.56152
1499.00000,15289.81250
1499.50000,15307.19922
1500.00000,15315.01074
1500.50000,15316.80859
1501.00000,15321.12891
1501.50000,15335.30664
1502.00000,15360.70703
1502.50000,15389.75098
1503.00000,15410.11035
1503.50000,15413.93848
1504.00000,15395.63379
1504.50000,15365.63672
1505.00000,15335.78125
1505.50000,15316.08496
1506.00000,15307.87500
1506.50000,15305.22754
1507.00000,15300.80762
1507.50000,15291.28027
1508.00000,15279.05566
1508.50000,15267.09473
1509.00000,15255.59180
1509.50000,15240.89746
1510.00000,15220.92676
1510.50000,15197.47852
1511.00000,15176.43457
1511.50000,15163.34277
1512.00000,15160.48145
1512.50000,15164.81250
1513.00000,15174.13184
1513.50000,15186.12793
1514.00000,15200.93359
1514.50000,15216.87500
1515.00000,15231.58789
1515.50000,15243.88770
1516.00000,15255.73926
1516.50000,15272.07031
1517.00000,15297.42090
1517.50000,15335.39355
1518.00000,15383.61230
1518.50000,15441.34570
1519.00000,15504.29492
1519.50000,15569.54395
1520.00000,15632.04980
1520.50000,15686.36621
1521.00000,15730.69336
1521.50000,15768.23340
1522.00000,15805.69824
1522.50000,15848.71973
1523.00000,15898.54492
1523.50000,15949.31934
1524.00000,15992.60352
1524.50000,16023.78125
1525.00000,16039.83984
1525.50000,16045.04492
1526.00000,16045.71777
1526.50000,16048.46484
1527.00000,16056.53516
1527.50000,16070.63672
1528.00000,16088.06934
1528.50000,16107.08203
1529.00000,16125.86133
1529.50000,16142.60352
1530.00000,16155.06055
1530.50000,16160.39453
1531.00000,16158.33594
1531.50000,16151.71777
1532.00000,16145.28125
1532.50000,16143.50293
1533.00000,16150.33887
1533.50000,16164.78027
1534.00000,16186.70801
1534.50000,16211.00586
1535.00000,16231.72754
1535.50000,16243.80078
1536.00000,16245.90820
1536.50000,16243.12109
1537.00000,16244.67773
1537.50000,16258.39941
1538.00000,16281.29004
1538.50000,16304.36328
1539.00000,16319.03516
1539.50000,16321.03613
1540.00000,16314.53125
1540.50000,16302.99707
1541.00000,16287.03125
1541.50000,16264.58594
1542.00000,16234.70898
1542.50000,16201.99609
1543.00000,16170.87598
1543.50000,16141.65039
1544.00000,16109.66797
1544.50000,16070.13086
1545.00000,16020.25098
1545.50000,15962.57715
1546.00000,15899.58398
1546.50000,15830.34570
1547.00000,15753.19043
1547.50000,15668.04199
1548.00000,15581.91699
1548.50000,15504.95801
1549.00000,15440.97754
1549.50000,15389.69922
1550.00000,15341.82715
1550.50000,15290.64355
1551.00000,15235.40527
1551.50000,15181.37891
1552.00000,15136.18750
1552.50000,15102.60156
1553.00000,15081.14844
1553.50000,15063.69727
1554.00000,15044.12012
1554.50000,15020.42285
1555.00000,14994.41504
1555.50000,14970.00781
1556.00000,14949.14844
1556.50000,14930.10742
1557.00000,14909.26270
1557.50000,14885.92871
1558.00000,14864.79199
1558.50000,14854.78320
1559.00000,14858.18945
1559.50000,14873.75391
1560.00000,14891.37793
1560.50000,14899.77344
1561.00000,14894.33789
1561.50000,14879.02930
1562.00000,14861.42871
1562.50000,14848.85840
1563.00000,14845.52148
1563.50000,14847.50977
1564.00000,14849.20703
1564.50000,14844.82910
1565.00000,14830.90430
1565.50000,14808.50879
1566.00000,14780.85840
1566.50000,14751.39160
1567.00000,14722.15430
1567.50000,14691.99707
1568.00000,14657.78320
1568.50000,14614.78906
1569.00000,14563.59180
1569.50000,14506.04102
1570.00000,14447.72363
1570.50000,14393.42871
1571.00000,14344.47461
1571.50000,14297.53906
1572.00000,14247.57031
1572.50000,14192.64551
1573.00000,14134.10742
1573.50000,14077.68066
1574.00000,14030.10352
1574.50000,13993.52930
1575.00000,13968.54004
1575.50000,13950.60254
1576.00000,13934.83203
1576.50000,13917.36621
1577.00000,13897.04102
1577.50000,13875.60742
1578.00000,13857.06348
1578.50000,13845.98926
1579.00000,13840.26172
1579.50000,13836.34766
1580.00000,13831.05664
1580.50000,13825.61816
1581.00000,13824.80664
1581.50000,13831.35742
1582.00000,13841.90332
1582.50000,13846.85840
1583.00000,13837.04980
1583.50000,13816.45020
1584.00000,13792.80273
1584.50000,13774.55957
1585.00000,13762.70508
1585.50000,13749.57715
1586.00000,13727.66797
1586.50000,13696.03027
1587.00000,13660.82227
1587.50000,13626.79395
1588.00000,13593.06445
1588.50000,13553.12207
1589.00000,13503.69629
1589.50000,13445.98242
1590.00000,13385.28516
1590.50000,13323.95703
1591.00000,13259.95020
1591.50000,13190.61816
1592.00000,13117.08496
1592.50000,13046.65332
1593.00000,12987.68262
1593.50000,12938.04102
1594.00000,12891.55176
1594.50000,12839.95020
1595.00000,12780.20801
1595.50000,12716.99707
1596.00000,12656.64453
1596.50000,12600.08105
1597.00000,12542.45703
1597.50000,12478.58203
1598.00000,12410.83203
1598.50000,12347.42676
1599.00000,12295.00488
1599.50000,12252.50098
1600.00000,12209.54688
1600.50000,12155.85840
1601.00000,12089.39258
1601.50000,12019.24512
1602.00000,11959.03027
1602.50000,11913.99023
1603.00000,11882.58105
1603.50000,11853.35938
1604.00000,11818.36230
1604.50000,11776.01660
1605.00000,11728.16992
1605.50000,11677.63281
1606.00000,11625.30078
1606.50000,11570.65820
1607.00000,11514.63965
1607.50000,11459.77832
1608.00000,11408.61133
1608.50000,11364.06348
1609.00000,11325.37891
1609.50000,11291.96289
1610.00000,11262.24902
1610.50000,11235.00781
1611.00000,11209.23047
1611.50000,11184.16602
1612.00000,11159.72461
1612.50000,11135.58984
1613.00000,11110.75293
1613.50000,11083.80762
1614.00000,11052.78223
1614.50000,11017.92188
1615.00000,10981.26367
1615.50000,10947.23047
1616.00000,10920.19336
1616.50000,10903.33887
1617.00000,10894.31055
1617.50000,10888.62500
1618.00000,10878.80957
1618.50000,10857.59863
1619.00000,10826.50391
1619.50000,10789.02637
1620.00000,10750.65137
1620.50000,10713.76855
1621.00000,10676.65137
1621.50000,10635.84766
1622.00000,10590.03906
1622.50000,10542.76172
1623.00000,10498.28711
1623.50000,10457.09082
1624.00000,10415.38086
1624.50000,10366.99512
1625.00000,10308.85156
1625.50000,10245.26953
1626.00000,10184.43848
1626.50000,10133.33105
1627.00000,10091.08398
1627.50000,10052.96484
1628.00000,10011.84375
1628.50000,9965.36230
1629.00000,9917.06934
1629.50000,9870.70996
1630.00000,9826.89355
1630.50000,9783.08203
1631.00000,9736.98340
1631.50000,9690.53125
1632.00000,9648.52734
1632.50000,9612.93652
1633.00000,9582.82715
1633.50000,9551.76758
1634.00000,9513.28809
1634.50000,9467.21777
1635.00000,9417.01172
1635.50000,9368.21582
1636.00000,9325.14258
1636.50000,9290.09570
1637.00000,9260.65918
1637.50000,9232.86230
1638.00000,9202.09082
1638.50000,9165.29980
1639.00000,9124.65430
1639.50000,9084.95703
1640.00000,9051.54688
1640.50000,9025.80762
1641.00000,9004.67383
1641.50000,8982.25586
1642.00000,8952.80566
1642.50000,8915.40332
1643.00000,8869.80859
1643.50000,8821.95117
1644.00000,8777.48340
1644.50000,8740.36816
1645.00000,8712.04004
1645.50000,8689.97070
1646.00000,8669.54004
1646.50000,8648.27734
1647.00000,8627.32910
1647.50000,8609.83984
1648.00000,8595.83691
1648.50000,8582.43750
1649.00000,8564.49219
1649.50000,8538.62012
1650.00000,8506.26270
1650.50000,8471.20313
1651.00000,8437.20703
1651.50000,8406.40918
1652.00000,8380.09277
1652.50000,8356.05273
1653.00000,8331.01465
1653.50000,8301.20996
1654.00000,8263.50195
1654.50000,8220.37988
1655.00000,8178.42676
1655.50000,8143.90723
1656.00000,8117.14307
1656.50000,8093.42627
1657.00000,8065.77490
1657.50000,8029.27344
1658.00000,7988.02197
1658.50000,7948.18311
1659.00000,7913.63281
1659.50000,7884.57520
1660.00000,7857.38086
1660.50000,7827.94336
1661.00000,7794.57178
1661.50000,7759.63184
1662.00000,7727.61426
1662.50000,7701.78662
1663.00000,7684.17041
1663.50000,7669.31494
1664.00000,7648.94531
1664.50000,7618.24707
1665.00000,7578.58643
1665.50000,7537.51904
1666.00000,7502.52539
1666.50000,7474.59375
1667.00000,7444.30469
1667.50000,7399.82764
1668.00000,7341.41650
1668.50000,7274.91748
1669.00000,7212.90723
1669.50000,7163.31738
1670.00000,7123.33057
1670.50000,7085.49854
1671.00000,7044.17188
1671.50000,6998.95117
1672.00000,6951.83350
1672.50000,6904.93604
1673.00000,6858.52637
1673.50000,6813.43555
1674.00000,6773.40137
1674.50000,6742.17725
1675.00000,6721.06348
1675.50000,6705.37256
1676.00000,6688.03369
1676.50000,6663.82080
1677.00000,6633.77930
1677.50000,6601.27246
1678.00000,6570.84668
1678.50000,6543.86719
1679.00000,6518.51416
1679.50000,6493.06543
1680.00000,6467.28320
1680.50000,6442.19727
1681.00000,6417.90283
1681.50000,6392.39844
1682.00000,6362.33398
1682.50000,6327.93799
1683.00000,6292.97168
1683.50000,6264.57080
1684.00000,6248.67383
1684.50000,6243.78271
1685.00000,6243.45703
1685.50000,6239.44189
1686.00000,6226.87061
1686.50000,6205.83252
1687.00000,6181.20703
1687.50000,6155.73242
1688.00000,6130.63184
1688.50000,6106.27295
1689.00000,6083.73096
1689.50000,6064.86670
1690.00000,6049.96191
1690.50000,6036.67236
1691.00000,6021.22314
1691.50000,6001.56543
1692.00000,5978.64697
1692.50000,5956.47949
1693.00000,5938.64844
1693.50000,5925.19434
1694.00000,5914.62207
1694.50000,5903.99414
1695.00000,5891.42871
1695.50000,5876.00928
1696.00000,5857.78564
1696.50000,5836.93311
1697.00000,5815.51416
1697.50000,5796.31641
1698.00000,5780.19971
1698.50000,5766.13770
1699.00000,5750.74121
1699.50000,5731.35547
1700.00000,5709.75098
1700.50000,5690.33398
1701.00000,5676.50781
1701.50000,5666.19238
1702.00000,5653.30322
1702.50000,5633.54932
1703.00000,5606.99561
1703.50000,5579.95410
1704.00000,5558.17578
1704.50000,5542.19727
1705.00000,5527.09033
1705.50000,5507.39111
1706.00000,5482.61670
1706.50000,5456.19189
1707.00000,5432.99023
1707.50000,5416.00391
1708.00000,5401.92773
1708.50000,5388.23975
1709.00000,5374.46191
1709.50000,5362.56738
1710.00000,5353.75928
1710.50000,5344.76611
1711.00000,5329.20459
1711.50000,5304.26514
1712.00000,5271.14600
1712.50000,5240.16895
1713.00000,5221.91406
1713.50000,5216.15186
1714.00000,5216.46631
1714.50000,5212.84424
1715.00000,5200.08252
1715.50000,5182.02832
1716.00000,5167.17529
1716.50000,5160.98682
1717.00000,5160.12451
1717.50000,5157.75830
1718.00000,5148.10156
1718.50000,5129.58740
1719.00000,5106.20947
1719.50000,5083.07178
1720.00000,5065.06885
1720.50000,5054.65674
1721.00000,5051.25537
1721.50000,5049.95557
1722.00000,5044.98047
1722.50000,5033.80518
1723.00000,5016.96094
1723.50000,5000.17920
1724.00000,4987.82568
1724.50000,4980.58105
1725.00000,4976.25439
1725.50000,4972.11572
1726.00000,4966.62695
1726.50000,4958.87305
1727.00000,4948.63281
1727.50000,4934.98242
1728.00000,4919.26221
1728.50000,4903.17578
1729.00000,4887.38770
1729.50000,4870.78516
1730.00000,4852.45703
1730.50000,4834.89160
1731.00000,4824.12256
1731.50000,4822.58545
1732.00000,4829.15723
1732.50000,4834.41113
1733.00000,4828.59961
1733.50000,4813.11182
1734.00000,4795.29834
1734.50000,4784.05469
1735.00000,4782.80225
1735.50000,4788.65332
1736.00000,4794.66260
1736.50000,4797.46240
1737.00000,4797.40381
1737.50000,4793.65381
1738.00000,4785.19922
1738.50000,4771.53174
1739.00000,4756.70410
1739.50000,4746.96045
1740.00000,4746.30811
1740.50000,4751.77295
1741.00000,4756.39697
1741.50000,4755.82861
1742.00000,4749.41699
1742.50000,4741.58789
1743.00000,4734.65234
1743.50000,4728.10791
1744.00000,4721.50488
1744.50000,4716.62793
1745.00000,4716.34082
1745.50000,4720.85498
1746.00000,4725.08105
1746.50000,4723.20654
1747.00000,4715.27588
1747.50000,4705.36182
1748.00000,4699.65625
1748.50000,4699.80908
1749.00000,4701.71338
1749.50000,4700.70752
1750.00000,4696.31494
1750.50000,4693.81104
1751.00000,4699.49219
1751.50000,4713.00000
1752.00000,4730.04590
1752.50000,4742.27881
1753.00000,4744.13965
1753.50000,4737.93359
1754.00000,4727.76904
1754.50000,4717.25098
1755.00000,4706.39355
1755.50000,4692.59766
1756.00000,4674.86816
1756.50000,4653.85596
1757.00000,4632.52344
1757.50000,4611.95410
1758.00000,4590.47900
1758.50000,4565.67920
1759.00000,4537.82275
1759.50000,4510.61572
1760.00000,4489.28223
1760.50000,4475.12793
1761.00000,4466.12354
1761.50000,4456.56445
1762.00000,4441.94434
1762.50000,4424.72119
1763.00000,4410.24170
1763.50000,4402.07471
1764.00000,4399.48828
1764.50000,4396.78564
1765.00000,4389.06055
1765.50000,4376.11035
1766.00000,4362.28027
1766.50000,4351.31299
1767.00000,4342.24707
1767.50000,4331.73828
1768.00000,4318.77051
1768.50000,4305.75977
1769.00000,4296.77490
1769.50000,4293.03955
1770.00000,4291.85889
1770.50000,4289.16699
1771.00000,4281.82227
1771.50000,4270.02148
1772.00000,4254.65088
1772.50000,4238.70361
1773.00000,4225.66162
1773.50000,4218.30469
1774.00000,4217.20557
1774.50000,4219.10938
1775.00000,4220.33594
1775.50000,4219.49463
1776.00000,4218.28760
1776.50000,4218.46045
1777.00000,4218.71436
1777.50000,4215.50635
1778.00000,4206.88574
1778.50000,4192.95947
1779.00000,4177.31543
1779.50000,4163.33447
1780.00000,4153.30566
1780.50000,4147.39697
1781.00000,4143.98242
1781.50000,4139.50146
1782.00000,4130.75293
1782.50000,4118.45703
1783.00000,4105.16748
1783.50000,4093.23584
1784.00000,4081.62769
1784.50000,4067.56836
1785.00000,4050.70728
1785.50000,4035.57153
1786.00000,4027.02222
1786.50000,4027.71387
1787.00000,4031.92139
1787.50000,4032.54297
1788.00000,4026.75439
1788.50000,4015.45020
1789.00000,4002.17896
1789.50000,3989.60059
1790.00000,3978.56641
1790.50000,3968.73462
1791.00000,3960.29614
1791.50000,3953.33203
1792.00000,3948.89771
1792.50000,3946.53101
1793.00000,3945.55273
1793.50000,3944.16968
1794.00000,3940.47803
1794.50000,3933.76538
1795.00000,3924.63232
1795.50000,3913.26050
1796.00000,3900.51587
1796.50000,3888.80591
1797.00000,3881.46924
1797.50000,3881.54517
1798.00000,3886.10962
1798.50000,3889.35596
1799.00000,3887.29517
1799.50000,3881.75952
1800.00000,3876.96362
1800.50000,3874.33252
1801.00000,3870.51514
1801.50000,3862.78662
1802.00000,3852.08569
1802.50000,3842.66089
1803.00000,3836.51440
1803.50000,3831.18384
1804.00000,3825.17773
1804.50000,3820.31885
1805.00000,3818.76392
1805.50000,3818.60962
1806.00000,3815.39819
1806.50000,3807.90820
1807.00000,3801.52954
1807.50000,3801.47583
1808.00000,3803.83398
1808.50000,3801.23926
1809.00000,3790.85522
1809.50000,3777.53833
1810.00000,3768.06128
