440.00000,12526.08496
440.50000,12524.14355
441.00000,12528.96484
441.50000,12537.57422
442.00000,12547.75684
442.50000,12557.71094
443.00000,12567.70215
443.50000,12579.44922
444.00000,12593.20117
444.50000,12607.28516
445.00000,12619.45117
445.50000,12627.86133
446.00000,12634.34180
446.50000,12642.89746
447.00000,12655.80273
447.50000,12673.87988
448.00000,12694.80176
448.50000,12715.05566
449.00000,12732.94238
449.50000,12749.74805
450.00000,12768.02441
450.50000,12789.66797
451.00000,12816.62305
451.50000,12846.41309
452.00000,12877.62305
452.50000,12909.11035
453.00000,12940.41211
453.50000,12970.81836
454.00000,12998.52148
454.50000,13020.99902
455.00000,13037.45313
455.50000,13047.08496
456.00000,13053.20996
456.50000,13059.77441
457.00000,13069.16992
457.50000,13081.79492
458.00000,13095.62598
458.50000,13107.37402
459.00000,13113.64453
459.50000,13113.99805
460.00000,13107.90918
460.50000,13097.27930
461.00000,13082.58887
461.50000,13066.13184
462.00000,13049.70215
462.50000,13034.72656
463.00000,13022.42383
463.50000,13013.39355
464.00000,13007.87207
464.50000,13005.85059
465.00000,13006.81152
465.50000,13010.96387
466.00000,13016.80469
466.50000,13021.93457
467.00000,13023.49805
467.50000,13019.34570
468.00000,13010.03418
468.50000,12997.82813
469.00000,12986.45215
469.50000,12978.48535
470.00000,12973.20313
470.50000,12966.91113
471.00000,12953.97461
471.50000,12931.56934
472.00000,12898.04395
472.50000,12859.17480
473.00000,12820.60156
473.50000,12787.34766
474.00000,12761.98340
474.50000,12745.07715
475.00000,12731.80957
475.50000,12719.50195
476.00000,12706.36328
476.50000,12692.19727
477.00000,12678.28613
477.50000,12665.72656
478.00000,12654.15527
478.50000,12642.31250
479.00000,12628.68262
479.50000,12612.59863
480.00000,12595.03027
480.50000,12578.41406
481.00000,12565.00000
481.50000,12554.49805
482.00000,12545.02344
482.50000,12531.91309
483.00000,12511.08398
483.50000,12481.58887
484.00000,12446.10547
484.50000,12409.58789
485.00000,12378.97363
485.50000,12360.06445
486.00000,12350.32520
486.50000,12347.29785
487.00000,12344.89453
487.50000,12337.50879
488.00000,12323.19434
488.50000,12304.17871
489.00000,12283.69336
489.50000,12264.80371
490.00000,12249.24805
490.50000,12235.49902
491.00000,12220.93066
491.50000,12204.22656
492.00000,12185.37012
492.50000,12166.33203
493.00000,12150.19727
493.50000,12138.46387
494.00000,12129.92578
494.50000,12122.22754
495.00000,12112.52832
495.50000,12097.91016
496.00000,12079.17090
496.50000,12058.35742
497.00000,12038.05371
497.50000,12020.05469
498.00000,12004.74219
498.50000,11991.52637
499.00000,11979.49121
499.50000,11968.48242
500.00000,11959.56152
500.50000,11953.41992
501.00000,11951.84668
501.50000,11954.28516
502.00000,11960.22070
502.50000,11968.52637
503.00000,11978.47754
503.50000,11989.46387
504.00000,12000.82520
504.50000,12011.85156
505.00000,12022.07520
505.50000,12030.95313
506.00000,12038.70410
506.50000,12045.33301
507.00000,12051.31445
507.50000,12057.04199
508.00000,12063.02246
508.50000,12069.94141
509.00000,12078.61230
509.50000,12089.05273
510.00000,12099.79980
510.50000,12108.33398
511.00000,12110.94531
511.50000,12106.77344
512.00000,12095.33594
512.50000,12081.05957
513.00000,12069.66992
513.50000,12065.37988
514.00000,12069.27637
514.50000,12080.68945
515.00000,12094.56836
515.50000,12105.52832
516.00000,12111.42969
516.50000,12110.70703
517.00000,12105.00391
517.50000,12095.76660
518.00000,12084.88965
518.50000,12073.75391
519.00000,12062.90918
519.50000,12052.37793
520.00000,12041.52148
520.50000,12028.78027
521.00000,12011.20020
521.50000,11988.04102
522.00000,11958.63379
522.50000,11925.35254
523.00000,11892.21094
523.50000,11864.97656
524.00000,11846.66602
524.50000,11839.22070
525.00000,11839.55664
525.50000,11845.70703
526.00000,11852.95605
526.50000,11858.15332
527.00000,11860.57129
527.50000,11860.46777
528.00000,11858.97070
528.50000,11857.33496
529.00000,11856.65918
529.50000,11857.44141
530.00000,11860.37012
530.50000,11865.41602
531.00000,11873.30371
531.50000,11883.59863
532.00000,11895.76660
532.50000,11907.82324
533.00000,11917.50391
533.50000,11922.47852
534.00000,11921.44922
534.50000,11912.50977
535.00000,11897.11133
535.50000,11876.14355
536.00000,11852.41895
536.50000,11827.51074
537.00000,11803.16895
537.50000,11781.02246
538.00000,11761.98242
538.50000,11745.99805
539.00000,11732.73340
539.50000,11720.71777
540.00000,11708.33496
540.50000,11694.07031
541.00000,11677.32617
541.50000,11659.73633
542.00000,11643.82422
542.50000,11632.22363
543.00000,11627.15430
543.50000,11629.57813
544.00000,11636.36230
544.50000,11644.68164
545.00000,11651.73828
545.50000,11655.61328
546.00000,11657.05859
546.50000,11657.74512
547.00000,11659.66016
547.50000,11663.61719
548.00000,11669.13867
548.50000,11674.93066
549.00000,11679.56152
549.50000,11682.52148
550.00000,11683.93066
550.50000,11684.52246
551.00000,11684.27930
551.50000,11682.97949
552.00000,11679.69531
552.50000,11674.08203
553.00000,11666.54492
553.50000,11657.65527
554.00000,11648.01953
554.50000,11637.44531
555.00000,11625.23926
555.50000,11609.71094
556.00000,11590.89648
556.50000,11568.53906
557.00000,11543.90820
557.50000,11518.52734
558.00000,11494.43359
558.50000,11473.45996
559.00000,11457.13867
559.50000,11445.18945
560.00000,11437.57227
560.50000,11431.57617
561.00000,11423.85156
561.50000,11411.98145
562.00000,11395.44238
562.50000,11376.75586
563.00000,11360.26465
563.50000,11350.91406
564.00000,11351.59668
564.50000,11361.87012
565.00000,11375.87012
565.50000,11388.48438
566.00000,11396.21875
566.50000,11397.18359
567.00000,11393.67578
567.50000,11389.41797
568.00000,11386.82129
568.50000,11386.06543
569.00000,11385.92676
569.50000,11384.68457
570.00000,11381.04199
570.50000,11376.38477
571.00000,11372.38477
571.50000,11369.91699
572.00000,11368.78418
572.50000,11367.55371
573.00000,11364.50000
573.50000,11359.40918
574.00000,11354.11816
574.50000,11351.25879
575.00000,11352.14258
575.50000,11357.76855
576.00000,11365.75000
576.50000,11372.98047
577.00000,11377.38965
577.50000,11378.47461
578.00000,11377.32520
578.50000,11375.94629
579.00000,11376.29883
579.50000,11378.95313
580.00000,11383.94922
580.50000,11390.21680
581.00000,11397.17773
581.50000,11404.02246
582.00000,11409.82813
582.50000,11413.80664
583.00000,11416.17188
583.50000,11418.16016
584.00000,11421.95410
584.50000,11430.66504
585.00000,11445.08789
585.50000,11465.93262
586.00000,11489.05273
586.50000,11511.12598
587.00000,11529.80957
587.50000,11544.21680
588.00000,11555.03027
588.50000,11563.77441
589.00000,11570.87793
589.50000,11576.05078
590.00000,11577.74219
590.50000,11576.26172
591.00000,11571.76172
591.50000,11565.80078
592.00000,11559.03809
592.50000,11550.71387
593.00000,11539.22559
593.50000,11523.07031
594.00000,11503.13770
594.50000,11481.95313
595.00000,11464.22168
595.50000,11454.62598
596.00000,11453.17285
596.50000,11459.55371
597.00000,11470.49512
597.50000,11482.83496
598.00000,11494.22070
598.50000,11504.20605
599.00000,11513.13379
599.50000,11521.81348
600.00000,11530.91211
600.50000,11540.88184
601.00000,11552.75000
601.50000,11566.81836
602.00000,11583.03223
602.50000,11600.22852
603.00000,11616.47852
603.50000,11629.65332
604.00000,11639.07715
604.50000,11645.54102
605.00000,11652.38086
605.50000,11662.63379
606.00000,11676.86230
606.50000,11694.08887
607.00000,11710.80664
607.50000,11722.54980
608.00000,11727.37793
608.50000,11727.00488
609.00000,11724.23926
609.50000,11722.70020
610.00000,11724.81836
610.50000,11729.08203
611.00000,11731.41992
611.50000,11728.15234
612.00000,11716.99023
612.50000,11698.99707
613.00000,11678.00098
613.50000,11659.13281
614.00000,11646.72266
614.50000,11643.48730
615.00000,11646.49805
615.50000,11653.44922
616.00000,11660.32520
616.50000,11664.16016
617.00000,11663.95313
617.50000,11661.05371
618.00000,11658.12305
618.50000,11657.59668
619.00000,11661.69336
619.50000,11670.22363
620.00000,11683.66504
620.50000,11700.19238
621.00000,11718.73145
621.50000,11737.91211
622.00000,11756.31543
622.50000,11772.23438
623.00000,11783.99219
623.50000,11789.51660
624.00000,11789.39453
624.50000,11784.30762
625.00000,11776.83984
625.50000,11768.09375
626.00000,11758.76367
626.50000,11748.34180
627.00000,11736.01563
627.50000,11721.55664
628.00000,11705.25781
628.50000,11687.57031
629.00000,11667.87891
629.50000,11645.53125
630.00000,11618.54492
630.50000,11587.75879
631.00000,11556.00195
631.50000,11527.72070
632.00000,11507.72949
632.50000,11498.85645
633.00000,11500.48242
633.50000,11510.49902
634.00000,11523.01270
634.50000,11533.81152
635.00000,11541.61621
635.50000,11546.56055
636.00000,11551.01855
636.50000,11557.69824
637.00000,11568.65332
637.50000,11583.98828
638.00000,11602.16992
638.50000,11620.40820
639.00000,11635.51172
639.50000,11645.87109
640.00000,11649.36719
640.50000,11647.73242
641.00000,11643.17578
641.50000,11638.77051
642.00000,11637.21191
642.50000,11640.52832
643.00000,11649.52246
643.50000,11664.86719
644.00000,11684.23242
644.50000,11704.08496
645.00000,11720.06055
645.50000,11726.61230
646.00000,11722.10742
646.50000,11705.55762
647.00000,11680.43750
647.50000,11653.11328
648.00000,11630.02539
648.50000,11614.37305
649.00000,11608.18164
649.50000,11607.95313
650.00000,11610.34570
650.50000,11610.41211
651.00000,11604.05273
651.50000,11591.33301
652.00000,11574.23633
652.50000,11556.71875
653.00000,11543.26270
653.50000,11538.27246
654.00000,11542.26367
654.50000,11555.33496
655.00000,11571.98730
655.50000,11588.37012
656.00000,11600.95801
656.50000,11606.57520
657.00000,11603.73633
657.50000,11591.83203
658.00000,11571.73340
658.50000,11548.06543
659.00000,11525.77930
659.50000,11509.19824
660.00000,11502.60938
660.50000,11503.95508
661.00000,11509.73340
661.50000,11513.72168
662.00000,11512.40137
662.50000,11506.22852
663.00000,11498.81250
663.50000,11494.25684
664.00000,11494.19238
664.50000,11498.83496
665.00000,11504.85645
665.50000,11510.96680
666.00000,11518.38965
666.50000,11530.35156
667.00000,11549.38477
667.50000,11575.69434
668.00000,11607.27539
668.50000,11639.63574
669.00000,11670.00488
669.50000,11698.97266
670.00000,11728.80371
670.50000,11761.72266
671.00000,11799.40527
671.50000,11841.20020
672.00000,11885.73145
672.50000,11931.29883
673.00000,11976.24316
673.50000,12017.73438
674.00000,12052.85352
674.50000,12074.98633
675.00000,12083.40332
675.50000,12075.34473
676.00000,12057.97754
676.50000,12038.55078
677.00000,12023.34961
677.50000,12015.28809
678.00000,12014.18066
678.50000,12016.18457
679.00000,12017.80273
679.50000,12017.18262
680.00000,12014.19629
680.50000,12010.01367
681.00000,12005.28125
681.50000,12000.64648
682.00000,11997.23926
682.50000,11997.33496
683.00000,12003.40527
683.50000,12017.02930
684.00000,12034.95996
684.50000,12052.04297
685.00000,12062.31250
685.50000,12059.33105
686.00000,12043.21094
686.50000,12016.87207
687.00000,11988.28027
687.50000,11963.87988
688.00000,11946.74805
688.50000,11934.46289
689.00000,11922.43457
689.50000,11905.43945
690.00000,11878.52246
690.50000,11843.28223
691.00000,11803.93359
691.50000,11765.64063
692.00000,11731.99707
692.50000,11703.87305
693.00000,11678.71289
693.50000,11652.75000
694.00000,11622.65430
694.50000,11586.72070
695.00000,11547.84668
695.50000,11509.33691
696.00000,11474.62207
696.50000,11446.50781
697.00000,11425.95313
697.50000,11412.20996
698.00000,11404.27734
698.50000,11398.98438
699.00000,11394.21680
699.50000,11387.86621
700.00000,11377.97852
700.50000,11364.49414
701.00000,11347.55957
701.50000,11328.22656
702.00000,11307.03516
702.50000,11283.32129
703.00000,11256.26563
703.50000,11224.87598
704.00000,11190.93750
704.50000,11157.43359
705.00000,11127.99414
705.50000,11106.63867
706.00000,11091.83301
706.50000,11080.29980
707.00000,11067.80762
707.50000,11051.60547
708.00000,11031.30469
708.50000,11009.91699
709.00000,10991.99414
709.50000,10980.37695
710.00000,10976.89063
710.50000,10979.39160
711.00000,10986.19043
711.50000,10994.95117
712.00000,11003.79688
712.50000,11011.27246
713.00000,11016.57813
713.50000,11019.53223
714.00000,11022.14453
714.50000,11027.64258
715.00000,11038.38184
715.50000,11056.73828
716.00000,11081.23633
716.50000,11108.45996
717.00000,11133.08203
717.50000,11150.55859
718.00000,11158.09375
718.50000,11157.33203
719.00000,11148.22852
719.50000,11133.98145
720.00000,11115.00391
720.50000,11092.72070
721.00000,11067.86719
721.50000,11042.16309
722.00000,11017.36133
722.50000,10994.75977
723.00000,10974.55078
723.50000,10957.03809
724.00000,10941.78613
724.50000,10930.25977
725.00000,10923.91406
725.50000,10925.82324
726.00000,10936.37891
726.50000,10955.20313
727.00000,10980.05176
727.50000,11007.24121
728.00000,11033.51855
728.50000,11056.96777
729.00000,11076.29395
729.50000,11093.32813
730.00000,11109.61230
730.50000,11126.43945
731.00000,11144.18066
731.50000,11162.23730
732.00000,11179.56934
732.50000,11195.28418
733.00000,11209.55664
733.50000,11223.60156
734.00000,11239.29590
734.50000,11258.91016
735.00000,11282.63867
735.50000,11310.43262
736.00000,11340.36621
736.50000,11370.13574
737.00000,11397.64063
737.50000,11422.16504
738.00000,11444.44434
738.50000,11466.52246
739.00000,11490.29102
739.50000,11515.90039
740.00000,11542.11719
740.50000,11565.97461
741.00000,11583.34180
741.50000,11590.96777
742.00000,11588.76953
742.50000,11578.32422
743.00000,11563.91016
743.50000,11548.67871
744.00000,11534.65820
744.50000,11521.59277
745.00000,11506.94824
745.50000,11486.44531
746.00000,11457.59570
746.50000,11420.59180
747.00000,11378.25488
747.50000,11335.78125
748.00000,11298.84082
748.50000,11270.07422
749.00000,11252.53711
749.50000,11242.66602
750.00000,11238.05957
750.50000,11234.64941
751.00000,11230.81250
751.50000,11226.65234
752.00000,11223.34180
752.50000,11222.30176
753.00000,11223.80664
753.50000,11227.72266
754.00000,11232.11523
754.50000,11234.29004
755.00000,11232.27246
755.50000,11223.75586
756.00000,11208.62207
756.50000,11188.05371
757.00000,11164.69922
757.50000,11142.13965
758.00000,11123.53711
758.50000,11109.13867
759.00000,11097.38086
759.50000,11084.67969
760.00000,11067.93945
760.50000,11046.46191
761.00000,11020.77051
761.50000,10992.70996
762.00000,10964.10352
762.50000,10935.84961
763.00000,10908.04199
763.50000,10880.92676
764.00000,10855.05859
764.50000,10831.88867
765.00000,10811.68359
765.50000,10794.16211
766.00000,10777.35645
766.50000,10758.61914
767.00000,10735.50391
767.50000,10707.93164
768.00000,10677.79980
768.50000,10649.00195
769.00000,10626.50293
769.50000,10611.91602
770.00000,10606.78809
770.50000,10608.05371
771.00000,10611.76465
771.50000,10613.61133
772.00000,10611.37598
772.50000,10605.52930
773.00000,10598.73047
773.50000,10593.40820
774.00000,10590.35742
774.50000,10589.84277
775.00000,10591.18066
775.50000,10595.13184
776.00000,10603.30957
776.50000,10617.01855
777.00000,10634.95801
777.50000,10652.53418
778.00000,10663.12793
778.50000,10663.44238
779.00000,10650.07910
779.50000,10628.28809
780.00000,10603.42969
780.50000,10581.97754
781.00000,10567.93945
781.50000,10560.90137
782.00000,10557.82227
782.50000,10555.51367
783.00000,10551.24805
783.50000,10542.76270
784.00000,10530.46094
784.50000,10514.50977
785.00000,10496.95020
785.50000,10479.79590
786.00000,10464.19629
786.50000,10449.70898
787.00000,10434.66699
787.50000,10417.46484
788.00000,10397.27539
788.50000,10375.87207
789.00000,10356.00977
789.50000,10339.56055
790.00000,10327.18066
790.50000,10316.17871
791.00000,10303.72559
791.50000,10288.64746
792.00000,10272.37695
792.50000,10258.11133
793.00000,10248.41309
793.50000,10245.77441
794.00000,10247.91113
794.50000,10252.66406
795.00000,10256.81543
795.50000,10258.59473
796.00000,10257.77832
796.50000,10254.78027
797.00000,10249.99609
797.50000,10244.16992
798.00000,10238.17969
798.50000,10233.46387
799.00000,10232.44336
799.50000,10236.00195
800.00000,10244.08789
800.50000,10253.84277
801.00000,10261.67773
801.50000,10264.71680
802.00000,10262.89355
802.50000,10258.56055
803.00000,10256.38477
803.50000,10261.82422
804.00000,10274.72559
804.50000,10292.54297
805.00000,10308.13770
805.50000,10315.55469
806.00000,10313.49414
806.50000,10305.55176
807.00000,10297.98535
807.50000,10296.32910
808.00000,10304.10938
808.50000,10317.88281
809.00000,10333.83789
809.50000,10348.28223
810.00000,10361.52441
810.50000,10376.65625
811.00000,10396.78027
811.50000,10422.43457
812.00000,10450.35352
812.50000,10475.21973
813.00000,10492.92090
813.50000,10498.69238
814.00000,10494.60938
814.50000,10481.04492
815.00000,10461.18848
815.50000,10435.66016
816.00000,10404.83887
816.50000,10369.20508
817.00000,10329.50781
817.50000,10288.15430
818.00000,10247.93457
818.50000,10211.21875
819.00000,10181.05762
819.50000,10157.46777
820.00000,10140.35742
820.50000,10128.11426
821.00000,10119.41895
821.50000,10113.30469
822.00000,10108.96094
822.50000,10106.42480
823.00000,10105.62500
823.50000,10107.96777
824.00000,10114.34863
824.50000,10127.76172
825.00000,10148.17285
825.50000,10174.58398
826.00000,10203.29199
826.50000,10229.51465
827.00000,10249.05566
827.50000,10261.59082
828.00000,10267.65918
828.50000,10271.09180
829.00000,10273.23633
829.50000,10273.44922
830.00000,10268.78418
830.50000,10258.14551
831.00000,10243.02832
831.50000,10227.32617
832.00000,10215.05273
832.50000,10208.56934
833.00000,10205.69238
833.50000,10203.39355
834.00000,10199.02930
834.50000,10192.28418
835.00000,10185.70508
835.50000,10181.91016
836.00000,10181.42090
836.50000,10182.82031
837.00000,10184.53613
837.50000,10185.97363
838.00000,10187.88281
838.50000,10190.82227
839.00000,10193.93066
839.50000,10194.60840
840.00000,10189.39160
840.50000,10177.98242
841.00000,10163.95605
841.50000,10152.69336
842.00000,10148.06543
842.50000,10151.76563
843.00000,10159.57129
843.50000,10166.41797
844.00000,10168.28809
844.50000,10162.90039
845.00000,10152.30762
845.50000,10139.25195
846.00000,10125.97168
846.50000,10112.71191
847.00000,10098.24609
847.50000,10081.57715
848.00000,10061.83203
848.50000,10040.23242
849.00000,10018.08887
849.50000,9997.13672
850.00000,9979.15234
850.50000,9965.16406
851.00000,9955.72363
851.50000,9950.49121
852.00000,9947.28125
852.50000,9943.74707
853.00000,9937.97266
853.50000,9928.74414
854.00000,9917.83301
854.50000,9908.12695
855.00000,9902.55566
855.50000,9902.93262
856.00000,9908.26953
856.50000,9914.83301
857.00000,9917.68457
857.50000,9914.56152
858.00000,9904.31543
858.50000,9890.81250
859.00000,9877.69922
859.50000,9867.89063
860.00000,9862.64844
860.50000,9860.65625
861.00000,9859.63965
861.50000,9857.79102
862.00000,9854.78418
862.50000,9851.56152
863.00000,9849.46289
863.50000,9849.20410
864.00000,9849.80273
864.50000,9849.96289
865.00000,9848.92578
865.50000,9847.19434
866.00000,9846.50098
866.50000,9848.53516
867.00000,9853.89941
867.50000,9860.19336
868.00000,9862.75098
868.50000,9858.17871
869.00000,9844.29590
869.50000,9825.11719
870.00000,9806.03223
870.50000,9791.95801
871.00000,9784.34375
871.50000,9780.81250
872.00000,9776.19043
872.50000,9765.86914
873.00000,9750.39746
873.50000,9732.83398
874.00000,9718.38867
874.50000,9711.13379
875.00000,9709.89844
875.50000,9711.96777
876.00000,9715.19238
876.50000,9719.53027
877.00000,9726.89551
877.50000,9737.62012
878.00000,9749.93750
878.50000,9759.05273
879.00000,9759.36719
879.50000,9750.84766
880.00000,9737.62598
880.50000,9728.23730
881.00000,9729.51563
881.50000,9742.77148
882.00000,9761.17676
882.50000,9775.48242
883.00000,9779.63770
883.50000,9770.20020
884.00000,9753.72461
884.50000,9738.18945
885.00000,9730.71387
885.50000,9734.39453
886.00000,9747.08203
886.50000,9762.39844
887.00000,9773.92285
887.50000,9779.30762
888.00000,9777.85547
888.50000,9773.60254
889.00000,9769.74219
889.50000,9768.30957
890.00000,9769.49902
890.50000,9771.63867
891.00000,9772.64160
891.50000,9771.27148
892.00000,9768.39941
892.50000,9766.19043
893.00000,9766.87012
893.50000,9771.95898
894.00000,9779.51953
894.50000,9786.66406
895.00000,9790.29883
895.50000,9788.24219
896.00000,9779.77832
896.50000,9766.10156
897.00000,9747.84570
897.50000,9726.98535
898.00000,9704.82129
898.50000,9683.72461
899.00000,9666.95996
899.50000,9656.81445
900.00000,9654.86328
900.50000,9660.08203
901.00000,9670.16211
901.50000,9683.26465
902.00000,9697.50781
902.50000,9711.70996
903.00000,9724.41992
903.50000,9733.04980
904.00000,9736.60449
904.50000,9734.89063
905.00000,9730.96680
905.50000,9729.15723
906.00000,9732.81445
906.50000,9741.21875
907.00000,9750.93262
907.50000,9758.35840
908.00000,9762.50781
908.50000,9766.81836
909.00000,9775.65723
909.50000,9789.80176
910.00000,9805.64551
910.50000,9816.19141
911.00000,9815.94922
911.50000,9803.42188
912.00000,9785.22559
912.50000,9769.44434
913.00000,9761.13379
913.50000,9761.17773
914.00000,9763.95801
914.50000,9765.30273
915.00000,9764.64063
915.50000,9764.95703
916.00000,9770.12109
916.50000,9781.00098
917.00000,9796.10840
917.50000,9811.19531
918.00000,9823.14648
918.50000,9832.49023
919.00000,9841.51855
919.50000,9852.99512
920.00000,9868.33984
920.50000,9886.68652
921.00000,9905.88477
921.50000,9924.35254
922.00000,9941.59961
922.50000,9957.63281
923.00000,9973.22559
923.50000,9988.98340
924.00000,10005.33594
924.50000,10022.47168
925.00000,10040.03125
925.50000,10057.21875
926.00000,10073.00879
926.50000,10086.75684
927.00000,10097.49414
927.50000,10105.07617
928.00000,10107.76563
928.50000,10105.44043
929.00000,10097.06250
929.50000,10083.99805
930.00000,10068.04980
930.50000,10051.15430
931.00000,10034.35352
931.50000,10017.54688
932.00000,10000.46680
932.50000,9983.93262
933.00000,9969.77930
933.50000,9961.14746
934.00000,9958.50293
934.50000,9960.97852
935.00000,9965.05469
935.50000,9966.86816
936.00000,9963.80273
936.50000,9955.69629
937.00000,9942.29785
937.50000,9925.66895
938.00000,9907.63965
938.50000,9891.69629
939.00000,9882.76270
939.50000,9883.80664
940.00000,9895.77148
940.50000,9915.29688
941.00000,9935.35254
941.50000,9948.27832
942.00000,9950.89844
942.50000,9940.90234
943.00000,9924.35645
943.50000,9906.39160
944.00000,9891.62012
944.50000,9882.72656
945.00000,9879.45020
945.50000,9879.52930
946.00000,9879.67969
946.50000,9876.73047
947.00000,9868.19531
947.50000,9855.82031
948.00000,9843.00195
948.50000,9834.41406
949.00000,9834.28906
949.50000,9842.22266
950.00000,9854.83496
950.50000,9866.79395
951.00000,9873.86035
951.50000,9874.62402
952.00000,9872.30176
952.50000,9870.93359
953.00000,9873.60156
953.50000,9882.22656
954.00000,9894.86328
954.50000,9908.50391
955.00000,9919.74219
955.50000,9926.55176
956.00000,9928.81055
956.50000,9929.23047
957.00000,9931.20703
957.50000,9936.84766
958.00000,9947.16113
958.50000,9959.51367
959.00000,9970.48242
959.50000,9976.93652
960.00000,9976.79785
960.50000,9968.69336
961.00000,9952.32617
961.50000,9925.94629
962.00000,9891.71289
962.50000,9851.45117
963.00000,9811.27539
963.50000,9777.41309
964.00000,9752.70996
964.50000,9737.41113
965.00000,9727.70898
965.50000,9718.78809
966.00000,9707.62891
966.50000,9694.37891
967.00000,9680.84668
967.50000,9668.93652
968.00000,9659.75195
968.50000,9652.57813
969.00000,9647.53613
969.50000,9644.98047
970.00000,9645.05078
970.50000,9646.25098
971.00000,9645.31836
971.50000,9638.38184
972.00000,9625.64355
972.50000,9609.63574
973.00000,9596.40723
973.50000,9591.42383
974.00000,9594.14551
974.50000,9599.68945
975.00000,9600.42480
975.50000,9591.12988
976.00000,9571.06641
976.50000,9546.59180
977.00000,9524.95313
977.50000,9509.61621
978.00000,9500.02344
978.50000,9490.77930
979.00000,9477.19238
979.50000,9458.35352
980.00000,9436.97070
980.50000,9417.53320
981.00000,9403.15625
981.50000,9395.13379
982.00000,9390.52441
982.50000,9386.28125
983.00000,9379.68750
983.50000,9369.15820
984.00000,9355.69434
984.50000,9341.56055
985.00000,9330.12305
985.50000,9324.60156
986.00000,9327.81152
986.50000,9338.42871
987.00000,9354.64355
987.50000,9371.32031
988.00000,9384.81445
988.50000,9394.35352
989.00000,9400.61816
989.50000,9405.53711
990.00000,9410.19629
990.50000,9414.35156
991.00000,9417.35254
991.50000,9419.15430
992.00000,9421.41504
992.50000,9427.10156
993.00000,9437.33789
993.50000,9452.22656
994.00000,9468.48242
994.50000,9481.53613
995.00000,9487.20605
995.50000,9483.75488
996.00000,9470.87207
996.50000,9452.54980
997.00000,9432.48145
997.50000,9414.80664
998.00000,9402.47266
998.50000,9395.03516
999.00000,9391.27051
999.50000,9388.88379
1000.00000,9386.41602
1000.50000,9384.00488
1001.00000,9383.06055
1001.50000,9385.87695
1002.00000,9392.79395
1002.50000,9404.09082
1003.00000,9417.39063
1003.50000,9430.56445
1004.00000,9441.78418
1004.50000,9449.85840
1005.00000,9454.41992
1005.50000,9455.83496
1006.00000,9454.15137
1006.50000,9450.19531
1007.00000,9443.79297
1007.50000,9435.49512
1008.00000,9424.77539
1008.50000,9411.76953
1009.00000,9396.31445
1009.50000,9378.86133
1010.00000,9360.25488
1010.50000,9341.64453
1011.00000,9324.35059
1011.50000,9310.09277
1012.00000,9299.20996
1012.50000,9292.37793
1013.00000,9287.91699
1013.50000,9284.17676
1014.00000,9279.58398
1014.50000,9273.94141
1015.00000,9268.85156
1015.50000,9266.81836
1016.00000,9270.41895
1016.50000,9279.06152
1017.00000,9291.88184
1017.50000,9305.85254
1018.00000,9319.80469
1018.50000,9334.10840
1019.00000,9350.14844
1019.50000,9368.43066
1020.00000,9387.73047
1020.50000,9405.93066
1021.00000,9422.15918
1021.50000,9437.43848
1022.00000,9454.27441
1022.50000,9474.67383
1023.00000,9496.99414
1023.50000,9517.68750
1024.00000,9533.71875
1024.50000,9544.94922
1025.00000,9555.05273
1025.50000,9569.08887
1026.00000,9590.60938
1026.50000,9617.21387
1027.00000,9644.62598
1027.50000,9668.73145
1028.00000,9688.73828
1028.50000,9708.57617
1029.00000,9733.03613
1029.50000,9763.70313
1030.00000,9797.39844
1030.50000,9828.04590
1031.00000,9851.05273
1031.50000,9863.39844
1032.00000,9868.90820
1032.50000,9869.95703
1033.00000,9869.10352
1033.50000,9865.88672
1034.00000,9859.33301
1034.50000,9848.70996
1035.00000,9833.89063
1035.50000,9815.06348
1036.00000,9790.80664
1036.50000,9761.34082
1037.00000,9726.83105
1037.50000,9691.72266
1038.00000,9661.72168
1038.50000,9640.45313
1039.00000,9629.23633
1039.50000,9624.96484
1040.00000,9622.73340
1040.50000,9619.08301
1041.00000,9613.68066
1041.50000,9608.52441
1042.00000,9605.74512
1042.50000,9606.18359
1043.00000,9607.46875
1043.50000,9606.38379
1044.00000,9601.12695
1044.50000,9592.44922
1045.00000,9583.59180
1045.50000,9578.29688
1046.00000,9579.16211
1046.50000,9584.04688
1047.00000,9589.16016
1047.50000,9590.46582
1048.00000,9586.16406
1048.50000,9579.40332
1049.00000,9575.32813
1049.50000,9578.10547
1050.00000,9588.03711
1050.50000,9602.29199
1051.00000,9615.90625
1051.50000,9625.45313
1052.00000,9631.97852
1052.50000,9638.08398
1053.00000,9646.44922
1053.50000,9657.97949
1054.00000,9671.28320
1054.50000,9684.92383
1055.00000,9699.04492
1055.50000,9715.28320
1056.00000,9736.05469
1056.50000,9760.95410
1057.00000,9788.64844
1057.50000,9815.72754
1058.00000,9839.30664
1058.50000,9858.64648
1059.00000,9874.03125
1059.50000,9886.76953
1060.00000,9898.46191
1060.50000,9910.45410
1061.00000,9923.65918
1061.50000,9938.59082
1062.00000,9954.15918
1062.50000,9968.53320
1063.00000,9980.19531
1063.50000,9988.18555
1064.00000,9993.36816
1064.50000,9997.26563
1065.00000,10000.92285
1065.50000,10004.35840
1066.00000,10006.49219
1066.50000,10006.39746
1067.00000,10002.27539
1067.50000,9993.87012
1068.00000,9979.99805
1068.50000,9961.73340
1069.00000,9941.54199
1069.50000,9923.53027
1070.00000,9911.23047
1070.50000,9906.12207
1071.00000,9904.46973
1071.50000,9900.92773
1072.00000,9892.13379
1072.50000,9877.93555
1073.00000,9863.67871
1073.50000,9855.32813
1074.00000,9854.71094
1074.50000,9858.17773
1075.00000,9858.80664
1075.50000,9851.76172
1076.00000,9836.16211
1076.50000,9818.69434
1077.00000,9807.33203
1077.50000,9804.99219
1078.00000,9810.62012
1078.50000,9817.11523
1079.00000,9816.94336
1079.50000,9805.82617
1080.00000,9785.04199
1080.50000,9758.30859
1081.00000,9731.82715
1081.50000,9711.31055
1082.00000,9698.50195
1082.50000,9695.83594
1083.00000,9701.47754
1083.50000,9714.09473
1084.00000,9730.87891
1084.50000,9748.96680
1085.00000,9765.90527
1085.50000,9780.21387
1086.00000,9790.71582
1086.50000,9798.40625
1087.00000,9804.25488
1087.50000,9810.31152
1088.00000,9818.17773
1088.50000,9828.02441
1089.00000,9838.73438
1089.50000,9848.42188
1090.00000,9855.87793
1090.50000,9861.24902
1091.00000,9866.77344
1091.50000,9876.03711
1092.00000,9890.82813
1092.50000,9913.35742
1093.00000,9942.02832
1093.50000,9974.29980
1094.00000,10005.49805
1094.50000,10030.08496
1095.00000,10042.49316
1095.50000,10042.09570
1096.00000,10029.24219
1096.50000,10011.78125
1097.00000,9997.11328
1097.50000,9989.80957
1098.00000,9991.32617
1098.50000,9997.69629
1099.00000,10004.09766
1099.50000,10007.37109
1100.00000,10007.62793
1100.50000,10006.64941
1101.00000,10006.55371
1101.50000,10008.66113
1102.00000,10012.81641
1102.50000,10019.99023
1103.00000,10030.79980
1103.50000,10045.71387
1104.00000,10062.78418
1104.50000,10078.01758
1105.00000,10087.12598
1105.50000,10089.69629
1106.00000,10088.00684
1106.50000,10088.02246
1107.00000,10095.06152
1107.50000,10108.50586
1108.00000,10124.65625
1108.50000,10137.82324
1109.00000,10144.77441
1109.50000,10146.90332
1110.00000,10149.51367
1110.50000,10158.25977
1111.00000,10173.97656
1111.50000,10195.36035
1112.00000,10216.97070
1112.50000,10234.82617
1113.00000,10248.37793
1113.50000,10259.06348
1114.00000,10269.10254
1114.50000,10279.53320
1115.00000,10290.08691
1115.50000,10300.55859
1116.00000,10312.46680
1116.50000,10328.00586
1117.00000,10350.01270
1117.50000,10376.71973
1118.00000,10403.83887
1118.50000,10425.46484
1119.00000,10437.52441
1119.50000,10440.40625
1120.00000,10440.03320
1120.50000,10443.67676
1121.00000,10455.10840
1121.50000,10475.52344
1122.00000,10498.88477
1122.50000,10519.24121
1123.00000,10533.39551
1123.50000,10541.62598
1124.00000,10547.56934
1124.50000,10555.22949
1125.00000,10566.99316
1125.50000,10582.40820
1126.00000,10601.55371
1126.50000,10623.94043
1127.00000,10651.38184
1127.50000,10683.58594
1128.00000,10719.07227
1128.50000,10753.88672
1129.00000,10784.14258
1129.50000,10808.34961
1130.00000,10829.23535
1130.50000,10851.02344
1131.00000,10876.46973
1131.50000,10905.51367
1132.00000,10933.66504
1132.50000,10955.60254
1133.00000,10969.66113
1133.50000,10977.38281
1134.00000,10983.27148
1134.50000,10991.39453
1135.00000,11003.02051
1135.50000,11015.69141
1136.00000,11025.78223
1136.50000,11031.92383
1137.00000,11034.23926
1137.50000,11035.41699
1138.00000,11037.09180
1138.50000,11038.88867
1139.00000,11038.97852
1139.50000,11036.13281
1140.00000,11031.96582
1140.50000,11030.39160
1141.00000,11034.19434
1141.50000,11044.60742
1142.00000,11056.91309
1142.50000,11065.36719
1143.00000,11066.94141
1143.50000,11062.77148
1144.00000,11058.02344
1144.50000,11057.95898
1145.00000,11065.22754
1145.50000,11077.29980
1146.00000,11092.05371
1146.50000,11108.27246
1147.00000,11128.56250
1147.50000,11154.69531
1148.00000,11186.58594
1148.50000,11220.03516
1149.00000,11250.08398
1149.50000,11274.44922
1150.00000,11295.79199
1150.50000,11318.18359
1151.00000,11343.25000
1151.50000,11368.56738
1152.00000,11389.65137
1152.50000,11403.82031
1153.00000,11415.02734
1153.50000,11431.05176
1154.00000,11458.43164
1154.50000,11496.52539
1155.00000,11538.75586
1155.50000,11575.21582
1156.00000,11597.07422
1156.50000,11607.54883
1157.00000,11612.12793
1157.50000,11619.21973
1158.00000,11633.21680
1158.50000,11652.13867
1159.00000,11670.30176
1159.50000,11682.41016
1160.00000,11688.10840
1160.50000,11690.33203
1161.00000,11694.70117
1161.50000,11705.36328
1162.00000,11720.47461
1162.50000,11735.46289
1163.00000,11745.02832
1163.50000,11746.25000
1164.00000,11740.37793
1164.50000,11732.08105
1165.00000,11726.02637
1165.50000,11724.54883
1166.00000,11729.69238
1166.50000,11740.16211
1167.00000,11756.89063
1167.50000,11778.91211
1168.00000,11805.04688
1168.50000,11832.29199
1169.00000,11857.32813
1169.50000,11877.99219
1170.00000,11895.04297
1170.50000,11909.77441
1171.00000,11923.81641
1171.50000,11936.50879
1172.00000,11946.51465
1172.50000,11952.21484
1173.00000,11954.23633
1173.50000,11954.31641
1174.00000,11954.35156
1174.50000,11955.38574
1175.00000,11957.92090
1175.50000,11962.14941
1176.00000,11969.64160
1176.50000,11980.58105
1177.00000,11995.01660
1177.50000,12010.79297
1178.00000,12025.95996
1178.50000,12040.13770
1179.00000,12054.91895
1179.50000,12072.37988
1180.00000,12092.13477
1180.50000,12110.88281
1181.00000,12124.37012
1181.50000,12128.42090
1182.00000,12125.70020
1182.50000,12121.11328
1183.00000,12120.46777
1183.50000,12126.29688
1184.00000,12136.24121
1184.50000,12144.42871
1185.00000,12144.85938
1185.50000,12137.05859
1186.00000,12122.15430
1186.50000,12105.89063
1187.00000,12092.19141
1187.50000,12081.78613
1188.00000,12072.73633
1188.50000,12061.70996
1189.00000,12046.50391
1189.50000,12027.05469
1190.00000,12006.23047
1190.50000,11987.21875
1191.00000,11971.15918
1191.50000,11957.34473
1192.00000,11942.75684
1192.50000,11924.72070
1193.00000,11903.17090
1193.50000,11880.26563
1194.00000,11858.73926
1194.50000,11839.44531
1195.00000,11820.85645
1195.50000,11800.20703
1196.00000,11775.42188
1196.50000,11748.62402
1197.00000,11723.59277
1197.50000,11703.50195
1198.00000,11689.46973
1198.50000,11679.56836
1199.00000,11670.71387
1199.50000,11660.91309
1200.00000,11649.86816
1200.50000,11637.66895
1201.00000,11624.54199
1201.50000,11610.11523
1202.00000,11595.23145
1202.50000,11582.38770
1203.00000,11574.76855
1203.50000,11574.87500
1204.00000,11583.31250
1204.50000,11597.53418
1205.00000,11615.60156
1205.50000,11635.04395
1206.00000,11654.79102
1206.50000,11673.72266
1207.00000,11690.42676
1207.50000,11704.78418
1208.00000,11718.65332
1208.50000,11735.97949
1209.00000,11760.25195
1209.50000,11792.61328
1210.00000,11828.08691
1210.50000,11858.81836
1211.00000,11879.45996
1211.50000,11885.91602
1212.00000,11882.81543
1212.50000,11875.46582
1213.00000,11869.05762
1213.50000,11865.45215
1214.00000,11863.37305
1214.50000,11860.14063
1215.00000,11853.67090
1215.50000,11844.73730
1216.00000,11835.27051
1216.50000,11827.96973
1217.00000,11825.22852
1217.50000,11826.92676
1218.00000,11831.52148
1218.50000,11836.33789
1219.00000,11839.23047
1219.50000,11839.60156
1220.00000,11839.14648
1220.50000,11839.76563
1221.00000,11841.44727
1221.50000,11841.77930
1222.00000,11837.69531
1222.50000,11827.25195
1223.00000,11813.02637
1223.50000,11800.84375
1224.00000,11796.71777
1224.50000,11801.36035
1225.00000,11811.49219
1225.50000,11819.36621
1226.00000,11818.60840
1226.50000,11811.25586
1227.00000,11803.86914
1227.50000,11804.49121
1228.00000,11817.15430
1228.50000,11838.43262
1229.00000,11859.54688
1229.50000,11872.31250
1230.00000,11875.80762
1230.50000,11871.97363
1231.00000,11866.70508
1231.50000,11861.10840
1232.00000,11852.56543
1232.50000,11837.31934
1233.00000,11816.38379
1233.50000,11796.48242
1234.00000,11786.66016
1234.50000,11789.85352
1235.00000,11803.49805
1235.50000,11816.29883
1236.00000,11817.64648
1236.50000,11807.27637
1237.00000,11791.03809
1237.50000,11779.61816
1238.00000,11780.51953
1238.50000,11793.75391
1239.00000,11812.08984
1239.50000,11827.42188
1240.00000,11835.49902
1240.50000,11834.63574
1241.00000,11829.33301
1241.50000,11822.53711
1242.00000,11816.87598
1242.50000,11813.99219
1243.00000,11814.53027
1243.50000,11818.18848
1244.00000,11823.81934
1244.50000,11829.30273
1245.00000,11832.85547
1245.50000,11834.68652
1246.00000,11836.22363
1246.50000,11839.65332
1247.00000,11847.01758
1247.50000,11858.60742
1248.00000,11873.93457
1248.50000,11891.80664
1249.00000,11910.23145
1249.50000,11926.69141
1250.00000,11939.38672
1250.50000,11946.73926
1251.00000,11952.00879
1251.50000,11961.30469
1252.00000,11981.13086
1252.50000,12016.90820
1253.00000,12067.08008
1253.50000,12123.34375
1254.00000,12174.34766
1254.50000,12212.19531
1255.00000,12232.56348
1255.50000,12244.54395
1256.00000,12259.36426
1256.50000,12286.50586
1257.00000,12330.41797
1257.50000,12384.78418
1258.00000,12438.78223
1258.50000,12481.61230
1259.00000,12508.79102
1259.50000,12519.64453
1260.00000,12522.59473
1260.50000,12524.76855
1261.00000,12531.42578
1261.50000,12544.12012
1262.00000,12559.49512
1262.50000,12573.63867
1263.00000,12584.83301
1263.50000,12595.17285
1264.00000,12609.11230
1264.50000,12628.93066
1265.00000,12653.73438
1265.50000,12677.02930
1266.00000,12691.31738
1266.50000,12695.42090
1267.00000,12691.75391
1267.50000,12686.45801
1268.00000,12683.05664
1268.50000,12680.15820
1269.00000,12673.80566
1269.50000,12661.57324
1270.00000,12647.46484
1270.50000,12639.00488
1271.00000,12640.02930
1271.50000,12650.81055
1272.00000,12665.46973
1272.50000,12679.20215
1273.00000,12690.89160
1273.50000,12702.61914
1274.00000,12716.34082
1274.50000,12731.27637
1275.00000,12745.32910
1275.50000,12758.04492
1276.00000,12771.64355
1276.50000,12788.85156
1277.00000,12810.48145
1277.50000,12833.35059
1278.00000,12853.11621
1278.50000,12867.42480
1279.00000,12877.91113
1279.50000,12886.74609
1280.00000,12895.01855
1280.50000,12900.75195
1281.00000,12902.94434
1281.50000,12903.01953
1282.00000,12906.16992
1282.50000,12918.23828
1283.00000,12941.21484
1283.50000,12971.25586
1284.00000,13002.23242
1284.50000,13029.23047
1285.00000,13050.00684
1285.50000,13067.49316
1286.00000,13083.87695
1286.50000,13100.08789
1287.00000,13114.36816
1287.50000,13124.27148
1288.00000,13128.85840
1288.50000,13130.30957
1289.00000,13134.02832
1289.50000,13146.69141
1290.00000,13169.25195
1290.50000,13200.68555
1291.00000,13233.52734
1291.50000,13261.53125
1292.00000,13283.05273
1292.50000,13300.47656
1293.00000,13317.92773
1293.50000,13337.33008
1294.00000,13357.23926
1294.50000,13375.00391
1295.00000,13389.53809
1295.50000,13404.12402
1296.00000,13423.32227
1296.50000,13449.00781
1297.00000,13481.19629
1297.50000,13517.16895
1298.00000,13553.62500
1298.50000,13587.00391
1299.00000,13614.15527
1299.50000,13630.94824
1300.00000,13639.45313
1300.50000,13643.96387
1301.00000,13652.67383
1301.50000,13671.74219
1302.00000,13698.55566
1302.50000,13723.93652
1303.00000,13737.23145
1303.50000,13734.83398
1304.00000,13720.03027
1304.50000,13703.96973
1305.00000,13696.00488
1305.50000,13696.26563
1306.00000,13700.72168
1306.50000,13702.79199
1307.00000,13698.04004
1307.50000,13685.19238
1308.00000,13664.03906
1308.50000,13633.84375
1309.00000,13596.69629
1309.50000,13555.73633
1310.00000,13517.06738
1310.50000,13486.46094
1311.00000,13463.32129
1311.50000,13444.11426
1312.00000,13422.79004
1312.50000,13395.55078
1313.00000,13363.04297
1313.50000,13329.77344
1314.00000,13300.88477
1314.50000,13278.34766
1315.00000,13263.74023
1315.50000,13254.25879
1316.00000,13249.16504
1316.50000,13247.20020
1317.00000,13247.91797
1317.50000,13250.21484
1318.00000,13252.61426
1318.50000,13254.09570
1319.00000,13255.11035
1319.50000,13257.75000
1320.00000,13263.82324
1320.50000,13274.70605
1321.00000,13287.81445
1321.50000,13299.12402
1322.00000,13305.17285
1322.50000,13305.01465
1323.00000,13300.99609
1323.50000,13297.37793
1324.00000,13297.54297
1324.50000,13301.63086
1325.00000,13309.36914
1325.50000,13319.50195
1326.00000,13333.18359
1326.50000,13350.87793
1327.00000,13372.25977
1327.50000,13395.15039
1328.00000,13417.35840
1328.50000,13438.55957
1329.00000,13460.50098
1329.50000,13485.35645
1330.00000,13512.25781
1330.50000,13538.20898
1331.00000,13560.24121
1331.50000,13577.50195
1332.00000,13593.36230
1332.50000,13612.69141
1333.00000,13638.85938
1333.50000,13670.98828
1334.00000,13706.36621
1334.50000,13741.35547
1335.00000,13773.44141
1335.50000,13801.92285
1336.00000,13824.84180
1336.50000,13841.64551
1337.00000,13852.27734
1337.50000,13859.21875
1338.00000,13866.34863
1338.50000,13876.70020
1339.00000,13890.02344
1339.50000,13903.91797
1340.00000,13915.09863
1340.50000,13920.64648
1341.00000,13920.78027
1341.50000,13914.95605
1342.00000,13902.87793
1342.50000,13883.85254
1343.00000,13858.00391
1343.50000,13828.66504
1344.00000,13800.76270
1344.50000,13778.65137
1345.00000,13766.21191
1345.50000,13760.34082
1346.00000,13756.76758
1346.50000,13749.91895
1347.00000,13736.40332
1347.50000,13717.25000
1348.00000,13697.29980
1348.50000,13682.34570
1349.00000,13674.58691
1349.50000,13673.75879
1350.00000,13673.89648
1350.50000,13669.55859
1351.00000,13659.50781
1351.50000,13645.66211
1352.00000,13632.77344
1352.50000,13624.87598
1353.00000,13623.21973
1353.50000,13624.82715
1354.00000,13625.12402
1354.50000,13620.50879
1355.00000,13608.76172
1355.50000,13593.66699
1356.00000,13580.62793
1356.50000,13574.23926
1357.00000,13575.76758
1357.50000,13581.33691
1358.00000,13584.77930
1358.50000,13582.77832
1359.00000,13578.49805
1359.50000,13578.87402
1360.00000,13587.42578
1360.50000,13603.18457
1361.00000,13617.36621
1361.50000,13620.48633
1362.00000,13610.12891
1362.50000,13592.52051
1363.00000,13579.17480
1363.50000,13579.08984
1364.00000,13597.01953
1364.50000,13624.93457
1365.00000,13653.73730
1365.50000,13675.34180
1366.00000,13685.79199
1366.50000,13688.25879
1367.00000,13688.35547
1367.50000,13692.09277
1368.00000,13702.39844
1368.50000,13718.30957
1369.00000,13733.71289
1369.50000,13740.39648
1370.00000,13736.38574
1370.50000,13722.63184
1371.00000,13707.34766
1371.50000,13697.90332
1372.00000,13695.56445
1372.50000,13693.91602
1373.00000,13683.60156
1373.50000,13661.10645
1374.00000,13628.58887
1374.50000,13596.40039
1375.00000,13573.27051
1375.50000,13557.96484
1376.00000,13542.78320
1376.50000,13518.07129
1377.00000,13479.72461
1377.50000,13433.18945
1378.00000,13389.81348
1378.50000,13359.06934
1379.00000,13339.19043
1379.50000,13322.53223
1380.00000,13300.02832
1380.50000,13268.55566
1381.00000,13234.73535
1381.50000,13208.52051
1382.00000,13196.44043
1382.50000,13197.63379
1383.00000,13205.33789
1383.50000,13209.54297
1384.00000,13201.81934
1384.50000,13183.19629
1385.00000,13157.53516
1385.50000,13134.02637
1386.00000,13120.02344
1386.50000,13115.35645
1387.00000,13114.34375
1387.50000,13108.82715
1388.00000,13094.06543
1388.50000,13069.70020
1389.00000,13041.71387
1389.50000,13014.59473
1390.00000,12989.16406
1390.50000,12963.32617
1391.00000,12935.32715
1391.50000,12905.89453
1392.00000,12877.29590
1392.50000,12849.73926
1393.00000,12820.15332
1393.50000,12785.98535
1394.00000,12747.79883
1394.50000,12711.42090
1395.00000,12683.12305
1395.50000,12661.72168
1396.00000,12641.36719
1396.50000,12615.34277
1397.00000,12582.85645
1397.50000,12550.46289
1398.00000,12525.99707
1398.50000,12512.23242
1399.00000,12500.59375
1399.50000,12480.41992
1400.00000,12450.51660
1400.50000,12417.23730
1401.00000,12391.84180
1401.50000,12381.32227
1402.00000,12382.25000
1402.50000,12384.84375
1403.00000,12381.41309
1403.50000,12372.66992
1404.00000,12364.93848
1404.50000,12363.96680
1405.00000,12370.88770
1405.50000,12379.08398
1406.00000,12382.21191
1406.50000,12378.08398
1407.00000,12367.90137
1407.50000,12353.49609
1408.00000,12335.90820
1408.50000,12315.04297
1409.00000,12293.76465
1409.50000,12278.56348
1410.00000,12273.64063
1410.50000,12280.98145
1411.00000,12292.93164
1411.50000,12299.57715
1412.00000,12295.53809
1412.50000,12283.71582
1413.00000,12271.93945
1413.50000,12266.97852
1414.00000,12271.50391
1414.50000,12279.92090
1415.00000,12287.61035
1415.50000,12293.41113
1416.00000,12299.83496
1416.50000,12309.48633
1417.00000,12321.54688
1417.50000,12332.57227
1418.00000,12340.49512
1418.50000,12346.42871
1419.00000,12354.06055
1419.50000,12366.19043
1420.00000,12380.58887
1420.50000,12392.91406
1421.00000,12399.63965
1421.50000,12399.25879
1422.00000,12392.38379
1422.50000,12379.93652
1423.00000,12361.87402
1423.50000,12340.68359
1424.00000,12321.08496
1424.50000,12307.93359
1425.00000,12304.36230
1425.50000,12304.86523
1426.00000,12300.02441
1426.50000,12282.14258
1427.00000,12250.39941
1427.50000,12211.69336
1428.00000,12177.53809
1428.50000,12156.77637
1429.00000,12147.02832
1429.50000,12143.17969
1430.00000,12136.84766
1430.50000,12123.06152
1431.00000,12103.31543
1431.50000,12082.85059
1432.00000,12068.20410
1432.50000,12063.06055
1433.00000,12067.69238
1433.50000,12075.94824
1434.00000,12081.01465
1434.50000,12080.37793
1435.00000,12075.53223
1435.50000,12072.58105
1436.00000,12077.19824
1436.50000,12090.17090
1437.00000,12107.88867
1437.50000,12125.57617
1438.00000,12140.83008
1438.50000,12154.69434
1439.00000,12170.09961
1439.50000,12188.48047
1440.00000,12207.86816
1440.50000,12226.00293
1441.00000,12242.58008
1441.50000,12259.79102
1442.00000,12280.78320
1442.50000,12307.01074
1443.00000,12338.40137
1443.50000,12372.42578
1444.00000,12408.09277
1444.50000,12445.16113
1445.00000,12485.16211
1445.50000,12528.70508
1446.00000,12575.95508
1446.50000,12625.41113
1447.00000,12674.64453
1447.50000,12720.98438
1448.00000,12763.07324
1448.50000,12799.70508
1449.00000,12831.99121
1449.50000,12857.82520
1450.00000,12875.11035
1450.50000,12877.40723
1451.00000,12862.23242
1451.50000,12830.03320
1452.00000,12786.31445
1452.50000,12739.54395
1453.00000,12695.53809
1453.50000,12655.15234
1454.00000,12616.56348
1454.50000,12577.23828
1455.00000,12537.82813
1455.50000,12501.15430
1456.00000,12470.28711
1456.50000,12445.85547
1457.00000,12426.72852
1457.50000,12412.32031
1458.00000,12402.38086
1458.50000,12399.03418
1459.00000,12401.44824
1459.50000,12408.68848
1460.00000,12416.63379
1460.50000,12422.24805
1461.00000,12424.41699
1461.50000,12423.29590
1462.00000,12419.46289
1462.50000,12413.56641
1463.00000,12406.13281
1463.50000,12399.16406
1464.00000,12396.71094
1464.50000,12400.97363
1465.00000,12412.82617
1465.50000,12428.03320
1466.00000,12441.40918
1466.50000,12449.64746
1467.00000,12453.63867
1467.50000,12457.07129
1468.00000,12463.19336
1468.50000,12472.14941
1469.00000,12480.03418
1469.50000,12483.11719
1470.00000,12482.92871
1470.50000,12483.85449
1471.00000,12489.81250
1471.50000,12500.80469
1472.00000,12512.79395
1472.50000,12521.46387
1473.00000,12525.83105
1473.50000,12530.00488
1474.00000,12539.46777
1474.50000,12554.10449
1475.00000,12571.15625
1475.50000,12586.45117
1476.00000,12598.35449
1476.50000,12608.32910
1477.00000,12618.29199
1477.50000,12628.00391
1478.00000,12635.47949
1478.50000,12638.17676
1479.00000,12637.59766
1479.50000,12635.62695
1480.00000,12633.66113
1480.50000,12630.76758
1481.00000,12625.39258
1481.50000,12617.30566
1482.00000,12608.26367
1482.50000,12600.44727
1483.00000,12594.21973
1483.50000,12587.18848
1484.00000,12576.15430
1484.50000,12561.26953
1485.00000,12544.12598
1485.50000,12527.74805
1486.00000,12514.15723
1486.50000,12503.73535
1487.00000,12496.18066
1487.50000,12492.55957
1488.00000,12494.07715
1488.50000,12503.39746
1489.00000,12518.67871
1489.50000,12537.03125
1490.00000,12552.48340
1490.50000,12559.02051
1491.00000,12555.31934
1491.50000,12545.30664
1492.00000,12536.99023
1492.50000,12537.00684
1493.00000,12546.64648
1493.50000,12558.65527
1494.00000,12564.90820
1494.50000,12563.84277
1495.00000,12559.73926
1495.50000,12560.62988
1496.00000,12570.78223
1496.50000,12586.19434
1497.00000,12598.03906
1497.50000,12601.24609
1498.00000,12600.48047
1498.50000,12605.48242
1499.00000,12621.66602
1499.50000,12649.66992
1500.00000,12680.81543
1500.50000,12707.45410
1501.00000,12727.92578
1501.50000,12747.02539
1502.00000,12770.34375
1502.50000,12799.05273
1503.00000,12831.05078
1503.50000,12862.55371
1504.00000,12892.98145
1504.50000,12925.49414
1505.00000,12965.12109
1505.50000,13012.94043
1506.00000,13065.12988
1506.50000,13114.72266
1507.00000,13155.83887
1507.50000,13185.96484
1508.00000,13210.32129
1508.50000,13235.86621
1509.00000,13267.62207
1509.50000,13306.99219
1510.00000,13348.25879
1510.50000,13385.58594
1511.00000,13416.08691
1511.50000,13439.70996
1512.00000,13456.40039
1512.50000,13465.82324
1513.00000,13464.62402
1513.50000,13454.67188
1514.00000,13439.57324
1514.50000,13426.48828
1515.00000,13419.37012
1515.50000,13415.94629
1516.00000,13410.19336
1516.50000,13396.09570
1517.00000,13371.67090
1517.50000,13336.70410
1518.00000,13294.87305
1518.50000,13247.29590
1519.00000,13197.05566
1519.50000,13147.04199
1520.00000,13100.70703
1520.50000,13060.73047
1521.00000,13026.46289
1521.50000,12994.84375
1522.00000,12962.44141
1522.50000,12927.68457
1523.00000,12890.72168
1523.50000,12853.30859
1524.00000,12816.85742
1524.50000,12781.74805
1525.00000,12747.55469
1525.50000,12712.77344
1526.00000,12675.45313
1526.50000,12634.87402
1527.00000,12592.48828
1527.50000,12550.87402
1528.00000,12511.91211
1528.50000,12476.37012
1529.00000,12442.13867
1529.50000,12407.83496
1530.00000,12373.64063
1530.50000,12341.50000
1531.00000,12313.09961
1531.50000,12288.87988
1532.00000,12268.75586
1532.50000,12251.78027
1533.00000,12238.02051
1533.50000,12226.00977
1534.00000,12214.36328
1534.50000,12202.34375
1535.00000,12191.49609
1535.50000,12184.17676
1536.00000,12181.26270
1536.50000,12180.51074
1537.00000,12178.47363
1537.50000,12175.00977
1538.00000,12175.47168
1538.50000,12188.47266
1539.00000,12212.00586
1539.50000,12237.37793
1540.00000,12250.99023
1540.50000,12243.44531
1541.00000,12218.75391
1541.50000,12191.23730
1542.00000,12175.86328
1542.50000,12175.39551
1543.00000,12186.92285
1543.50000,12201.10254
1544.00000,12213.52441
1544.50000,12223.48145
1545.00000,12229.79395
1545.50000,12229.69824
1546.00000,12220.95605
1546.50000,12206.34961
1547.00000,12193.88965
1547.50000,12192.24316
1548.00000,12201.29395
1548.50000,12216.01465
1549.00000,12226.21973
1549.50000,12224.29492
1550.00000,12212.44922
1550.50000,12195.06738
1551.00000,12176.45508
1551.50000,12158.89355
1552.00000,12144.35547
1552.50000,12135.23730
1553.00000,12136.55078
1553.50000,12146.37012
1554.00000,12160.17090
1554.50000,12170.34473
1555.00000,12171.41406
1555.50000,12164.03418
1556.00000,12152.12109
1556.50000,12139.36523
1557.00000,12127.06934
1557.50000,12114.94043
1558.00000,12103.52539
1558.50000,12095.03223
1559.00000,12089.44629
1559.50000,12084.01270
1560.00000,12073.95313
1560.50000,12055.95996
1561.00000,12033.40918
1561.50000,12013.35547
1562.00000,12001.76172
1562.50000,11997.71973
1563.00000,11997.40332
1563.50000,11995.30273
1564.00000,11989.66992
1564.50000,11983.86816
1565.00000,11982.15234
1565.50000,11986.06445
1566.00000,11994.35742
1566.50000,12004.35156
1567.00000,12013.36523
1567.50000,12019.58105
1568.00000,12023.22949
1568.50000,12025.09473
1569.00000,12027.22070
1569.50000,12031.90039
1570.00000,12040.65430
1570.50000,12054.92773
1571.00000,12075.48438
1571.50000,12101.60156
1572.00000,12130.82324
1572.50000,12158.50000
1573.00000,12179.28223
1573.50000,12193.25195
1574.00000,12203.03320
1574.50000,12214.60059
1575.00000,12231.14160
1575.50000,12248.88770
1576.00000,12260.63574
1576.50000,12260.57031
1577.00000,12249.97461
1577.50000,12232.37207
1578.00000,12213.57813
1578.50000,12195.42285
1579.00000,12177.11816
1579.50000,12157.97461
1580.00000,12138.25098
1580.50000,12117.49023
1581.00000,12093.56445
1581.50000,12064.40234
1582.00000,12029.97754
1582.50000,11995.42188
1583.00000,11966.23633
1583.50000,11942.70801
1584.00000,11922.83008
1584.50000,11903.18164
1585.00000,11884.45117
1585.50000,11871.01172
1586.00000,11865.36230
1586.50000,11864.63086
1587.00000,11860.57715
1587.50000,11843.96582
1588.00000,11814.96387
1588.50000,11777.53223
1589.00000,11742.69043
1589.50000,11719.38770
1590.00000,11709.39844
1590.50000,11710.20410
1591.00000,11715.56152
1591.50000,11718.15527
1592.00000,11711.50684
1592.50000,11695.13086
1593.00000,11669.25684
1593.50000,11638.97754
1594.00000,11607.01367
1594.50000,11575.72656
1595.00000,11546.88574
1595.50000,11522.03809
1596.00000,11501.51465
1596.50000,11483.56055
1597.00000,11463.86621
1597.50000,11436.86133
1598.00000,11401.60547
1598.50000,11358.41309
1599.00000,11313.04102
1599.50000,11270.46484
1600.00000,11232.82520
1600.50000,11199.91016
1601.00000,11169.62109
1601.50000,11138.84766
1602.00000,11104.32422
1602.50000,11065.28516
1603.00000,11022.58594
1603.50000,10980.62402
1604.00000,10944.70801
1604.50000,10917.36816
1605.00000,10899.52441
1605.50000,10888.78125
1606.00000,10881.02246
1606.50000,10872.89648
1607.00000,10861.98340
1607.50000,10846.54785
1608.00000,10828.68164
1608.50000,10813.45898
1609.00000,10806.86523
1609.50000,10813.58691
1610.00000,10830.94629
1610.50000,10851.71387
1611.00000,10866.92773
1611.50000,10871.03711
1612.00000,10860.73340
1612.50000,10841.02734
1613.00000,10813.22754
1613.50000,10781.25684
1614.00000,10747.95313
1614.50000,10717.83301
1615.00000,10695.66309
1615.50000,10681.10254
1616.00000,10667.29102
1616.50000,10644.00879
1617.00000,10605.50684
1617.50000,10548.92871
1618.00000,10483.94727
1618.50000,10419.16895
1619.00000,10358.58105
1619.50000,10299.61816
1620.00000,10237.03418
1620.50000,10168.87500
1621.00000,10099.33105
1621.50000,10036.59375
1622.00000,9986.95410
1622.50000,9946.41699
1623.00000,9908.01172
1623.50000,9863.72070
1624.00000,9809.49414
1624.50000,9749.79199
1625.00000,9692.88086
1625.50000,9645.37695
1626.00000,9608.31738
1626.50000,9578.51270
1627.00000,9549.10352
1627.50000,9514.92090
1628.00000,9476.89160
1628.50000,9439.44336
1629.00000,9406.46289
1629.50000,9378.36328
1630.00000,9350.37402
1630.50000,9316.15918
1631.00000,9271.96191
1631.50000,9221.60059
1632.00000,9170.61719
1632.50000,9123.90234
1633.00000,9084.46777
1633.50000,9049.91406
1634.00000,9017.43359
1634.50000,8982.86914
1635.00000,8942.56641
1635.50000,8895.14063
1636.00000,8843.31836
1636.50000,8793.15527
1637.00000,8750.49609
1637.50000,8717.17969
1638.00000,8685.85449
1638.50000,8648.12598
1639.00000,8601.35352
1639.50000,8549.10645
1640.00000,8500.47852
1640.50000,8461.58105
1641.00000,8431.68555
1641.50000,8404.24512
1642.00000,8372.88867
1642.50000,8335.39063
1643.00000,8290.46094
1643.50000,8241.40625
1644.00000,8190.76025
1644.50000,8142.58984
1645.00000,8101.61426
1645.50000,8070.32129
1646.00000,8046.33984
1646.50000,8023.96045
1647.00000,7998.56055
1647.50000,7969.36523
1648.00000,7940.31543
1648.50000,7915.14258
1649.00000,7893.49365
1649.50000,7872.30420
1650.00000,7849.23828
1650.50000,7824.95410
1651.00000,7801.96680
1651.50000,7781.56396
1652.00000,7762.77148
1652.50000,7743.00830
1653.00000,7721.67285
1653.50000,7701.00879
1654.00000,7684.05713
1654.50000,7671.36719
1655.00000,7660.71045
1655.50000,7648.30225
1656.00000,7631.88281
1656.50000,7610.86230
1657.00000,7587.29590
1657.50000,7562.66309
1658.00000,7537.85742
1658.50000,7511.73291
1659.00000,7482.72314
1659.50000,7449.66504
1660.00000,7414.26758
1660.50000,7381.20850
1661.00000,7356.03857
1661.50000,7339.57764
1662.00000,7330.24023
1662.50000,7321.90869
1663.00000,7309.91016
1663.50000,7293.43066
1664.00000,7273.30615
1664.50000,7250.96826
1665.00000,7226.85059
1665.50000,7202.15625
1666.00000,7179.75586
1666.50000,7163.53760
1667.00000,7152.16602
1667.50000,7141.85303
1668.00000,7127.84570
1668.50000,7108.07959
1669.00000,7085.92334
1669.50000,7065.48096
1670.00000,7047.67285
1670.50000,7030.45752
1671.00000,7012.12842
1671.50000,6993.67090
1672.00000,6977.90771
1672.50000,6964.52051
1673.00000,6949.80615
1673.50000,6929.82764
1674.00000,6902.60059
1674.50000,6871.14844
1675.00000,6839.67236
1675.50000,6809.96680
1676.00000,6780.36963
1676.50000,6747.69629
1677.00000,6710.66553
1677.50000,6668.92188
1678.00000,6626.22314
1678.50000,6586.69727
1679.00000,6552.65430
1679.50000,6524.25244
1680.00000,6498.14697
1680.50000,6470.10840
1681.00000,6439.10010
1681.50000,6408.31689
1682.00000,6381.81006
1682.50000,6358.75879
1683.00000,6334.12891
1683.50000,6303.11670
1684.00000,6266.35840
1684.50000,6230.61084
1685.00000,6202.44727
1685.50000,6182.89209
1686.00000,6166.08154
1686.50000,6146.19678
1687.00000,6123.35596
1687.50000,6101.50635
1688.00000,6083.56543
1688.50000,6069.16455
1689.00000,6054.58691
1689.50000,6038.35693
1690.00000,6022.15967
1690.50000,6007.85498
1691.00000,5994.40430
1691.50000,5977.79639
1692.00000,5954.10303
1692.50000,5925.50830
1693.00000,5895.99121
1693.50000,5870.27734
1694.00000,5851.89697
1694.50000,5840.01025
1695.00000,5831.92285
1695.50000,5823.99707
1696.00000,5812.63232
1696.50000,5794.97412
1697.00000,5772.90283
1697.50000,5750.15039
1698.00000,5730.31250
1698.50000,5714.99072
1699.00000,5702.21191
1699.50000,5689.18506
1700.00000,5674.11768
1700.50000,5656.85889
1701.00000,5637.95361
1701.50000,5618.97168
1702.00000,5602.91846
1702.50000,5591.80176
1703.00000,5586.72119
1703.50000,5583.72656
1704.00000,5576.97363
1704.50000,5562.10352
1705.00000,5539.98096
1705.50000,5516.69531
1706.00000,5498.66846
1706.50000,5489.96631
1707.00000,5487.38477
1707.50000,5485.77979
1708.00000,5479.87451
1708.50000,5466.86279
1709.00000,5448.48291
1709.50000,5427.86279
1710.00000,5408.48486
1710.50000,5391.88330
1711.00000,5377.92334
1711.50000,5365.43457
1712.00000,5354.73096
1712.50000,5346.40820
1713.00000,5341.10742
1713.50000,5337.10107
1714.00000,5332.44385
1714.50000,5326.51416
1715.00000,5320.76855
1715.50000,5316.79834
1716.00000,5313.12061
1716.50000,5305.10693
1717.00000,5290.00244
1717.50000,5267.33203
1718.00000,5244.47217
1718.50000,5229.37207
1719.00000,5224.14648
1719.50000,5225.78857
1720.00000,5227.60547
1720.50000,5224.51416
1721.00000,5216.40381
1721.50000,5207.46582
1722.00000,5201.65527
1722.50000,5199.04688
1723.00000,5196.89258
1723.50000,5191.52002
1724.00000,5181.44824
1724.50000,5169.07227
1725.00000,5158.82178
1725.50000,5154.64209
1726.00000,5155.09619
1726.50000,5156.17432
1727.00000,5153.25049
1727.50000,5143.24023
1728.00000,5129.43359
1728.50000,5116.95410
1729.00000,5109.17139
1729.50000,5106.10059
1730.00000,5104.71484
1730.50000,5101.57617
1731.00000,5095.48486
1731.50000,5087.64990
1732.00000,5078.31738
1732.50000,5067.27100
1733.00000,5054.23682
1733.50000,5042.64746
1734.00000,5038.46729
1734.50000,5045.09375
1735.00000,5059.28711
1735.50000,5070.00586
1736.00000,5066.23291
1736.50000,5040.80176
1737.00000,5002.49902
1737.50000,4962.64746
1738.00000,4933.06982
1738.50000,4919.07080
1739.00000,4916.77832
1739.50000,4920.71924
1740.00000,4926.04834
1740.50000,4930.02686
1741.00000,4932.02490
1741.50000,4932.89160
1742.00000,4933.44727
1742.50000,4934.33887
1743.00000,4935.07959
1743.50000,4934.16260
1744.00000,4929.45068
1744.50000,4919.66455
1745.00000,4904.64063
1745.50000,4885.16992
1746.00000,4863.89697
1746.50000,4843.00244
1747.00000,4824.22412
1747.50000,4809.52344
1748.00000,4798.74170
1748.50000,4791.52344
1749.00000,4785.98779
1749.50000,4779.41016
1750.00000,4768.93457
1750.50000,4754.51904
1751.00000,4739.16504
1751.50000,4727.31396
1752.00000,4723.12744
1752.50000,4724.12012
1753.00000,4725.63379
1753.50000,4723.63721
1754.00000,4717.12891
1754.50000,4707.89941
1755.00000,4697.76172
1755.50000,4686.92383
1756.00000,4675.35547
1756.50000,4664.04785
1757.00000,4654.52686
1757.50000,4647.48438
1758.00000,4640.79346
1758.50000,4632.51758
1759.00000,4622.79248
1759.50000,4613.77051
1760.00000,4607.41992
1760.50000,4602.99756
1761.00000,4598.52930
1761.50000,4592.75684
1762.00000,4586.53906
1762.50000,4582.18115
1763.00000,4581.10498
1763.50000,4581.86719
1764.00000,4581.77051
1764.50000,4578.54297
1765.00000,4572.78320
1765.50000,4566.84766
1766.00000,4563.06250
1766.50000,4562.36279
1767.00000,4562.34766
1767.50000,4560.48145
1768.00000,4556.69336
1768.50000,4552.78760
1769.00000,4550.82617
1769.50000,4550.28369
1770.00000,4548.17285
1770.50000,4542.00049
1771.00000,4530.90527
1771.50000,4517.98291
1772.00000,4506.95215
1772.50000,4499.65820
1773.00000,4497.20264
1773.50000,4498.04590
1774.00000,4499.22559
1774.50000,4497.16602
1775.00000,4490.03857
1775.50000,4478.51172
1776.00000,4466.78662
1776.50000,4458.90430
1777.00000,4454.46631
1777.50000,4451.29785
1778.00000,4446.72510
1778.50000,4440.47021
1779.00000,4434.56592
1779.50000,4430.32520
1780.00000,4426.97852
1780.50000,4422.04980
1781.00000,4413.17822
1781.50000,4401.09375
1782.00000,4387.14209
1782.50000,4373.96240
1783.00000,4364.14502
1783.50000,4358.22314
1784.00000,4355.96240
1784.50000,4355.91895
1785.00000,4355.77441
1785.50000,4352.96045
1786.00000,4346.64941
1786.50000,4336.82520
1787.00000,4326.48145
1787.50000,4319.13965
1788.00000,4315.09326
1788.50000,4311.86328
1789.00000,4305.50732
1789.50000,4293.88232
1790.00000,4278.97900
1790.50000,4265.53906
1791.00000,4257.71436
1791.50000,4255.86279
1792.00000,4261.09912
1792.50000,4270.03027
1793.00000,4279.03613
1793.50000,4282.82275
1794.00000,4276.11035
1794.50000,4259.09229
1795.00000,4238.16895
1795.50000,4220.01563
1796.00000,4207.67627
1796.50000,4201.84473
1797.00000,4198.46191
1797.50000,4196.03516
1798.00000,4193.45654
1798.50000,4189.82666
1799.00000,4185.16406
1799.50000,4180.80518
1800.00000,4178.20313
1800.50000,4176.90430
1801.00000,4174.83643
1801.50000,4171.31592
1802.00000,4167.97559
1802.50000,4166.56055
1803.00000,4166.13867
1803.50000,4163.45117
1804.00000,4157.66602
1804.50000,4151.90625
1805.00000,4149.92334
1805.50000,4151.53955
1806.00000,4152.18018
1806.50000,4148.45068
1807.00000,4142.02539
1807.50000,4134.72803
1808.00000,4126.50098
1808.50000,4116.13672
1809.00000,4105.12842
1809.50000,4097.21045
1810.00000,4092.93091
