440.00000,23632.60156
440.50000,23642.12500
441.00000,23652.92578
441.50000,23661.06250
442.00000,23661.81445
442.50000,23654.57031
443.00000,23640.78125
443.50000,23625.08789
444.00000,23610.61133
444.50000,23596.60742
445.00000,23580.94141
445.50000,23562.10352
446.00000,23543.35742
446.50000,23532.26367
447.00000,23532.32227
447.50000,23545.48438
448.00000,23566.63867
448.50000,23586.54297
449.00000,23597.04492
449.50000,23596.76172
450.00000,23587.29883
450.50000,23575.24609
451.00000,23568.13086
451.50000,23568.68750
452.00000,23577.47656
452.50000,23590.73047
453.00000,23603.97266
453.50000,23611.68164
454.00000,23610.48633
454.50000,23600.36719
455.00000,23585.49609
455.50000,23571.14063
456.00000,23563.24414
456.50000,23566.25000
457.00000,23575.85352
457.50000,23586.72852
458.00000,23592.45898
458.50000,23587.78711
459.00000,23572.19727
459.50000,23552.02148
460.00000,23533.27344
460.50000,23520.45117
461.00000,23517.83789
461.50000,23522.47461
462.00000,23529.67969
462.50000,23534.33398
463.00000,23532.34180
463.50000,23522.19727
464.00000,23505.92969
464.50000,23488.96875
465.00000,23476.24219
465.50000,23472.16797
466.00000,23475.63086
466.50000,23484.92578
467.00000,23494.15625
467.50000,23499.97070
468.00000,23501.74805
468.50000,23500.39453
469.00000,23497.18359
469.50000,23492.50781
470.00000,23485.26563
470.50000,23475.65430
471.00000,23465.16992
471.50000,23457.81250
472.00000,23458.92188
472.50000,23467.45313
473.00000,23478.95313
473.50000,23485.97266
474.00000,23481.42773
474.50000,23460.22266
475.00000,23430.53711
475.50000,23400.83203
476.00000,23378.81836
476.50000,23370.71680
477.00000,23373.61133
477.50000,23380.79883
478.00000,23385.72266
478.50000,23385.20313
479.00000,23379.09180
479.50000,23370.08398
480.00000,23360.70703
480.50000,23351.81445
481.00000,23343.05859
481.50000,23334.09766
482.00000,23325.62500
482.50000,23319.62305
483.00000,23317.99609
483.50000,23321.21484
484.00000,23328.06445
484.50000,23336.55273
485.00000,23343.81641
485.50000,23347.88867
486.00000,23349.65039
486.50000,23350.53711
487.00000,23352.93164
487.50000,23359.65820
488.00000,23371.54297
488.50000,23386.98633
489.00000,23403.29883
489.50000,23417.16797
490.00000,23424.74805
490.50000,23425.31055
491.00000,23419.00781
491.50000,23409.17383
492.00000,23397.98047
492.50000,23387.64453
493.00000,23380.10938
493.50000,23376.38086
494.00000,23376.73047
494.50000,23381.48047
495.00000,23388.94141
495.50000,23396.45313
496.00000,23399.88672
496.50000,23395.64258
497.00000,23384.73438
497.50000,23369.94922
498.00000,23356.79688
498.50000,23351.75781
499.00000,23356.71094
499.50000,23367.58594
500.00000,23378.73828
500.50000,23384.42188
501.00000,23379.37891
501.50000,23367.31445
502.00000,23354.99023
502.50000,23348.88086
503.00000,23353.51367
503.50000,23369.35742
504.00000,23391.81055
504.50000,23414.03320
505.00000,23431.36133
505.50000,23439.88281
506.00000,23441.24609
506.50000,23436.57813
507.00000,23430.69336
507.50000,23428.13086
508.00000,23432.08594
508.50000,23444.20117
509.00000,23464.39063
509.50000,23488.27148
510.00000,23509.56641
510.50000,23524.48242
511.00000,23530.04492
511.50000,23529.38867
512.00000,23526.48633
512.50000,23526.05859
513.00000,23528.80664
513.50000,23532.09570
514.00000,23532.15820
514.50000,23525.85352
515.00000,23514.94922
515.50000,23504.90820
516.00000,23500.36328
516.50000,23504.41016
517.00000,23514.47852
517.50000,23525.96680
518.00000,23533.37109
518.50000,23535.46875
519.00000,23533.99609
519.50000,23532.49023
520.00000,23533.79297
520.50000,23537.87305
521.00000,23542.92188
521.50000,23547.40820
522.00000,23551.87891
522.50000,23558.36523
523.00000,23569.29883
523.50000,23585.50781
524.00000,23603.56250
524.50000,23619.40430
525.00000,23630.49414
525.50000,23634.61133
526.00000,23634.16992
526.50000,23631.68359
527.00000,23629.77930
527.50000,23629.76758
528.00000,23632.26953
528.50000,23637.76953
529.00000,23647.17188
529.50000,23659.29102
530.00000,23671.69727
530.50000,23681.23828
531.00000,23684.51953
531.50000,23682.44531
532.00000,23679.55664
532.50000,23683.22852
533.00000,23698.58594
533.50000,23726.15234
534.00000,23759.93359
534.50000,23790.26367
535.00000,23808.49023
535.50000,23810.08203
536.00000,23802.21289
536.50000,23792.01172
537.00000,23787.15820
537.50000,23791.85742
538.00000,23802.03906
538.50000,23810.14453
539.00000,23810.34570
539.50000,23802.54688
540.00000,23789.84180
540.50000,23780.61523
541.00000,23782.25000
541.50000,23793.53125
542.00000,23810.63867
542.50000,23826.27734
543.00000,23833.57227
543.50000,23828.34570
544.00000,23814.75391
544.50000,23797.32227
545.00000,23781.10547
545.50000,23769.34375
546.00000,23761.25391
546.50000,23754.95117
547.00000,23748.28906
547.50000,23741.17383
548.00000,23734.92578
548.50000,23731.16406
549.00000,23731.01563
549.50000,23732.96875
550.00000,23734.60547
550.50000,23734.48047
551.00000,23732.37500
551.50000,23730.16016
552.00000,23730.54492
552.50000,23734.41016
553.00000,23739.44141
553.50000,23741.52344
554.00000,23737.06836
554.50000,23723.09180
555.00000,23702.62109
555.50000,23681.74219
556.00000,23666.62695
556.50000,23661.87695
557.00000,23666.38086
557.50000,23676.68750
558.00000,23686.94531
558.50000,23692.55273
559.00000,23692.04102
559.50000,23687.26758
560.00000,23679.24609
560.50000,23669.35352
561.00000,23656.12109
561.50000,23638.92578
562.00000,23618.23242
562.50000,23597.23438
563.00000,23580.84180
563.50000,23574.44727
564.00000,23580.77539
564.50000,23599.11719
565.00000,23622.60547
565.50000,23645.75977
566.00000,23664.33203
566.50000,23675.84180
567.00000,23682.04688
567.50000,23686.33008
568.00000,23690.97266
568.50000,23695.95898
569.00000,23699.25586
569.50000,23698.65820
570.00000,23691.18555
570.50000,23679.65430
571.00000,23667.88086
571.50000,23660.12305
572.00000,23659.94141
572.50000,23667.54883
573.00000,23680.42969
573.50000,23693.74219
574.00000,23703.80469
574.50000,23708.28320
575.00000,23708.34570
575.50000,23704.72461
576.00000,23699.28320
576.50000,23691.83398
577.00000,23681.32813
577.50000,23666.05273
578.00000,23645.15820
578.50000,23619.75977
579.00000,23592.33984
579.50000,23567.24805
580.00000,23548.81250
580.50000,23536.82227
581.00000,23530.65820
581.50000,23526.12695
582.00000,23518.79492
582.50000,23506.35742
583.00000,23491.33984
583.50000,23478.71875
584.00000,23472.93945
584.50000,23477.40820
585.00000,23487.95117
585.50000,23496.20117
586.00000,23494.47070
586.50000,23478.02734
587.00000,23450.47461
587.50000,23419.11914
588.00000,23392.84570
588.50000,23377.39063
589.00000,23371.91016
589.50000,23369.72852
590.00000,23365.70703
590.50000,23358.50000
591.00000,23350.64648
591.50000,23348.06445
592.00000,23355.47852
592.50000,23371.60156
593.00000,23391.44922
593.50000,23408.91016
594.00000,23419.93750
594.50000,23422.40234
595.00000,23420.90234
595.50000,23419.94922
596.00000,23421.85742
596.50000,23426.75781
597.00000,23432.39063
597.50000,23436.30664
598.00000,23437.91016
598.50000,23440.17969
599.00000,23447.62109
599.50000,23462.34180
600.00000,23486.11133
600.50000,23513.79102
601.00000,23537.39844
601.50000,23549.67578
602.00000,23546.23047
602.50000,23528.70703
603.00000,23503.16211
603.50000,23476.95703
604.00000,23456.72852
604.50000,23446.49023
605.00000,23442.36328
605.50000,23441.71094
606.00000,23441.44141
606.50000,23440.77148
607.00000,23440.57617
607.50000,23442.19922
608.00000,23445.56250
608.50000,23449.48047
609.00000,23453.10742
609.50000,23456.74219
610.00000,23462.27539
610.50000,23471.41797
611.00000,23484.72656
611.50000,23499.08984
612.00000,23510.23828
612.50000,23514.50391
613.00000,23510.75977
613.50000,23500.32617
614.00000,23488.76172
614.50000,23481.81445
615.00000,23480.95313
615.50000,23486.26563
616.00000,23493.56445
616.50000,23498.34961
617.00000,23497.41602
617.50000,23491.42383
618.00000,23484.66016
618.50000,23482.23047
619.00000,23489.06641
619.50000,23504.53125
620.00000,23526.99414
620.50000,23549.32617
621.00000,23565.43164
621.50000,23574.08984
622.00000,23577.04102
622.50000,23578.94922
623.00000,23584.74023
623.50000,23597.99609
624.00000,23616.88867
624.50000,23637.72070
625.00000,23656.34961
625.50000,23669.55859
626.00000,23677.62305
626.50000,23681.56641
627.00000,23683.97266
627.50000,23687.13086
628.00000,23692.16211
628.50000,23699.06250
629.00000,23707.58008
629.50000,23716.64258
630.00000,23725.13281
630.50000,23732.17773
631.00000,23737.29883
631.50000,23740.97070
632.00000,23743.78516
632.50000,23746.28711
633.00000,23748.55273
633.50000,23749.89844
634.00000,23749.61523
634.50000,23747.08008
635.00000,23743.17969
635.50000,23739.04102
636.00000,23736.18359
636.50000,23736.19531
637.00000,23739.93555
637.50000,23747.31250
638.00000,23757.79492
638.50000,23770.11914
639.00000,23783.05273
639.50000,23795.00586
640.00000,23803.91602
640.50000,23809.15820
641.00000,23811.01953
641.50000,23811.87891
642.00000,23814.80859
642.50000,23822.64844
643.00000,23836.40430
643.50000,23855.51367
644.00000,23875.68555
644.50000,23891.78320
645.00000,23901.98828
645.50000,23905.37500
646.00000,23905.17188
646.50000,23904.66992
647.00000,23906.08789
647.50000,23908.36328
648.00000,23907.90234
648.50000,23902.38281
649.00000,23891.33789
649.50000,23879.15039
650.00000,23872.15430
650.50000,23874.27930
651.00000,23886.08398
651.50000,23900.66992
652.00000,23910.52344
652.50000,23910.62305
653.00000,23901.51563
653.50000,23887.08008
654.00000,23874.03711
654.50000,23866.47266
655.00000,23861.00977
655.50000,23852.17773
656.00000,23836.19922
656.50000,23812.31641
657.00000,23785.13086
657.50000,23762.05859
658.00000,23749.16797
658.50000,23744.82813
659.00000,23745.35156
659.50000,23744.67578
660.00000,23738.67188
660.50000,23728.21094
661.00000,23716.25000
661.50000,23706.74609
662.00000,23700.96875
662.50000,23697.71680
663.00000,23694.79688
663.50000,23691.00977
664.00000,23686.95703
664.50000,23684.77539
665.00000,23685.53125
665.50000,23688.65820
666.00000,23691.79883
666.50000,23692.90039
667.00000,23691.72852
667.50000,23690.33008
668.00000,23692.62695
668.50000,23701.78320
669.00000,23719.85938
669.50000,23743.81055
670.00000,23771.21680
670.50000,23798.08594
671.00000,23821.04883
671.50000,23838.30078
672.00000,23848.88867
672.50000,23854.33984
673.00000,23857.96875
673.50000,23863.64063
674.00000,23873.94531
674.50000,23890.66211
675.00000,23909.94727
675.50000,23924.77148
676.00000,23928.83008
676.50000,23918.53125
677.00000,23896.06641
677.50000,23867.32813
678.00000,23838.05859
678.50000,23811.40039
679.00000,23786.48047
679.50000,23759.54297
680.00000,23729.27734
680.50000,23699.75000
681.00000,23678.51563
681.50000,23671.11523
682.00000,23678.64453
682.50000,23695.24414
683.00000,23708.85352
683.50000,23709.51953
684.00000,23698.55273
684.50000,23681.36523
685.00000,23668.43945
685.50000,23668.01758
686.00000,23679.06836
686.50000,23694.01758
687.00000,23701.44922
687.50000,23695.38867
688.00000,23675.49023
688.50000,23649.40039
689.00000,23625.41992
689.50000,23609.25000
690.00000,23604.63477
690.50000,23607.70313
691.00000,23613.86914
691.50000,23619.33594
692.00000,23622.01563
692.50000,23621.28320
693.00000,23617.94336
693.50000,23612.83398
694.00000,23607.59961
694.50000,23603.82422
695.00000,23601.87695
695.50000,23601.49414
696.00000,23600.98633
696.50000,23597.98242
697.00000,23590.35547
697.50000,23577.16992
698.00000,23558.52148
698.50000,23537.64453
699.00000,23517.67969
699.50000,23501.28516
700.00000,23491.32617
700.50000,23487.32422
701.00000,23488.19141
701.50000,23490.48438
702.00000,23490.19336
702.50000,23484.65430
703.00000,23474.08203
703.50000,23459.95508
704.00000,23446.10547
704.50000,23436.89063
705.00000,23434.03711
705.50000,23438.98633
706.00000,23447.92969
706.50000,23456.23242
707.00000,23459.00586
707.50000,23453.11133
708.00000,23436.85938
708.50000,23413.82227
709.00000,23388.28125
709.50000,23366.25391
710.00000,23351.79688
710.50000,23343.66211
711.00000,23339.19922
711.50000,23334.41797
712.00000,23326.55859
712.50000,23315.05078
713.00000,23301.91797
713.50000,23289.83789
714.00000,23280.07422
714.50000,23273.52344
715.00000,23269.81250
715.50000,23270.19336
716.00000,23275.64453
716.50000,23287.18750
717.00000,23303.56250
717.50000,23319.67383
718.00000,23328.53906
718.50000,23326.56250
719.00000,23310.15820
719.50000,23285.36719
720.00000,23258.75781
720.50000,23238.50000
721.00000,23231.79688
721.50000,23238.55273
722.00000,23253.54688
722.50000,23270.42969
723.00000,23283.68359
723.50000,23290.12305
724.00000,23291.95703
724.50000,23292.22266
725.00000,23294.67188
725.50000,23300.87891
726.00000,23309.51953
726.50000,23319.48633
727.00000,23331.43359
727.50000,23348.06836
728.00000,23374.11133
728.50000,23410.15820
729.00000,23455.53711
729.50000,23500.56641
730.00000,23534.30469
730.50000,23551.48242
731.00000,23549.84375
731.50000,23534.49805
732.00000,23513.28516
732.50000,23492.51953
733.00000,23474.42578
733.50000,23456.35547
734.00000,23434.43555
734.50000,23406.26367
735.00000,23375.06641
735.50000,23346.42188
736.00000,23325.96875
736.50000,23317.34180
737.00000,23320.05859
737.50000,23328.71484
738.00000,23337.90430
738.50000,23345.19922
739.00000,23352.31055
739.50000,23363.88672
740.00000,23386.65625
740.50000,23422.19727
741.00000,23469.10352
741.50000,23519.38086
742.00000,23562.14453
742.50000,23588.32031
743.00000,23596.75781
743.50000,23586.72656
744.00000,23566.85742
744.50000,23542.47656
745.00000,23518.70508
745.50000,23496.82813
746.00000,23474.68750
746.50000,23449.09180
747.00000,23417.78125
747.50000,23381.03711
748.00000,23340.39844
748.50000,23299.84766
749.00000,23264.33008
749.50000,23236.16602
750.00000,23217.85547
750.50000,23205.58789
751.00000,23195.14648
751.50000,23182.49023
752.00000,23166.09570
752.50000,23147.41016
753.00000,23130.38477
753.50000,23119.78711
754.00000,23116.15430
754.50000,23117.96875
755.00000,23119.89648
755.50000,23117.73828
756.00000,23110.09766
756.50000,23098.04297
757.00000,23084.40039
757.50000,23072.48242
758.00000,23065.37695
758.50000,23063.98242
759.00000,23069.80469
759.50000,23080.82227
760.00000,23095.74023
760.50000,23111.17383
761.00000,23123.33398
761.50000,23129.05273
762.00000,23126.87500
762.50000,23116.11133
763.00000,23099.28320
763.50000,23078.26367
764.00000,23056.37500
764.50000,23036.92188
765.00000,23022.81641
765.50000,23017.57813
766.00000,23021.61133
766.50000,23032.58594
767.00000,23044.93750
767.50000,23051.33789
768.00000,23045.48047
768.50000,23028.46875
769.00000,23001.35742
769.50000,22970.60938
770.00000,22940.55859
770.50000,22913.69336
771.00000,22890.70313
771.50000,22871.25000
772.00000,22855.08594
772.50000,22842.68945
773.00000,22833.07617
773.50000,22824.24219
774.00000,22812.76563
774.50000,22794.82813
775.00000,22770.79297
775.50000,22743.65820
776.00000,22719.91211
776.50000,22705.70117
777.00000,22702.62695
777.50000,22705.84766
778.00000,22708.53906
778.50000,22704.92188
779.00000,22691.46484
779.50000,22672.77539
780.00000,22655.08594
780.50000,22644.20313
781.00000,22641.93945
781.50000,22644.45898
782.00000,22646.50781
782.50000,22644.73828
783.00000,22639.87109
783.50000,22634.29102
784.00000,22630.40234
784.50000,22628.56641
785.00000,22626.65625
785.50000,22622.96680
786.00000,22619.08984
786.50000,22618.88867
787.00000,22625.61133
787.50000,22637.60938
788.00000,22649.37500
788.50000,22654.07813
789.00000,22645.45313
789.50000,22627.72266
790.00000,22609.36328
790.50000,22600.10352
791.00000,22603.66406
791.50000,22615.85156
792.00000,22627.73242
792.50000,22631.54297
793.00000,22626.91992
793.50000,22617.51172
794.00000,22610.82813
794.50000,22611.63281
795.00000,22616.91602
795.50000,22620.21680
796.00000,22617.16992
796.50000,22608.45117
797.00000,22598.91406
797.50000,22593.97852
798.00000,22596.45117
798.50000,22601.86914
799.00000,22602.70117
799.50000,22593.44922
800.00000,22572.91211
800.50000,22547.58398
801.00000,22525.24219
801.50000,22511.62305
802.00000,22507.21875
802.50000,22509.73047
803.00000,22513.75977
803.50000,22515.87500
804.00000,22516.15625
804.50000,22517.07813
805.00000,22521.04688
805.50000,22528.55273
806.00000,22537.20508
806.50000,22543.27539
807.00000,22543.40430
807.50000,22537.66797
808.00000,22527.82227
808.50000,22518.66016
809.00000,22514.97461
809.50000,22517.40820
810.00000,22523.62891
810.50000,22528.92773
811.00000,22529.30469
811.50000,22523.57617
812.00000,22514.47266
812.50000,22506.43359
813.00000,22503.05078
813.50000,22506.76367
814.00000,22514.04688
814.50000,22519.81836
815.00000,22519.59375
815.50000,22510.54688
816.00000,22493.28320
816.50000,22470.53320
817.00000,22445.25586
817.50000,22420.34180
818.00000,22397.52734
818.50000,22376.62891
819.00000,22357.06445
819.50000,22337.57813
820.00000,22318.02930
820.50000,22299.93555
821.00000,22286.47852
821.50000,22281.32617
822.00000,22285.65625
822.50000,22299.25391
823.00000,22316.35547
823.50000,22330.10352
824.00000,22335.75977
824.50000,22330.13086
825.00000,22318.34570
825.50000,22307.11523
826.00000,22303.02539
826.50000,22309.67383
827.00000,22328.13086
827.50000,22354.17188
828.00000,22383.79883
828.50000,22411.32617
829.00000,22430.52344
829.50000,22437.82422
830.00000,22429.34570
830.50000,22406.94336
831.00000,22375.09375
831.50000,22340.91406
832.00000,22312.11133
832.50000,22295.40234
833.00000,22290.14648
833.50000,22295.24609
834.00000,22303.44336
834.50000,22309.02539
835.00000,22308.81445
835.50000,22303.00977
836.00000,22294.36328
836.50000,22286.08984
837.00000,22280.25977
837.50000,22276.59570
838.00000,22273.63281
838.50000,22269.30469
839.00000,22262.43164
839.50000,22254.65039
840.00000,22249.86328
840.50000,22252.23047
841.00000,22263.17969
841.50000,22280.25586
842.00000,22296.74414
842.50000,22304.42383
843.00000,22300.29102
843.50000,22282.75391
844.00000,22259.82031
844.50000,22239.93164
845.00000,22229.44531
845.50000,22230.62305
846.00000,22239.15039
846.50000,22248.00000
847.00000,22252.09375
847.50000,22250.65820
848.00000,22243.88672
848.50000,22234.17383
849.00000,22220.95508
849.50000,22203.58008
850.00000,22181.28516
850.50000,22156.69531
851.00000,22135.64453
851.50000,22124.91406
852.00000,22125.31250
852.50000,22133.91602
853.00000,22141.57227
853.50000,22138.61328
854.00000,22123.27539
854.50000,22097.52148
855.00000,22070.48633
855.50000,22051.65430
856.00000,22046.40430
856.50000,22052.97852
857.00000,22065.62305
857.50000,22075.92773
858.00000,22077.71680
858.50000,22071.39063
859.00000,22057.69922
859.50000,22041.08203
860.00000,22025.58984
860.50000,22014.60938
861.00000,22009.88672
861.50000,22010.80664
862.00000,22012.90430
862.50000,22009.15430
863.00000,21995.67969
863.50000,21971.02930
864.00000,21942.80859
864.50000,21920.64453
865.00000,21911.52148
865.50000,21917.39844
866.00000,21933.13086
866.50000,21949.61133
867.00000,21959.65625
867.50000,21962.89453
868.00000,21962.50586
868.50000,21964.08984
869.00000,21969.15039
869.50000,21974.17383
870.00000,21974.84375
870.50000,21970.36719
871.00000,21964.64258
871.50000,21964.08789
872.00000,21972.27344
872.50000,21989.53320
873.00000,22008.80078
873.50000,22021.74805
874.00000,22024.13281
874.50000,22013.54297
875.00000,21994.24414
875.50000,21970.27539
876.00000,21945.33789
876.50000,21922.72852
877.00000,21905.88867
877.50000,21895.57031
878.00000,21892.00195
878.50000,21889.78516
879.00000,21882.58398
879.50000,21867.17578
880.00000,21845.07422
880.50000,21824.71094
881.00000,21815.82031
881.50000,21823.31445
882.00000,21841.04492
882.50000,21858.34375
883.00000,21864.79492
883.50000,21852.92383
884.00000,21828.89258
884.50000,21801.53320
885.00000,21780.46680
885.50000,21770.24609
886.00000,21768.84375
886.50000,21769.66016
887.00000,21767.28516
887.50000,21761.47656
888.00000,21755.08398
888.50000,21751.84766
889.00000,21754.09570
889.50000,21759.88672
890.00000,21765.50781
890.50000,21766.89844
891.00000,21761.73633
891.50000,21749.58789
892.00000,21733.48242
892.50000,21716.91992
893.00000,21703.91602
893.50000,21698.84766
894.00000,21702.03711
894.50000,21713.65039
895.00000,21730.14063
895.50000,21746.42773
896.00000,21756.96875
896.50000,21758.77930
897.00000,21751.08789
897.50000,21739.53125
898.00000,21731.37109
898.50000,21731.60742
899.00000,21742.68945
899.50000,21758.87891
900.00000,21771.30273
900.50000,21773.05859
901.00000,21763.12305
901.50000,21744.76563
902.00000,21724.78906
902.50000,21707.28320
903.00000,21691.63672
903.50000,21674.75586
904.00000,21654.75000
904.50000,21633.38281
905.00000,21616.28320
905.50000,21609.45313
906.00000,21615.19336
906.50000,21628.27539
907.00000,21640.93750
907.50000,21647.75391
908.00000,21646.84766
908.50000,21643.25781
909.00000,21642.06055
909.50000,21645.66211
910.00000,21653.17578
910.50000,21661.20898
911.00000,21666.77344
911.50000,21668.60156
912.00000,21667.70898
912.50000,21664.14063
913.00000,21657.93945
913.50000,21648.21289
914.00000,21637.09570
914.50000,21628.97070
915.00000,21628.35547
915.50000,21637.27930
916.00000,21653.51758
916.50000,21670.57031
917.00000,21681.84375
917.50000,21685.71094
918.00000,21682.66797
918.50000,21677.50977
919.00000,21672.18164
919.50000,21665.44531
920.00000,21653.95313
920.50000,21637.07227
921.00000,21620.11523
921.50000,21612.05469
922.00000,21617.66016
922.50000,21638.94922
923.00000,21665.77734
923.50000,21687.80469
924.00000,21699.52734
924.50000,21701.74609
925.00000,21702.18555
925.50000,21708.09375
926.00000,21720.91016
926.50000,21734.38477
927.00000,21739.30273
927.50000,21733.02148
928.00000,21719.02539
928.50000,21708.21289
929.00000,21710.08594
929.50000,21725.57422
930.00000,21749.96094
930.50000,21775.07617
931.00000,21794.55078
931.50000,21805.61719
932.00000,21810.90820
932.50000,21812.46680
933.00000,21813.08008
933.50000,21813.72070
934.00000,21814.78125
934.50000,21815.98047
935.00000,21815.78516
935.50000,21811.58203
936.00000,21801.36133
936.50000,21787.08789
937.00000,21773.96094
937.50000,21767.76367
938.00000,21773.26367
938.50000,21785.40234
939.00000,21795.18555
939.50000,21793.28711
940.00000,21775.16406
940.50000,21745.25586
941.00000,21715.23633
941.50000,21697.71289
942.00000,21696.70703
942.50000,21713.63672
943.00000,21737.83789
943.50000,21761.34375
944.00000,21779.43750
944.50000,21790.63086
945.00000,21796.36523
945.50000,21798.58789
946.00000,21798.76563
946.50000,21798.54102
947.00000,21799.37305
947.50000,21801.81055
948.00000,21805.57031
948.50000,21808.79883
949.00000,21809.37109
949.50000,21806.75195
950.00000,21801.99805
950.50000,21797.17969
951.00000,21793.41992
951.50000,21789.43359
952.00000,21782.61328
952.50000,21769.72656
953.00000,21752.41016
953.50000,21734.20508
954.00000,21720.45117
954.50000,21715.65430
955.00000,21720.03125
955.50000,21729.95703
956.00000,21740.36133
956.50000,21747.07617
957.00000,21747.68164
957.50000,21744.11523
958.00000,21737.93750
958.50000,21731.31250
959.00000,21725.50391
959.50000,21721.68750
960.00000,21721.48633
960.50000,21726.28711
961.00000,21735.37891
961.50000,21746.48242
962.00000,21755.74219
962.50000,21759.25781
963.00000,21757.50391
963.50000,21751.64453
964.00000,21744.47852
964.50000,21736.94922
965.00000,21728.03711
965.50000,21716.15234
966.00000,21700.99805
966.50000,21685.27930
967.00000,21673.14258
967.50000,21666.03125
968.00000,21662.91016
968.50000,21658.27539
969.00000,21646.72461
969.50000,21627.18945
970.00000,21602.80469
970.50000,21579.69727
971.00000,21563.44531
971.50000,21557.97266
972.00000,21560.50195
972.50000,21567.66992
973.00000,21573.25391
973.50000,21571.60547
974.00000,21560.67188
974.50000,21540.42969
975.00000,21514.93164
975.50000,21490.84180
976.00000,21475.36523
976.50000,21471.06250
977.00000,21478.52148
977.50000,21489.59961
978.00000,21496.10156
978.50000,21493.95313
979.00000,21483.34961
979.50000,21470.66797
980.00000,21463.56641
980.50000,21467.03906
981.00000,21479.37305
981.50000,21495.37305
982.00000,21507.41016
982.50000,21508.19727
983.00000,21498.10156
983.50000,21477.99023
984.00000,21453.08398
984.50000,21428.08984
985.00000,21407.07031
985.50000,21392.77148
986.00000,21387.55273
986.50000,21390.08398
987.00000,21399.25000
987.50000,21410.11914
988.00000,21419.31250
988.50000,21425.72266
989.00000,21430.18945
989.50000,21434.83203
990.00000,21440.75391
990.50000,21446.99609
991.00000,21451.18555
991.50000,21450.62109
992.00000,21445.66992
992.50000,21437.13086
993.00000,21427.70508
993.50000,21418.86328
994.00000,21410.92969
994.50000,21403.76563
995.00000,21397.55664
995.50000,21393.12500
996.00000,21392.00586
996.50000,21394.70898
997.00000,21402.78906
997.50000,21415.33203
998.00000,21432.35938
998.50000,21451.45117
999.00000,21469.30078
999.50000,21482.44922
1000.00000,21489.05469
1000.50000,21489.97070
1001.00000,21489.23438
1001.50000,21490.76953
1002.00000,21495.56445
1002.50000,21502.15430
1003.00000,21507.04102
1003.50000,21507.63672
1004.00000,21504.55664
1004.50000,21499.65820
1005.00000,21494.24805
1005.50000,21487.72656
1006.00000,21478.23047
1006.50000,21466.06641
1007.00000,21454.44336
1007.50000,21448.30469
1008.00000,21453.21484
1008.50000,21467.37500
1009.00000,21486.05469
1009.50000,21502.41797
1010.00000,21511.69531
1010.50000,21512.36328
1011.00000,21507.13867
1011.50000,21498.22656
1012.00000,21488.34961
1012.50000,21478.74219
1013.00000,21470.25000
1013.50000,21464.00781
1014.00000,21460.46680
1014.50000,21459.47461
1015.00000,21459.81250
1015.50000,21459.54297
1016.00000,21456.49219
1016.50000,21449.64648
1017.00000,21437.16406
1017.50000,21420.34570
1018.00000,21400.60938
1018.50000,21381.97461
1019.00000,21369.79688
1019.50000,21368.35156
1020.00000,21379.23828
1020.50000,21400.79883
1021.00000,21426.54883
1021.50000,21449.22461
1022.00000,21463.40625
1022.50000,21463.62109
1023.00000,21452.73047
1023.50000,21434.91211
1024.00000,21418.18164
1024.50000,21409.95508
1025.00000,21414.00391
1025.50000,21427.70117
1026.00000,21445.60352
1026.50000,21460.62109
1027.00000,21467.26367
1027.50000,21467.07422
1028.00000,21462.33594
1028.50000,21457.15234
1029.00000,21454.16016
1029.50000,21454.79102
1030.00000,21460.40430
1030.50000,21473.23633
1031.00000,21493.13281
1031.50000,21518.68359
1032.00000,21543.53711
1032.50000,21559.61914
1033.00000,21563.85352
1033.50000,21556.33398
1034.00000,21543.47070
1034.50000,21532.26367
1035.00000,21527.25781
1035.50000,21528.22461
1036.00000,21532.56836
1036.50000,21535.99609
1037.00000,21534.93164
1037.50000,21529.48047
1038.00000,21521.02734
1038.50000,21513.88086
1039.00000,21513.66992
1039.50000,21524.52344
1040.00000,21546.41406
1040.50000,21574.87695
1041.00000,21600.57422
1041.50000,21612.98242
1042.00000,21611.03711
1042.50000,21597.33984
1043.00000,21583.93164
1043.50000,21583.01758
1044.00000,21599.70117
1044.50000,21631.16797
1045.00000,21667.95117
1045.50000,21699.05078
1046.00000,21717.20703
1046.50000,21726.03516
1047.00000,21733.41211
1047.50000,21749.41797
1048.00000,21781.60156
1048.50000,21826.75195
1049.00000,21876.21680
1049.50000,21917.82227
1050.00000,21942.30078
1050.50000,21945.19336
1051.00000,21933.92969
1051.50000,21917.51953
1052.00000,21906.76563
1052.50000,21908.95508
1053.00000,21921.51758
1053.50000,21938.99023
1054.00000,21954.01563
1054.50000,21962.31641
1055.00000,21964.21484
1055.50000,21964.21289
1056.00000,21966.87891
1056.50000,21973.50000
1057.00000,21982.81055
1057.50000,21990.89453
1058.00000,21994.76563
1058.50000,21995.03516
1059.00000,21994.54883
1059.50000,21996.67773
1060.00000,22002.72852
1060.50000,22011.81250
1061.00000,22021.28125
1061.50000,22029.64063
1062.00000,22037.67188
1062.50000,22047.18164
1063.00000,22058.44336
1063.50000,22069.23633
1064.00000,22075.64844
1064.50000,22074.98633
1065.00000,22068.32617
1065.50000,22061.32031
1066.00000,22061.15234
1066.50000,22070.48828
1067.00000,22090.29297
1067.50000,22114.26953
1068.00000,22136.80078
1068.50000,22154.35547
1069.00000,22166.26172
1069.50000,22174.19141
1070.00000,22180.10352
1070.50000,22184.27344
1071.00000,22186.40625
1071.50000,22185.53711
1072.00000,22182.79102
1072.50000,22179.59570
1073.00000,22177.51367
1073.50000,22177.30469
1074.00000,22178.71289
1074.50000,22181.62109
1075.00000,22186.88281
1075.50000,22195.43164
1076.00000,22208.16992
1076.50000,22222.80273
1077.00000,22235.45898
1077.50000,22242.87305
1078.00000,22242.91406
1078.50000,22237.97656
1079.00000,22231.67383
1079.50000,22226.61914
1080.00000,22222.34180
1080.50000,22215.85156
1081.00000,22205.17383
1081.50000,22190.12305
1082.00000,22174.82422
1082.50000,22163.14258
1083.00000,22155.12305
1083.50000,22147.27539
1084.00000,22134.82031
1084.50000,22116.02344
1085.00000,22094.15039
1085.50000,22076.20508
1086.00000,22069.32617
1086.50000,22072.66016
1087.00000,22083.55664
1087.50000,22095.11523
1088.00000,22103.25195
1088.50000,22107.95117
1089.00000,22111.38867
1089.50000,22115.42578
1090.00000,22119.55859
1090.50000,22120.89844
1091.00000,22117.20508
1091.50000,22106.32813
1092.00000,22091.45313
1092.50000,22076.32422
1093.00000,22064.98633
1093.50000,22059.88867
1094.00000,22059.80664
1094.50000,22060.89648
1095.00000,22058.80469
1095.50000,22051.88672
1096.00000,22041.36914
1096.50000,22032.52930
1097.00000,22032.16016
1097.50000,22042.26953
1098.00000,22063.36133
1098.50000,22090.63867
1099.00000,22118.39063
1099.50000,22141.37695
1100.00000,22156.71484
1100.50000,22162.43750
1101.00000,22161.40625
1101.50000,22156.52734
1102.00000,22153.13281
1102.50000,22155.37500
1103.00000,22162.96875
1103.50000,22172.59961
1104.00000,22179.36133
1104.50000,22180.77734
1105.00000,22178.47461
1105.50000,22177.55273
1106.00000,22182.63672
1106.50000,22192.24219
1107.00000,22201.66992
1107.50000,22205.80469
1108.00000,22202.67383
1108.50000,22196.32031
1109.00000,22192.60352
1109.50000,22195.06250
1110.00000,22202.15820
1110.50000,22210.41992
1111.00000,22217.45703
1111.50000,22224.92578
1112.00000,22236.51758
1112.50000,22255.50195
1113.00000,22279.47266
1113.50000,22303.36523
1114.00000,22322.52148
1114.50000,22336.49609
1115.00000,22348.87305
1115.50000,22364.65039
1116.00000,22387.25781
1116.50000,22413.87891
1117.00000,22440.31055
1117.50000,22462.90430
1118.00000,22480.29883
1118.50000,22494.46094
1119.00000,22507.90039
1119.50000,22522.13086
1120.00000,22537.34375
1120.50000,22553.73828
1121.00000,22571.84570
1121.50000,22593.53125
1122.00000,22618.46875
1122.50000,22645.01172
1123.00000,22669.44727
1123.50000,22688.28125
1124.00000,22700.99414
1124.50000,22710.39648
1125.00000,22719.94141
1125.50000,22730.87109
1126.00000,22740.37891
1126.50000,22744.41602
1127.00000,22739.65234
1127.50000,22730.62305
1128.00000,22726.02734
1128.50000,22733.97070
1129.00000,22756.75000
1129.50000,22788.72266
1130.00000,22818.65430
1130.50000,22836.97656
1131.00000,22844.62305
1131.50000,22846.98242
1132.00000,22852.86914
1132.50000,22866.24219
1133.00000,22882.65234
1133.50000,22893.84375
1134.00000,22893.51367
1134.50000,22881.83984
1135.00000,22862.90625
1135.50000,22843.24805
1136.00000,22826.32617
1136.50000,22811.82031
1137.00000,22799.80469
1137.50000,22791.37695
1138.00000,22790.10352
1138.50000,22797.44531
1139.00000,22811.29102
1139.50000,22826.46484
1140.00000,22837.96680
1140.50000,22844.10156
1141.00000,22848.88281
1141.50000,22857.49023
1142.00000,22871.08203
1142.50000,22886.93555
1143.00000,22899.39258
1143.50000,22904.75391
1144.00000,22904.87109
1144.50000,22906.36914
1145.00000,22916.81836
1145.50000,22937.90820
1146.00000,22968.99609
1146.50000,23002.48438
1147.00000,23031.70703
1147.50000,23052.76563
1148.00000,23062.74609
1148.50000,23061.93164
1149.00000,23052.32813
1149.50000,23037.78320
1150.00000,23024.75000
1150.50000,23020.54688
1151.00000,23027.06055
1151.50000,23044.91406
1152.00000,23067.28125
1152.50000,23088.60742
1153.00000,23106.43359
1153.50000,23122.67969
1154.00000,23141.75195
1154.50000,23166.31641
1155.00000,23195.46484
1155.50000,23223.75977
1156.00000,23244.20313
1156.50000,23255.66992
1157.00000,23259.58398
1157.50000,23263.47070
1158.00000,23275.50586
1158.50000,23300.01953
1159.00000,23335.53516
1159.50000,23375.77734
1160.00000,23411.99023
1160.50000,23437.07031
1161.00000,23453.23828
1161.50000,23466.31836
1162.00000,23484.95703
1162.50000,23514.65234
1163.00000,23551.96094
1163.50000,23588.08398
1164.00000,23613.72656
1164.50000,23626.14258
1165.00000,23628.35938
1165.50000,23629.85938
1166.00000,23638.54883
1166.50000,23654.11328
1167.00000,23672.19336
1167.50000,23685.79688
1168.00000,23690.07422
1168.50000,23685.53516
1169.00000,23676.31055
1169.50000,23667.14453
1170.00000,23661.42969
1170.50000,23661.22266
1171.00000,23664.75391
1171.50000,23669.58984
1172.00000,23671.86328
1172.50000,23667.77930
1173.00000,23656.95703
1173.50000,23642.02734
1174.00000,23628.04102
1174.50000,23619.49023
1175.00000,23619.06055
1175.50000,23624.34961
1176.00000,23633.57031
1176.50000,23644.32617
1177.00000,23657.16797
1177.50000,23673.21094
1178.00000,23693.87695
1178.50000,23719.13281
1179.00000,23747.35352
1179.50000,23775.25195
1180.00000,23797.94727
1180.50000,23807.66602
1181.00000,23803.25391
1181.50000,23785.00000
1182.00000,23763.96484
1182.50000,23752.84570
1183.00000,23758.18750
1183.50000,23776.60156
1184.00000,23795.56445
1184.50000,23802.31445
1185.00000,23791.16602
1185.50000,23772.57227
1186.00000,23762.21484
1186.50000,23768.80664
1187.00000,23793.33203
1187.50000,23822.51953
1188.00000,23841.44336
1188.50000,23841.51172
1189.00000,23824.31836
1189.50000,23797.19336
1190.00000,23770.97266
1190.50000,23754.63867
1191.00000,23749.82031
1191.50000,23757.51563
1192.00000,23771.59570
1192.50000,23786.27344
1193.00000,23797.12109
1193.50000,23803.68164
1194.00000,23808.92773
1194.50000,23816.01758
1195.00000,23824.93945
1195.50000,23832.15039
1196.00000,23833.65430
1196.50000,23831.41797
1197.00000,23830.64258
1197.50000,23835.78516
1198.00000,23846.06641
1198.50000,23854.71289
1199.00000,23855.22070
1199.50000,23847.16211
1200.00000,23839.40625
1200.50000,23843.99219
1201.00000,23862.40820
1201.50000,23888.91992
1202.00000,23909.01563
1202.50000,23909.82422
1203.00000,23890.10352
1203.50000,23857.94141
1204.00000,23825.84570
1204.50000,23804.22852
1205.00000,23800.26563
1205.50000,23810.55859
1206.00000,23832.39453
1206.50000,23856.75391
1207.00000,23875.88477
1207.50000,23885.60547
1208.00000,23886.05859
1208.50000,23882.58789
1209.00000,23881.76563
1209.50000,23887.06250
1210.00000,23895.76563
1210.50000,23903.14063
1211.00000,23906.90039
1211.50000,23909.01758
1212.00000,23914.78711
1212.50000,23928.47852
1213.00000,23948.65430
1213.50000,23969.65820
1214.00000,23985.16602
1214.50000,23993.01367
1215.00000,23994.23438
1215.50000,23994.43359
1216.00000,23998.60352
1216.50000,24007.89453
1217.00000,24021.05664
1217.50000,24033.58984
1218.00000,24040.82422
1218.50000,24040.69531
1219.00000,24035.71875
1219.50000,24031.29102
1220.00000,24032.44336
1220.50000,24041.94531
1221.00000,24054.77539
1221.50000,24064.26953
1222.00000,24065.84570
1222.50000,24058.27539
1223.00000,24045.59375
1223.50000,24033.44141
1224.00000,24026.66406
1224.50000,24027.08789
1225.00000,24036.03125
1225.50000,24049.91602
1226.00000,24064.09375
1226.50000,24072.72656
1227.00000,24071.41797
1227.50000,24063.55859
1228.00000,24058.40430
1228.50000,24066.50195
1229.00000,24090.76172
1229.50000,24125.36914
1230.00000,24155.72656
1230.50000,24167.10156
1231.00000,24161.56641
1231.50000,24147.49414
1232.00000,24139.82227
1232.50000,24148.58008
1233.00000,24172.49805
1233.50000,24202.96289
1234.00000,24231.01953
1234.50000,24252.51172
1235.00000,24266.79883
1235.50000,24277.43945
1236.00000,24286.10156
1236.50000,24294.67188
1237.00000,24305.21680
1237.50000,24319.37305
1238.00000,24337.06055
1238.50000,24355.14453
1239.00000,24369.28516
1239.50000,24377.00391
1240.00000,24382.08008
1240.50000,24391.59766
1241.00000,24408.85156
1241.50000,24432.00977
1242.00000,24451.69727
1242.50000,24457.67188
1243.00000,24447.29883
1243.50000,24427.96289
1244.00000,24413.19922
1244.50000,24414.37695
1245.00000,24439.79102
1245.50000,24481.54688
1246.00000,24532.02344
1246.50000,24580.39258
1247.00000,24619.22266
1247.50000,24646.06055
1248.00000,24660.46094
1248.50000,24664.23242
1249.00000,24662.53516
1249.50000,24661.16211
1250.00000,24664.45898
1250.50000,24673.33789
1251.00000,24681.79297
1251.50000,24682.38281
1252.00000,24673.85547
1252.50000,24662.54102
1253.00000,24660.72070
1253.50000,24677.52539
1254.00000,24713.17383
1254.50000,24753.77148
1255.00000,24782.15039
1255.50000,24792.22266
1256.00000,24786.23047
1256.50000,24780.21289
1257.00000,24788.01172
1257.50000,24811.44727
1258.00000,24842.35156
1258.50000,24869.08398
1259.00000,24885.67578
1259.50000,24893.14258
1260.00000,24899.45313
1260.50000,24910.76563
1261.00000,24926.77344
1261.50000,24944.71484
1262.00000,24961.83398
1262.50000,24978.99023
1263.00000,24999.37891
1263.50000,25024.51758
1264.00000,25051.71094
1264.50000,25074.47852
1265.00000,25084.93555
1265.50000,25084.14648
1266.00000,25076.26563
1266.50000,25070.92188
1267.00000,25075.80078
1267.50000,25091.45898
1268.00000,25112.95898
1268.50000,25133.30469
1269.00000,25147.95313
1269.50000,25155.29492
1270.00000,25158.02734
1270.50000,25156.83008
1271.00000,25153.19141
1271.50000,25149.26758
1272.00000,25150.14844
1272.50000,25162.90039
1273.00000,25190.78906
1273.50000,25229.20313
1274.00000,25268.18555
1274.50000,25297.89258
1275.00000,25312.61914
1275.50000,25319.97266
1276.00000,25328.83984
1276.50000,25344.30469
1277.00000,25363.86523
1277.50000,25379.12109
1278.00000,25383.55078
1278.50000,25377.75586
1279.00000,25370.33594
1279.50000,25370.85547
1280.00000,25381.34375
1280.50000,25399.21484
1281.00000,25415.97070
1281.50000,25425.51367
1282.00000,25428.05859
1282.50000,25427.43164
1283.00000,25428.49023
1283.50000,25433.75586
1284.00000,25443.23047
1284.50000,25454.74023
1285.00000,25467.40625
1285.50000,25481.16992
1286.00000,25497.32422
1286.50000,25515.77539
1287.00000,25534.49414
1287.50000,25549.12891
1288.00000,25555.11914
1288.50000,25550.83203
1289.00000,25541.98047
1289.50000,25539.20898
1290.00000,25550.90625
1290.50000,25583.08008
1291.00000,25625.07031
1291.50000,25661.82031
1292.00000,25680.49805
1292.50000,25677.16797
1293.00000,25660.53906
1293.50000,25645.53125
1294.00000,25642.93945
1294.50000,25650.83203
1295.00000,25661.48047
1295.50000,25667.16406
1296.00000,25668.54102
1296.50000,25674.60547
1297.00000,25695.21094
1297.50000,25730.99023
1298.00000,25772.53125
1298.50000,25805.73047
1299.00000,25822.07813
1299.50000,25818.88867
1300.00000,25807.04102
1300.50000,25795.98633
1301.00000,25790.97461
1301.50000,25791.96094
1302.00000,25794.83398
1302.50000,25797.16602
1303.00000,25800.08594
1303.50000,25806.81836
1304.00000,25820.54102
1304.50000,25839.88672
1305.00000,25862.19727
1305.50000,25882.67188
1306.00000,25897.20313
1306.50000,25904.83398
1307.00000,25905.06836
1307.50000,25899.23047
1308.00000,25889.09180
1308.50000,25875.73047
1309.00000,25859.88867
1309.50000,25840.59180
1310.00000,25818.39844
1310.50000,25795.39063
1311.00000,25776.52734
1311.50000,25768.46484
1312.00000,25772.86328
1312.50000,25785.96289
1313.00000,25798.95313
1313.50000,25803.96875
1314.00000,25798.90625
1314.50000,25791.61133
1315.00000,25792.66211
1315.50000,25803.74805
1316.00000,25817.81641
1316.50000,25822.25586
1317.00000,25809.00781
1317.50000,25783.71289
1318.00000,25761.77148
1318.50000,25758.15820
1319.00000,25773.45703
1319.50000,25799.11523
1320.00000,25818.74609
1320.50000,25820.08398
1321.00000,25805.60547
1321.50000,25780.29102
1322.00000,25750.68359
1322.50000,25719.17188
1323.00000,25686.91602
1323.50000,25657.58008
1324.00000,25638.33398
1324.50000,25631.61523
1325.00000,25636.72070
1325.50000,25643.84766
1326.00000,25645.98047
1326.50000,25642.42773
1327.00000,25636.36523
1327.50000,25630.23828
1328.00000,25621.82422
1328.50000,25606.07031
1329.00000,25583.25586
1329.50000,25560.61328
1330.00000,25549.22070
1330.50000,25559.37109
1331.00000,25584.70117
1331.50000,25612.36914
1332.00000,25627.77930
1332.50000,25624.26563
1333.00000,25606.05469
1333.50000,25585.19141
1334.00000,25570.90820
1334.50000,25563.44336
1335.00000,25558.85938
1335.50000,25551.97852
1336.00000,25542.03711
1336.50000,25533.19336
1337.00000,25530.53516
1337.50000,25535.32813
1338.00000,25543.46875
1338.50000,25548.26172
1339.00000,25545.53516
1339.50000,25533.91602
1340.00000,25518.88477
1340.50000,25504.97656
1341.00000,25493.94922
1341.50000,25484.98438
1342.00000,25476.79102
1342.50000,25470.60938
1343.00000,25469.31055
1343.50000,25473.05859
1344.00000,25478.24414
1344.50000,25478.69531
1345.00000,25469.36719
1345.50000,25454.77148
1346.00000,25443.15430
1346.50000,25441.20117
1347.00000,25449.00977
1347.50000,25458.24414
1348.00000,25458.34766
1348.50000,25442.57227
1349.00000,25415.54688
1349.50000,25384.67969
1350.00000,25358.05859
1350.50000,25338.47266
1351.00000,25322.18164
1351.50000,25305.15039
1352.00000,25285.58398
1352.50000,25264.88867
1353.00000,25246.23047
1353.50000,25231.77344
1354.00000,25221.96875
1354.50000,25212.96875
1355.00000,25198.09375
1355.50000,25172.51172
1356.00000,25131.77344
1356.50000,25080.10938
1357.00000,25026.25195
1357.50000,24981.33203
1358.00000,24951.70703
1358.50000,24937.99805
1359.00000,24931.57227
1359.50000,24924.27539
1360.00000,24911.40625
1360.50000,24892.24414
1361.00000,24870.70703
1361.50000,24849.60547
1362.00000,24829.27148
1362.50000,24808.14453
1363.00000,24785.01758
1363.50000,24761.05273
1364.00000,24739.32031
1364.50000,24722.04102
1365.00000,24711.25977
1365.50000,24704.63672
1366.00000,24700.30664
1366.50000,24695.76953
1367.00000,24688.39258
1367.50000,24675.14258
1368.00000,24653.74219
1368.50000,24622.59961
1369.00000,24585.69141
1369.50000,24548.66992
1370.00000,24517.43945
1370.50000,24496.13672
1371.00000,24481.82227
1371.50000,24469.47852
1372.00000,24453.73438
1372.50000,24432.28906
1373.00000,24405.76563
1373.50000,24376.86133
1374.00000,24347.64844
1374.50000,24320.18164
1375.00000,24297.98242
1375.50000,24283.09961
1376.00000,24277.73828
1376.50000,24278.58789
1377.00000,24278.81641
1377.50000,24270.39844
1378.00000,24249.68359
1378.50000,24217.91016
1379.00000,24184.37891
1379.50000,24159.44922
1380.00000,24145.47070
1380.50000,24140.87891
1381.00000,24137.40430
1381.50000,24128.35156
1382.00000,24113.01367
1382.50000,24097.08398
1383.00000,24088.91211
1383.50000,24091.79688
1384.00000,24103.43945
1384.50000,24112.51172
1385.00000,24105.50391
1385.50000,24079.66602
1386.00000,24039.50000
1386.50000,23999.77930
1387.00000,23973.71875
1387.50000,23965.91992
1388.00000,23968.55664
1388.50000,23968.93945
1389.00000,23957.64453
1389.50000,23930.38086
1390.00000,23896.54883
1390.50000,23865.10547
1391.00000,23840.65234
1391.50000,23821.60742
1392.00000,23802.31836
1392.50000,23779.27930
1393.00000,23753.88477
1393.50000,23730.29688
1394.00000,23711.78320
1394.50000,23696.84961
1395.00000,23683.41797
1395.50000,23669.75977
1396.00000,23655.98242
1396.50000,23642.07422
1397.00000,23626.04102
1397.50000,23604.62305
1398.00000,23576.93359
1398.50000,23544.85352
1399.00000,23513.38477
1399.50000,23485.14258
1400.00000,23457.75977
1400.50000,23427.77148
1401.00000,23395.34961
1401.50000,23365.78320
1402.00000,23346.01367
1402.50000,23338.27539
1403.00000,23338.21289
1403.50000,23335.62109
1404.00000,23321.12500
1404.50000,23296.00781
1405.00000,23266.28906
1405.50000,23241.63477
1406.00000,23228.92969
1406.50000,23227.92969
1407.00000,23233.36719
1407.50000,23235.98633
1408.00000,23226.10352
1408.50000,23194.49219
1409.00000,23145.60352
1409.50000,23089.03125
1410.00000,23042.65625
1410.50000,23023.53711
1411.00000,23031.09961
1411.50000,23052.72070
1412.00000,23069.56836
1412.50000,23068.33984
1413.00000,23045.50000
1413.50000,23011.74023
1414.00000,22978.59766
1414.50000,22953.94336
1415.00000,22940.89258
1415.50000,22934.17969
1416.00000,22927.94922
1416.50000,22916.74609
1417.00000,22897.77344
1417.50000,22871.34570
1418.00000,22841.25586
1418.50000,22811.98047
1419.00000,22787.02148
1419.50000,22769.06641
1420.00000,22755.89453
1420.50000,22744.77734
1421.00000,22731.59766
1421.50000,22712.31836
1422.00000,22684.55273
1422.50000,22649.38867
1423.00000,22611.23633
1423.50000,22576.86133
1424.00000,22553.52539
1424.50000,22540.47656
1425.00000,22534.98828
1425.50000,22529.53516
1426.00000,22518.65625
1426.50000,22501.96875
1427.00000,22483.34180
1427.50000,22467.97852
1428.00000,22458.42188
1428.50000,22453.89648
1429.00000,22449.64844
1429.50000,22440.56055
1430.00000,22424.94922
1430.50000,22402.81445
1431.00000,22378.58984
1431.50000,22358.07813
1432.00000,22346.11914
1432.50000,22343.63672
1433.00000,22348.79688
1433.50000,22355.87109
1434.00000,22360.48242
1434.50000,22361.87305
1435.00000,22360.37109
1435.50000,22356.96875
1436.00000,22350.57813
1436.50000,22339.81445
1437.00000,22324.73633
1437.50000,22307.90430
1438.00000,22293.58398
1438.50000,22285.95313
1439.00000,22284.66602
1439.50000,22289.09180
1440.00000,22296.50195
1440.50000,22305.49805
1441.00000,22313.51172
1441.50000,22316.00977
1442.00000,22307.62891
1442.50000,22286.05469
1443.00000,22251.70117
1443.50000,22212.17188
1444.00000,22175.31250
1444.50000,22145.65430
1445.00000,22125.57227
1445.50000,22112.79492
1446.00000,22105.82227
1446.50000,22102.05469
1447.00000,22098.14453
1447.50000,22090.66992
1448.00000,22079.11523
1448.50000,22066.43164
1449.00000,22058.19922
1449.50000,22058.91992
1450.00000,22063.76367
1450.50000,22064.34180
1451.00000,22054.53711
1451.50000,22035.16211
1452.00000,22014.58203
1452.50000,22002.13672
1453.00000,22002.07813
1453.50000,22007.53125
1454.00000,22007.97070
1454.50000,21997.50586
1455.00000,21976.22852
1455.50000,21952.42188
1456.00000,21934.17969
1456.50000,21925.56445
1457.00000,21925.55664
1457.50000,21930.10352
1458.00000,21933.19922
1458.50000,21929.29883
1459.00000,21918.18555
1459.50000,21902.53125
1460.00000,21890.09375
1460.50000,21887.80664
1461.00000,21895.47266
1461.50000,21906.12500
1462.00000,21908.87695
1462.50000,21896.90234
1463.00000,21869.50391
1463.50000,21837.59570
1464.00000,21814.58008
1464.50000,21806.76758
1465.00000,21815.17578
1465.50000,21831.48242
1466.00000,21848.05078
1466.50000,21860.14063
1467.00000,21867.14063
1467.50000,21870.27734
1468.00000,21871.63867
1468.50000,21872.11523
1469.00000,21872.98828
1469.50000,21876.67773
1470.00000,21884.91016
1470.50000,21898.96094
1471.00000,21916.53906
1471.50000,21933.02930
1472.00000,21943.04297
1472.50000,21943.87305
1473.00000,21934.77930
1473.50000,21921.05664
1474.00000,21908.66016
1474.50000,21901.48438
1475.00000,21900.27148
1475.50000,21900.57227
1476.00000,21896.87109
1476.50000,21886.40234
1477.00000,21871.70508
1477.50000,21859.09180
1478.00000,21853.81836
1478.50000,21858.08984
1479.00000,21864.80469
1479.50000,21866.01563
1480.00000,21858.49219
1480.50000,21842.65430
1481.00000,21823.00000
1481.50000,21802.85352
1482.00000,21783.17773
1482.50000,21764.32227
1483.00000,21749.19922
1483.50000,21741.18164
1484.00000,21744.24219
1484.50000,21754.35547
1485.00000,21766.25391
1485.50000,21774.30469
1486.00000,21776.05664
1486.50000,21772.85352
1487.00000,21767.68359
1487.50000,21763.40234
1488.00000,21762.92969
1488.50000,21771.23047
1489.00000,21788.96484
1489.50000,21815.54102
1490.00000,21843.08398
1490.50000,21862.50586
1491.00000,21869.18945
1491.50000,21864.66406
1492.00000,21854.71484
1492.50000,21845.75195
1493.00000,21840.59180
1493.50000,21838.24023
1494.00000,21837.41602
1494.50000,21835.42773
1495.00000,21827.67773
1495.50000,21810.64453
1496.00000,21783.89648
1496.50000,21755.01758
1497.00000,21737.00781
1497.50000,21740.89453
1498.00000,21762.94727
1498.50000,21793.98828
1499.00000,21819.37695
1499.50000,21830.00586
1500.00000,21829.05273
1500.50000,21822.26172
1501.00000,21814.78906
1501.50000,21807.20117
1502.00000,21798.28125
1502.50000,21789.06055
1503.00000,21783.76758
1503.50000,21785.63867
1504.00000,21797.94922
1504.50000,21817.24609
1505.00000,21839.75586
1505.50000,21860.04688
1506.00000,21873.84766
1506.50000,21879.45898
1507.00000,21878.67188
1507.50000,21874.58203
1508.00000,21870.97461
1508.50000,21869.91797
1509.00000,21871.17383
1509.50000,21876.26563
1510.00000,21886.84766
1510.50000,21904.26563
1511.00000,21924.43945
1511.50000,21938.35742
1512.00000,21936.25000
1512.50000,21917.33984
1513.00000,21886.58594
1513.50000,21857.32422
1514.00000,21840.77539
1514.50000,21837.04492
1515.00000,21845.33008
1515.50000,21862.07813
1516.00000,21884.77344
1516.50000,21907.66797
1517.00000,21920.52344
1517.50000,21910.29883
1518.00000,21877.93359
1518.50000,21834.57813
1519.00000,21801.78320
1519.50000,21796.79297
1520.00000,21815.10156
1520.50000,21841.24805
1521.00000,21855.81641
1521.50000,21849.58008
1522.00000,21826.35742
1522.50000,21801.16016
1523.00000,21784.54102
1523.50000,21776.69922
1524.00000,21774.95313
1524.50000,21774.57031
1525.00000,21774.44531
1525.50000,21774.66602
1526.00000,21774.01563
1526.50000,21769.90234
1527.00000,21761.33203
1527.50000,21749.56055
1528.00000,21738.10742
1528.50000,21729.36133
1529.00000,21722.17383
1529.50000,21714.58594
1530.00000,21705.92188
1530.50000,21697.63477
1531.00000,21690.85547
1531.50000,21684.18164
1532.00000,21674.53711
1532.50000,21661.37305
1533.00000,21648.57031
1533.50000,21642.64844
1534.00000,21650.40820
1534.50000,21666.16602
1535.00000,21680.17383
1535.50000,21683.20898
1536.00000,21672.35938
1536.50000,21652.65234
1537.00000,21633.18555
1537.50000,21620.07422
1538.00000,21611.69531
1538.50000,21602.53125
1539.00000,21588.32227
1539.50000,21567.59180
1540.00000,21543.44336
1540.50000,21518.86719
1541.00000,21495.32227
1541.50000,21472.74414
1542.00000,21451.82031
1542.50000,21434.84961
1543.00000,21427.05664
1543.50000,21428.81055
1544.00000,21438.75781
1544.50000,21448.43945
1545.00000,21448.08594
1545.50000,21432.56445
1546.00000,21404.35352
1546.50000,21372.01563
1547.00000,21344.83789
1547.50000,21329.16211
1548.00000,21322.93164
1548.50000,21323.58398
1549.00000,21325.92188
1549.50000,21328.21094
1550.00000,21330.66211
1550.50000,21333.51172
1551.00000,21335.11133
1551.50000,21331.54297
1552.00000,21317.00391
1552.50000,21289.81445
1553.00000,21249.41211
1553.50000,21206.18945
1554.00000,21173.13867
1554.50000,21158.18555
1555.00000,21165.24023
1555.50000,21186.18555
1556.00000,21207.83203
1556.50000,21217.31641
1557.00000,21210.11328
1557.50000,21188.50781
1558.00000,21162.50195
1558.50000,21138.83789
1559.00000,21118.82031
1559.50000,21099.67773
1560.00000,21077.69141
1560.50000,21052.70117
1561.00000,21029.95703
1561.50000,21015.46680
1562.00000,21012.55273
1562.50000,21016.72266
1563.00000,21022.14648
1563.50000,21024.40430
1564.00000,21023.94141
1564.50000,21025.13281
1565.00000,21029.96875
1565.50000,21035.06055
1566.00000,21034.32227
1566.50000,21023.74805
1567.00000,21006.31445
1567.50000,20988.53906
1568.00000,20976.55078
1568.50000,20972.38672
1569.00000,20971.21289
1569.50000,20968.22461
1570.00000,20960.89453
1570.50000,20949.49219
1571.00000,20936.38477
1571.50000,20924.06836
1572.00000,20913.77539
1572.50000,20905.13477
1573.00000,20898.20898
1573.50000,20893.26367
1574.00000,20892.68555
1574.50000,20897.34961
1575.00000,20905.39844
1575.50000,20909.07227
1576.00000,20898.44922
1576.50000,20866.61133
1577.00000,20819.16016
1577.50000,20768.97266
1578.00000,20732.09570
1578.50000,20722.25000
1579.00000,20728.86719
1579.50000,20737.86914
1580.00000,20735.48047
1580.50000,20716.72656
1581.00000,20686.77539
1581.50000,20654.68359
1582.00000,20625.14258
1582.50000,20596.58984
1583.00000,20567.01758
1583.50000,20538.28125
1584.00000,20515.71094
1584.50000,20500.66992
1585.00000,20488.73047
1585.50000,20470.09961
1586.00000,20439.31055
1586.50000,20399.20313
1587.00000,20359.79492
1587.50000,20329.62695
1588.00000,20307.00195
1588.50000,20285.16211
1589.00000,20257.65234
1589.50000,20225.56055
1590.00000,20196.03320
1590.50000,20174.86328
1591.00000,20161.10352
1591.50000,20147.26953
1592.00000,20124.14844
1592.50000,20089.29883
1593.00000,20042.93359
1593.50000,19992.84766
1594.00000,19946.92383
1594.50000,19911.92578
1595.00000,19892.71680
1595.50000,19885.79297
1596.00000,19879.37695
1596.50000,19860.60156
1597.00000,19825.38086
1597.50000,19775.96484
1598.00000,19724.73047
1598.50000,19681.41211
1599.00000,19646.84766
1599.50000,19617.13867
1600.00000,19587.89063
1600.50000,19558.33789
1601.00000,19530.05469
1601.50000,19504.19141
1602.00000,19481.24609
1602.50000,19460.80664
1603.00000,19443.62109
1603.50000,19427.79102
1604.00000,19408.61914
1604.50000,19380.83789
1605.00000,19340.38867
1605.50000,19289.17773
1606.00000,19233.91992
1606.50000,19180.64258
1607.00000,19133.02930
1607.50000,19095.19531
1608.00000,19067.00781
1608.50000,19049.19141
1609.00000,19034.52734
1609.50000,19014.51563
1610.00000,18985.08398
1610.50000,18948.69336
1611.00000,18912.00195
1611.50000,18878.74023
1612.00000,18844.86133
1612.50000,18803.42188
1613.00000,18751.20898
1613.50000,18697.45898
1614.00000,18654.46680
1614.50000,18626.65625
1615.00000,18608.93359
1615.50000,18587.83398
1616.00000,18554.18164
1616.50000,18506.33398
1617.00000,18450.92773
1617.50000,18392.72070
1618.00000,18334.99023
1618.50000,18279.92969
1619.00000,18229.91406
1619.50000,18188.73242
1620.00000,18156.04688
1620.50000,18127.44336
1621.00000,18095.89453
1621.50000,18055.99023
1622.00000,18006.20703
1622.50000,17951.25391
1623.00000,17895.11523
1623.50000,17841.18164
1624.00000,17791.24219
1624.50000,17744.95117
1625.00000,17701.88867
1625.50000,17661.74414
1626.00000,17624.37500
1626.50000,17589.22266
1627.00000,17553.88867
1627.50000,17514.41016
1628.00000,17469.40625
1628.50000,17420.25195
1629.00000,17372.49414
1629.50000,17331.99609
1630.00000,17300.23633
1630.50000,17273.82227
1631.00000,17245.89258
1631.50000,17211.46484
1632.00000,17168.99609
1632.50000,17123.00000
1633.00000,17078.41016
1633.50000,17038.15430
1634.00000,17002.39648
1634.50000,16967.03906
1635.00000,16928.29297
1635.50000,16885.10156
1636.00000,16839.93750
1636.50000,16796.56055
1637.00000,16756.34180
1637.50000,16716.35742
1638.00000,16671.83398
1638.50000,16619.27148
1639.00000,16562.62500
1639.50000,16510.18555
1640.00000,16470.78906
1640.50000,16446.97266
1641.00000,16433.82422
1641.50000,16420.11523
1642.00000,16393.69531
1642.50000,16351.17090
1643.00000,16292.12305
1643.50000,16229.98633
1644.00000,16176.76270
1644.50000,16137.88574
1645.00000,16111.98926
1645.50000,16091.29883
1646.00000,16067.10156
1646.50000,16035.35547
1647.00000,15998.40918
1647.50000,15958.60742
1648.00000,15918.40723
1648.50000,15878.70117
1649.00000,15840.56055
1649.50000,15805.69824
1650.00000,15774.36523
1650.50000,15744.75391
1651.00000,15713.93555
1651.50000,15680.24316
1652.00000,15643.70215
1652.50000,15606.45313
1653.00000,15568.81445
1653.50000,15530.06543
1654.00000,15489.79785
1654.50000,15450.15527
1655.00000,15415.39355
1655.50000,15388.09082
1656.00000,15366.67969
1656.50000,15347.21484
1657.00000,15325.12891
1657.50000,15297.54980
1658.00000,15267.03516
1658.50000,15237.07617
1659.00000,15209.61914
1659.50000,15183.57813
1660.00000,15154.83203
1660.50000,15118.50781
1661.00000,15072.96094
1661.50000,15023.85547
1662.00000,14980.95117
1662.50000,14951.80371
1663.00000,14943.06934
1663.50000,14946.41504
1664.00000,14948.40234
1664.50000,14936.54395
1665.00000,14905.55371
1665.50000,14860.49121
1666.00000,14813.70410
1666.50000,14776.71387
1667.00000,14749.61816
1667.50000,14727.87891
1668.00000,14703.85742
1668.50000,14674.84863
1669.00000,14644.79492
1669.50000,14619.20215
1670.00000,14599.02344
1670.50000,14580.17090
1671.00000,14556.85840
1671.50000,14526.67578
1672.00000,14490.18066
1672.50000,14453.37402
1673.00000,14422.35938
1673.50000,14400.25000
1674.00000,14390.18652
1674.50000,14390.16016
1675.00000,14394.13965
1675.50000,14392.46973
1676.00000,14377.90039
1676.50000,14346.63867
1677.00000,14305.90820
1677.50000,14265.01953
1678.00000,14231.92773
1678.50000,14208.55078
1679.00000,14188.88184
1679.50000,14166.07617
1680.00000,14136.88184
1680.50000,14104.41309
1681.00000,14075.80469
1681.50000,14054.97949
1682.00000,14041.47168
1682.50000,14027.58984
1683.00000,14005.16602
1683.50000,13974.61621
1684.00000,13943.39941
1684.50000,13920.94531
1685.00000,13911.85352
1685.50000,13912.06934
1686.00000,13910.32910
1686.50000,13896.63770
1687.00000,13871.38965
1687.50000,13837.87207
1688.00000,13804.14160
1688.50000,13775.17676
1689.00000,13751.25391
1689.50000,13730.63672
1690.00000,13711.17773
1690.50000,13691.40332
1691.00000,13670.88477
1691.50000,13650.35840
1692.00000,13631.20801
1692.50000,13613.92676
1693.00000,13599.05078
1693.50000,13586.54199
1694.00000,13578.19336
1694.50000,13574.64258
1695.00000,13573.36523
1695.50000,13567.51367
1696.00000,13549.85742
1696.50000,13515.46582
1697.00000,13473.20508
1697.50000,13437.27930
1698.00000,13415.83887
1698.50000,13410.15527
1699.00000,13409.12305
1699.50000,13400.31250
1700.00000,13379.76270
1700.50000,13352.66797
1701.00000,13327.09180
1701.50000,13308.47852
1702.00000,13300.13281
1702.50000,13298.11133
1703.00000,13298.99414
1703.50000,13297.20898
1704.00000,13285.95215
1704.50000,13261.44141
1705.00000,13226.31250
1705.50000,13190.06445
1706.00000,13162.39648
1706.50000,13149.03320
1707.00000,13143.78711
1707.50000,13137.06543
1708.00000,13122.89160
1708.50000,13102.35059
1709.00000,13083.31641
1709.50000,13073.10449
1710.00000,13072.39941
1710.50000,13073.06738
1711.00000,13065.31250
1711.50000,13045.91797
1712.00000,13016.23145
1712.50000,12986.50684
1713.00000,12965.48926
1713.50000,12953.61133
1714.00000,12947.33496
1714.50000,12940.96875
1715.00000,12931.75098
1715.50000,12920.99512
1716.00000,12911.01660
1716.50000,12901.57227
1717.00000,12889.96191
1717.50000,12872.23340
1718.00000,12848.90430
1718.50000,12822.27734
1719.00000,12795.76660
1719.50000,12772.11426
1720.00000,12753.99707
1720.50000,12744.32715
1721.00000,12746.04590
1721.50000,12756.25391
1722.00000,12769.24902
1722.50000,12775.70508
1723.00000,12766.66309
1723.50000,12745.20117
1724.00000,12717.03320
1724.50000,12689.16309
1725.00000,12665.01074
1725.50000,12644.88672
1726.00000,12627.73535
1726.50000,12614.97070
1727.00000,12606.07227
1727.50000,12598.79297
1728.00000,12588.66797
1728.50000,12574.31348
1729.00000,12559.91992
1729.50000,12551.00781
1730.00000,12549.04883
1730.50000,12549.07910
1731.00000,12545.13477
1731.50000,12537.22070
1732.00000,12529.28125
1732.50000,12524.16797
1733.00000,12518.61719
1733.50000,12506.57129
1734.00000,12486.05566
1734.50000,12463.07910
1735.00000,12446.32910
1735.50000,12440.64844
1736.00000,12440.46191
1736.50000,12439.11035
1737.00000,12433.11523
1737.50000,12421.41016
1738.00000,12405.50781
1738.50000,12385.19824
1739.00000,12362.02344
1739.50000,12339.96875
1740.00000,12324.05957
1740.50000,12315.55859
1741.00000,12311.14258
1741.50000,12305.57617
1742.00000,12295.77930
1742.50000,12283.04980
1743.00000,12268.71582
1743.50000,12254.33984
1744.00000,12242.06348
1744.50000,12235.16797
1745.00000,12236.11035
1745.50000,12242.89258
1746.00000,12247.32324
1746.50000,12240.13770
1747.00000,12220.66504
1747.50000,12191.86133
1748.00000,12164.52344
1748.50000,12147.35645
1749.00000,12142.18066
1749.50000,12145.71582
1750.00000,12150.62207
1750.50000,12149.79492
1751.00000,12140.27344
1751.50000,12126.09082
1752.00000,12112.35254
1752.50000,12102.36035
1753.00000,12095.37891
1753.50000,12088.08496
1754.00000,12078.52441
1754.50000,12066.89063
1755.00000,12054.26563
1755.50000,12041.72363
1756.00000,12030.92188
1756.50000,12025.28027
1757.00000,12025.20020
1757.50000,12027.12988
1758.00000,12022.94434
1758.50000,12005.89453
1759.00000,11978.04590
1759.50000,11947.83789
1760.00000,11924.73633
1760.50000,11911.13770
1761.00000,11905.96680
1761.50000,11905.03027
1762.00000,11908.05371
1762.50000,11913.44922
1763.00000,11918.38281
1763.50000,11918.74414
1764.00000,11911.29688
1764.50000,11896.74609
1765.00000,11879.59180
1765.50000,11863.66797
1766.00000,11850.93848
1766.50000,11842.59082
1767.00000,11836.90039
1767.50000,11831.91504
1768.00000,11825.84863
1768.50000,11818.27930
1769.00000,11810.43555
1769.50000,11803.25781
1770.00000,11795.79102
1770.50000,11786.25488
1771.00000,11773.71973
1771.50000,11760.23340
1772.00000,11747.80176
1772.50000,11735.53711
1773.00000,11719.97070
1773.50000,11698.75586
1774.00000,11673.15723
1774.50000,11648.49316
1775.00000,11630.02539
1775.50000,11621.70215
1776.00000,11622.78516
1776.50000,11631.21777
1777.00000,11640.35156
1777.50000,11642.50293
1778.00000,11632.88867
1778.50000,11610.57129
1779.00000,11584.80371
1779.50000,11566.91895
1780.00000,11564.43164
1780.50000,11573.99023
1781.00000,11584.78223
1781.50000,11586.86426
1782.00000,11575.95313
1782.50000,11559.77148
1783.00000,11547.27539
1783.50000,11541.38867
1784.00000,11537.96484
1784.50000,11529.55469
1785.00000,11511.66113
1785.50000,11486.22852
1786.00000,11461.65332
1786.50000,11446.92773
1787.00000,11443.90332
1787.50000,11452.38379
1788.00000,11462.68848
1788.50000,11466.01563
1789.00000,11458.06152
1789.50000,11440.85742
1790.00000,11422.18262
1790.50000,11409.41895
1791.00000,11406.07617
1791.50000,11408.03125
1792.00000,11409.18750
1792.50000,11403.84766
1793.00000,11387.61523
1793.50000,11362.21973
1794.00000,11334.27637
1794.50000,11314.45605
1795.00000,11308.26563
1795.50000,11313.87793
1796.00000,11320.35547
1796.50000,11317.22559
1797.00000,11307.31738
1797.50000,11297.42090
1798.00000,11292.49414
1798.50000,11291.26563
1799.00000,11289.03516
1799.50000,11285.24121
1800.00000,11282.68457
1800.50000,11281.87305
1801.00000,11278.14258
1801.50000,11268.65430
1802.00000,11255.59473
1802.50000,11246.12207
1803.00000,11245.59570
1803.50000,11250.76172
1804.00000,11257.34668
1804.50000,11263.54590
1805.00000,11268.16406
1805.50000,11265.58789
1806.00000,11251.28613
1806.50000,11222.36230
1807.00000,11189.05176
1807.50000,11162.43066
1808.00000,11144.93457
1808.50000,11134.03125
1809.00000,11127.42676
1809.50000,11127.61035
1810.00000,11136.30957
