440.00000,13027.78516
440.50000,12987.83887
441.00000,12952.87402
441.50000,12915.49609
442.00000,12871.56738
442.50000,12822.38770
443.00000,12772.72559
443.50000,12730.23438
444.00000,12697.94141
444.50000,12674.25000
445.00000,12653.55176
445.50000,12630.72070
446.00000,12604.12988
446.50000,12577.10645
447.00000,12554.16113
447.50000,12538.89160
448.00000,12530.71289
448.50000,12526.29492
449.00000,12520.66406
449.50000,12511.74219
450.00000,12499.60352
450.50000,12486.85742
451.00000,12477.73730
451.50000,12474.23926
452.00000,12478.28027
452.50000,12488.73438
453.00000,12504.40723
453.50000,12522.48828
454.00000,12539.54492
454.50000,12553.56152
455.00000,12564.86719
455.50000,12574.78516
456.00000,12586.00195
456.50000,12600.38086
457.00000,12616.29590
457.50000,12630.99219
458.00000,12641.63477
458.50000,12645.97461
459.00000,12643.75488
459.50000,12636.95801
460.00000,12624.86914
460.50000,12606.79785
461.00000,12577.59863
461.50000,12536.43555
462.00000,12484.30664
462.50000,12427.63574
463.00000,12373.84375
463.50000,12330.36035
464.00000,12302.44434
464.50000,12289.36719
465.00000,12284.85156
465.50000,12283.93262
466.00000,12280.83203
466.50000,12270.39551
467.00000,12253.40332
467.50000,12231.61035
468.00000,12208.53223
468.50000,12187.76465
469.00000,12172.56738
469.50000,12163.25098
470.00000,12158.70117
470.50000,12156.23047
471.00000,12154.47363
471.50000,12153.15137
472.00000,12154.62207
472.50000,12160.96094
473.00000,12173.75684
473.50000,12192.39160
474.00000,12214.22363
474.50000,12235.59277
475.00000,12254.29688
475.50000,12270.05273
476.00000,12285.02051
476.50000,12301.59082
477.00000,12321.01270
477.50000,12342.28223
478.00000,12362.82617
478.50000,12380.53711
479.00000,12394.74316
479.50000,12407.48242
480.00000,12423.24707
480.50000,12444.81348
481.00000,12475.15820
481.50000,12512.15625
482.00000,12554.13574
482.50000,12597.38672
483.00000,12639.49609
483.50000,12679.72461
484.00000,12717.93066
484.50000,12753.29102
485.00000,12784.27539
485.50000,12807.43945
486.00000,12822.90723
486.50000,12829.42188
487.00000,12829.91602
487.50000,12826.96777
488.00000,12823.53516
488.50000,12820.01855
489.00000,12814.45117
489.50000,12803.97852
490.00000,12783.67480
490.50000,12752.06641
491.00000,12707.31250
491.50000,12653.38379
492.00000,12592.19043
492.50000,12527.92969
493.00000,12464.58496
493.50000,12404.96289
494.00000,12349.52246
494.50000,12297.94141
495.00000,12248.36719
495.50000,12199.75879
496.00000,12151.70117
496.50000,12105.31250
497.00000,12061.34180
497.50000,12020.30078
498.00000,11981.40332
498.50000,11943.35938
499.00000,11905.79395
499.50000,11870.01367
500.00000,11839.16406
500.50000,11814.64746
501.00000,11798.75879
501.50000,11787.64453
502.00000,11776.60254
502.50000,11762.02832
503.00000,11742.48242
503.50000,11719.75781
504.00000,11698.99707
504.50000,11685.68066
505.00000,11680.69629
505.50000,11684.82520
506.00000,11693.31543
506.50000,11701.83594
507.00000,11706.20215
507.50000,11704.79590
508.00000,11698.71387
508.50000,11690.55664
509.00000,11683.61133
509.50000,11680.78906
510.00000,11683.34180
510.50000,11688.90234
511.00000,11694.91113
511.50000,11698.48633
512.00000,11697.21973
512.50000,11691.98145
513.00000,11685.63086
513.50000,11680.87500
514.00000,11679.14160
514.50000,11680.50586
515.00000,11682.54297
515.50000,11682.17676
516.00000,11678.50684
516.50000,11671.05273
517.00000,11661.43945
517.50000,11651.60352
518.00000,11643.83887
518.50000,11639.51074
519.00000,11639.60059
519.50000,11643.49707
520.00000,11650.56055
520.50000,11658.03516
521.00000,11662.69629
521.50000,11663.46191
522.00000,11660.23926
522.50000,11655.33887
523.00000,11651.94531
523.50000,11653.12012
524.00000,11658.47461
524.50000,11666.39844
525.00000,11674.24219
525.50000,11680.15430
526.00000,11684.62305
526.50000,11689.79004
527.00000,11697.49609
527.50000,11708.36816
528.00000,11721.29199
528.50000,11734.32422
529.00000,11745.77832
529.50000,11755.97461
530.00000,11766.36426
530.50000,11778.14355
531.00000,11791.78027
531.50000,11805.74414
532.00000,11816.85156
532.50000,11822.91211
533.00000,11822.91406
533.50000,11817.29785
534.00000,11808.29199
534.50000,11798.31738
535.00000,11790.22168
535.50000,11786.56250
536.00000,11787.35840
536.50000,11793.16211
537.00000,11802.38672
537.50000,11813.24805
538.00000,11823.55469
538.50000,11832.31934
539.00000,11839.58496
539.50000,11846.29395
540.00000,11853.10352
540.50000,11859.52148
541.00000,11862.96094
541.50000,11861.44141
542.00000,11852.94727
542.50000,11838.52637
543.00000,11821.39160
543.50000,11807.17773
544.00000,11800.13281
544.50000,11802.94629
545.00000,11812.83203
545.50000,11827.02148
546.00000,11840.14063
546.50000,11847.45215
547.00000,11848.74023
547.50000,11845.28711
548.00000,11839.89844
548.50000,11835.45313
549.00000,11834.01660
549.50000,11835.19629
550.00000,11837.30762
550.50000,11838.27930
551.00000,11836.29785
551.50000,11831.41309
552.00000,11824.35059
552.50000,11817.25781
553.00000,11811.82813
553.50000,11808.64844
554.00000,11806.81738
554.50000,11804.55664
555.00000,11799.57422
555.50000,11789.33496
556.00000,11774.73926
556.50000,11756.69629
557.00000,11737.98145
557.50000,11721.71680
558.00000,11710.85547
558.50000,11705.95020
559.00000,11705.85059
559.50000,11707.34766
560.00000,11707.31348
560.50000,11704.07324
561.00000,11697.10840
561.50000,11689.72266
562.00000,11685.38379
562.50000,11685.79590
563.00000,11690.31836
563.50000,11695.99316
564.00000,11698.16797
564.50000,11693.57617
565.00000,11684.43262
565.50000,11674.43945
566.00000,11668.60742
566.50000,11671.98828
567.00000,11685.65332
567.50000,11707.52930
568.00000,11733.98926
568.50000,11761.82617
569.00000,11788.70898
569.50000,11812.83008
570.00000,11829.68457
570.50000,11837.12695
571.00000,11831.11035
571.50000,11813.94727
572.00000,11789.58789
572.50000,11765.93555
573.00000,11752.46582
573.50000,11754.64844
574.00000,11769.09277
574.50000,11791.17773
575.00000,11812.91699
575.50000,11828.29492
576.00000,11836.86816
576.50000,11841.77539
577.00000,11847.78906
577.50000,11857.23730
578.00000,11869.34375
578.50000,11880.73145
579.00000,11886.58203
579.50000,11885.01758
580.00000,11875.17188
580.50000,11860.23633
581.00000,11841.16895
581.50000,11819.27637
582.00000,11793.90723
582.50000,11764.41016
583.00000,11731.68555
583.50000,11697.68164
584.00000,11665.33496
584.50000,11638.07617
585.00000,11616.66113
585.50000,11601.79492
586.00000,11589.48242
586.50000,11576.65820
587.00000,11561.00684
587.50000,11541.77148
588.00000,11520.40430
588.50000,11500.71875
589.00000,11487.13672
589.50000,11480.52734
590.00000,11481.50684
590.50000,11485.49512
591.00000,11487.87598
591.50000,11484.61914
592.00000,11475.10840
592.50000,11463.32813
593.00000,11454.71387
593.50000,11454.27734
594.00000,11462.65430
594.50000,11478.63770
595.00000,11495.27344
595.50000,11506.57520
596.00000,11511.06055
596.50000,11508.60938
597.00000,11502.10059
597.50000,11494.19922
598.00000,11486.48535
598.50000,11479.33496
599.00000,11473.51367
599.50000,11470.23242
600.00000,11472.47266
600.50000,11480.42188
601.00000,11493.91113
601.50000,11507.99023
602.00000,11517.84668
602.50000,11520.89355
603.00000,11517.83105
603.50000,11511.88965
604.00000,11508.39551
604.50000,11512.71289
605.00000,11524.13672
605.50000,11542.14648
606.00000,11562.98242
606.50000,11583.73828
607.00000,11602.03613
607.50000,11616.09180
608.00000,11625.38672
608.50000,11630.40137
609.00000,11631.07324
609.50000,11628.75684
610.00000,11623.61035
610.50000,11616.63574
611.00000,11608.36719
611.50000,11600.16699
612.00000,11593.94922
612.50000,11591.58105
613.00000,11593.86719
613.50000,11600.24609
614.00000,11607.23633
614.50000,11611.00781
615.00000,11611.09961
615.50000,11609.22266
616.00000,11609.88867
616.50000,11618.42383
617.00000,11637.24609
617.50000,11664.15430
618.00000,11693.99219
618.50000,11722.01172
619.00000,11745.39844
619.50000,11765.25293
620.00000,11783.63867
620.50000,11803.49902
621.00000,11826.46387
621.50000,11852.64648
622.00000,11882.91406
622.50000,11918.55762
623.00000,11960.76074
623.50000,12010.72070
624.00000,12065.54395
624.50000,12121.75098
625.00000,12176.33887
625.50000,12228.25195
626.00000,12279.42578
626.50000,12333.03809
627.00000,12391.37891
627.50000,12453.19629
628.00000,12514.50293
628.50000,12570.96777
629.00000,12618.42676
629.50000,12657.84277
630.00000,12689.93457
630.50000,12719.16113
631.00000,12747.20020
631.50000,12773.06445
632.00000,12793.04102
632.50000,12802.84082
633.00000,12800.04199
633.50000,12783.31543
634.00000,12759.01172
634.50000,12734.45508
635.00000,12715.82715
635.50000,12707.99707
636.00000,12709.01758
636.50000,12714.97949
637.00000,12719.27051
637.50000,12717.32520
638.00000,12708.90918
638.50000,12697.81934
639.00000,12688.82227
639.50000,12685.06445
640.00000,12688.88477
640.50000,12697.26660
641.00000,12706.41309
641.50000,12712.88672
642.00000,12714.10352
642.50000,12708.39551
643.00000,12694.90723
643.50000,12671.24707
644.00000,12637.66992
644.50000,12593.18262
645.00000,12541.88086
645.50000,12486.27148
646.00000,12430.71582
646.50000,12379.20898
647.00000,12334.91406
647.50000,12300.09961
648.00000,12275.80469
648.50000,12260.56348
649.00000,12254.14551
649.50000,12252.73340
650.00000,12254.19824
650.50000,12256.07324
651.00000,12258.46680
651.50000,12263.43848
652.00000,12273.95020
652.50000,12291.74121
653.00000,12315.37207
653.50000,12340.93750
654.00000,12361.65332
654.50000,12367.80273
655.00000,12358.82422
655.50000,12332.44531
656.00000,12294.22754
656.50000,12249.01563
657.00000,12202.24023
657.50000,12157.52441
658.00000,12116.18750
658.50000,12077.50977
659.00000,12042.05273
659.50000,12010.11914
660.00000,11984.00195
660.50000,11963.49512
661.00000,11948.15625
661.50000,11934.31055
662.00000,11918.23438
662.50000,11898.37598
663.00000,11876.43359
663.50000,11856.61621
664.00000,11843.13086
664.50000,11841.55371
665.00000,11849.62109
665.50000,11863.95215
666.00000,11879.43262
666.50000,11893.09570
667.00000,11904.76465
667.50000,11916.51270
668.00000,11931.06445
668.50000,11948.93652
669.00000,11968.09766
669.50000,11985.22168
670.00000,11997.20313
670.50000,12004.51270
671.00000,12008.69629
671.50000,12012.82715
672.00000,12019.01855
672.50000,12026.71875
673.00000,12033.82715
673.50000,12038.41699
674.00000,12040.84961
674.50000,12043.23145
675.00000,12048.86230
675.50000,12061.97852
676.00000,12081.96777
676.50000,12106.28320
677.00000,12130.53223
677.50000,12150.40039
678.00000,12162.44922
678.50000,12166.81348
679.00000,12163.27734
679.50000,12155.66406
680.00000,12146.09375
680.50000,12136.25098
681.00000,12126.50391
681.50000,12116.47266
682.00000,12105.59473
682.50000,12093.94629
683.00000,12083.20020
683.50000,12076.94727
684.00000,12077.73535
684.50000,12090.29883
685.00000,12113.35645
685.50000,12146.80469
686.00000,12185.94336
686.50000,12225.49902
687.00000,12260.18848
687.50000,12286.77832
688.00000,12302.49609
688.50000,12307.98242
689.00000,12301.21777
689.50000,12284.95410
690.00000,12258.53027
690.50000,12225.18457
691.00000,12187.54004
691.50000,12148.34961
692.00000,12109.52832
692.50000,12071.88770
693.00000,12034.94922
693.50000,11997.39844
694.00000,11957.77832
694.50000,11914.67676
695.00000,11868.99805
695.50000,11821.91895
696.00000,11775.77832
696.50000,11733.37402
697.00000,11697.12207
697.50000,11668.43066
698.00000,11648.46387
698.50000,11634.32324
699.00000,11624.47168
699.50000,11615.72656
700.00000,11606.29395
700.50000,11595.77734
701.00000,11585.30859
701.50000,11577.44336
702.00000,11574.77832
702.50000,11578.39551
703.00000,11586.55664
703.50000,11596.55664
704.00000,11604.52441
704.50000,11606.33398
705.00000,11601.60938
705.50000,11590.29199
706.00000,11576.33887
706.50000,11563.24512
707.00000,11553.71680
707.50000,11548.78418
708.00000,11548.49219
708.50000,11550.65625
709.00000,11553.02246
709.50000,11553.24219
710.00000,11549.63672
710.50000,11542.64941
711.00000,11532.68457
711.50000,11520.45215
712.00000,11505.80566
712.50000,11487.55371
713.00000,11464.98340
713.50000,11438.58691
714.00000,11413.05078
714.50000,11395.98535
715.00000,11391.88867
715.50000,11405.45508
716.00000,11432.75391
716.50000,11466.07910
717.00000,11494.25195
717.50000,11508.64551
718.00000,11505.72656
718.50000,11491.19824
719.00000,11470.32422
719.50000,11450.60254
720.00000,11436.65430
720.50000,11428.71875
721.00000,11426.06348
721.50000,11426.74512
722.00000,11430.01270
722.50000,11436.35742
723.00000,11445.84961
723.50000,11458.90234
724.00000,11474.17773
724.50000,11490.63477
725.00000,11506.54883
725.50000,11520.23145
726.00000,11530.91699
726.50000,11538.30762
727.00000,11543.14648
727.50000,11547.22754
728.00000,11552.62207
728.50000,11560.51758
729.00000,11571.73535
729.50000,11584.46973
730.00000,11597.36426
730.50000,11610.07813
731.00000,11623.99805
731.50000,11641.61133
732.00000,11665.42090
732.50000,11697.18359
733.00000,11735.26465
733.50000,11776.86426
734.00000,11817.24121
734.50000,11852.39844
735.00000,11881.72852
735.50000,11905.58398
736.00000,11927.26660
736.50000,11950.78516
737.00000,11979.73730
737.50000,12015.08887
738.00000,12055.36719
738.50000,12096.55078
739.00000,12134.89063
739.50000,12169.16699
740.00000,12199.05664
740.50000,12226.60352
741.00000,12252.91699
741.50000,12276.84570
742.00000,12294.33301
742.50000,12299.08301
743.00000,12287.96582
743.50000,12255.25684
744.00000,12205.23145
744.50000,12138.29492
745.00000,12061.99219
745.50000,11981.55469
746.00000,11902.62500
746.50000,11828.51367
747.00000,11760.48535
747.50000,11697.79980
748.00000,11640.57227
748.50000,11588.24316
749.00000,11544.27344
749.50000,11510.10352
750.00000,11490.83789
750.50000,11484.08887
751.00000,11486.87305
751.50000,11493.82227
752.00000,11500.00391
752.50000,11502.50684
753.00000,11501.36914
753.50000,11496.79883
754.00000,11489.69629
754.50000,11478.78516
755.00000,11464.41309
755.50000,11448.21484
756.00000,11434.29492
756.50000,11427.27539
757.00000,11429.63770
757.50000,11438.56543
758.00000,11448.17285
758.50000,11451.41309
759.00000,11443.86816
759.50000,11430.62500
760.00000,11418.29590
760.50000,11412.80566
761.00000,11416.28809
761.50000,11425.03027
762.00000,11432.15234
762.50000,11431.32520
763.00000,11422.24805
763.50000,11408.26172
764.00000,11395.18262
764.50000,11386.43945
765.00000,11381.11816
765.50000,11376.63184
766.00000,11370.22168
766.50000,11361.12793
767.00000,11350.97656
767.50000,11342.54395
768.00000,11337.70996
768.50000,11335.73242
769.00000,11336.12891
769.50000,11337.96582
770.00000,11341.99414
770.50000,11348.99512
771.00000,11359.62793
771.50000,11373.07715
772.00000,11387.05859
772.50000,11399.33203
773.00000,11409.15625
773.50000,11416.17676
774.00000,11421.44141
774.50000,11424.74805
775.00000,11425.71387
775.50000,11422.85742
776.00000,11415.38867
776.50000,11403.63281
777.00000,11388.91602
777.50000,11372.77344
778.00000,11355.23145
778.50000,11335.50391
779.00000,11310.86328
779.50000,11280.72363
780.00000,11244.82324
780.50000,11206.66309
781.00000,11171.77832
781.50000,11145.06055
782.00000,11128.09082
782.50000,11120.22266
783.00000,11116.24805
783.50000,11111.36328
784.00000,11102.68848
784.50000,11089.59961
785.00000,11075.30957
785.50000,11063.77637
786.00000,11056.68945
786.50000,11052.94043
787.00000,11049.68652
787.50000,11043.97070
788.00000,11033.58789
788.50000,11019.47168
789.00000,11002.58789
789.50000,10985.18262
790.00000,10969.02344
790.50000,10955.37305
791.00000,10945.69434
791.50000,10941.25684
792.00000,10942.18457
792.50000,10948.12793
793.00000,10956.40723
793.50000,10964.53613
794.00000,10970.68750
794.50000,10973.96875
795.00000,10975.48145
795.50000,10976.21484
796.00000,10976.33008
796.50000,10975.01563
797.00000,10970.94531
797.50000,10963.71484
798.00000,10953.08496
798.50000,10940.71777
799.00000,10928.18555
799.50000,10917.28613
800.00000,10909.76465
800.50000,10906.10254
801.00000,10906.23535
801.50000,10908.91895
802.00000,10911.82617
802.50000,10912.48145
803.00000,10910.01270
803.50000,10904.61230
804.00000,10899.47070
804.50000,10899.05469
805.00000,10905.28516
805.50000,10918.60352
806.00000,10936.39258
806.50000,10954.79883
807.00000,10970.29590
807.50000,10981.51074
808.00000,10988.28906
808.50000,10993.67871
809.00000,11001.53809
809.50000,11014.99414
810.00000,11036.17578
810.50000,11063.61719
811.00000,11094.05664
811.50000,11123.02637
812.00000,11146.93457
812.50000,11163.63184
813.00000,11175.65625
813.50000,11186.66992
814.00000,11201.47168
814.50000,11224.55273
815.00000,11255.79785
815.50000,11294.73145
816.00000,11339.30273
816.50000,11387.02148
817.00000,11435.32129
817.50000,11481.30469
818.00000,11521.36719
818.50000,11555.02637
819.00000,11581.75098
819.50000,11605.22754
820.00000,11628.25879
820.50000,11651.08887
821.00000,11670.42773
821.50000,11680.93066
822.00000,11679.57422
822.50000,11665.22559
823.00000,11644.59863
823.50000,11625.21875
824.00000,11612.83008
824.50000,11609.75098
825.00000,11610.16211
825.50000,11607.43262
826.00000,11597.29004
826.50000,11580.05078
827.00000,11559.17285
827.50000,11539.81250
828.00000,11526.16113
828.50000,11517.94629
829.00000,11514.66602
829.50000,11513.88477
830.00000,11514.75098
830.50000,11516.95215
831.00000,11520.26465
831.50000,11523.89941
832.00000,11526.66211
832.50000,11527.32813
833.00000,11525.93262
833.50000,11522.57422
834.00000,11518.49414
834.50000,11514.79785
835.00000,11512.64844
835.50000,11513.12891
836.00000,11516.49219
836.50000,11521.55176
837.00000,11525.65723
837.50000,11525.73438
838.00000,11517.95996
838.50000,11503.31836
839.00000,11483.05371
839.50000,11461.43945
840.00000,11441.19824
840.50000,11421.87207
841.00000,11399.99414
841.50000,11371.71484
842.00000,11336.54297
842.50000,11296.62207
843.00000,11257.94727
843.50000,11227.42773
844.00000,11206.68359
844.50000,11196.14941
845.00000,11191.13867
845.50000,11187.21484
846.00000,11181.66113
846.50000,11174.64648
847.00000,11167.50977
847.50000,11161.16406
848.00000,11155.29004
848.50000,11148.54980
849.00000,11139.60156
849.50000,11128.89355
850.00000,11117.96973
850.50000,11108.91113
851.00000,11102.98145
851.50000,11099.60938
852.00000,11096.29590
852.50000,11090.32715
853.00000,11080.82324
853.50000,11067.47949
854.00000,11052.62695
854.50000,11038.49316
855.00000,11026.61621
855.50000,11017.40039
856.00000,11009.96191
856.50000,11002.95508
857.00000,10995.91211
857.50000,10989.72070
858.00000,10986.85352
858.50000,10988.33789
859.00000,10995.23438
859.50000,11005.32520
860.00000,11015.80762
860.50000,11023.95898
861.00000,11028.74023
861.50000,11031.18750
862.00000,11034.05371
862.50000,11040.18750
863.00000,11049.55762
863.50000,11060.80566
864.00000,11071.24609
864.50000,11078.98535
865.00000,11084.24707
865.50000,11088.51660
866.00000,11093.67773
866.50000,11100.67969
867.00000,11109.40039
867.50000,11118.59863
868.00000,11127.52539
868.50000,11136.67480
869.00000,11148.01074
869.50000,11163.04199
870.00000,11182.89453
870.50000,11206.62109
871.00000,11231.96484
871.50000,11256.41992
872.00000,11278.65723
872.50000,11299.00488
873.00000,11320.25195
873.50000,11346.72363
874.00000,11380.15723
874.50000,11420.98535
875.00000,11464.22363
875.50000,11503.41699
876.00000,11532.71191
876.50000,11549.97070
877.00000,11554.25488
877.50000,11549.76367
878.00000,11536.91895
878.50000,11517.73340
879.00000,11489.71094
879.50000,11452.80762
880.00000,11407.50488
880.50000,11357.90723
881.00000,11309.73535
881.50000,11267.41895
882.00000,11231.45117
882.50000,11201.10352
883.00000,11172.79297
883.50000,11144.78223
884.00000,11116.97363
884.50000,11091.21582
885.00000,11069.37988
885.50000,11052.42090
886.00000,11039.27637
886.50000,11026.79102
887.00000,11011.23340
887.50000,10991.29297
888.00000,10966.85254
888.50000,10941.64648
889.00000,10920.04395
889.50000,10904.78809
890.00000,10896.95215
890.50000,10894.16699
891.00000,10892.24707
891.50000,10887.25293
892.00000,10877.85254
892.50000,10864.41699
893.00000,10850.56934
893.50000,10840.34277
894.00000,10835.66699
894.50000,10838.22656
895.00000,10847.16211
895.50000,10860.75977
896.00000,10876.27637
896.50000,10890.29297
897.00000,10899.47656
897.50000,10903.52539
898.00000,10903.20410
898.50000,10903.02441
899.00000,10908.01563
899.50000,10920.67383
900.00000,10940.47949
900.50000,10962.82324
901.00000,10981.83789
901.50000,10992.22656
902.00000,10993.28809
902.50000,10985.05566
903.00000,10972.96289
903.50000,10961.50781
904.00000,10954.04199
904.50000,10952.25586
905.00000,10954.87695
905.50000,10959.94727
906.00000,10966.50098
906.50000,10975.58496
907.00000,10990.84082
907.50000,11013.68359
908.00000,11045.67188
908.50000,11082.12207
909.00000,11118.27734
909.50000,11150.30859
910.00000,11177.50098
910.50000,11202.97852
911.00000,11231.32324
911.50000,11265.96289
912.00000,11305.75098
912.50000,11347.90918
913.00000,11388.43164
913.50000,11425.38867
914.00000,11460.43750
914.50000,11495.62402
915.00000,11531.88086
915.50000,11568.22852
916.00000,11602.67383
916.50000,11634.23730
917.00000,11663.12793
917.50000,11691.43555
918.00000,11720.62598
918.50000,11750.22168
919.00000,11777.64648
919.50000,11799.99512
920.00000,11814.68457
920.50000,11821.64355
921.00000,11823.54492
921.50000,11822.96777
922.00000,11822.52930
922.50000,11823.62598
923.00000,11825.95801
923.50000,11828.58984
924.00000,11829.91992
924.50000,11827.84766
925.00000,11820.82031
925.50000,11807.76074
926.00000,11788.16895
926.50000,11763.40332
927.00000,11733.99707
927.50000,11701.60059
928.00000,11665.80957
928.50000,11626.81738
929.00000,11584.00684
929.50000,11538.53320
930.00000,11492.35156
930.50000,11447.68750
931.00000,11405.53223
931.50000,11365.28613
932.00000,11324.77832
932.50000,11282.27148
933.00000,11238.96094
933.50000,11198.91504
934.00000,11166.34961
934.50000,11144.72754
935.00000,11132.03906
935.50000,11122.01563
936.00000,11108.09766
936.50000,11087.89648
937.00000,11063.21289
937.50000,11040.67090
938.00000,11028.31836
938.50000,11028.02832
939.00000,11040.13965
939.50000,11058.86133
940.00000,11077.37500
940.50000,11089.03516
941.00000,11089.48926
941.50000,11074.86816
942.00000,11047.87598
942.50000,11010.04785
943.00000,10969.13086
943.50000,10930.90332
944.00000,10897.70605
944.50000,10868.63379
945.00000,10840.13086
945.50000,10809.70508
946.00000,10778.52832
946.50000,10751.37695
947.00000,10735.79395
947.50000,10733.05371
948.00000,10743.70020
948.50000,10759.75977
949.00000,10773.70313
949.50000,10780.20996
950.00000,10777.57324
950.50000,10767.69531
951.00000,10754.68066
951.50000,10741.74121
952.00000,10730.77539
952.50000,10723.61523
953.00000,10720.26855
953.50000,10721.75488
954.00000,10727.09961
954.50000,10734.95508
955.00000,10742.86133
955.50000,10748.16211
956.00000,10748.52832
956.50000,10743.90430
957.00000,10734.78320
957.50000,10724.62109
958.00000,10717.38477
958.50000,10715.63770
959.00000,10721.20996
959.50000,10732.08691
960.00000,10744.49023
960.50000,10754.51172
961.00000,10759.87793
961.50000,10759.55957
962.00000,10755.66699
962.50000,10750.04590
963.00000,10745.33594
963.50000,10744.04590
964.00000,10747.37793
964.50000,10756.12793
965.00000,10769.02441
965.50000,10782.92480
966.00000,10793.67969
966.50000,10798.58887
967.00000,10795.89355
967.50000,10789.40430
968.00000,10784.18262
968.50000,10784.73047
969.00000,10793.47949
969.50000,10807.70898
970.00000,10821.75684
970.50000,10828.80273
971.00000,10824.60156
971.50000,10806.23438
972.00000,10778.39063
972.50000,10745.29492
973.00000,10713.41699
973.50000,10686.91309
974.00000,10665.73730
974.50000,10647.70508
975.00000,10629.41113
975.50000,10608.58301
976.00000,10584.87695
976.50000,10560.17480
977.00000,10536.67676
977.50000,10515.40820
978.00000,10496.83594
978.50000,10480.05762
979.00000,10464.57910
979.50000,10449.81934
980.00000,10435.42090
980.50000,10421.45020
981.00000,10408.70801
981.50000,10399.44531
982.00000,10395.09863
982.50000,10397.88867
983.00000,10405.39844
983.50000,10414.61230
984.00000,10421.67383
984.50000,10424.59375
985.00000,10424.69531
985.50000,10425.56348
986.00000,10430.66797
986.50000,10440.11133
987.00000,10451.93262
987.50000,10462.14453
988.00000,10467.60254
988.50000,10468.34668
989.00000,10464.92383
989.50000,10458.88184
990.00000,10451.57813
990.50000,10444.59082
991.00000,10439.93457
991.50000,10440.34570
992.00000,10445.82520
992.50000,10455.58789
993.00000,10465.32520
993.50000,10470.33594
994.00000,10468.14258
994.50000,10457.95508
995.00000,10441.30469
995.50000,10420.90137
996.00000,10398.99805
996.50000,10378.15332
997.00000,10361.83887
997.50000,10351.39160
998.00000,10348.10938
998.50000,10348.81934
999.00000,10349.53125
999.50000,10346.83594
1000.00000,10340.12500
1000.50000,10331.58398
1001.00000,10324.49023
1001.50000,10320.85742
1002.00000,10319.33008
1002.50000,10318.03516
1003.00000,10316.15625
1003.50000,10315.53223
1004.00000,10319.02441
1004.50000,10328.46973
1005.00000,10342.25488
1005.50000,10355.79785
1006.00000,10364.25488
1006.50000,10366.58887
1007.00000,10363.28125
1007.50000,10358.18066
1008.00000,10352.50391
1008.50000,10344.98535
1009.00000,10332.23047
1009.50000,10312.36816
1010.00000,10286.48242
1010.50000,10258.35059
1011.00000,10233.10547
1011.50000,10215.59570
1012.00000,10205.66895
1012.50000,10202.84277
1013.00000,10202.58398
1013.50000,10201.25000
1014.00000,10196.68750
1014.50000,10188.90039
1015.00000,10180.04980
1015.50000,10173.03418
1016.00000,10169.89941
1016.50000,10169.41211
1017.00000,10168.41895
1017.50000,10163.38379
1018.00000,10151.54785
1018.50000,10135.25879
1019.00000,10119.68945
1019.50000,10111.44531
1020.00000,10115.41211
1020.50000,10132.96875
1021.00000,10159.08984
1021.50000,10188.30859
1022.00000,10214.64258
1022.50000,10234.22852
1023.00000,10248.45898
1023.50000,10259.47363
1024.00000,10269.96191
1024.50000,10280.58105
1025.00000,10289.99805
1025.50000,10296.59668
1026.00000,10299.73633
1026.50000,10301.64453
1027.00000,10305.49219
1027.50000,10312.70703
1028.00000,10322.91504
1028.50000,10332.89258
1029.00000,10339.34180
1029.50000,10341.24219
1030.00000,10340.34570
1030.50000,10339.66504
1031.00000,10341.47949
1031.50000,10346.77441
1032.00000,10354.02930
1032.50000,10362.36426
1033.00000,10371.24414
1033.50000,10380.88184
1034.00000,10391.06738
1034.50000,10401.00684
1035.00000,10409.82617
1035.50000,10417.40332
1036.00000,10423.99316
1036.50000,10429.83398
1037.00000,10433.38477
1037.50000,10433.10352
1038.00000,10426.79688
1038.50000,10415.81055
1039.00000,10403.34570
1039.50000,10393.68262
1040.00000,10389.34082
1040.50000,10389.99512
1041.00000,10391.71191
1041.50000,10390.06543
1042.00000,10383.83789
1042.50000,10374.30273
1043.00000,10366.41309
1043.50000,10365.57031
1044.00000,10373.44238
1044.50000,10387.44043
1045.00000,10401.03516
1045.50000,10407.19043
1046.00000,10400.77344
1046.50000,10385.85352
1047.00000,10369.73828
1047.50000,10361.14844
1048.00000,10365.17383
1048.50000,10377.00879
1049.00000,10388.08008
1049.50000,10391.17969
1050.00000,10386.51074
1050.50000,10381.44727
1051.00000,10385.33496
1051.50000,10405.09961
1052.00000,10433.58203
1052.50000,10458.97949
1053.00000,10470.29980
1053.50000,10461.67871
1054.00000,10439.48242
1054.50000,10415.40137
1055.00000,10400.40625
1055.50000,10398.31250
1056.00000,10408.78906
1056.50000,10424.86133
1057.00000,10442.26465
1057.50000,10458.21094
1058.00000,10471.04492
1058.50000,10479.49707
1059.00000,10481.13281
1059.50000,10474.67480
1060.00000,10461.80664
1060.50000,10446.39844
1061.00000,10433.79785
1061.50000,10429.09082
1062.00000,10431.84473
1062.50000,10441.63965
1063.00000,10455.14551
1063.50000,10470.84082
1064.00000,10487.94043
1064.50000,10505.94824
1065.00000,10523.58594
1065.50000,10538.89844
1066.00000,10549.49414
1066.50000,10555.80371
1067.00000,10558.75488
1067.50000,10561.34082
1068.00000,10565.51172
1068.50000,10571.26270
1069.00000,10577.10449
1069.50000,10581.17676
1070.00000,10582.75781
1070.50000,10582.28906
1071.00000,10581.38672
1071.50000,10581.22266
1072.00000,10581.84180
1072.50000,10582.67383
1073.00000,10582.78809
1073.50000,10580.97559
1074.00000,10575.94824
1074.50000,10566.10352
1075.00000,10550.02148
1075.50000,10528.95508
1076.00000,10505.58887
1076.50000,10484.56250
1077.00000,10470.48145
1077.50000,10462.73047
1078.00000,10458.62793
1078.50000,10452.94043
1079.00000,10441.53320
1079.50000,10423.48047
1080.00000,10401.35645
1080.50000,10378.70117
1081.00000,10358.82910
1081.50000,10345.33691
1082.00000,10338.73926
1082.50000,10341.25977
1083.00000,10351.07324
1083.50000,10365.37988
1084.00000,10379.23926
1084.50000,10388.54102
1085.00000,10392.14258
1085.50000,10393.55273
1086.00000,10397.56934
1086.50000,10406.30273
1087.00000,10419.07324
1087.50000,10431.16309
1088.00000,10438.20215
1088.50000,10439.63184
1089.00000,10438.01367
1089.50000,10437.48242
1090.00000,10440.81055
1090.50000,10448.79199
1091.00000,10459.32422
1091.50000,10470.95020
1092.00000,10482.63965
1092.50000,10494.45508
1093.00000,10506.47168
1093.50000,10518.10449
1094.00000,10528.02344
1094.50000,10534.47852
1095.00000,10535.48145
1095.50000,10530.85547
1096.00000,10520.51074
1096.50000,10507.98926
1097.00000,10497.70410
1097.50000,10493.32422
1098.00000,10497.69727
1098.50000,10509.08594
1099.00000,10523.73340
1099.50000,10537.29785
1100.00000,10547.13379
1100.50000,10552.26855
1101.00000,10554.32324
1101.50000,10553.89648
1102.00000,10552.13379
1102.50000,10549.62988
1103.00000,10547.82520
1103.50000,10548.79590
1104.00000,10553.93457
1104.50000,10563.08008
1105.00000,10574.99707
1105.50000,10587.67676
1106.00000,10600.37012
1106.50000,10613.46484
1107.00000,10628.05078
1107.50000,10644.19043
1108.00000,10661.26660
1108.50000,10678.00781
1109.00000,10693.41113
1109.50000,10706.99902
1110.00000,10718.78906
1110.50000,10728.35352
1111.00000,10735.88086
1111.50000,10741.03320
1112.00000,10744.65723
1112.50000,10747.01563
1113.00000,10748.50684
1113.50000,10749.48633
1114.00000,10751.13281
1114.50000,10755.59863
1115.00000,10765.55273
1115.50000,10781.04102
1116.00000,10800.90918
1116.50000,10820.83984
1117.00000,10837.35449
1117.50000,10850.49121
1118.00000,10862.71680
1118.50000,10877.78809
1119.00000,10898.23242
1119.50000,10924.29980
1120.00000,10953.90625
1120.50000,10985.39258
1121.00000,11016.93359
1121.50000,11046.51074
1122.00000,11072.28809
1122.50000,11091.39258
1123.00000,11104.16016
1123.50000,11112.90527
1124.00000,11121.86621
1124.50000,11134.19043
1125.00000,11150.35059
1125.50000,11167.87500
1126.00000,11185.48926
1126.50000,11204.93652
1127.00000,11232.13281
1127.50000,11270.14941
1128.00000,11319.37207
1128.50000,11373.06934
1129.00000,11422.36816
1129.50000,11460.92676
1130.00000,11489.74023
1130.50000,11513.20508
1131.00000,11538.08301
1131.50000,11568.55762
1132.00000,11603.45313
1132.50000,11641.05957
1133.00000,11679.43164
1133.50000,11717.95898
1134.00000,11756.11035
1134.50000,11792.50293
1135.00000,11825.06348
1135.50000,11853.90820
1136.00000,11880.75195
1136.50000,11909.28711
1137.00000,11942.19531
1137.50000,11977.82910
1138.00000,12012.04297
1138.50000,12040.55859
1139.00000,12061.43457
1139.50000,12075.15234
1140.00000,12083.95508
1140.50000,12087.04688
1141.00000,12083.75977
1141.50000,12071.25684
1142.00000,12052.67676
1142.50000,12032.65039
1143.00000,12016.63965
1143.50000,12006.84570
1144.00000,12000.34180
1144.50000,11991.57715
1145.00000,11976.78027
1145.50000,11958.55078
1146.00000,11943.88086
1146.50000,11938.56543
1147.00000,11946.60156
1147.50000,11962.67578
1148.00000,11979.41895
1148.50000,11989.86719
1149.00000,11990.94434
1149.50000,11983.20801
1150.00000,11970.72949
1150.50000,11956.59668
1151.00000,11943.66504
1151.50000,11934.67188
1152.00000,11930.75684
1152.50000,11933.71973
1153.00000,11942.64063
1153.50000,11955.72363
1154.00000,11970.48828
1154.50000,11985.05664
1155.00000,11998.93945
1155.50000,12012.70801
1156.00000,12027.01172
1156.50000,12041.81055
1157.00000,12056.70215
1157.50000,12071.13281
1158.00000,12084.54102
1158.50000,12096.45996
1159.00000,12106.45117
1159.50000,12114.37988
1160.00000,12121.43164
1160.50000,12130.01660
1161.00000,12142.51660
1161.50000,12162.06641
1162.00000,12187.64453
1162.50000,12217.09766
1163.00000,12245.28516
1163.50000,12266.02344
1164.00000,12274.07617
1164.50000,12268.49414
1165.00000,12250.64160
1165.50000,12228.70801
1166.00000,12211.83789
1166.50000,12205.26758
1167.00000,12211.78809
1167.50000,12225.36523
1168.00000,12238.21777
1168.50000,12243.95313
1169.00000,12241.46582
1169.50000,12234.85352
1170.00000,12231.64063
1170.50000,12239.62988
1171.00000,12259.15820
1171.50000,12289.72656
1172.00000,12324.49414
1172.50000,12357.89063
1173.00000,12386.46289
1173.50000,12409.65527
1174.00000,12429.35742
1174.50000,12448.37988
1175.00000,12468.14648
1175.50000,12488.15918
1176.00000,12506.82813
1176.50000,12523.90137
1177.00000,12540.93457
1177.50000,12560.81152
1178.00000,12585.68262
1178.50000,12613.99023
1179.00000,12640.54395
1179.50000,12658.58887
1180.00000,12665.54395
1180.50000,12660.77344
1181.00000,12651.45605
1181.50000,12644.15625
1182.00000,12642.70215
1182.50000,12647.47070
1183.00000,12654.19141
1183.50000,12657.41504
1184.00000,12652.98730
1184.50000,12640.85352
1185.00000,12623.08984
1185.50000,12604.97754
1186.00000,12591.19141
1186.50000,12582.20605
1187.00000,12576.27246
1187.50000,12569.21680
1188.00000,12558.23145
1188.50000,12544.24121
1189.00000,12531.25977
1189.50000,12523.47070
1190.00000,12520.91016
1190.50000,12521.01953
1191.00000,12519.41504
1191.50000,12514.07715
1192.00000,12507.43164
1192.50000,12502.86035
1193.00000,12501.17188
1193.50000,12499.34473
1194.00000,12492.82227
1194.50000,12480.59473
1195.00000,12466.25195
1195.50000,12456.57422
1196.00000,12457.71191
1196.50000,12466.11328
1197.00000,12474.77637
1197.50000,12476.21875
1198.00000,12467.71191
1198.50000,12453.75293
1199.00000,12442.21484
1199.50000,12439.27148
1200.00000,12444.29004
1200.50000,12454.39258
1201.00000,12464.22754
1201.50000,12470.90527
1202.00000,12474.61816
1202.50000,12476.01953
1203.00000,12475.96289
1203.50000,12474.97266
1204.00000,12473.79688
1204.50000,12473.41602
1205.00000,12474.45020
1205.50000,12476.06641
1206.00000,12476.77930
1206.50000,12475.92188
1207.00000,12473.95020
1207.50000,12472.46094
1208.00000,12472.47363
1208.50000,12473.24414
1209.00000,12472.55859
1209.50000,12467.83105
1210.00000,12458.65332
1210.50000,12444.85449
1211.00000,12428.87207
1211.50000,12412.52832
1212.00000,12397.76855
1212.50000,12386.40137
1213.00000,12378.73438
1213.50000,12373.06738
1214.00000,12365.46680
1214.50000,12351.66797
1215.00000,12327.59375
1215.50000,12295.86914
1216.00000,12260.72656
1216.50000,12229.14551
1217.00000,12207.12695
1217.50000,12195.29785
1218.00000,12191.41699
1218.50000,12190.81934
1219.00000,12189.00098
1219.50000,12183.51758
1220.00000,12175.40332
1220.50000,12167.08789
1221.00000,12161.17969
1221.50000,12159.40723
1222.00000,12160.61426
1222.50000,12163.36035
1223.00000,12166.85547
1223.50000,12172.24902
1224.00000,12182.04883
1224.50000,12197.07813
1225.00000,12216.67871
1225.50000,12236.75195
1226.00000,12253.41016
1226.50000,12266.15820
1227.00000,12276.75684
1227.50000,12288.68066
1228.00000,12304.09180
1228.50000,12322.35254
1229.00000,12340.58887
1229.50000,12355.66113
1230.00000,12366.65625
1230.50000,12373.10742
1231.00000,12377.24414
1231.50000,12380.32227
1232.00000,12383.28125
1232.50000,12385.60742
1233.00000,12385.44727
1233.50000,12380.29199
1234.00000,12368.25684
1234.50000,12351.34766
1235.00000,12333.68164
1235.50000,12320.07129
1236.00000,12313.18457
1236.50000,12308.63086
1237.00000,12299.03418
1237.50000,12279.32227
1238.00000,12250.27539
1238.50000,12219.65527
1239.00000,12197.12109
1239.50000,12188.95605
1240.00000,12190.03027
1240.50000,12191.39258
1241.00000,12185.29883
1241.50000,12170.16797
1242.00000,12154.09961
1242.50000,12147.93066
1243.00000,12158.02148
1243.50000,12182.87012
1244.00000,12216.19824
1244.50000,12250.11523
1245.00000,12282.71680
1245.50000,12318.59375
1246.00000,12367.44336
1246.50000,12432.16797
1247.00000,12511.22852
1247.50000,12592.64551
1248.00000,12660.88965
1248.50000,12702.89258
1249.00000,12716.30371
1249.50000,12702.41992
1250.00000,12674.68066
1250.50000,12641.46289
1251.00000,12609.62793
1251.50000,12580.79395
1252.00000,12553.64258
1252.50000,12527.69141
1253.00000,12504.34863
1253.50000,12486.32617
1254.00000,12476.43555
1254.50000,12473.74121
1255.00000,12476.77734
1255.50000,12481.08887
1256.00000,12483.59277
1256.50000,12483.38672
1257.00000,12480.96973
1257.50000,12477.87891
1258.00000,12474.94629
1258.50000,12471.92676
1259.00000,12468.17480
1259.50000,12463.70410
1260.00000,12459.98535
1260.50000,12459.80762
1261.00000,12463.73535
1261.50000,12470.78027
1262.00000,12476.74707
1262.50000,12476.88867
1263.00000,12469.18164
1263.50000,12455.95605
1264.00000,12442.09473
1264.50000,12432.14844
1265.00000,12427.96973
1265.50000,12425.36621
1266.00000,12418.42969
1266.50000,12404.06152
1267.00000,12382.18555
1267.50000,12357.51172
1268.00000,12335.27832
1268.50000,12318.53516
1269.00000,12306.68652
1269.50000,12299.12988
1270.00000,12295.41113
1270.50000,12299.38281
1271.00000,12311.95117
1271.50000,12332.44922
1272.00000,12353.86914
1272.50000,12367.50879
1273.00000,12368.27344
1273.50000,12358.74902
1274.00000,12346.75000
1274.50000,12341.13086
1275.00000,12347.55566
1275.50000,12360.86133
1276.00000,12374.11719
1276.50000,12381.68652
1277.00000,12382.51074
1277.50000,12380.48535
1278.00000,12379.28418
1278.50000,12379.14453
1279.00000,12377.39160
1279.50000,12371.60352
1280.00000,12364.01270
1280.50000,12360.01367
1281.00000,12363.03809
1281.50000,12373.55273
1282.00000,12386.16504
1282.50000,12395.31738
1283.00000,12399.42383
1283.50000,12402.38184
1284.00000,12410.42773
1284.50000,12426.25684
1285.00000,12450.43652
1285.50000,12477.67773
1286.00000,12503.84961
1286.50000,12526.56348
1287.00000,12545.01367
1287.50000,12560.55762
1288.00000,12575.96191
1288.50000,12595.11523
1289.00000,12620.65527
1289.50000,12653.37500
1290.00000,12687.64453
1290.50000,12714.87402
1291.00000,12730.58691
1291.50000,12734.10449
1292.00000,12733.42871
1292.50000,12737.37793
1293.00000,12749.53223
1293.50000,12764.85254
1294.00000,12773.35156
1294.50000,12768.97949
1295.00000,12749.23340
1295.50000,12723.78223
1296.00000,12700.19727
1296.50000,12681.77051
1297.00000,12667.17480
1297.50000,12652.98828
1298.00000,12638.36328
1298.50000,12626.24609
1299.00000,12620.13770
1299.50000,12622.45898
1300.00000,12629.11133
1300.50000,12634.76465
1301.00000,12635.45508
1301.50000,12630.41406
1302.00000,12623.70996
1302.50000,12620.36523
1303.00000,12623.09863
1303.50000,12630.06445
1304.00000,12636.83301
1304.50000,12639.45898
1305.00000,12636.39551
1305.50000,12632.39941
1306.00000,12633.84082
1306.50000,12643.65918
1307.00000,12661.11816
1307.50000,12680.76270
1308.00000,12696.79102
1308.50000,12706.23242
1309.00000,12711.11035
1309.50000,12714.37695
1310.00000,12718.42773
1310.50000,12723.11035
1311.00000,12727.18848
1311.50000,12730.96094
1312.00000,12737.07910
1312.50000,12749.09375
1313.00000,12768.42676
1313.50000,12792.16113
1314.00000,12815.27148
1314.50000,12833.39063
1315.00000,12843.15625
1315.50000,12847.28125
1316.00000,12848.02246
1316.50000,12848.01953
1317.00000,12848.13770
1317.50000,12848.02246
1318.00000,12846.76367
1318.50000,12843.43262
1319.00000,12838.16797
1319.50000,12831.81250
1320.00000,12826.44043
1320.50000,12824.41699
1321.00000,12825.56934
1321.50000,12827.81543
1322.00000,12827.30176
1322.50000,12820.92871
1323.00000,12808.60156
1323.50000,12793.87793
1324.00000,12780.70117
1324.50000,12770.35840
1325.00000,12760.89453
1325.50000,12748.84473
1326.00000,12732.71484
1326.50000,12715.88477
1327.00000,12704.24609
1327.50000,12701.91504
1328.00000,12707.76855
1328.50000,12716.25781
1329.00000,12720.15918
1329.50000,12714.18359
1330.00000,12701.64648
1330.50000,12688.04492
1331.00000,12679.13477
1331.50000,12677.08789
1332.00000,12678.44238
1332.50000,12678.03711
1333.00000,12672.58789
1333.50000,12663.16113
1334.00000,12652.51855
1334.50000,12642.50098
1335.00000,12631.80664
1335.50000,12618.26660
1336.00000,12601.12988
1336.50000,12583.95996
1337.00000,12572.49609
1337.50000,12570.80762
1338.00000,12578.65918
1338.50000,12593.59473
1339.00000,12611.32715
1339.50000,12630.12402
1340.00000,12648.54102
1340.50000,12662.97363
1341.00000,12668.63184
1341.50000,12658.88770
1342.00000,12633.66992
1342.50000,12599.62109
1343.00000,12566.31055
1343.50000,12540.75000
1344.00000,12525.30176
1344.50000,12514.91992
1345.00000,12505.89355
1345.50000,12496.68848
1346.00000,12488.56055
1346.50000,12481.69824
1347.00000,12472.93750
1347.50000,12456.92773
1348.00000,12430.42773
1348.50000,12393.79297
1349.00000,12353.72949
1349.50000,12317.38574
1350.00000,12288.00977
1350.50000,12266.24219
1351.00000,12248.31055
1351.50000,12231.70801
1352.00000,12215.41602
1352.50000,12200.28613
1353.00000,12188.09277
1353.50000,12179.73438
1354.00000,12175.62305
1354.50000,12173.42773
1355.00000,12170.20703
1355.50000,12163.46484
1356.00000,12151.31836
1356.50000,12134.86914
1357.00000,12116.18359
1357.50000,12097.86816
1358.00000,12082.04102
1358.50000,12070.51074
1359.00000,12063.32422
1359.50000,12060.79004
1360.00000,12060.18555
1360.50000,12058.71484
1361.00000,12054.30469
1361.50000,12046.21387
1362.00000,12035.50781
1362.50000,12023.09863
1363.00000,12008.81152
1363.50000,11992.89355
1364.00000,11977.87012
1364.50000,11968.64160
1365.00000,11973.42285
1365.50000,11990.87793
1366.00000,12016.31934
1366.50000,12039.78418
1367.00000,12053.83887
1367.50000,12057.91699
1368.00000,12057.76270
1368.50000,12059.01074
1369.00000,12062.71680
1369.50000,12064.76465
1370.00000,12060.44141
1370.50000,12046.19824
1371.00000,12025.15039
1371.50000,12001.57324
1372.00000,11979.92773
1372.50000,11962.92188
1373.00000,11951.91309
1373.50000,11945.78711
1374.00000,11942.48828
1374.50000,11937.66016
1375.00000,11927.09570
1375.50000,11911.65137
1376.00000,11895.27637
1376.50000,11883.27344
1377.00000,11877.66602
1377.50000,11874.80566
1378.00000,11868.02734
1378.50000,11852.34961
1379.00000,11830.55859
1379.50000,11808.77344
1380.00000,11791.87695
1380.50000,11780.74414
1381.00000,11771.21289
1381.50000,11759.91797
1382.00000,11747.01953
1382.50000,11735.54199
1383.00000,11728.11328
1383.50000,11723.54004
1384.00000,11718.52832
1384.50000,11710.82422
1385.00000,11701.57813
1385.50000,11695.47168
1386.00000,11697.15137
1386.50000,11705.66406
1387.00000,11716.37207
1387.50000,11723.73340
1388.00000,11725.48828
1388.50000,11722.63770
1389.00000,11718.96289
1389.50000,11716.05078
1390.00000,11712.24902
1390.50000,11703.99316
1391.00000,11690.59375
1391.50000,11674.76074
1392.00000,11662.26270
1392.50000,11657.67578
1393.00000,11661.79785
1393.50000,11670.28906
1394.00000,11678.87012
1394.50000,11684.78223
1395.00000,11686.58984
1395.50000,11684.59668
1396.00000,11677.28906
1396.50000,11663.94434
1397.00000,11645.29102
1397.50000,11624.95605
1398.00000,11608.31836
1398.50000,11600.57910
1399.00000,11600.56738
1399.50000,11605.18359
1400.00000,11607.94238
1400.50000,11603.08887
1401.00000,11589.40430
1401.50000,11568.50000
1402.00000,11545.76660
1402.50000,11527.51953
1403.00000,11518.50879
1403.50000,11517.46582
1404.00000,11521.05762
1404.50000,11523.62598
1405.00000,11522.98340
1405.50000,11521.97070
1406.00000,11524.74023
1406.50000,11532.56445
1407.00000,11542.97559
1407.50000,11551.76660
1408.00000,11556.81055
1408.50000,11558.77344
1409.00000,11560.48730
1409.50000,11562.95313
1410.00000,11564.83398
1410.50000,11564.66602
1411.00000,11563.88379
1411.50000,11565.75586
1412.00000,11571.54102
1412.50000,11578.06152
1413.00000,11579.29785
1413.50000,11572.47852
1414.00000,11558.47266
1414.50000,11544.64355
1415.00000,11537.43945
1415.50000,11536.97656
1416.00000,11539.77734
1416.50000,11540.90918
1417.00000,11538.46387
1417.50000,11533.29980
1418.00000,11526.33105
1418.50000,11515.76172
1419.00000,11500.46582
1419.50000,11480.56055
1420.00000,11461.37109
1420.50000,11449.69824
1421.00000,11448.08301
1421.50000,11454.57031
1422.00000,11462.53906
1422.50000,11465.01270
1423.00000,11458.10156
1423.50000,11444.08105
1424.00000,11426.01563
1424.50000,11408.93359
1425.00000,11396.42871
1425.50000,11388.28320
1426.00000,11381.80176
1426.50000,11372.36133
1427.00000,11356.85059
1427.50000,11336.33203
1428.00000,11316.79395
1428.50000,11304.68457
1429.00000,11299.32129
1429.50000,11295.58008
1430.00000,11286.31641
1430.50000,11268.31445
1431.00000,11246.89160
1431.50000,11230.25488
1432.00000,11222.79199
1432.50000,11220.64648
1433.00000,11215.45898
1433.50000,11202.25684
1434.00000,11183.24609
1434.50000,11167.72656
1435.00000,11163.48340
1435.50000,11168.64844
1436.00000,11177.14063
1436.50000,11182.77832
1437.00000,11185.01855
1437.50000,11188.24512
1438.00000,11196.24902
1438.50000,11208.56445
1439.00000,11219.13867
1439.50000,11222.33203
1440.00000,11220.06250
1440.50000,11217.83789
1441.00000,11221.47754
1441.50000,11232.78809
1442.00000,11248.23145
1442.50000,11261.76563
1443.00000,11268.50000
1443.50000,11268.61914
1444.00000,11263.49609
1444.50000,11258.01465
1445.00000,11256.24121
1445.50000,11260.09180
1446.00000,11270.14355
1446.50000,11283.65820
1447.00000,11295.74219
1447.50000,11300.77637
1448.00000,11296.19922
1448.50000,11280.44629
1449.00000,11258.82422
1449.50000,11237.48730
1450.00000,11222.56543
1450.50000,11218.81543
1451.00000,11225.00000
1451.50000,11236.53125
1452.00000,11246.90723
1452.50000,11251.77246
1453.00000,11250.77344
1453.50000,11248.80469
1454.00000,11251.24805
1454.50000,11258.12598
1455.00000,11264.84570
1455.50000,11265.39453
1456.00000,11256.48242
1456.50000,11241.33203
1457.00000,11227.01855
1457.50000,11220.06055
1458.00000,11221.20703
1458.50000,11227.99805
1459.00000,11234.38086
1459.50000,11236.64355
1460.00000,11236.84863
1460.50000,11240.03027
1461.00000,11250.59961
1461.50000,11269.40918
1462.00000,11291.88672
1462.50000,11310.11035
1463.00000,11316.96973
1463.50000,11314.34082
1464.00000,11309.01074
1464.50000,11311.26465
1465.00000,11326.95996
1465.50000,11350.61230
1466.00000,11372.44141
1466.50000,11384.30859
1467.00000,11385.66699
1467.50000,11382.28809
1468.00000,11382.25879
1468.50000,11390.64453
1469.00000,11404.98438
1469.50000,11422.77441
1470.00000,11442.40234
1470.50000,11465.27734
1471.00000,11491.46387
1471.50000,11517.97363
1472.00000,11539.68066
1472.50000,11553.90820
1473.00000,11561.77832
1473.50000,11570.00000
1474.00000,11586.13184
1474.50000,11609.76855
1475.00000,11636.44727
1475.50000,11657.85742
1476.00000,11666.55078
1476.50000,11660.66211
1477.00000,11644.44238
1477.50000,11624.69824
1478.00000,11608.44238
1478.50000,11599.78320
1479.00000,11594.98730
1479.50000,11588.44531
1480.00000,11576.00000
1480.50000,11556.36914
1481.00000,11532.73145
1481.50000,11508.55273
1482.00000,11484.84961
1482.50000,11460.00684
1483.00000,11432.14160
1483.50000,11403.47656
1484.00000,11380.28125
1484.50000,11366.38281
1485.00000,11363.32520
1485.50000,11364.83398
1486.00000,11362.89941
1486.50000,11352.18164
1487.00000,11333.42090
1487.50000,11311.38574
1488.00000,11292.34277
1488.50000,11280.66992
1489.00000,11275.52148
1489.50000,11277.47656
1490.00000,11285.13477
1490.50000,11298.29004
1491.00000,11314.70117
1491.50000,11330.86328
1492.00000,11343.16699
1492.50000,11350.71191
1493.00000,11354.71582
1493.50000,11358.23242
1494.00000,11362.79102
1494.50000,11367.61621
1495.00000,11370.70703
1495.50000,11371.11230
1496.00000,11369.88477
1496.50000,11370.37598
1497.00000,11376.10938
1497.50000,11389.11621
1498.00000,11406.77734
1498.50000,11424.54785
1499.00000,11437.05273
1499.50000,11439.41699
1500.00000,11433.64746
1500.50000,11425.01074
1501.00000,11421.69043
1501.50000,11429.06934
1502.00000,11446.76758
1502.50000,11467.59180
1503.00000,11482.86426
1503.50000,11488.94727
1504.00000,11486.48535
1504.50000,11484.28906
1505.00000,11491.73633
1505.50000,11511.61230
1506.00000,11538.73926
1506.50000,11563.25879
1507.00000,11576.98926
1507.50000,11576.65820
1508.00000,11569.02344
1508.50000,11563.09570
1509.00000,11565.98438
1509.50000,11582.59180
1510.00000,11608.36621
1510.50000,11637.98047
1511.00000,11665.54980
1511.50000,11686.80078
1512.00000,11699.51563
1512.50000,11705.74805
1513.00000,11708.82227
1513.50000,11713.74609
1514.00000,11723.51172
1514.50000,11735.42773
1515.00000,11744.76172
1515.50000,11748.13965
1516.00000,11745.53125
1516.50000,11740.06543
1517.00000,11734.46777
1517.50000,11727.16699
1518.00000,11713.74121
1518.50000,11688.67383
1519.00000,11655.83398
1519.50000,11621.88379
1520.00000,11595.03027
1520.50000,11580.14746
1521.00000,11574.72461
1521.50000,11571.98438
1522.00000,11565.35352
1522.50000,11553.37598
1523.00000,11538.19922
1523.50000,11524.31836
1524.00000,11514.80078
1524.50000,11508.45215
1525.00000,11502.66309
1525.50000,11495.03320
1526.00000,11485.80664
1526.50000,11478.10645
1527.00000,11474.70215
1527.50000,11476.23535
1528.00000,11479.19922
1528.50000,11479.35547
1529.00000,11475.60449
1529.50000,11469.26172
1530.00000,11463.69336
1530.50000,11460.08203
1531.00000,11456.68945
1531.50000,11451.91699
1532.00000,11447.42383
1532.50000,11447.65039
1533.00000,11457.59863
1533.50000,11473.74316
1534.00000,11486.66113
1534.50000,11487.09082
1535.00000,11470.77637
1535.50000,11445.36523
1536.00000,11423.12988
1536.50000,11414.08301
1537.00000,11419.04688
1537.50000,11433.78418
1538.00000,11449.72168
1538.50000,11462.66211
1539.00000,11473.30078
1539.50000,11482.16602
1540.00000,11488.48438
1540.50000,11489.77246
1541.00000,11485.51563
1541.50000,11478.90137
1542.00000,11475.45508
1542.50000,11478.02637
1543.00000,11486.83691
1543.50000,11497.58887
1544.00000,11507.53125
1544.50000,11516.43848
1545.00000,11525.44141
1545.50000,11534.31543
1546.00000,11539.91406
1546.50000,11538.61035
1547.00000,11530.80176
1547.50000,11520.55176
1548.00000,11514.17578
1548.50000,11516.43359
1549.00000,11523.72949
1549.50000,11529.73633
1550.00000,11529.88770
1550.50000,11524.73633
1551.00000,11519.28809
1551.50000,11518.06250
1552.00000,11521.83496
1552.50000,11526.89063
1553.00000,11529.82617
1553.50000,11531.55273
1554.00000,11535.93555
1554.50000,11544.66797
1555.00000,11555.38379
1555.50000,11561.94141
1556.00000,11559.13477
1556.50000,11546.68262
1557.00000,11531.20508
1557.50000,11520.66797
1558.00000,11518.01855
1558.50000,11523.66504
1559.00000,11532.28906
1559.50000,11539.92578
1560.00000,11544.46777
1560.50000,11545.39258
1561.00000,11543.62109
1561.50000,11540.06543
1562.00000,11534.84766
1562.50000,11528.02441
1563.00000,11518.98145
1563.50000,11508.54785
1564.00000,11498.58398
1564.50000,11491.62207
1565.00000,11489.23242
1565.50000,11489.65332
1566.00000,11488.71777
1566.50000,11482.04395
1567.00000,11468.83008
1567.50000,11451.08398
1568.00000,11434.48340
1568.50000,11424.15625
1569.00000,11420.17578
1569.50000,11421.28418
1570.00000,11423.46191
1570.50000,11422.94043
1571.00000,11417.30762
1571.50000,11406.63965
1572.00000,11392.62012
1572.50000,11377.91992
1573.00000,11363.95605
1573.50000,11350.91699
1574.00000,11339.88867
1574.50000,11333.38086
1575.00000,11336.77930
1575.50000,11351.43848
1576.00000,11373.29199
1576.50000,11393.33984
1577.00000,11402.90137
1577.50000,11396.44434
1578.00000,11380.25391
1578.50000,11361.67090
1579.00000,11346.48340
1579.50000,11334.39355
1580.00000,11321.47754
1580.50000,11305.04199
1581.00000,11285.55664
1581.50000,11264.81836
1582.00000,11241.88965
1582.50000,11213.92480
1583.00000,11176.29883
1583.50000,11131.42480
1584.00000,11083.56934
1584.50000,11039.42188
1585.00000,11004.35254
1585.50000,10979.67285
1586.00000,10963.01660
1586.50000,10951.73730
1587.00000,10941.87500
1587.50000,10929.64453
1588.00000,10912.93262
1588.50000,10890.50879
1589.00000,10865.79590
1589.50000,10842.89648
1590.00000,10824.14746
1590.50000,10809.26758
1591.00000,10795.40137
1591.50000,10778.82617
1592.00000,10755.88281
1592.50000,10726.60352
1593.00000,10691.86426
1593.50000,10656.68164
1594.00000,10627.02832
1594.50000,10606.44434
1595.00000,10595.85352
1595.50000,10590.49805
1596.00000,10583.25586
1596.50000,10569.59180
1597.00000,10550.48633
1597.50000,10528.89063
1598.00000,10508.37695
1598.50000,10490.42188
1599.00000,10474.41309
1599.50000,10460.80469
1600.00000,10450.46875
1600.50000,10443.63086
1601.00000,10438.38379
1601.50000,10431.76367
1602.00000,10422.34766
1602.50000,10412.51172
1603.00000,10405.79688
1603.50000,10402.18457
1604.00000,10399.08008
1604.50000,10393.06055
1605.00000,10383.27832
1605.50000,10372.76563
1606.00000,10364.81543
1606.50000,10359.15137
1607.00000,10351.67188
1607.50000,10336.38184
1608.00000,10311.76563
1608.50000,10275.22852
1609.00000,10229.45898
1609.50000,10176.15527
1610.00000,10120.10254
1610.50000,10068.31738
1611.00000,10027.83789
1611.50000,9999.98926
1612.00000,9981.09082
1612.50000,9960.61816
1613.00000,9930.46582
1613.50000,9891.73242
1614.00000,9847.90820
1614.50000,9804.52344
1615.00000,9764.46484
1615.50000,9728.13086
1616.00000,9696.21777
1616.50000,9671.54199
1617.00000,9654.69141
1617.50000,9644.59277
1618.00000,9633.87695
1618.50000,9613.11133
1619.00000,9580.34668
1619.50000,9538.17480
1620.00000,9495.85449
1620.50000,9462.91797
1621.00000,9444.36914
1621.50000,9436.37207
1622.00000,9430.78125
1622.50000,9420.54590
1623.00000,9402.95605
1623.50000,9382.35254
1624.00000,9362.46582
1624.50000,9343.85059
1625.00000,9323.45215
1625.50000,9298.80566
1626.00000,9270.81348
1626.50000,9241.92676
1627.00000,9213.18945
1627.50000,9181.91797
1628.00000,9146.26465
1628.50000,9108.74219
1629.00000,9076.47949
1629.50000,9056.45703
1630.00000,9047.48438
1630.50000,9041.61328
1631.00000,9029.35059
1631.50000,9009.00879
1632.00000,8984.23633
1632.50000,8960.39063
1633.00000,8937.25879
1633.50000,8909.72363
1634.00000,8871.79785
1634.50000,8826.76758
1635.00000,8782.46191
1635.50000,8746.61719
1636.00000,8721.05664
1636.50000,8702.34473
1637.00000,8682.94043
1637.50000,8657.66895
1638.00000,8627.87988
1638.50000,8596.52930
1639.00000,8567.13086
1639.50000,8541.09961
1640.00000,8516.97363
1640.50000,8492.40137
1641.00000,8466.40820
1641.50000,8439.74609
1642.00000,8413.06543
1642.50000,8385.49023
1643.00000,8353.59277
1643.50000,8316.96582
1644.00000,8278.06738
1644.50000,8242.56348
1645.00000,8215.21582
1645.50000,8195.83594
1646.00000,8179.08203
1646.50000,8159.46484
1647.00000,8136.30762
1647.50000,8112.05469
1648.00000,8089.66357
1648.50000,8069.44873
1649.00000,8048.96729
1649.50000,8026.94482
1650.00000,8005.08496
1650.50000,7986.24121
1651.00000,7971.85156
1651.50000,7960.00977
1652.00000,7947.62061
1652.50000,7932.77588
1653.00000,7914.76465
1653.50000,7894.79590
1654.00000,7873.52393
1654.50000,7851.88525
1655.00000,7830.95313
1655.50000,7811.62256
1656.00000,7794.13574
1656.50000,7778.56396
1657.00000,7764.28516
1657.50000,7750.47217
1658.00000,7734.87793
1658.50000,7713.92676
1659.00000,7686.79053
1659.50000,7655.37451
1660.00000,7625.49365
1660.50000,7603.40088
1661.00000,7591.14355
1661.50000,7583.49268
1662.00000,7573.70410
1662.50000,7557.15039
1663.00000,7530.65967
1663.50000,7497.62207
1664.00000,7463.41553
1664.50000,7435.56641
1665.00000,7421.56348
1665.50000,7424.13721
1666.00000,7436.26660
1666.50000,7443.47266
1667.00000,7434.70605
1667.50000,7405.03662
1668.00000,7368.51074
1668.50000,7340.77832
1669.00000,7330.44678
1669.50000,7334.81934
1670.00000,7340.77100
1670.50000,7337.29004
1671.00000,7319.94727
1671.50000,7293.69971
1672.00000,7265.09863
1672.50000,7240.67383
1673.00000,7224.53027
1673.50000,7215.35498
1674.00000,7211.03174
1674.50000,7207.07910
1675.00000,7199.33740
1675.50000,7186.00977
1676.00000,7167.80713
1676.50000,7145.42432
1677.00000,7120.90332
1677.50000,7096.35303
1678.00000,7074.56934
1678.50000,7057.79883
1679.00000,7044.59082
1679.50000,7031.83740
1680.00000,7016.95313
1680.50000,7000.94482
1681.00000,6987.93311
1681.50000,6980.18164
1682.00000,6977.32275
1682.50000,6974.78711
1683.00000,6968.59912
1683.50000,6958.39160
1684.00000,6944.76123
1684.50000,6928.19092
1685.00000,6908.48926
1685.50000,6886.92480
1686.00000,6867.55127
1686.50000,6855.08008
1687.00000,6849.18164
1687.50000,6847.71143
1688.00000,6845.81494
1688.50000,6840.98389
1689.00000,6834.16455
1689.50000,6827.03369
1690.00000,6820.20605
1690.50000,6813.08838
1691.00000,6804.39453
1691.50000,6792.81299
1692.00000,6776.01904
1692.50000,6754.40088
1693.00000,6729.58838
1693.50000,6706.92578
1694.00000,6692.84521
1694.50000,6688.18164
1695.00000,6688.79590
1695.50000,6688.72705
1696.00000,6684.20703
1696.50000,6674.70850
1697.00000,6663.60400
1697.50000,6653.57568
1698.00000,6645.43213
1698.50000,6639.34961
1699.00000,6634.19434
1699.50000,6627.60889
1700.00000,6616.99072
1700.50000,6601.87109
1701.00000,6584.92773
1701.50000,6571.37598
1702.00000,6566.80371
1702.50000,6568.39746
1703.00000,6570.04199
1703.50000,6564.89697
1704.00000,6548.16699
1704.50000,6521.17041
1705.00000,6489.58887
1705.50000,6461.13672
1706.00000,6441.91309
1706.50000,6437.29785
1707.00000,6444.11768
1707.50000,6457.66064
1708.00000,6468.41846
1708.50000,6469.79297
1709.00000,6461.24951
1709.50000,6444.87695
1710.00000,6424.53320
1710.50000,6403.92773
1711.00000,6385.65771
1711.50000,6371.34473
1712.00000,6363.40479
1712.50000,6360.60059
1713.00000,6360.88818
1713.50000,6360.61475
1714.00000,6357.11621
1714.50000,6349.66211
1715.00000,6339.14307
1715.50000,6328.17920
1716.00000,6320.12012
1716.50000,6318.34521
1717.00000,6321.85498
1717.50000,6326.94287
1718.00000,6326.44971
1718.50000,6313.95215
1719.00000,6289.83496
1719.50000,6258.29492
1720.00000,6226.53564
1720.50000,6201.03809
1721.00000,6185.49609
1721.50000,6178.50977
1722.00000,6179.79248
1722.50000,6185.07520
1723.00000,6191.04346
1723.50000,6194.25977
1724.00000,6192.25391
1724.50000,6184.75195
1725.00000,6173.12646
1725.50000,6159.90430
1726.00000,6148.17627
1726.50000,6140.02539
1727.00000,6134.64014
1727.50000,6130.46680
1728.00000,6125.60742
1728.50000,6120.42871
1729.00000,6116.87646
1729.50000,6116.06836
1730.00000,6115.95410
1730.50000,6111.65430
1731.00000,6099.17725
1731.50000,6080.86865
1732.00000,6061.68799
1732.50000,6047.15820
1733.00000,6040.27881
1733.50000,6036.81836
1734.00000,6032.14307
1734.50000,6023.56250
1735.00000,6011.85547
1735.50000,6000.52637
1736.00000,5993.03564
1736.50000,5991.23291
1737.00000,5992.15137
1737.50000,5991.04199
1738.00000,5984.24414
1738.50000,5972.42627
1739.00000,5961.63037
1739.50000,5958.51318
1740.00000,5965.20313
1740.50000,5975.72412
1741.00000,5980.63721
1741.50000,5975.78857
1742.00000,5960.47656
1742.50000,5942.00879
1743.00000,5926.14258
1743.50000,5915.27783
1744.00000,5910.62061
1744.50000,5912.18164
1745.00000,5918.38525
1745.50000,5924.33447
1746.00000,5923.89893
1746.50000,5912.55518
1747.00000,5895.22119
1747.50000,5880.27734
1748.00000,5873.81738
1748.50000,5874.65869
1749.00000,5874.97705
1749.50000,5867.94873
1750.00000,5853.26758
1750.50000,5838.23633
1751.00000,5830.00000
1751.50000,5828.53809
1752.00000,5830.38184
1752.50000,5830.28955
1753.00000,5827.68018
1753.50000,5825.74902
1754.00000,5826.65967
1754.50000,5828.80908
1755.00000,5828.18652
1755.50000,5822.81641
1756.00000,5815.11865
1756.50000,5808.13330
1757.00000,5802.38428
1757.50000,5794.79736
1758.00000,5783.17725
1758.50000,5768.43066
1759.00000,5755.10352
1759.50000,5747.77246
1760.00000,5747.12695
1760.50000,5749.34766
1761.00000,5750.80908
1761.50000,5749.79248
1762.00000,5746.05518
1762.50000,5741.84961
1763.00000,5739.36621
1763.50000,5739.79395
1764.00000,5742.66553
1764.50000,5744.54053
1765.00000,5741.39453
1765.50000,5731.65186
1766.00000,5719.13623
1766.50000,5709.97998
1767.00000,5707.44922
1767.50000,5711.18457
1768.00000,5716.91113
1768.50000,5721.79688
1769.00000,5724.55176
1769.50000,5723.99609
1770.00000,5718.16162
1770.50000,5706.98242
1771.00000,5693.32813
1771.50000,5683.54834
1772.00000,5682.22607
1772.50000,5684.83887
1773.00000,5683.72461
1773.50000,5673.56885
1774.00000,5656.43018
1774.50000,5640.89648
1775.00000,5633.30273
1775.50000,5633.98340
1776.00000,5635.66162
1776.50000,5630.99463
1777.00000,5620.52637
1777.50000,5608.75732
1778.00000,5601.73047
1778.50000,5602.24365
1779.00000,5606.35938
1779.50000,5608.43750
1780.00000,5604.06934
1780.50000,5592.66895
1781.00000,5576.19824
1781.50000,5559.52441
1782.00000,5547.50439
1782.50000,5542.29736
1783.00000,5545.19043
1783.50000,5551.51758
1784.00000,5555.90186
1784.50000,5554.32813
1785.00000,5546.49805
1785.50000,5535.29346
1786.00000,5524.88086
1786.50000,5517.61133
1787.00000,5512.64746
1787.50000,5508.31592
1788.00000,5502.45361
1788.50000,5493.74170
1789.00000,5482.68896
1789.50000,5471.45801
1790.00000,5462.96143
1790.50000,5458.31445
1791.00000,5457.97559
1791.50000,5460.56250
1792.00000,5466.12500
1792.50000,5472.35840
1793.00000,5475.08545
1793.50000,5470.30176
1794.00000,5456.93262
1794.50000,5441.10156
1795.00000,5430.74951
1795.50000,5428.76807
1796.00000,5428.96484
1796.50000,5421.68359
1797.00000,5406.91357
1797.50000,5390.54541
1798.00000,5380.22217
1798.50000,5378.65381
1799.00000,5380.43701
1799.50000,5380.02295
1800.00000,5376.12891
1800.50000,5371.27588
1801.00000,5368.42139
1801.50000,5368.39746
1802.00000,5372.12012
1802.50000,5378.17432
1803.00000,5383.41162
1803.50000,5384.36377
1804.00000,5380.98242
1804.50000,5377.66797
1805.00000,5379.26025
1805.50000,5385.41699
1806.00000,5389.62598
1806.50000,5385.91357
1807.00000,5376.65918
1807.50000,5366.80762
1808.00000,5359.52393
1808.50000,5353.36182
1809.00000,5345.58350
1809.50000,5335.44482
1810.00000,5324.03662
