440.00000,13469.74219
440.50000,13491.36230
441.00000,13517.84082
441.50000,13541.87305
442.00000,13559.01953
442.50000,13569.62793
443.00000,13576.36035
443.50000,13584.34863
444.00000,13596.11426
444.50000,13610.48633
445.00000,13624.15527
445.50000,13633.32813
446.00000,13637.10547
446.50000,13635.84766
447.00000,13631.27637
447.50000,13622.50879
448.00000,13608.37207
448.50000,13586.79980
449.00000,13559.78418
449.50000,13531.81641
450.00000,13508.05566
450.50000,13491.50391
451.00000,13486.08398
451.50000,13487.00293
452.00000,13490.44922
452.50000,13491.72461
453.00000,13486.20117
453.50000,13470.08008
454.00000,13443.11816
454.50000,13408.21973
455.00000,13371.62305
455.50000,13340.79297
456.00000,13321.04492
456.50000,13315.00000
457.00000,13314.67773
457.50000,13311.96875
458.00000,13299.85156
458.50000,13274.54688
459.00000,13239.48926
459.50000,13204.06152
460.00000,13175.85547
460.50000,13157.58496
461.00000,13152.09570
461.50000,13154.88672
462.00000,13163.28027
462.50000,13174.83008
463.00000,13188.20215
463.50000,13201.41797
464.00000,13210.99023
464.50000,13213.50098
465.00000,13208.84961
465.50000,13197.20801
466.00000,13182.81152
466.50000,13169.94336
467.00000,13161.00488
467.50000,13156.47168
468.00000,13154.99316
468.50000,13155.18262
469.00000,13156.24512
469.50000,13158.02930
470.00000,13160.70508
470.50000,13163.89551
471.00000,13166.98047
471.50000,13169.23242
472.00000,13170.08496
472.50000,13170.00195
473.00000,13169.65430
473.50000,13170.02441
474.00000,13172.38281
474.50000,13179.09570
475.00000,13190.63379
475.50000,13208.00195
476.00000,13228.66016
476.50000,13249.23340
477.00000,13264.24414
477.50000,13268.10645
478.00000,13259.72168
478.50000,13240.00098
479.00000,13211.71875
479.50000,13179.83398
480.00000,13148.53613
480.50000,13119.64453
481.00000,13094.16602
481.50000,13071.33301
482.00000,13051.47754
482.50000,13034.86426
483.00000,13021.88867
483.50000,13012.49512
484.00000,13005.78613
484.50000,13000.64063
485.00000,12995.56641
485.50000,12990.35645
486.00000,12986.18457
486.50000,12985.51660
487.00000,12989.71777
487.50000,13000.12695
488.00000,13014.34180
488.50000,13027.89258
489.00000,13036.25391
489.50000,13036.70801
490.00000,13026.39551
490.50000,13007.86523
491.00000,12983.43359
491.50000,12956.68945
492.00000,12929.15820
492.50000,12901.78711
493.00000,12875.19336
493.50000,12850.23340
494.00000,12827.97656
494.50000,12809.89160
495.00000,12795.90039
495.50000,12786.49121
496.00000,12779.51367
496.50000,12773.17188
497.00000,12766.00684
497.50000,12756.96777
498.00000,12745.79297
498.50000,12732.92871
499.00000,12720.00684
499.50000,12708.90137
500.00000,12701.79492
500.50000,12698.75391
501.00000,12699.66895
501.50000,12701.14941
502.00000,12700.13281
502.50000,12695.76660
503.00000,12689.23242
503.50000,12683.89746
504.00000,12684.10547
504.50000,12691.89844
505.00000,12704.36816
505.50000,12717.62109
506.00000,12727.01172
506.50000,12727.90918
507.00000,12721.36035
507.50000,12710.67969
508.00000,12699.68359
508.50000,12691.13086
509.00000,12686.18652
509.50000,12683.69336
510.00000,12681.89453
510.50000,12679.52246
511.00000,12675.89551
511.50000,12671.06836
512.00000,12664.50879
512.50000,12655.49805
513.00000,12643.11133
513.50000,12626.69434
514.00000,12606.63281
514.50000,12583.58105
515.00000,12559.77832
515.50000,12537.86719
516.00000,12519.10840
516.50000,12504.93555
517.00000,12494.68750
517.50000,12487.58496
518.00000,12482.01660
518.50000,12476.81445
519.00000,12472.13281
519.50000,12468.81836
520.00000,12468.65039
520.50000,12472.35840
521.00000,12480.15332
521.50000,12489.79883
522.00000,12499.32520
522.50000,12506.95117
523.00000,12511.58594
523.50000,12513.20020
524.00000,12513.41602
524.50000,12513.54980
525.00000,12514.65820
525.50000,12517.80176
526.00000,12522.98926
526.50000,12530.44824
527.00000,12539.37988
527.50000,12549.17480
528.00000,12559.04883
528.50000,12568.25586
529.00000,12576.03223
529.50000,12582.20508
530.00000,12586.21777
530.50000,12588.12012
531.00000,12587.03223
531.50000,12583.11328
532.00000,12576.22656
532.50000,12567.90137
533.00000,12559.70020
533.50000,12552.98438
534.00000,12548.22949
534.50000,12545.13281
535.00000,12541.88379
535.50000,12536.53027
536.00000,12528.90137
536.50000,12519.54785
537.00000,12510.65527
537.50000,12505.58203
538.00000,12506.93066
538.50000,12515.11914
539.00000,12529.99805
539.50000,12549.08398
540.00000,12570.59082
540.50000,12591.81934
541.00000,12610.58301
541.50000,12625.94336
542.00000,12636.26953
542.50000,12640.83496
543.00000,12638.91504
543.50000,12630.20508
544.00000,12617.36133
544.50000,12602.47852
545.00000,12588.02246
545.50000,12575.78809
546.00000,12565.71973
546.50000,12557.22461
547.00000,12549.18359
547.50000,12541.67090
548.00000,12535.57715
548.50000,12531.88184
549.00000,12530.97559
549.50000,12530.55371
550.00000,12526.33203
550.50000,12515.79395
551.00000,12495.97266
551.50000,12469.05762
552.00000,12438.45801
552.50000,12410.28027
553.00000,12389.33789
553.50000,12378.85449
554.00000,12378.89746
554.50000,12390.47656
555.00000,12410.37402
555.50000,12435.61230
556.00000,12460.31348
556.50000,12478.72070
557.00000,12487.26465
557.50000,12483.67188
558.00000,12469.45020
558.50000,12450.48535
559.00000,12431.68262
559.50000,12415.26172
560.00000,12401.18848
560.50000,12387.01074
561.00000,12370.45117
561.50000,12352.44727
562.00000,12335.85742
562.50000,12323.44141
563.00000,12316.61328
563.50000,12315.07422
564.00000,12316.59668
564.50000,12319.80078
565.00000,12324.36035
565.50000,12331.27441
566.00000,12340.12207
566.50000,12349.59082
567.00000,12356.99902
567.50000,12360.56641
568.00000,12361.12109
568.50000,12361.08691
569.00000,12362.70605
569.50000,12366.15234
570.00000,12368.71484
570.50000,12366.41602
571.00000,12355.45117
571.50000,12336.68945
572.00000,12311.83887
572.50000,12284.66602
573.00000,12259.04492
573.50000,12237.48535
574.00000,12219.82910
574.50000,12205.06055
575.00000,12189.84570
575.50000,12169.39648
576.00000,12140.81641
576.50000,12104.71973
577.00000,12069.03906
577.50000,12043.96973
578.00000,12037.03613
578.50000,12046.70898
579.00000,12062.70605
579.50000,12067.73828
580.00000,12052.81250
580.50000,12033.33008
581.00000,12041.08789
581.50000,12106.22852
582.00000,12257.88867
582.50000,12480.77637
583.00000,12715.09375
583.50000,12894.44336
584.00000,12976.10840
584.50000,12924.20605
585.00000,12780.80176
585.50000,12592.72461
586.00000,12426.08887
586.50000,12315.08105
587.00000,12257.54688
587.50000,12235.52441
588.00000,12224.04688
588.50000,12204.95117
589.00000,12177.45117
589.50000,12150.74023
590.00000,12133.92383
590.50000,12127.52637
591.00000,12130.27539
591.50000,12136.92871
592.00000,12145.95605
592.50000,12158.71582
593.00000,12176.37988
593.50000,12197.87109
594.00000,12218.77930
594.50000,12232.70605
595.00000,12237.82520
595.50000,12235.03320
596.00000,12229.34961
596.50000,12224.09473
597.00000,12220.25586
597.50000,12215.89453
598.00000,12207.09766
598.50000,12192.42578
599.00000,12171.83496
599.50000,12148.28223
600.00000,12123.86816
600.50000,12100.02148
601.00000,12076.34375
601.50000,12051.58398
602.00000,12025.47949
602.50000,11999.65723
603.00000,11977.34180
603.50000,11962.91992
604.00000,11958.73633
604.50000,11966.85547
605.00000,11981.50293
605.50000,11998.04492
606.00000,12010.97656
606.50000,12015.65625
607.00000,12011.00781
607.50000,11998.10938
608.00000,11980.75586
608.50000,11962.81543
609.00000,11947.35742
609.50000,11935.89551
610.00000,11930.68164
610.50000,11931.13770
611.00000,11936.81836
611.50000,11944.81152
612.00000,11952.33301
612.50000,11956.96289
613.00000,11957.65332
613.50000,11954.59668
614.00000,11950.00684
614.50000,11945.56445
615.00000,11941.49023
615.50000,11936.79688
616.00000,11930.53125
616.50000,11922.54004
617.00000,11914.89941
617.50000,11911.26074
618.00000,11914.44922
618.50000,11924.27344
619.00000,11939.33203
619.50000,11955.33203
620.00000,11968.03320
620.50000,11975.74219
621.00000,11978.87305
621.50000,11980.28809
622.00000,11982.54004
622.50000,11987.13770
623.00000,11993.87891
623.50000,12001.11035
624.00000,12006.17090
624.50000,12006.03613
625.00000,12000.35352
625.50000,11987.83887
626.00000,11970.33496
626.50000,11949.51465
627.00000,11928.34277
627.50000,11909.63965
628.00000,11895.24902
628.50000,11885.46777
629.00000,11880.91602
629.50000,11880.22656
630.00000,11883.21582
630.50000,11887.72754
631.00000,11891.00195
631.50000,11890.21582
632.00000,11882.70313
632.50000,11867.94824
633.00000,11848.57422
633.50000,11829.64941
634.00000,11816.70898
634.50000,11813.45898
635.00000,11816.25684
635.50000,11820.23926
636.00000,11819.41895
636.50000,11809.54395
637.00000,11791.90430
637.50000,11772.62695
638.00000,11757.71973
638.50000,11749.27637
639.00000,11746.66504
639.50000,11745.09180
640.00000,11739.97266
640.50000,11730.35645
641.00000,11718.84766
641.50000,11709.79688
642.00000,11706.66309
642.50000,11710.48535
643.00000,11719.58789
643.50000,11731.73145
644.00000,11743.88672
644.50000,11753.74414
645.00000,11760.35156
645.50000,11761.72754
646.00000,11757.83203
646.50000,11748.77832
647.00000,11736.81738
647.50000,11725.36133
648.00000,11716.85352
648.50000,11711.05762
649.00000,11706.31934
649.50000,11700.19727
650.00000,11691.01953
650.50000,11680.25879
651.00000,11671.33203
651.50000,11666.87207
652.00000,11667.65918
652.50000,11672.25293
653.00000,11678.13086
653.50000,11684.06738
654.00000,11691.19336
654.50000,11704.45898
655.00000,11725.98242
655.50000,11758.11816
656.00000,11797.19141
656.50000,11838.09863
657.00000,11874.62207
657.50000,11901.66016
658.00000,11916.96875
658.50000,11924.00391
659.00000,11924.82031
659.50000,11923.24219
660.00000,11921.12988
660.50000,11920.00488
661.00000,11921.85840
661.50000,11928.81152
662.00000,11942.68164
662.50000,11963.75098
663.00000,11989.21973
663.50000,12014.51465
664.00000,12034.47461
664.50000,12042.37305
665.00000,12038.97656
665.50000,12026.35449
666.00000,12010.06445
666.50000,11994.41992
667.00000,11982.00488
667.50000,11973.19922
668.00000,11967.22949
668.50000,11962.52637
669.00000,11958.43066
669.50000,11954.42871
670.00000,11949.57520
670.50000,11942.56055
671.00000,11931.14160
671.50000,11914.13867
672.00000,11891.10547
672.50000,11863.78418
673.00000,11834.83301
673.50000,11806.57520
674.00000,11780.61719
674.50000,11758.86426
675.00000,11741.10645
675.50000,11728.24805
676.00000,11718.86621
676.50000,11711.65723
677.00000,11705.01465
677.50000,11697.68359
678.00000,11689.10156
678.50000,11679.66797
679.00000,11669.86621
679.50000,11659.78516
680.00000,11648.14648
680.50000,11633.65039
681.00000,11614.76855
681.50000,11591.97266
682.00000,11567.35645
682.50000,11544.70508
683.00000,11528.12695
683.50000,11520.82129
684.00000,11520.96875
684.50000,11526.85059
685.00000,11533.25000
685.50000,11535.36328
686.00000,11530.46484
686.50000,11516.76172
687.00000,11496.24121
687.50000,11471.99805
688.00000,11446.35645
688.50000,11420.99512
689.00000,11396.36914
689.50000,11371.80762
690.00000,11346.08594
690.50000,11318.40039
691.00000,11288.69434
691.50000,11258.32324
692.00000,11229.85742
692.50000,11206.80371
693.00000,11191.69336
693.50000,11187.43848
694.00000,11191.54102
694.50000,11200.30859
695.00000,11207.82422
695.50000,11209.89941
696.00000,11206.30664
696.50000,11199.53027
697.00000,11194.40430
697.50000,11195.74121
698.00000,11207.13184
698.50000,11225.86523
699.00000,11249.76270
699.50000,11274.45996
700.00000,11296.98828
700.50000,11316.04590
701.00000,11330.58398
701.50000,11340.24512
702.00000,11344.30859
702.50000,11341.32617
703.00000,11330.48828
703.50000,11309.17090
704.00000,11278.72363
704.50000,11238.46973
705.00000,11192.76367
705.50000,11145.69141
706.00000,11101.93652
706.50000,11064.54980
707.00000,11034.43848
707.50000,11010.72266
708.00000,10993.19336
708.50000,10980.77051
709.00000,10975.26563
709.50000,10975.79199
710.00000,10981.42188
710.50000,10988.71387
711.00000,10994.94531
711.50000,10999.31250
712.00000,11003.72266
712.50000,11012.05469
713.00000,11027.24902
713.50000,11050.11133
714.00000,11075.18457
714.50000,11096.59863
715.00000,11111.19824
715.50000,11117.71289
716.00000,11119.50977
716.50000,11120.29590
717.00000,11121.88379
717.50000,11122.14941
718.00000,11116.30762
718.50000,11102.29004
719.00000,11078.71289
719.50000,11051.01660
720.00000,11024.76855
720.50000,11004.30957
721.00000,10991.24219
721.50000,10981.44531
722.00000,10969.20898
722.50000,10950.48047
723.00000,10925.82031
723.50000,10898.51855
724.00000,10874.43848
724.50000,10859.98633
725.00000,10855.87207
725.50000,10860.41797
726.00000,10868.21289
726.50000,10875.66406
727.00000,10881.98828
727.50000,10889.39063
728.00000,10902.01660
728.50000,10921.83301
729.00000,10950.85840
729.50000,10984.29297
730.00000,11017.55859
730.50000,11046.83301
731.00000,11069.54492
731.50000,11085.61035
732.00000,11096.28809
732.50000,11103.02539
733.00000,11108.02246
733.50000,11113.00098
734.00000,11119.15332
734.50000,11127.06250
735.00000,11135.80762
735.50000,11143.94238
736.00000,11150.17285
736.50000,11154.20996
737.00000,11157.66016
737.50000,11164.09766
738.00000,11178.08887
738.50000,11200.89063
739.00000,11235.02637
739.50000,11276.55664
740.00000,11322.45898
740.50000,11367.42578
741.00000,11406.24316
741.50000,11435.18750
742.00000,11454.02832
742.50000,11464.07031
743.00000,11469.06738
743.50000,11470.68359
744.00000,11470.09668
744.50000,11465.26660
745.00000,11454.68848
745.50000,11436.04297
746.00000,11410.82520
746.50000,11382.23828
747.00000,11353.30957
747.50000,11325.73633
748.00000,11299.58496
748.50000,11273.60449
749.00000,11246.77246
749.50000,11219.31934
750.00000,11192.33594
750.50000,11166.68750
751.00000,11142.66406
751.50000,11120.11719
752.00000,11099.20508
752.50000,11080.86914
753.00000,11065.46680
753.50000,11053.06445
754.00000,11041.08105
754.50000,11025.97461
755.00000,11006.72949
755.50000,10984.68945
756.00000,10964.22266
756.50000,10950.26270
757.00000,10945.84668
757.50000,10949.26367
758.00000,10956.80957
758.50000,10962.58496
759.00000,10962.55273
759.50000,10958.20410
760.00000,10952.31738
760.50000,10949.05859
761.00000,10952.55273
761.50000,10965.65430
762.00000,10989.70410
762.50000,11025.99609
763.00000,11070.61816
763.50000,11117.10840
764.00000,11156.38574
764.50000,11176.76367
765.00000,11175.23047
765.50000,11150.04297
766.00000,11108.89941
766.50000,11062.15918
767.00000,11019.49414
767.50000,10984.95117
768.00000,10956.69238
768.50000,10928.53125
769.00000,10895.34668
769.50000,10857.30469
770.00000,10817.62012
770.50000,10781.86230
771.00000,10754.59863
771.50000,10736.25000
772.00000,10722.25684
772.50000,10707.05371
773.00000,10687.87695
773.50000,10664.86230
774.00000,10642.22070
774.50000,10624.87891
775.00000,10614.50781
775.50000,10610.69922
776.00000,10609.32813
776.50000,10605.55371
777.00000,10596.55078
777.50000,10582.87305
778.00000,10566.00391
778.50000,10548.80273
779.00000,10533.35156
779.50000,10520.18652
780.00000,10509.55371
780.50000,10500.65625
781.00000,10492.50195
781.50000,10483.79688
782.00000,10473.34473
782.50000,10460.05176
783.00000,10444.25195
783.50000,10426.45898
784.00000,10408.48242
784.50000,10391.93945
785.00000,10377.43457
785.50000,10364.62793
786.00000,10351.61816
786.50000,10335.97559
787.00000,10315.16504
787.50000,10288.48242
788.00000,10255.78223
788.50000,10220.98633
789.00000,10189.95703
789.50000,10168.16895
790.00000,10162.79590
790.50000,10172.48145
791.00000,10192.10352
791.50000,10212.93262
792.00000,10226.18262
792.50000,10225.19043
793.00000,10212.00195
793.50000,10190.54688
794.00000,10170.66504
794.50000,10162.18945
795.00000,10169.01855
795.50000,10191.27832
796.00000,10224.28906
796.50000,10262.12207
797.00000,10299.77734
797.50000,10334.18945
798.00000,10363.63770
798.50000,10389.24316
799.00000,10410.72363
799.50000,10428.11816
800.00000,10438.69531
800.50000,10440.21680
801.00000,10429.98340
801.50000,10407.12793
802.00000,10374.26563
802.50000,10334.65039
803.00000,10294.14355
803.50000,10258.15723
804.00000,10228.82910
804.50000,10208.04785
805.00000,10192.67969
805.50000,10179.74219
806.00000,10165.78418
806.50000,10148.02148
807.00000,10124.51465
807.50000,10095.90137
808.00000,10063.33789
808.50000,10030.59668
809.00000,10002.36133
809.50000,9981.56152
810.00000,9970.07422
810.50000,9966.00781
811.00000,9966.46875
811.50000,9968.30859
812.00000,9969.37891
812.50000,9969.15820
813.00000,9968.54492
813.50000,9968.42969
814.00000,9968.66211
814.50000,9967.87402
815.00000,9964.84180
815.50000,9959.10059
816.00000,9951.90527
816.50000,9945.67090
817.00000,9943.21387
817.50000,9945.77539
818.00000,9954.50488
818.50000,9966.93848
819.00000,9980.42676
819.50000,9991.08301
820.00000,9995.37109
820.50000,9992.58301
821.00000,9984.12500
821.50000,9973.58398
822.00000,9965.36621
822.50000,9963.04785
823.00000,9965.93555
823.50000,9972.03125
824.00000,9977.12891
824.50000,9978.59766
825.00000,9978.12305
825.50000,9979.41504
826.00000,9985.80859
826.50000,9997.85449
827.00000,10013.42090
827.50000,10028.16992
828.00000,10038.05176
828.50000,10042.92773
829.00000,10043.52148
829.50000,10042.82813
830.00000,10042.59668
830.50000,10043.30371
831.00000,10045.18750
831.50000,10049.04102
832.00000,10055.58203
832.50000,10065.05566
833.00000,10075.10645
833.50000,10081.44629
834.00000,10081.25977
834.50000,10072.39941
835.00000,10058.27637
835.50000,10044.21094
836.00000,10034.21777
836.50000,10028.75586
837.00000,10025.28027
837.50000,10019.67090
838.00000,10008.20703
838.50000,9991.63281
839.00000,9971.12891
839.50000,9949.43652
840.00000,9927.46289
840.50000,9904.72461
841.00000,9880.96191
841.50000,9857.93066
842.00000,9839.34277
842.50000,9831.00098
843.00000,9833.99512
843.50000,9849.72656
844.00000,9871.47266
844.50000,9892.54004
845.00000,9907.02148
845.50000,9912.11914
846.00000,9910.83691
846.50000,9909.60938
847.00000,9914.05078
847.50000,9925.01563
848.00000,9940.34570
848.50000,9953.68262
849.00000,9958.54980
849.50000,9954.02637
850.00000,9942.32813
850.50000,9930.01465
851.00000,9923.75586
851.50000,9926.84375
852.00000,9935.87402
852.50000,9945.62305
853.00000,9951.07617
853.50000,9949.11230
854.00000,9942.91504
854.50000,9937.43457
855.00000,9938.05566
855.50000,9948.63867
856.00000,9969.29004
856.50000,9996.18945
857.00000,10024.00195
857.50000,10047.40137
858.00000,10061.26660
858.50000,10065.97852
859.00000,10060.48730
859.50000,10047.73145
860.00000,10029.17090
860.50000,10006.47266
861.00000,9980.43848
861.50000,9951.26172
862.00000,9919.94434
862.50000,9888.00684
863.00000,9857.92188
863.50000,9832.71289
864.00000,9812.75684
864.50000,9798.33594
865.00000,9787.50684
865.50000,9778.59473
866.00000,9770.70020
866.50000,9764.04688
867.00000,9759.90918
867.50000,9758.60742
868.00000,9760.13379
868.50000,9762.16406
869.00000,9762.38867
869.50000,9760.08594
870.00000,9755.92188
870.50000,9751.90625
871.00000,9749.84668
871.50000,9750.31934
872.00000,9751.89063
872.50000,9752.32617
873.00000,9750.18945
873.50000,9744.81836
874.00000,9738.21973
874.50000,9733.22754
875.00000,9732.11523
875.50000,9736.23340
876.00000,9745.57129
876.50000,9758.57813
877.00000,9773.57715
877.50000,9788.22754
878.00000,9800.22754
878.50000,9809.07031
879.00000,9814.43848
879.50000,9817.95117
880.00000,9821.23145
880.50000,9825.34668
881.00000,9829.94824
881.50000,9833.62402
882.00000,9835.15332
882.50000,9833.55078
883.00000,9829.85840
883.50000,9825.07520
884.00000,9820.63086
884.50000,9817.59766
885.00000,9816.48438
885.50000,9817.66992
886.00000,9821.11035
886.50000,9825.60645
887.00000,9828.48145
887.50000,9827.00977
888.00000,9817.52344
888.50000,9801.62988
889.00000,9781.89844
889.50000,9763.87598
890.00000,9752.87012
890.50000,9750.93555
891.00000,9755.87500
891.50000,9762.60742
892.00000,9764.93945
892.50000,9757.07324
893.00000,9740.02344
893.50000,9716.57715
894.00000,9693.55859
894.50000,9676.89551
895.00000,9669.16797
895.50000,9670.12305
896.00000,9677.04297
896.50000,9685.81641
897.00000,9693.69531
897.50000,9699.87500
898.00000,9704.33789
898.50000,9707.54980
899.00000,9707.91016
899.50000,9703.11328
900.00000,9690.74219
900.50000,9671.68848
901.00000,9650.04980
901.50000,9631.20996
902.00000,9618.34961
902.50000,9612.19238
903.00000,9607.61816
903.50000,9598.79004
904.00000,9583.33008
904.50000,9562.69238
905.00000,9543.37500
905.50000,9532.82617
906.00000,9535.71387
906.50000,9549.30176
907.00000,9567.45996
907.50000,9582.58789
908.00000,9588.93164
908.50000,9587.71680
909.00000,9581.17188
909.50000,9573.87012
910.00000,9569.05566
910.50000,9567.80762
911.00000,9569.10840
911.50000,9571.10742
912.00000,9571.87695
912.50000,9569.97363
913.00000,9566.02930
913.50000,9560.99219
914.00000,9555.94727
914.50000,9550.35840
915.00000,9542.22559
915.50000,9529.07520
916.00000,9509.87793
916.50000,9487.45703
917.00000,9467.11914
917.50000,9453.70020
918.00000,9451.62500
918.50000,9457.09863
919.00000,9465.06934
919.50000,9469.59668
920.00000,9467.94727
920.50000,9462.35352
921.00000,9457.64355
921.50000,9457.17578
922.00000,9460.15723
922.50000,9463.83301
923.00000,9465.06250
923.50000,9462.14160
924.00000,9456.59277
924.50000,9450.27344
925.00000,9444.58984
925.50000,9439.98828
926.00000,9437.00684
926.50000,9436.95996
927.00000,9443.14258
927.50000,9456.43652
928.00000,9477.08594
928.50000,9500.24609
929.00000,9521.29883
929.50000,9537.52148
930.00000,9548.91602
930.50000,9558.15527
931.00000,9568.53418
931.50000,9582.14355
932.00000,9598.37500
932.50000,9615.90234
933.00000,9632.75977
933.50000,9647.57715
934.00000,9660.22461
934.50000,9670.61328
935.00000,9679.08301
935.50000,9686.08203
936.00000,9691.85352
936.50000,9696.40137
937.00000,9698.60254
937.50000,9697.79297
938.00000,9692.77246
938.50000,9685.17773
939.00000,9677.65039
939.50000,9673.45605
940.00000,9674.81152
940.50000,9681.12012
941.00000,9688.77637
941.50000,9693.19434
942.00000,9692.06348
942.50000,9684.49707
943.00000,9674.92090
943.50000,9667.88086
944.00000,9665.77148
944.50000,9668.81055
945.00000,9674.37402
945.50000,9679.21094
946.00000,9681.03906
946.50000,9679.86816
947.00000,9676.50391
947.50000,9672.83008
948.00000,9670.08887
948.50000,9668.61816
949.00000,9668.62793
949.50000,9669.88477
950.00000,9671.98047
950.50000,9673.87402
951.00000,9673.80664
951.50000,9669.45117
952.00000,9660.37695
952.50000,9645.74023
953.00000,9627.89551
953.50000,9608.21484
954.00000,9588.22266
954.50000,9568.47559
955.00000,9548.93359
955.50000,9529.38867
956.00000,9509.70020
956.50000,9489.80664
957.00000,9469.68066
957.50000,9449.74902
958.00000,9431.65527
958.50000,9417.40527
959.00000,9410.16211
959.50000,9410.37012
960.00000,9415.69336
960.50000,9421.53613
961.00000,9423.24121
961.50000,9417.90430
962.00000,9407.95703
962.50000,9397.41309
963.00000,9390.62402
963.50000,9390.27832
964.00000,9394.41699
964.50000,9399.58203
965.00000,9402.25000
965.50000,9400.95117
966.00000,9396.27930
966.50000,9390.79688
967.00000,9386.91309
967.50000,9385.46973
968.00000,9386.60645
968.50000,9388.46582
969.00000,9388.94336
969.50000,9386.38867
970.00000,9380.12012
970.50000,9371.01172
971.00000,9361.51563
971.50000,9354.33301
972.00000,9350.36914
972.50000,9349.56543
973.00000,9349.37109
973.50000,9347.59375
974.00000,9343.52637
974.50000,9337.62988
975.00000,9330.87207
975.50000,9323.33789
976.00000,9313.73926
976.50000,9301.21875
977.00000,9285.80762
977.50000,9270.75195
978.00000,9260.49609
978.50000,9256.82031
979.00000,9259.98145
979.50000,9266.90137
980.00000,9274.20508
980.50000,9279.69824
981.00000,9282.89063
981.50000,9283.15430
982.00000,9279.96094
982.50000,9270.23340
983.00000,9253.82324
983.50000,9231.15625
984.00000,9207.06055
984.50000,9187.65332
985.00000,9177.49121
985.50000,9176.77637
986.00000,9182.46387
986.50000,9188.11426
987.00000,9187.66992
987.50000,9180.43262
988.00000,9167.02637
988.50000,9151.89941
989.00000,9139.33984
989.50000,9132.48926
990.00000,9133.15430
990.50000,9142.04004
991.00000,9157.54980
991.50000,9178.80469
992.00000,9202.83691
992.50000,9227.67188
993.00000,9251.23535
993.50000,9271.57520
994.00000,9287.77246
994.50000,9298.83984
995.00000,9304.54492
995.50000,9305.72949
996.00000,9303.45605
996.50000,9300.05273
997.00000,9297.43848
997.50000,9296.35156
998.00000,9296.43262
998.50000,9296.05078
999.00000,9293.46484
999.50000,9288.07910
1000.00000,9280.56738
1000.50000,9272.34668
1001.00000,9264.74512
1001.50000,9258.30957
1002.00000,9252.57031
1002.50000,9247.59863
1003.00000,9244.13086
1003.50000,9244.24902
1004.00000,9248.83008
1004.50000,9257.13672
1005.00000,9266.07227
1005.50000,9272.02246
1006.00000,9273.03613
1006.50000,9271.68652
1007.00000,9272.92969
1007.50000,9279.97754
1008.00000,9293.12402
1008.50000,9305.99023
1009.00000,9310.43457
1009.50000,9301.98340
1010.00000,9282.00586
1010.50000,9256.43262
1011.00000,9233.25879
1011.50000,9218.49707
1012.00000,9211.52637
1012.50000,9211.36719
1013.00000,9214.41992
1013.50000,9219.73242
1014.00000,9226.75586
1014.50000,9234.46094
1015.00000,9240.18750
1015.50000,9240.78711
1016.00000,9233.58203
1016.50000,9220.75586
1017.00000,9205.98730
1017.50000,9194.52930
1018.00000,9190.61426
1018.50000,9193.56445
1019.00000,9200.97363
1019.50000,9208.90820
1020.00000,9214.46973
1020.50000,9216.83008
1021.00000,9217.49121
1021.50000,9218.43359
1022.00000,9221.13867
1022.50000,9226.29395
1023.00000,9232.42773
1023.50000,9237.34863
1024.00000,9239.23047
1024.50000,9237.67285
1025.00000,9234.76270
1025.50000,9234.65820
1026.00000,9242.56641
1026.50000,9259.45898
1027.00000,9285.24805
1027.50000,9312.79590
1028.00000,9334.09375
1028.50000,9344.08789
1029.00000,9340.94824
1029.50000,9329.35254
1030.00000,9317.26563
1030.50000,9312.02930
1031.00000,9315.55664
1031.50000,9326.43652
1032.00000,9337.91504
1032.50000,9344.26758
1033.00000,9344.89551
1033.50000,9342.97559
1034.00000,9344.27441
1034.50000,9353.38574
1035.00000,9371.32715
1035.50000,9394.52148
1036.00000,9418.31934
1036.50000,9438.60742
1037.00000,9452.06055
1037.50000,9459.63965
1038.00000,9460.94629
1038.50000,9456.99805
1039.00000,9447.63574
1039.50000,9433.57813
1040.00000,9416.83398
1040.50000,9400.30176
1041.00000,9386.76367
1041.50000,9378.49902
1042.00000,9373.95898
1042.50000,9370.89355
1043.00000,9365.93652
1043.50000,9356.14551
1044.00000,9340.65625
1044.50000,9319.69531
1045.00000,9294.40625
1045.50000,9267.23926
1046.00000,9241.33301
1046.50000,9219.96094
1047.00000,9208.09277
1047.50000,9205.45898
1048.00000,9211.23438
1048.50000,9220.15820
1049.00000,9227.31250
1049.50000,9230.19238
1050.00000,9230.13867
1050.50000,9230.90820
1051.00000,9235.76074
1051.50000,9246.26855
1052.00000,9258.95605
1052.50000,9269.26660
1053.00000,9274.05664
1053.50000,9272.00781
1054.00000,9265.64844
1054.50000,9258.91602
1055.00000,9255.52637
1055.50000,9256.94629
1056.00000,9263.02246
1056.50000,9270.20410
1057.00000,9273.80664
1057.50000,9270.99316
1058.00000,9259.90430
1058.50000,9243.98926
1059.00000,9228.88477
1059.50000,9220.30566
1060.00000,9220.39746
1060.50000,9227.47949
1061.00000,9235.20313
1061.50000,9236.92285
1062.00000,9231.10742
1062.50000,9218.34570
1063.00000,9203.88965
1063.50000,9192.30859
1064.00000,9185.72656
1064.50000,9183.72559
1065.00000,9184.68652
1065.50000,9186.77930
1066.00000,9189.35352
1066.50000,9192.26465
1067.00000,9195.88477
1067.50000,9200.37109
1068.00000,9206.00195
1068.50000,9212.49023
1069.00000,9219.15332
1069.50000,9225.02051
1070.00000,9229.54199
1070.50000,9233.01758
1071.00000,9236.86816
1071.50000,9242.94531
1072.00000,9251.34375
1072.50000,9261.12207
1073.00000,9269.73242
1073.50000,9274.36914
1074.00000,9273.71777
1074.50000,9268.00879
1075.00000,9258.64844
1075.50000,9248.44727
1076.00000,9240.56348
1076.50000,9237.19043
1077.00000,9241.24316
1077.50000,9251.44336
1078.00000,9266.11621
1078.50000,9281.30176
1079.00000,9293.49707
1079.50000,9301.15527
1080.00000,9305.50000
1080.50000,9308.93164
1081.00000,9313.85449
1081.50000,9321.55469
1082.00000,9330.63477
1082.50000,9339.15527
1083.00000,9345.43164
1083.50000,9348.54492
1084.00000,9349.20605
1084.50000,9349.01758
1085.00000,9349.55957
1085.50000,9351.20996
1086.00000,9352.64551
1086.50000,9351.49121
1087.00000,9344.73145
1087.50000,9333.35645
1088.00000,9320.55664
1088.50000,9311.75977
1089.00000,9311.61719
1089.50000,9320.89160
1090.00000,9335.19434
1090.50000,9348.37695
1091.00000,9355.87305
1091.50000,9354.95508
1092.00000,9349.46094
1092.50000,9342.83203
1093.00000,9337.93457
1093.50000,9335.36719
1094.00000,9333.77246
1094.50000,9331.43262
1095.00000,9327.17188
1095.50000,9320.86523
1096.00000,9312.16113
1096.50000,9301.64844
1097.00000,9289.60254
1097.50000,9277.28711
1098.00000,9266.11035
1098.50000,9256.99414
1099.00000,9250.22754
1099.50000,9245.44727
1100.00000,9241.93359
1100.50000,9239.43945
1101.00000,9237.61230
1101.50000,9236.30469
1102.00000,9235.14160
1102.50000,9234.24219
1103.00000,9234.29980
1103.50000,9236.59375
1104.00000,9241.72168
1104.50000,9248.83789
1105.00000,9255.95313
1105.50000,9261.24609
1106.00000,9264.47754
1106.50000,9268.49805
1107.00000,9278.10742
1107.50000,9295.13574
1108.00000,9319.03027
1108.50000,9344.06055
1109.00000,9363.01270
1109.50000,9370.89551
1110.00000,9369.20117
1110.50000,9363.22363
1111.00000,9360.91211
1111.50000,9368.96289
1112.00000,9385.30176
1112.50000,9405.69824
1113.00000,9423.73047
1113.50000,9435.82422
1114.00000,9443.24414
1114.50000,9450.31445
1115.00000,9461.00781
1115.50000,9475.58496
1116.00000,9491.57520
1116.50000,9504.78418
1117.00000,9511.48828
1117.50000,9512.39258
1118.00000,9509.34863
1118.50000,9505.88770
1119.00000,9505.07520
1119.50000,9508.83105
1120.00000,9516.96094
1120.50000,9528.57422
1121.00000,9540.88086
1121.50000,9551.08691
1122.00000,9558.00879
1122.50000,9561.11035
1123.00000,9561.84473
1123.50000,9561.44629
1124.00000,9560.70703
1124.50000,9560.20215
1125.00000,9561.41602
1125.50000,9566.57324
1126.00000,9579.73828
1126.50000,9600.28027
1127.00000,9626.07520
1127.50000,9650.33301
1128.00000,9666.01953
1128.50000,9670.79785
1129.00000,9667.73828
1129.50000,9664.09277
1130.00000,9667.19922
1130.50000,9681.80664
1131.00000,9703.97363
1131.50000,9727.52344
1132.00000,9745.15918
1132.50000,9751.51367
1133.00000,9748.38184
1133.50000,9741.15234
1134.00000,9737.72949
1134.50000,9744.59668
1135.00000,9765.79688
1135.50000,9797.58984
1136.00000,9835.54102
1136.50000,9872.25781
1137.00000,9902.62891
1137.50000,9926.56445
1138.00000,9945.72070
1138.50000,9963.27344
1139.00000,9981.22754
1139.50000,10000.10156
1140.00000,10019.85254
1140.50000,10041.65039
1141.00000,10066.89453
1141.50000,10097.91504
1142.00000,10132.85156
1142.50000,10167.51465
1143.00000,10195.65820
1143.50000,10211.10449
1144.00000,10211.51465
1144.50000,10200.24609
1145.00000,10182.87988
1145.50000,10167.10840
1146.00000,10159.20117
1146.50000,10158.87793
1147.00000,10164.30859
1147.50000,10169.97168
1148.00000,10171.06934
1148.50000,10165.63184
1149.00000,10154.60645
1149.50000,10140.53320
1150.00000,10126.36621
1150.50000,10113.45996
1151.00000,10101.27734
1151.50000,10088.85645
1152.00000,10076.02637
1152.50000,10064.15137
1153.00000,10055.40918
1153.50000,10052.07715
1154.00000,10055.04688
1154.50000,10063.05957
1155.00000,10074.38672
1155.50000,10086.27344
1156.00000,10096.61230
1156.50000,10104.67676
1157.00000,10109.80371
1157.50000,10112.59180
1158.00000,10113.37695
1158.50000,10112.84180
1159.00000,10111.89648
1159.50000,10111.85352
1160.00000,10114.10938
1160.50000,10120.54395
1161.00000,10130.73926
1161.50000,10143.90723
1162.00000,10157.00781
1162.50000,10166.90039
1163.00000,10172.19629
1163.50000,10173.42285
1164.00000,10173.13184
1164.50000,10174.49805
1165.00000,10179.86621
1165.50000,10188.53125
1166.00000,10198.61719
1166.50000,10206.86230
1167.00000,10210.20020
1167.50000,10208.48047
1168.00000,10203.14941
1168.50000,10197.81152
1169.00000,10196.31738
1169.50000,10201.29199
1170.00000,10211.43066
1170.50000,10223.85254
1171.00000,10234.24512
1171.50000,10239.50000
1172.00000,10241.07617
1172.50000,10242.34473
1173.00000,10247.29590
1173.50000,10258.14453
1174.00000,10274.20605
1174.50000,10292.36133
1175.00000,10309.76172
1175.50000,10325.11719
1176.00000,10338.11230
1176.50000,10349.97363
1177.00000,10361.26855
1177.50000,10372.41016
1178.00000,10383.66406
1178.50000,10395.35352
1179.00000,10407.56543
1179.50000,10419.72070
1180.00000,10430.52051
1180.50000,10437.73633
1181.00000,10440.85547
1181.50000,10439.22852
1182.00000,10435.06250
1182.50000,10430.79883
1183.00000,10428.70215
1183.50000,10429.47363
1184.00000,10431.45508
1184.50000,10431.19336
1185.00000,10424.85059
1185.50000,10412.75195
1186.00000,10397.42578
1186.50000,10384.69727
1187.00000,10379.51367
1187.50000,10380.90918
1188.00000,10383.81934
1188.50000,10381.43945
1189.00000,10370.53613
1189.50000,10353.38574
1190.00000,10337.52734
1190.50000,10330.76270
1191.00000,10333.12305
1191.50000,10341.63379
1192.00000,10349.40527
1192.50000,10352.72656
1193.00000,10353.50195
1193.50000,10356.98438
1194.00000,10367.58398
1194.50000,10384.23340
1195.00000,10401.65430
1195.50000,10413.01953
1196.00000,10412.06348
1196.50000,10402.01660
1197.00000,10388.50684
1197.50000,10379.97168
1198.00000,10383.15527
1198.50000,10399.49219
1199.00000,10424.77539
1199.50000,10452.57324
1200.00000,10476.10352
1200.50000,10489.73535
1201.00000,10494.62207
1201.50000,10491.60352
1202.00000,10484.93555
1202.50000,10477.48145
1203.00000,10471.52637
1203.50000,10468.73828
1204.00000,10470.30859
1204.50000,10475.65820
1205.00000,10483.06348
1205.50000,10488.88379
1206.00000,10488.88574
1206.50000,10483.05078
1207.00000,10473.40430
1207.50000,10465.20020
1208.00000,10463.34473
1208.50000,10469.45801
1209.00000,10480.92090
1209.50000,10493.47559
1210.00000,10503.17090
1210.50000,10507.35547
1211.00000,10507.30566
1211.50000,10503.56250
1212.00000,10497.68262
1212.50000,10490.53809
1213.00000,10483.45020
1213.50000,10477.84961
1214.00000,10474.49707
1214.50000,10472.42383
1215.00000,10469.96875
1215.50000,10466.48730
1216.00000,10463.96875
1216.50000,10465.91309
1217.00000,10476.04883
1217.50000,10492.54785
1218.00000,10509.12402
1218.50000,10517.16113
1219.00000,10511.44434
1219.50000,10491.13867
1220.00000,10464.38965
1220.50000,10439.54883
1221.00000,10421.39844
1221.50000,10411.11426
1222.00000,10404.30371
1222.50000,10397.36328
1223.00000,10389.35254
1223.50000,10382.59766
1224.00000,10380.94629
1224.50000,10386.02930
1225.00000,10397.93555
1225.50000,10412.01953
1226.00000,10423.09668
1226.50000,10428.03516
1227.00000,10425.35156
1227.50000,10418.22266
1228.00000,10411.44727
1228.50000,10409.73047
1229.00000,10415.24316
1229.50000,10428.64453
1230.00000,10446.99707
1230.50000,10468.64453
1231.00000,10490.80176
1231.50000,10510.71289
1232.00000,10525.39551
1232.50000,10530.70605
1233.00000,10524.95117
1233.50000,10509.86133
1234.00000,10490.22266
1234.50000,10473.02441
1235.00000,10464.66406
1235.50000,10465.21094
1236.00000,10473.67383
1236.50000,10484.33301
1237.00000,10492.33203
1237.50000,10494.59961
1238.00000,10489.73438
1238.50000,10478.31250
1239.00000,10463.05176
1239.50000,10447.13281
1240.00000,10433.91797
1240.50000,10426.83008
1241.00000,10425.20605
1241.50000,10428.54688
1242.00000,10434.21094
1242.50000,10440.48730
1243.00000,10446.76074
1243.50000,10453.68848
1244.00000,10462.68164
1244.50000,10474.43457
1245.00000,10489.31641
1245.50000,10505.55273
1246.00000,10521.09473
1246.50000,10534.26660
1247.00000,10543.81934
1247.50000,10549.97266
1248.00000,10552.96582
1248.50000,10552.74316
1249.00000,10549.56152
1249.50000,10544.01563
1250.00000,10538.64160
1250.50000,10537.27246
1251.00000,10541.40625
1251.50000,10551.61133
1252.00000,10564.63672
1252.50000,10577.24316
1253.00000,10587.85742
1253.50000,10597.32520
1254.00000,10607.33984
1254.50000,10618.27344
1255.00000,10628.41211
1255.50000,10635.77441
1256.00000,10639.17969
1256.50000,10640.92676
1257.00000,10643.87402
1257.50000,10649.31055
1258.00000,10656.13574
1258.50000,10662.06348
1259.00000,10666.01660
1259.50000,10669.02637
1260.00000,10673.71484
1260.50000,10683.23633
1261.00000,10697.66699
1261.50000,10717.33594
1262.00000,10740.61230
1262.50000,10765.74805
1263.00000,10789.74512
1263.50000,10808.81152
1264.00000,10819.10254
1264.50000,10821.22754
1265.00000,10817.06641
1265.50000,10812.20215
1266.00000,10810.05078
1266.50000,10810.19531
1267.00000,10810.29590
1267.50000,10808.77637
1268.00000,10807.17578
1268.50000,10809.31250
1269.00000,10817.18555
1269.50000,10829.46582
1270.00000,10840.27637
1270.50000,10843.08008
1271.00000,10838.24609
1271.50000,10829.66211
1272.00000,10824.00977
1272.50000,10825.86133
1273.00000,10835.30957
1273.50000,10849.33398
1274.00000,10865.50977
1274.50000,10882.39258
1275.00000,10899.43555
1275.50000,10914.92383
1276.00000,10924.61426
1276.50000,10926.00586
1277.00000,10917.72754
1277.50000,10903.51270
1278.00000,10889.54004
1278.50000,10882.17480
1279.00000,10884.61914
1279.50000,10899.38086
1280.00000,10922.89258
1280.50000,10952.60059
1281.00000,10982.33301
1281.50000,11005.89648
1282.00000,11019.99121
1282.50000,11024.52344
1283.00000,11024.55469
1283.50000,11028.02246
1284.00000,11042.01172
1284.50000,11066.76758
1285.00000,11101.01660
1285.50000,11138.10352
1286.00000,11174.01172
1286.50000,11207.19922
1287.00000,11237.29883
1287.50000,11263.92090
1288.00000,11285.01270
1288.50000,11297.28320
1289.00000,11300.07617
1289.50000,11293.36035
1290.00000,11282.34180
1290.50000,11271.08105
1291.00000,11261.90234
1291.50000,11254.15820
1292.00000,11245.05664
1292.50000,11232.35547
1293.00000,11216.48047
1293.50000,11200.47754
1294.00000,11187.87793
1294.50000,11179.52051
1295.00000,11174.80566
1295.50000,11170.82422
1296.00000,11166.75977
1296.50000,11163.74023
1297.00000,11164.04785
1297.50000,11168.61816
1298.00000,11176.55273
1298.50000,11186.28711
1299.00000,11196.74805
1299.50000,11208.73145
1300.00000,11222.96191
1300.50000,11239.75195
1301.00000,11256.98633
1301.50000,11271.95605
1302.00000,11283.01367
1302.50000,11289.50488
1303.00000,11291.46777
1303.50000,11289.05371
1304.00000,11281.30469
1304.50000,11269.38379
1305.00000,11255.02832
1305.50000,11242.36523
1306.00000,11235.72559
1306.50000,11236.21973
1307.00000,11243.72266
1307.50000,11255.47070
1308.00000,11267.53906
1308.50000,11275.46387
1309.00000,11276.20313
1309.50000,11267.00098
1310.00000,11251.79297
1310.50000,11236.50586
1311.00000,11228.14453
1311.50000,11231.81738
1312.00000,11244.80371
1312.50000,11260.07324
1313.00000,11270.13184
1313.50000,11272.73438
1314.00000,11271.13086
1314.50000,11272.27148
1315.00000,11281.49121
1315.50000,11295.31250
1316.00000,11307.10742
1316.50000,11311.95410
1317.00000,11309.78711
1317.50000,11305.86230
1318.00000,11305.10254
1318.50000,11307.43555
1319.00000,11307.28027
1319.50000,11297.31934
1320.00000,11278.38379
1320.50000,11255.86816
1321.00000,11238.86230
1321.50000,11233.00488
1322.00000,11234.79004
1322.50000,11235.97852
1323.00000,11229.41309
1323.50000,11215.00195
1324.00000,11198.00488
1324.50000,11185.99219
1325.00000,11185.09863
1325.50000,11192.94434
1326.00000,11207.30762
1326.50000,11223.58398
1327.00000,11237.98340
1327.50000,11247.52441
1328.00000,11251.17383
1328.50000,11250.48828
1329.00000,11250.42773
1329.50000,11256.18164
1330.00000,11267.02246
1330.50000,11277.39258
1331.00000,11279.30469
1331.50000,11266.40234
1332.00000,11241.22852
1332.50000,11211.12598
1333.00000,11183.46875
1333.50000,11160.59180
1334.00000,11139.96094
1334.50000,11117.30859
1335.00000,11089.74121
1335.50000,11058.20898
1336.00000,11022.77441
1336.50000,10984.13477
1337.00000,10943.45801
1337.50000,10904.43457
1338.00000,10872.05859
1338.50000,10850.15430
1339.00000,10835.59473
1339.50000,10822.55371
1340.00000,10805.03320
1340.50000,10781.35840
1341.00000,10756.78223
1341.50000,10737.44434
1342.00000,10724.64453
1342.50000,10713.47559
1343.00000,10697.11914
1343.50000,10673.20215
1344.00000,10644.69043
1344.50000,10619.33789
1345.00000,10604.75195
1345.50000,10599.71484
1346.00000,10600.30664
1346.50000,10599.64844
1347.00000,10593.51563
1347.50000,10582.03809
1348.00000,10568.22168
1348.50000,10554.52930
1349.00000,10541.38867
1349.50000,10527.48438
1350.00000,10512.24609
1350.50000,10497.31250
1351.00000,10485.84570
1351.50000,10481.03906
1352.00000,10482.44141
1352.50000,10486.32422
1353.00000,10487.24414
1353.50000,10481.48242
1354.00000,10467.32031
1354.50000,10448.79883
1355.00000,10430.31641
1355.50000,10415.46484
1356.00000,10405.64551
1356.50000,10398.37305
1357.00000,10389.89160
1357.50000,10377.11621
1358.00000,10360.20410
1358.50000,10342.23242
1359.00000,10327.89063
1359.50000,10322.44238
1360.00000,10324.85449
1360.50000,10332.54980
1361.00000,10338.90625
1361.50000,10337.58008
1362.00000,10326.12695
1362.50000,10306.46387
1363.00000,10283.72266
1363.50000,10264.26172
1364.00000,10253.44336
1364.50000,10250.66504
1365.00000,10254.74219
1365.50000,10260.35742
1366.00000,10263.61230
1366.50000,10262.28613
1367.00000,10255.42871
1367.50000,10243.95996
1368.00000,10231.05566
1368.50000,10221.71973
1369.00000,10220.16113
1369.50000,10231.04297
1370.00000,10249.81348
1370.50000,10269.45215
1371.00000,10280.81152
1371.50000,10276.92578
1372.00000,10258.95703
1372.50000,10234.72754
1373.00000,10213.53711
1373.50000,10200.94141
1374.00000,10199.43359
1374.50000,10204.34277
1375.00000,10211.76367
1375.50000,10217.33887
1376.00000,10218.02344
1376.50000,10213.36426
1377.00000,10204.36426
1377.50000,10193.43457
1378.00000,10183.01758
1378.50000,10173.75684
1379.00000,10163.78320
1379.50000,10149.36523
1380.00000,10129.56738
1380.50000,10104.17773
1381.00000,10076.41504
1381.50000,10049.80078
1382.00000,10027.56445
1382.50000,10012.08496
1383.00000,10005.00879
1383.50000,10004.32910
1384.00000,10006.79590
1384.50000,10006.92285
1385.00000,10000.03418
1385.50000,9987.21484
1386.00000,9971.96094
1386.50000,9958.25586
1387.00000,9946.29980
1387.50000,9932.34570
1388.00000,9912.25293
1388.50000,9884.01563
1389.00000,9851.93750
1389.50000,9822.19824
1390.00000,9799.38770
1390.50000,9787.12891
1391.00000,9783.78418
1391.50000,9787.45313
1392.00000,9794.66602
1392.50000,9801.36816
1393.00000,9804.03027
1393.50000,9801.90723
1394.00000,9795.63281
1394.50000,9788.26660
1395.00000,9780.80176
1395.50000,9771.93652
1396.00000,9758.84277
1396.50000,9741.21875
1397.00000,9722.20313
1397.50000,9706.99707
1398.00000,9698.33105
1398.50000,9694.75195
1399.00000,9689.29590
1399.50000,9673.79102
1400.00000,9647.25977
1400.50000,9610.22656
1401.00000,9568.82813
1401.50000,9529.02051
1402.00000,9495.63770
1402.50000,9471.26758
1403.00000,9457.01660
1403.50000,9449.39844
1404.00000,9444.55078
1404.50000,9437.50000
1405.00000,9425.24512
1405.50000,9409.48535
1406.00000,9392.78125
1406.50000,9377.30273
1407.00000,9363.57227
1407.50000,9351.60742
1408.00000,9342.36914
1408.50000,9339.17578
1409.00000,9342.97656
1409.50000,9353.69238
1410.00000,9365.24707
1410.50000,9370.94824
1411.00000,9368.29395
1411.50000,9359.82422
1412.00000,9351.68066
1412.50000,9349.16992
1413.00000,9354.43359
1413.50000,9364.28027
1414.00000,9374.76367
1414.50000,9382.19629
1415.00000,9383.63672
1415.50000,9379.38477
1416.00000,9370.08203
1416.50000,9358.71094
1417.00000,9349.19141
1417.50000,9344.57227
1418.00000,9344.54688
1418.50000,9346.43262
1419.00000,9345.76855
1419.50000,9338.14453
1420.00000,9323.99512
1420.50000,9304.28223
1421.00000,9282.36230
1421.50000,9261.20898
1422.00000,9243.27637
1422.50000,9229.82422
1423.00000,9220.81934
1423.50000,9213.72852
1424.00000,9205.79004
1424.50000,9195.50684
1425.00000,9182.84375
1425.50000,9169.63184
1426.00000,9157.08008
1426.50000,9145.15918
1427.00000,9133.50879
1427.50000,9122.85645
1428.00000,9114.66602
1428.50000,9109.49023
1429.00000,9104.32324
1429.50000,9094.23633
1430.00000,9077.91602
1430.50000,9057.42285
1431.00000,9038.96875
1431.50000,9027.71973
1432.00000,9023.97070
1432.50000,9023.46582
1433.00000,9022.27246
1433.50000,9019.87695
1434.00000,9018.74512
1434.50000,9019.65723
1435.00000,9020.07129
1435.50000,9016.14941
1436.00000,9006.33301
1436.50000,8994.64941
1437.00000,8987.79102
1437.50000,8990.66504
1438.00000,9001.38281
1438.50000,9014.99023
1439.00000,9025.29199
1439.50000,9028.94531
1440.00000,9028.05859
1440.50000,9024.67773
1441.00000,9020.82422
1441.50000,9017.38574
1442.00000,9015.00488
1442.50000,9014.60449
1443.00000,9017.62891
1443.50000,9023.87207
1444.00000,9032.24805
1444.50000,9039.08887
1445.00000,9040.10742
1445.50000,9034.43848
1446.00000,9024.12891
1446.50000,9015.23535
1447.00000,9014.24121
1447.50000,9024.81543
1448.00000,9043.46387
1448.50000,9064.49219
1449.00000,9081.68848
1449.50000,9091.29492
1450.00000,9095.25000
1450.50000,9094.13965
1451.00000,9088.62207
1451.50000,9078.96875
1452.00000,9067.23242
1452.50000,9057.07617
1453.00000,9051.50977
1453.50000,9049.33789
1454.00000,9047.47168
1454.50000,9043.32813
1455.00000,9037.69727
1455.50000,9033.63965
1456.00000,9032.91602
1456.50000,9034.21680
1457.00000,9035.56348
1457.50000,9037.76855
1458.00000,9044.33105
1458.50000,9059.57227
1459.00000,9080.27539
1459.50000,9098.51465
1460.00000,9107.17285
1460.50000,9103.76563
1461.00000,9094.39453
1461.50000,9086.65430
1462.00000,9084.55273
1462.50000,9086.41895
1463.00000,9089.34570
1463.50000,9092.62305
1464.00000,9100.30371
1464.50000,9115.09863
1465.00000,9136.65625
1465.50000,9158.33008
1466.00000,9171.95898
1466.50000,9172.68555
1467.00000,9161.36621
1467.50000,9142.74121
1468.00000,9124.90723
1468.50000,9115.58008
1469.00000,9116.59961
1469.50000,9127.62402
1470.00000,9141.79688
1470.50000,9153.19043
1471.00000,9158.86816
1471.50000,9159.62207
1472.00000,9158.47266
1472.50000,9157.91016
1473.00000,9158.10547
1473.50000,9158.00000
1474.00000,9158.14453
1474.50000,9161.10059
1475.00000,9170.20703
1475.50000,9184.68066
1476.00000,9200.89746
1476.50000,9214.01563
1477.00000,9221.75000
1477.50000,9225.12207
1478.00000,9227.87988
1478.50000,9232.48730
1479.00000,9238.07617
1479.50000,9242.54590
1480.00000,9245.20703
1480.50000,9247.38477
1481.00000,9251.56250
1481.50000,9259.30859
1482.00000,9270.21973
1482.50000,9282.15137
1483.00000,9293.25000
1483.50000,9303.06348
1484.00000,9311.77246
1484.50000,9319.74023
1485.00000,9326.10352
1485.50000,9329.88379
1486.00000,9330.26855
1486.50000,9327.91309
1487.00000,9324.82129
1487.50000,9323.20898
1488.00000,9323.64453
1488.50000,9324.56250
1489.00000,9322.94043
1489.50000,9315.41113
1490.00000,9302.55859
1490.50000,9286.92285
1491.00000,9272.92090
1491.50000,9263.81543
1492.00000,9260.09961
1492.50000,9258.70020
1493.00000,9256.39648
1493.50000,9252.11523
1494.00000,9246.98535
1494.50000,9243.82422
1495.00000,9245.83691
1495.50000,9254.01465
1496.00000,9268.47461
1496.50000,9287.61816
1497.00000,9308.21094
1497.50000,9326.70996
1498.00000,9341.05859
1498.50000,9350.16602
1499.00000,9357.11914
1499.50000,9365.22949
1500.00000,9376.24121
1500.50000,9388.82813
1501.00000,9398.25488
1501.50000,9399.59570
1502.00000,9390.68359
1502.50000,9375.14844
1503.00000,9359.01953
1503.50000,9349.02637
1504.00000,9351.72852
1504.50000,9365.26367
1505.00000,9385.95703
1505.50000,9405.47461
1506.00000,9416.59668
1506.50000,9416.66504
1507.00000,9408.93945
1507.50000,9399.24121
1508.00000,9393.52246
1508.50000,9395.53809
1509.00000,9402.15527
1509.50000,9408.87988
1510.00000,9411.32910
1510.50000,9407.51172
1511.00000,9398.92969
1511.50000,9388.68945
1512.00000,9379.87012
1512.50000,9373.96289
1513.00000,9370.89746
1513.50000,9367.86523
1514.00000,9360.92969
1514.50000,9348.74902
1515.00000,9331.44629
1515.50000,9312.47070
1516.00000,9295.50195
1516.50000,9282.23145
1517.00000,9270.95801
1517.50000,9258.01953
1518.00000,9240.89551
1518.50000,9219.40332
1519.00000,9197.50586
1519.50000,9179.04102
1520.00000,9164.98145
1520.50000,9154.05762
1521.00000,9143.46289
1521.50000,9131.63574
1522.00000,9119.28809
1522.50000,9108.12695
1523.00000,9098.65723
1523.50000,9089.15723
1524.00000,9077.79199
1524.50000,9065.33789
1525.00000,9054.99023
1525.50000,9049.62891
1526.00000,9049.12598
1526.50000,9048.67773
1527.00000,9043.22168
1527.50000,9030.75586
1528.00000,9015.67773
1528.50000,9004.28613
1529.00000,8999.35352
1529.50000,9000.92383
1530.00000,9004.98828
1530.50000,9009.45605
1531.00000,9014.93457
1531.50000,9022.37500
1532.00000,9030.40527
1532.50000,9035.46387
1533.00000,9033.95801
1533.50000,9028.28223
1534.00000,9024.01074
1534.50000,9025.68555
1535.00000,9033.50977
1535.50000,9042.04980
1536.00000,9045.46289
1536.50000,9041.98242
1537.00000,9035.92871
1537.50000,9034.37012
1538.00000,9041.26855
1538.50000,9057.26465
1539.00000,9075.96387
1539.50000,9091.66602
1540.00000,9101.47852
1540.50000,9105.65918
1541.00000,9107.88574
1541.50000,9112.69824
1542.00000,9123.24219
1542.50000,9138.10156
1543.00000,9154.29297
1543.50000,9167.92676
1544.00000,9176.11816
1544.50000,9180.15430
1545.00000,9182.42969
1545.50000,9185.81934
1546.00000,9191.17188
1546.50000,9197.03418
1547.00000,9201.31055
1547.50000,9202.91309
1548.00000,9203.52344
1548.50000,9206.10938
1549.00000,9212.08301
1549.50000,9220.51758
1550.00000,9227.20020
1550.50000,9228.33398
1551.00000,9223.75098
1551.50000,9217.35449
1552.00000,9214.30371
1552.50000,9216.48242
1553.00000,9222.02637
1553.50000,9225.11328
1554.00000,9221.56445
1554.50000,9213.30566
1555.00000,9204.34961
1555.50000,9198.09082
1556.00000,9194.24512
1556.50000,9189.48438
1557.00000,9181.15625
1557.50000,9169.94141
1558.00000,9159.63281
1558.50000,9153.65625
1559.00000,9150.93262
1559.50000,9148.09375
1560.00000,9140.95215
1560.50000,9125.97949
1561.00000,9102.92969
1561.50000,9073.79688
1562.00000,9041.62695
1562.50000,9011.61914
1563.00000,8990.79004
1563.50000,8980.89160
1564.00000,8982.40234
1564.50000,8987.27539
1565.00000,8987.71191
1565.50000,8980.55762
1566.00000,8968.26758
1566.50000,8956.32520
1567.00000,8948.43945
1567.50000,8944.05762
1568.00000,8938.10645
1568.50000,8925.94043
1569.00000,8909.07129
1569.50000,8891.61621
1570.00000,8878.31543
1570.50000,8870.95801
1571.00000,8866.71484
1571.50000,8860.14648
1572.00000,8847.48340
1572.50000,8830.63379
1573.00000,8814.69629
1573.50000,8804.94238
1574.00000,8805.15918
1574.50000,8811.82617
1575.00000,8818.92676
1575.50000,8820.74414
1576.00000,8815.26367
1576.50000,8803.49316
1577.00000,8788.67090
1577.50000,8772.73633
1578.00000,8757.20020
1578.50000,8743.93555
1579.00000,8734.03906
1579.50000,8728.32715
1580.00000,8724.56934
1580.50000,8718.94922
1581.00000,8708.15234
1581.50000,8692.03906
1582.00000,8673.09180
1582.50000,8655.56738
1583.00000,8642.24219
1583.50000,8632.04102
1584.00000,8623.46484
1584.50000,8614.68359
1585.00000,8605.27539
1585.50000,8596.12793
1586.00000,8588.35645
1586.50000,8582.38379
1587.00000,8577.36133
1587.50000,8572.12012
1588.00000,8566.06250
1588.50000,8559.62598
1589.00000,8553.88574
1589.50000,8548.79492
1590.00000,8542.60645
1590.50000,8533.24707
1591.00000,8520.76367
1591.50000,8508.41895
1592.00000,8500.92090
1592.50000,8498.77832
1593.00000,8498.36621
1593.50000,8493.59375
1594.00000,8480.00586
1594.50000,8460.21973
1595.00000,8439.32031
1595.50000,8421.60254
1596.00000,8406.37988
1596.50000,8389.70703
1597.00000,8368.83203
1597.50000,8343.42969
1598.00000,8316.87695
1598.50000,8291.63281
1599.00000,8267.65625
1599.50000,8243.57227
1600.00000,8218.94336
1600.50000,8195.14746
1601.00000,8174.16602
1601.50000,8156.27295
1602.00000,8139.71533
1602.50000,8121.24072
1603.00000,8098.19971
1603.50000,8071.93701
1604.00000,8044.58301
1604.50000,8018.66455
1605.00000,7995.12646
1605.50000,7972.74268
1606.00000,7949.53662
1606.50000,7924.62793
1607.00000,7898.83105
1607.50000,7873.24854
1608.00000,7848.12695
1608.50000,7822.64453
1609.00000,7796.48438
1609.50000,7771.64844
1610.00000,7751.72949
1610.50000,7739.95361
1611.00000,7735.90332
1611.50000,7733.58936
1612.00000,7723.65820
1612.50000,7702.41895
1613.00000,7670.23828
1613.50000,7637.62158
1614.00000,7615.91846
1614.50000,7609.26123
1615.00000,7614.77246
1615.50000,7621.67285
1616.00000,7621.57129
1616.50000,7613.25439
1617.00000,7602.88965
1617.50000,7596.25830
1618.00000,7592.64307
1618.50000,7585.83936
1619.00000,7572.08447
1619.50000,7553.54248
1620.00000,7537.99561
1620.50000,7531.27246
1621.00000,7531.66797
1621.50000,7529.72168
1622.00000,7516.06543
1622.50000,7491.76807
1623.00000,7461.69824
1623.50000,7434.19043
1624.00000,7414.24170
1624.50000,7401.54297
1625.00000,7394.25830
1625.50000,7389.62646
1626.00000,7384.08887
1626.50000,7372.81787
1627.00000,7353.37695
1627.50000,7324.87354
1628.00000,7293.52930
1628.50000,7264.13184
1629.00000,7236.69775
1629.50000,7207.54932
1630.00000,7173.92725
1630.50000,7138.09912
1631.00000,7107.19141
1631.50000,7085.16211
1632.00000,7070.13965
1632.50000,7052.91650
1633.00000,7023.32178
1633.50000,6981.48486
1634.00000,6932.82910
1634.50000,6888.23535
1635.00000,6854.60352
1635.50000,6831.97949
1636.00000,6814.88525
1636.50000,6797.07617
1637.00000,6774.36719
1637.50000,6745.25098
1638.00000,6712.83740
1638.50000,6680.07910
1639.00000,6650.21777
1639.50000,6626.18799
1640.00000,6608.54053
1640.50000,6594.69824
1641.00000,6580.07471
1641.50000,6560.36865
1642.00000,6532.70215
1642.50000,6500.18457
1643.00000,6467.71680
1643.50000,6439.94141
1644.00000,6419.20068
1644.50000,6403.84033
1645.00000,6391.94824
1645.50000,6381.96582
1646.00000,6372.49609
1646.50000,6361.32764
1647.00000,6346.36426
1647.50000,6325.40479
1648.00000,6300.86963
1648.50000,6276.00781
1649.00000,6254.00293
1649.50000,6235.40430
1650.00000,6218.26904
1650.50000,6200.80664
1651.00000,6182.71094
1651.50000,6164.90137
1652.00000,6148.47998
1652.50000,6133.30371
1653.00000,6119.36670
1653.50000,6106.14307
1654.00000,6092.84326
1654.50000,6078.08789
1655.00000,6060.81445
1655.50000,6042.12695
1656.00000,6024.62939
1656.50000,6010.32617
1657.00000,5997.66797
1657.50000,5982.11865
1658.00000,5960.50391
1658.50000,5932.82617
1659.00000,5904.21436
1659.50000,5880.22363
1660.00000,5863.38135
1660.50000,5852.26660
1661.00000,5842.47754
1661.50000,5829.33740
1662.00000,5808.86426
1662.50000,5781.85205
1663.00000,5750.52100
1663.50000,5721.64258
1664.00000,5702.31836
1664.50000,5693.89258
1665.00000,5693.01318
1665.50000,5692.74854
1666.00000,5687.15332
1666.50000,5673.42529
1667.00000,5655.28711
1667.50000,5635.10254
1668.00000,5614.81934
1668.50000,5595.35107
1669.00000,5578.12109
1669.50000,5565.35938
1670.00000,5557.04639
1670.50000,5550.48145
1671.00000,5541.70313
1671.50000,5528.71777
1672.00000,5512.00928
1672.50000,5495.56055
1673.00000,5482.20898
1673.50000,5471.62305
1674.00000,5462.72900
1674.50000,5454.65137
1675.00000,5448.10059
1675.50000,5443.83838
1676.00000,5440.75879
1676.50000,5435.71045
1677.00000,5425.68408
1677.50000,5407.12256
1678.00000,5382.94727
1678.50000,5357.21533
1679.00000,5334.98926
1679.50000,5320.22803
1680.00000,5313.33350
1680.50000,5311.06299
1681.00000,5308.14697
1681.50000,5300.78027
1682.00000,5287.10742
1682.50000,5270.41309
1683.00000,5255.01807
1683.50000,5244.40479
1684.00000,5239.99023
1684.50000,5239.99365
1685.00000,5241.60791
1685.50000,5241.69287
1686.00000,5237.58691
1686.50000,5227.35205
1687.00000,5212.43506
1687.50000,5194.86279
1688.00000,5178.87207
1688.50000,5168.83057
1689.00000,5165.38135
1689.50000,5166.38428
1690.00000,5167.38525
1690.50000,5163.72119
1691.00000,5151.86377
1691.50000,5133.21240
1692.00000,5111.92041
1692.50000,5093.94922
1693.00000,5084.21436
1693.50000,5081.26709
1694.00000,5080.82471
1694.50000,5077.22168
1695.00000,5068.64551
1695.50000,5057.43506
1696.00000,5047.59521
1696.50000,5041.29541
1697.00000,5036.47705
1697.50000,5030.09912
1698.00000,5021.55127
1698.50000,5012.14502
1699.00000,5004.05029
1699.50000,4998.49170
1700.00000,4994.99951
1700.50000,4992.71338
1701.00000,4990.64844
1701.50000,4987.04980
1702.00000,4978.64063
1702.50000,4965.61963
1703.00000,4950.68457
1703.50000,4938.98291
1704.00000,4934.23975
1704.50000,4934.52197
1705.00000,4933.88623
1705.50000,4927.88867
1706.00000,4917.93213
1706.50000,4908.74316
1707.00000,4903.92920
1707.50000,4903.38672
1708.00000,4901.86914
1708.50000,4895.69580
1709.00000,4885.43066
1709.50000,4873.33154
1710.00000,4860.62744
1710.50000,4846.03174
1711.00000,4827.73584
1711.50000,4807.32520
1712.00000,4789.46191
1712.50000,4778.69531
1713.00000,4777.90137
1713.50000,4783.39502
1714.00000,4791.22900
1714.50000,4797.31738
1715.00000,4798.34961
1715.50000,4791.66943
1716.00000,4777.39209
1716.50000,4756.32275
1717.00000,4734.02930
1717.50000,4717.63916
1718.00000,4710.52881
1718.50000,4712.61475
1719.00000,4718.97559
1719.50000,4725.05322
1720.00000,4728.26514
1720.50000,4728.25195
1721.00000,4724.52393
1721.50000,4716.74121
1722.00000,4703.53857
1722.50000,4687.62207
1723.00000,4673.49463
1723.50000,4664.77490
1724.00000,4662.50439
1724.50000,4663.57861
1725.00000,4663.71631
1725.50000,4660.28076
1726.00000,4654.98779
1726.50000,4651.06592
1727.00000,4650.38477
1727.50000,4652.91992
1728.00000,4655.26416
1728.50000,4654.13330
1729.00000,4649.03320
1729.50000,4641.49365
1730.00000,4634.07324
1730.50000,4628.40723
1731.00000,4624.10986
1731.50000,4619.43018
1732.00000,4612.57373
1732.50000,4603.57275
1733.00000,4592.95703
1733.50000,4582.27051
1734.00000,4572.21729
1734.50000,4562.47510
1735.00000,4552.21729
1735.50000,4541.36328
1736.00000,4531.75391
1736.50000,4526.85889
1737.00000,4527.53369
1737.50000,4533.22070
1738.00000,4538.89160
1738.50000,4540.19189
1739.00000,4536.89844
1739.50000,4531.65186
1740.00000,4527.66260
1740.50000,4525.80029
1741.00000,4524.67139
1741.50000,4522.96338
1742.00000,4520.78174
1742.50000,4518.81152
1743.00000,4516.30469
1743.50000,4511.89307
1744.00000,4505.42725
1744.50000,4499.22168
1745.00000,4496.14844
1745.50000,4496.54053
1746.00000,4496.63428
1746.50000,4492.22412
1747.00000,4483.37354
1747.50000,4472.70605
1748.00000,4464.49854
1748.50000,4460.56543
1749.00000,4459.52490
1749.50000,4459.53516
1750.00000,4459.48096
1750.50000,4458.54150
1751.00000,4454.59277
1751.50000,4445.83008
1752.00000,4430.36084
1752.50000,4412.57422
1753.00000,4399.61963
1753.50000,4395.92041
1754.00000,4401.33203
1754.50000,4409.18506
1755.00000,4411.08447
1755.50000,4404.01025
1756.00000,4393.23730
1756.50000,4386.21680
1757.00000,4385.96729
1757.50000,4389.77051
1758.00000,4390.15967
1758.50000,4382.65039
1759.00000,4369.25684
1759.50000,4355.26367
1760.00000,4345.19727
1760.50000,4339.50830
1761.00000,4337.60449
1761.50000,4337.97803
1762.00000,4340.70654
1762.50000,4344.45508
1763.00000,4347.84131
1763.50000,4349.86377
1764.00000,4349.96680
1764.50000,4347.42090
1765.00000,4341.26611
1765.50000,4330.95898
1766.00000,4319.28564
1766.50000,4311.70361
1767.00000,4311.29346
1767.50000,4317.27539
1768.00000,4323.59863
1768.50000,4325.08643
1769.00000,4321.27783
1769.50000,4316.06836
1770.00000,4312.93018
1770.50000,4311.53174
1771.00000,4308.78223
1771.50000,4302.39941
1772.00000,4292.60791
1772.50000,4282.53027
1773.00000,4274.34375
1773.50000,4268.38184
1774.00000,4264.45654
1774.50000,4262.94629
1775.00000,4264.74023
1775.50000,4270.11084
1776.00000,4276.33496
1776.50000,4278.82568
1777.00000,4275.52246
1777.50000,4265.30078
1778.00000,4251.36523
1778.50000,4237.31592
1779.00000,4226.50781
1779.50000,4221.37695
1780.00000,4223.24365
1780.50000,4230.06250
1781.00000,4236.89697
1781.50000,4238.74609
1782.00000,4232.71387
1782.50000,4223.25244
1783.00000,4216.39502
1783.50000,4214.38672
1784.00000,4214.59619
1784.50000,4212.50244
1785.00000,4206.41260
1785.50000,4198.60791
1786.00000,4191.97168
1786.50000,4186.41309
1787.00000,4179.82080
1787.50000,4171.76318
1788.00000,4165.36963
1788.50000,4163.85449
1789.00000,4166.65234
1789.50000,4169.59375
1790.00000,4167.73926
1790.50000,4160.16748
1791.00000,4148.38770
1791.50000,4137.18750
1792.00000,4132.75244
1792.50000,4135.72607
1793.00000,4143.90771
1793.50000,4150.35059
1794.00000,4148.40625
1794.50000,4138.46045
1795.00000,4128.30518
1795.50000,4125.76270
1796.00000,4131.08740
1796.50000,4138.75879
1797.00000,4141.32178
1797.50000,4136.38037
1798.00000,4128.36523
1798.50000,4122.25977
1799.00000,4119.65820
1799.50000,4118.17676
1800.00000,4113.97803
1800.50000,4104.63867
1801.00000,4090.09668
1801.50000,4076.19287
1802.00000,4070.07568
1802.50000,4072.97559
1803.00000,4081.16943
1803.50000,4085.74023
1804.00000,4082.29639
1804.50000,4073.34888
1805.00000,4064.67773
1805.50000,4058.78516
1806.00000,4053.53320
1806.50000,4047.79663
1807.00000,4043.27148
1807.50000,4042.03906
1808.00000,4041.81543
1808.50000,4040.28687
1809.00000,4039.18945
1809.50000,4043.76245
1810.00000,4054.87817
