440.00000,17634.18945
440.50000,17612.65820
441.00000,17604.18359
441.50000,17606.21875
442.00000,17617.17578
442.50000,17632.25195
443.00000,17649.09180
443.50000,17667.88086
444.00000,17690.63281
444.50000,17719.82227
445.00000,17756.22266
445.50000,17802.20313
446.00000,17856.47266
446.50000,17917.22852
447.00000,17978.82227
447.50000,18034.70117
448.00000,18079.22266
448.50000,18106.63281
449.00000,18119.05859
449.50000,18121.78906
450.00000,18117.64258
450.50000,18109.15039
451.00000,18092.25000
451.50000,18065.50391
452.00000,18026.96875
452.50000,17980.75586
453.00000,17932.19141
453.50000,17887.63477
454.00000,17849.17383
454.50000,17813.53320
455.00000,17775.02344
455.50000,17726.98633
456.00000,17667.83984
456.50000,17598.86133
457.00000,17528.03906
457.50000,17462.29883
458.00000,17406.53516
458.50000,17364.04102
459.00000,17334.48633
459.50000,17312.62500
460.00000,17295.90430
460.50000,17281.46094
461.00000,17269.41797
461.50000,17260.70898
462.00000,17257.30078
462.50000,17259.21680
463.00000,17266.60156
463.50000,17279.02539
464.00000,17296.93945
464.50000,17321.81641
465.00000,17353.87305
465.50000,17394.75195
466.00000,17441.96875
466.50000,17495.25000
467.00000,17552.78516
467.50000,17616.41797
468.00000,17687.70898
468.50000,17767.22852
469.00000,17851.95508
469.50000,17933.12500
470.00000,18000.55273
470.50000,18050.99805
471.00000,18078.69727
471.50000,18088.80078
472.00000,18081.75000
472.50000,18061.93945
473.00000,18030.31445
473.50000,17991.40820
474.00000,17955.40625
474.50000,17942.32227
475.00000,17960.78906
475.50000,18016.68750
476.00000,18089.86914
476.50000,18152.93750
477.00000,18172.30078
477.50000,18124.08203
478.00000,18018.00781
478.50000,17876.48633
479.00000,17729.45703
479.50000,17606.66211
480.00000,17526.17383
480.50000,17474.04688
481.00000,17440.37695
481.50000,17408.79688
482.00000,17371.07617
482.50000,17328.25586
483.00000,17287.78516
483.50000,17256.22461
484.00000,17237.06836
484.50000,17232.36719
485.00000,17238.69531
485.50000,17252.17188
486.00000,17266.70313
486.50000,17277.74219
487.00000,17282.93359
487.50000,17281.14648
488.00000,17275.95313
488.50000,17272.20313
489.00000,17273.10547
489.50000,17278.59961
490.00000,17286.33594
490.50000,17291.33398
491.00000,17289.69336
491.50000,17282.85938
492.00000,17273.13281
492.50000,17264.39844
493.00000,17260.21289
493.50000,17261.26367
494.00000,17266.56055
494.50000,17276.01953
495.00000,17289.09766
495.50000,17307.11523
496.00000,17328.85742
496.50000,17352.41992
497.00000,17375.43164
497.50000,17396.73047
498.00000,17417.43945
498.50000,17441.67578
499.00000,17473.71094
499.50000,17513.79102
500.00000,17560.48633
500.50000,17607.89648
501.00000,17648.61719
501.50000,17679.21289
502.00000,17699.68945
502.50000,17714.44727
503.00000,17728.12109
503.50000,17744.46680
504.00000,17764.47266
504.50000,17785.89258
505.00000,17805.59375
505.50000,17820.21875
506.00000,17829.25195
506.50000,17830.75000
507.00000,17825.32227
507.50000,17812.46289
508.00000,17791.94727
508.50000,17763.81641
509.00000,17728.25391
509.50000,17687.62305
510.00000,17644.59570
510.50000,17602.12695
511.00000,17562.93945
511.50000,17528.35547
512.00000,17501.00195
512.50000,17481.73047
513.00000,17470.50195
513.50000,17466.73633
514.00000,17468.42383
514.50000,17474.03320
515.00000,17481.23242
515.50000,17489.40820
516.00000,17498.88867
516.50000,17511.23828
517.00000,17527.15039
517.50000,17547.10938
518.00000,17569.73633
518.50000,17592.46484
519.00000,17613.40820
519.50000,17632.00000
520.00000,17648.38281
520.50000,17664.37695
521.00000,17681.66406
521.50000,17700.32422
522.00000,17719.57422
522.50000,17737.99414
523.00000,17754.39063
523.50000,17768.68945
524.00000,17782.60938
524.50000,17797.65234
525.00000,17813.97070
525.50000,17830.12305
526.00000,17842.84961
526.50000,17846.80859
527.00000,17840.76953
527.50000,17823.70508
528.00000,17797.18164
528.50000,17763.82617
529.00000,17725.73438
529.50000,17686.17773
530.00000,17648.28711
530.50000,17615.34570
531.00000,17593.84180
531.50000,17587.17383
532.00000,17602.55859
532.50000,17637.23438
533.00000,17687.52344
533.50000,17747.99219
534.00000,17811.71680
534.50000,17873.18359
535.00000,17929.41211
535.50000,17978.65039
536.00000,18022.18555
536.50000,18058.52148
537.00000,18086.75195
537.50000,18101.64453
538.00000,18097.76563
538.50000,18071.61719
539.00000,18018.69922
539.50000,17943.46680
540.00000,17848.20508
540.50000,17746.22656
541.00000,17650.46680
541.50000,17567.96875
542.00000,17502.94336
542.50000,17451.99805
543.00000,17409.10352
543.50000,17367.68164
544.00000,17324.52344
544.50000,17281.23633
545.00000,17241.37500
545.50000,17210.24414
546.00000,17188.68945
546.50000,17177.99414
547.00000,17174.32813
547.50000,17175.91211
548.00000,17181.35547
548.50000,17189.60156
549.00000,17199.80664
549.50000,17210.04102
550.00000,17218.44531
550.50000,17224.97461
551.00000,17230.64453
551.50000,17237.83203
552.00000,17249.40625
552.50000,17265.34766
553.00000,17282.04883
553.50000,17293.66211
554.00000,17294.41016
554.50000,17276.58984
555.00000,17239.15625
555.50000,17179.88086
556.00000,17107.36523
556.50000,17025.91797
557.00000,16942.13281
557.50000,16860.89453
558.00000,16785.17578
558.50000,16714.41016
559.00000,16646.67188
559.50000,16579.66016
560.00000,16512.91211
560.50000,16447.87500
561.00000,16390.18359
561.50000,16343.63770
562.00000,16311.71289
562.50000,16292.95313
563.00000,16282.98926
563.50000,16275.55469
564.00000,16263.31543
564.50000,16241.47363
565.00000,16212.28027
565.50000,16178.73047
566.00000,16146.93945
566.50000,16123.41602
567.00000,16112.38574
567.50000,16115.17480
568.00000,16129.40527
568.50000,16150.53906
569.00000,16174.19629
569.50000,16196.07910
570.00000,16213.30566
570.50000,16228.63086
571.00000,16247.34277
571.50000,16274.45410
572.00000,16314.94238
572.50000,16368.91895
573.00000,16432.48633
573.50000,16497.48438
574.00000,16556.91406
574.50000,16605.69727
575.00000,16645.34570
575.50000,16676.77539
576.00000,16704.19922
576.50000,16728.46680
577.00000,16748.45703
577.50000,16761.24414
578.00000,16764.54688
578.50000,16758.47266
579.00000,16743.26172
579.50000,16722.44922
580.00000,16696.70508
580.50000,16666.96094
581.00000,16632.04297
581.50000,16592.95703
582.00000,16551.74609
582.50000,16512.57031
583.00000,16478.30664
583.50000,16449.04297
584.00000,16420.97461
584.50000,16388.08789
585.00000,16346.28809
585.50000,16292.31934
586.00000,16233.92285
586.50000,16179.91113
587.00000,16137.99512
587.50000,16112.94824
588.00000,16104.01660
588.50000,16104.33496
589.00000,16107.05859
589.50000,16109.49902
590.00000,16114.79395
590.50000,16127.56836
591.00000,16154.60449
591.50000,16195.83691
592.00000,16246.19629
592.50000,16297.26563
593.00000,16342.74414
593.50000,16379.44531
594.00000,16409.29883
594.50000,16434.40039
595.00000,16457.50000
595.50000,16476.81641
596.00000,16489.84766
596.50000,16492.29688
597.00000,16482.98047
597.50000,16461.61914
598.00000,16428.96289
598.50000,16388.72461
599.00000,16342.20410
599.50000,16292.86230
600.00000,16244.56934
600.50000,16201.78613
601.00000,16172.31836
601.50000,16158.17090
602.00000,16161.46191
602.50000,16181.69043
603.00000,16217.60059
603.50000,16269.93066
604.00000,16336.88281
604.50000,16419.08203
605.00000,16508.61133
605.50000,16597.72461
606.00000,16676.66211
606.50000,16733.17578
607.00000,16760.18750
607.50000,16752.10156
608.00000,16712.83008
608.50000,16652.31836
609.00000,16577.73047
609.50000,16499.76758
610.00000,16426.37305
610.50000,16362.60742
611.00000,16313.53809
611.50000,16278.88574
612.00000,16260.08008
612.50000,16256.46777
613.00000,16265.83594
613.50000,16286.75000
614.00000,16315.42773
614.50000,16351.60938
615.00000,16394.61133
615.50000,16447.58984
616.00000,16509.71289
616.50000,16579.47070
617.00000,16650.28711
617.50000,16713.14844
618.00000,16761.39063
618.50000,16794.69531
619.00000,16814.63672
619.50000,16829.54883
620.00000,16847.05664
620.50000,16872.56836
621.00000,16908.94922
621.50000,16954.69141
622.00000,17009.50000
622.50000,17073.13281
623.00000,17145.50586
623.50000,17227.68359
624.00000,17316.66602
624.50000,17408.41211
625.00000,17496.81250
625.50000,17573.42383
626.00000,17633.22266
626.50000,17668.65234
627.00000,17677.42969
627.50000,17663.41992
628.00000,17633.14648
628.50000,17596.04297
629.00000,17558.99219
629.50000,17525.97656
630.00000,17498.35742
630.50000,17473.01758
631.00000,17447.41797
631.50000,17420.62695
632.00000,17392.68359
632.50000,17363.67188
633.00000,17333.06641
633.50000,17299.81250
634.00000,17265.36328
634.50000,17235.03516
635.00000,17214.26172
635.50000,17210.98633
636.00000,17224.58008
636.50000,17252.25000
637.00000,17284.45508
637.50000,17311.01563
638.00000,17326.40039
638.50000,17331.20508
639.00000,17325.79102
639.50000,17313.01367
640.00000,17289.16211
640.50000,17251.36914
641.00000,17195.04492
641.50000,17123.23047
642.00000,17041.01172
642.50000,16955.65234
643.00000,16873.22070
643.50000,16796.57422
644.00000,16723.49805
644.50000,16651.07031
645.00000,16577.95898
645.50000,16505.24805
646.00000,16435.05469
646.50000,16369.67285
647.00000,16309.83789
647.50000,16255.56445
648.00000,16207.75586
648.50000,16167.69336
649.00000,16139.12500
649.50000,16120.49414
650.00000,16110.28027
650.50000,16100.67969
651.00000,16082.95508
651.50000,16053.98340
652.00000,16015.44727
652.50000,15973.93066
653.00000,15937.76855
653.50000,15914.38672
654.00000,15903.84961
654.50000,15903.59961
655.00000,15904.66406
655.50000,15901.25879
656.00000,15891.45313
656.50000,15875.67871
657.00000,15857.15137
657.50000,15839.66797
658.00000,15826.22559
658.50000,15817.19824
659.00000,15813.08301
659.50000,15812.16406
660.00000,15813.47754
660.50000,15815.08789
661.00000,15815.47754
661.50000,15814.46387
662.00000,15813.88672
662.50000,15817.03613
663.00000,15827.14063
663.50000,15847.79395
664.00000,15877.80664
664.50000,15916.95898
665.00000,15959.67090
665.50000,16001.93359
666.00000,16041.43652
666.50000,16077.05957
667.00000,16108.90918
667.50000,16137.00391
668.00000,16159.69824
668.50000,16174.77637
669.00000,16177.40234
669.50000,16167.47168
670.00000,16141.75391
670.50000,16104.17578
671.00000,16057.42480
671.50000,16007.11133
672.00000,15958.86426
672.50000,15916.68066
673.00000,15881.83496
673.50000,15855.62402
674.00000,15836.20508
674.50000,15824.11133
675.00000,15816.99512
675.50000,15814.45215
676.00000,15814.16504
676.50000,15814.62305
677.00000,15815.08594
677.50000,15816.14063
678.00000,15819.94922
678.50000,15828.85938
679.00000,15847.30273
679.50000,15875.13379
680.00000,15913.00879
680.50000,15957.60547
681.00000,16007.00879
681.50000,16058.68652
682.00000,16110.92188
682.50000,16162.36523
683.00000,16211.29980
683.50000,16254.17969
684.00000,16288.07422
684.50000,16305.07617
685.00000,16303.91113
685.50000,16279.01953
686.00000,16233.51270
686.50000,16170.30371
687.00000,16097.52637
687.50000,16022.20020
688.00000,15948.66504
688.50000,15879.09961
689.00000,15816.81641
689.50000,15763.86328
690.00000,15729.35156
690.50000,15718.47363
691.00000,15736.00977
691.50000,15777.79297
692.00000,15835.26367
692.50000,15897.33008
693.00000,15953.73828
693.50000,15997.61035
694.00000,16030.40820
694.50000,16053.73438
695.00000,16070.82129
695.50000,16078.62695
696.00000,16074.43262
696.50000,16054.84863
697.00000,16020.78223
697.50000,15977.97852
698.00000,15934.20508
698.50000,15895.47754
699.00000,15864.70508
699.50000,15838.86328
700.00000,15815.23633
700.50000,15790.81836
701.00000,15764.28223
701.50000,15735.92676
702.00000,15706.50293
702.50000,15676.24512
703.00000,15645.04688
703.50000,15612.34766
704.00000,15577.91895
704.50000,15540.31836
705.00000,15498.70801
705.50000,15450.36230
706.00000,15395.78320
706.50000,15336.52832
707.00000,15275.97949
707.50000,15217.86719
708.00000,15165.09668
708.50000,15117.31348
709.00000,15073.80859
709.50000,15031.89160
710.00000,14991.27637
710.50000,14953.12793
711.00000,14920.17676
711.50000,14894.33398
712.00000,14876.69727
712.50000,14868.00684
713.00000,14867.80762
713.50000,14878.72852
714.00000,14899.91113
714.50000,14934.24121
715.00000,14978.27832
715.50000,15029.17188
716.00000,15080.85645
716.50000,15127.27539
717.00000,15163.71680
717.50000,15189.77930
718.00000,15207.08496
718.50000,15219.95996
719.00000,15230.41211
719.50000,15239.71777
720.00000,15246.58398
720.50000,15249.88086
721.00000,15249.16895
721.50000,15247.87500
722.00000,15251.96094
722.50000,15268.27832
723.00000,15299.58789
723.50000,15348.75391
724.00000,15409.33887
724.50000,15476.34570
725.00000,15542.01074
725.50000,15601.53320
726.00000,15655.15820
726.50000,15705.25098
727.00000,15755.04590
727.50000,15806.65039
728.00000,15859.97266
728.50000,15912.31152
729.00000,15958.04199
729.50000,15994.27441
730.00000,16017.79590
730.50000,16031.00098
731.00000,16036.27344
731.50000,16037.36133
732.00000,16036.93848
732.50000,16035.66016
733.00000,16032.92871
733.50000,16027.96289
734.00000,16022.71973
734.50000,16021.56543
735.00000,16028.20313
735.50000,16046.81055
736.00000,16076.57129
736.50000,16114.51465
737.00000,16156.20703
737.50000,16198.22852
738.00000,16241.03613
738.50000,16286.93066
739.00000,16338.88965
739.50000,16394.51563
740.00000,16447.85156
740.50000,16490.30664
741.00000,16511.15430
741.50000,16503.70703
742.00000,16469.46289
742.50000,16411.84180
743.00000,16339.68066
743.50000,16257.00879
744.00000,16170.16016
744.50000,16082.97852
745.00000,16000.05859
745.50000,15928.76270
746.00000,15874.61035
746.50000,15840.66992
747.00000,15826.79199
747.50000,15827.51270
748.00000,15838.88477
748.50000,15855.01270
749.00000,15874.35352
749.50000,15895.66113
750.00000,15917.98145
750.50000,15937.77930
751.00000,15949.58789
751.50000,15949.24512
752.00000,15936.29980
752.50000,15913.57617
753.00000,15888.75488
753.50000,15869.54883
754.00000,15859.18848
754.50000,15857.84375
755.00000,15859.42090
755.50000,15859.14258
756.00000,15854.70801
756.50000,15846.60352
757.00000,15836.90527
757.50000,15827.31641
758.00000,15817.10156
758.50000,15803.29004
759.00000,15780.62207
759.50000,15748.65430
760.00000,15706.48828
760.50000,15657.77832
761.00000,15606.25391
761.50000,15555.73926
762.00000,15508.97363
762.50000,15468.07324
763.00000,15433.04785
763.50000,15404.67969
764.00000,15381.10742
764.50000,15362.02441
765.00000,15345.60449
765.50000,15331.24414
766.00000,15318.97656
766.50000,15310.18652
767.00000,15307.47266
767.50000,15312.44531
768.00000,15326.69531
768.50000,15348.08008
769.00000,15376.84082
769.50000,15411.15234
770.00000,15452.69629
770.50000,15502.39258
771.00000,15561.86816
771.50000,15630.25684
772.00000,15702.51465
772.50000,15771.11035
773.00000,15829.77637
773.50000,15870.70605
774.00000,15895.71094
774.50000,15904.41602
775.00000,15903.73047
775.50000,15898.91113
776.00000,15894.79102
776.50000,15893.03027
777.00000,15891.36133
777.50000,15885.05566
778.00000,15866.66504
778.50000,15833.25586
779.00000,15778.28320
779.50000,15705.46875
780.00000,15615.42090
780.50000,15514.05566
781.00000,15406.79590
781.50000,15299.46875
782.00000,15197.17480
782.50000,15105.27246
783.00000,15025.09277
783.50000,14959.54492
784.00000,14903.69336
784.50000,14854.94629
785.00000,14809.33789
785.50000,14767.73340
786.00000,14734.25977
786.50000,14714.40723
787.00000,14712.23926
787.50000,14724.67383
788.00000,14747.74902
788.50000,14772.97363
789.00000,14794.74902
789.50000,14811.87891
790.00000,14824.89160
790.50000,14835.39063
791.00000,14842.02344
791.50000,14841.65137
792.00000,14832.46387
792.50000,14814.73438
793.00000,14794.56934
793.50000,14780.71191
794.00000,14778.83691
794.50000,14794.49902
795.00000,14822.79980
795.50000,14855.82324
796.00000,14884.99414
796.50000,14904.33008
797.00000,14911.40527
797.50000,14909.83203
798.00000,14903.89355
798.50000,14899.35840
799.00000,14900.23438
799.50000,14905.94336
800.00000,14913.95117
800.50000,14920.80273
801.00000,14924.52637
801.50000,14925.25977
802.00000,14924.89648
802.50000,14925.69141
803.00000,14929.26367
803.50000,14938.56641
804.00000,14955.40625
804.50000,14987.23340
805.00000,15037.20313
805.50000,15109.75879
806.00000,15202.88574
806.50000,15309.77246
807.00000,15421.62793
807.50000,15529.08789
808.00000,15623.95801
808.50000,15705.16602
809.00000,15767.89941
809.50000,15812.69336
810.00000,15835.01367
810.50000,15833.95117
811.00000,15809.17090
811.50000,15764.22852
812.00000,15707.96875
812.50000,15648.78906
813.00000,15594.41406
813.50000,15550.96973
814.00000,15516.91211
814.50000,15490.37305
815.00000,15466.24512
815.50000,15441.47754
816.00000,15415.15137
816.50000,15388.63867
817.00000,15364.92480
817.50000,15346.67480
818.00000,15337.78418
818.50000,15338.12402
819.00000,15350.77051
819.50000,15374.73828
820.00000,15410.29688
820.50000,15454.22559
821.00000,15501.20313
821.50000,15543.87109
822.00000,15575.94727
822.50000,15592.44629
823.00000,15597.61230
823.50000,15597.20313
824.00000,15600.99902
824.50000,15618.12109
825.00000,15648.98828
825.50000,15691.79199
826.00000,15742.01074
826.50000,15795.42383
827.00000,15849.54590
827.50000,15902.56445
828.00000,15951.96973
828.50000,15996.06348
829.00000,16031.30273
829.50000,16058.02148
830.00000,16077.22266
830.50000,16092.25391
831.00000,16105.30566
831.50000,16116.61426
832.00000,16124.62402
832.50000,16125.27832
833.00000,16116.39453
833.50000,16092.27832
834.00000,16053.86523
834.50000,15998.75391
835.00000,15930.29297
835.50000,15852.61328
836.00000,15770.66895
836.50000,15688.80957
837.00000,15609.80664
837.50000,15534.22656
838.00000,15462.77637
838.50000,15394.70215
839.00000,15331.28223
839.50000,15272.79004
840.00000,15220.88574
840.50000,15176.25879
841.00000,15139.90039
841.50000,15113.87012
842.00000,15098.55078
842.50000,15095.04785
843.00000,15098.11816
843.50000,15100.72656
844.00000,15093.96777
844.50000,15067.03613
845.00000,15016.91309
845.50000,14943.06445
846.00000,14852.34180
846.50000,14755.18848
847.00000,14659.86426
847.50000,14571.40625
848.00000,14493.94531
848.50000,14425.74121
849.00000,14368.32520
849.50000,14320.65332
850.00000,14284.64551
850.50000,14260.11523
851.00000,14245.11621
851.50000,14234.68359
852.00000,14221.77148
852.50000,14200.17090
853.00000,14169.71777
853.50000,14131.76270
854.00000,14092.88672
854.50000,14059.15527
855.00000,14033.52441
855.50000,14016.34473
856.00000,14004.94336
856.50000,13995.14941
857.00000,13982.93652
857.50000,13966.07617
858.00000,13942.13281
858.50000,13913.13965
859.00000,13882.17578
859.50000,13855.23633
860.00000,13839.58691
860.50000,13839.01855
861.00000,13852.78418
861.50000,13875.97754
862.00000,13900.10449
862.50000,13918.48535
863.00000,13931.46094
863.50000,13943.92285
864.00000,13962.79199
864.50000,13994.83887
865.00000,14040.63770
865.50000,14098.00293
866.00000,14161.85352
866.50000,14226.07031
867.00000,14285.20898
867.50000,14336.48828
868.00000,14375.42578
868.50000,14403.50879
869.00000,14420.69434
869.50000,14431.25684
870.00000,14438.52051
870.50000,14445.71680
871.00000,14454.59961
871.50000,14465.32520
872.00000,14476.56348
872.50000,14486.63672
873.00000,14494.88574
873.50000,14501.71973
874.00000,14509.58008
874.50000,14522.19141
875.00000,14540.80957
875.50000,14563.57715
876.00000,14584.46484
876.50000,14595.38672
877.00000,14586.88477
877.50000,14558.42188
878.00000,14507.37012
878.50000,14443.42578
879.00000,14371.71094
879.50000,14298.22949
880.00000,14225.80176
880.50000,14156.05566
881.00000,14090.99609
881.50000,14033.75977
882.00000,13985.01270
882.50000,13944.77832
883.00000,13907.65918
883.50000,13868.69531
884.00000,13825.64844
884.50000,13780.09375
885.00000,13737.50781
885.50000,13703.89258
886.00000,13682.17969
886.50000,13669.53125
887.00000,13661.01367
887.50000,13651.26465
888.00000,13638.37402
888.50000,13624.51758
889.00000,13612.69238
889.50000,13604.46973
890.00000,13599.90820
890.50000,13597.72949
891.00000,13597.38574
891.50000,13600.66016
892.00000,13610.10352
892.50000,13630.40820
893.00000,13660.89063
893.50000,13700.65137
894.00000,13743.81348
894.50000,13785.83789
895.00000,13823.99414
895.50000,13857.86035
896.00000,13888.55859
896.50000,13917.36426
897.00000,13943.08105
897.50000,13963.34570
898.00000,13971.64844
898.50000,13966.44043
899.00000,13944.10059
899.50000,13907.88281
900.00000,13861.57422
900.50000,13809.89746
901.00000,13756.08008
901.50000,13701.60645
902.00000,13647.56738
902.50000,13595.91309
903.00000,13548.55957
903.50000,13509.62012
904.00000,13480.21973
904.50000,13462.63281
905.00000,13456.19629
905.50000,13459.91992
906.00000,13472.29492
906.50000,13489.63086
907.00000,13507.98145
907.50000,13523.44141
908.00000,13532.66699
908.50000,13536.98242
909.00000,13538.50293
909.50000,13540.46680
910.00000,13544.09082
910.50000,13547.54688
911.00000,13547.09277
911.50000,13538.89063
912.00000,13523.45020
912.50000,13502.43262
913.00000,13480.57910
913.50000,13460.12598
914.00000,13439.96289
914.50000,13417.18164
915.00000,13390.04199
915.50000,13359.50488
916.00000,13329.18164
916.50000,13303.30566
917.00000,13285.68164
917.50000,13275.09863
918.00000,13270.34082
918.50000,13267.24316
919.00000,13263.11133
919.50000,13256.84668
920.00000,13249.12598
920.50000,13242.61816
921.00000,13240.84375
921.50000,13247.69727
922.00000,13263.16602
922.50000,13286.93262
923.00000,13313.46484
923.50000,13338.12598
924.00000,13358.55371
924.50000,13375.07910
925.00000,13390.82715
925.50000,13408.68945
926.00000,13429.22852
926.50000,13450.05762
927.00000,13467.92676
927.50000,13482.35156
928.00000,13495.67871
928.50000,13511.96387
929.00000,13534.09082
929.50000,13560.50684
930.00000,13587.46484
930.50000,13611.51172
931.00000,13632.72168
931.50000,13655.18164
932.00000,13684.24023
932.50000,13726.03613
933.00000,13777.68066
933.50000,13834.62695
934.00000,13888.47949
934.50000,13932.07422
935.00000,13963.38672
935.50000,13985.46191
936.00000,14003.23926
936.50000,14021.55957
937.00000,14042.98828
937.50000,14067.02344
938.00000,14093.06836
938.50000,14120.38574
939.00000,14150.38281
939.50000,14185.34570
940.00000,14228.71875
940.50000,14283.41309
941.00000,14349.97363
941.50000,14428.91211
942.00000,14515.66504
942.50000,14606.40137
943.00000,14695.10645
943.50000,14776.90137
944.00000,14851.21289
944.50000,14919.22852
945.00000,14984.66504
945.50000,15050.94824
946.00000,15119.38574
946.50000,15188.24512
947.00000,15253.54004
947.50000,15312.41895
948.00000,15361.18066
948.50000,15401.27246
949.00000,15432.85254
949.50000,15457.49902
950.00000,15474.69434
950.50000,15482.20410
951.00000,15477.64844
951.50000,15456.92383
952.00000,15421.54785
952.50000,15369.42383
953.00000,15306.76758
953.50000,15236.65234
954.00000,15164.20020
954.50000,15092.26465
955.00000,15021.52344
955.50000,14950.86523
956.00000,14878.66895
956.50000,14804.43262
957.00000,14728.54980
957.50000,14652.71289
958.00000,14578.63672
958.50000,14507.15820
959.00000,14439.81152
959.50000,14377.83789
960.00000,14322.52734
960.50000,14273.80957
961.00000,14228.50195
961.50000,14181.79102
962.00000,14129.62109
962.50000,14069.05371
963.00000,14004.36230
963.50000,13942.03711
964.00000,13888.87695
964.50000,13850.56445
965.00000,13827.82324
965.50000,13817.51367
966.00000,13815.90527
966.50000,13817.62207
967.00000,13819.49219
967.50000,13819.89551
968.00000,13819.18652
968.50000,13820.08203
969.00000,13826.66699
969.50000,13841.28809
970.00000,13863.95313
970.50000,13891.75781
971.00000,13920.08008
971.50000,13946.03125
972.00000,13970.47363
972.50000,13997.03516
973.00000,14028.59570
973.50000,14066.68555
974.00000,14108.46973
974.50000,14151.02344
975.00000,14193.75977
975.50000,14239.89258
976.00000,14295.27344
976.50000,14361.77051
977.00000,14439.16699
977.50000,14518.97852
978.00000,14593.46680
978.50000,14660.22754
979.00000,14720.94531
979.50000,14781.04785
980.00000,14844.26660
980.50000,14909.67285
981.00000,14971.71289
981.50000,15021.82910
982.00000,15056.74219
982.50000,15070.79102
983.00000,15068.27539
983.50000,15048.28906
984.00000,15013.52832
984.50000,14964.28809
985.00000,14902.79395
985.50000,14833.74512
986.00000,14762.07422
986.50000,14692.14160
987.00000,14625.33691
987.50000,14558.73145
988.00000,14488.46973
988.50000,14413.60254
989.00000,14336.41602
989.50000,14262.76855
990.00000,14199.14160
990.50000,14149.97656
991.00000,14113.54199
991.50000,14087.33105
992.00000,14065.00488
992.50000,14043.76172
993.00000,14023.01660
993.50000,14004.67871
994.00000,13990.17480
994.50000,13979.75195
995.00000,13971.91016
995.50000,13964.92480
996.00000,13958.97070
996.50000,13956.02246
997.00000,13961.03418
997.50000,13975.15332
998.00000,13999.98242
998.50000,14031.63281
999.00000,14066.31738
999.50000,14100.16895
1000.00000,14131.37109
1000.50000,14160.76855
1001.00000,14191.79980
1001.50000,14230.07031
1002.00000,14278.35840
1002.50000,14340.60254
1003.00000,14412.46289
1003.50000,14489.01563
1004.00000,14562.98242
1004.50000,14628.86035
1005.00000,14685.36328
1005.50000,14735.82910
1006.00000,14784.42480
1006.50000,14834.10938
1007.00000,14883.72949
1007.50000,14928.97754
1008.00000,14962.63672
1008.50000,14982.73340
1009.00000,14988.48047
1009.50000,14983.30762
1010.00000,14970.95215
1010.50000,14953.04590
1011.00000,14930.05664
1011.50000,14899.61133
1012.00000,14862.51563
1012.50000,14819.98340
1013.00000,14777.68066
1013.50000,14742.24414
1014.00000,14717.39746
1014.50000,14703.50586
1015.00000,14696.46484
1015.50000,14689.94238
1016.00000,14679.43164
1016.50000,14665.10645
1017.00000,14649.47852
1017.50000,14635.65918
1018.00000,14624.12109
1018.50000,14612.04590
1019.00000,14596.41406
1019.50000,14577.63672
1020.00000,14560.45020
1020.50000,14551.35938
1021.00000,14552.49414
1021.50000,14563.22168
1022.00000,14576.54688
1022.50000,14586.87500
1023.00000,14592.70703
1023.50000,14595.54883
1024.00000,14598.93750
1024.50000,14605.22852
1025.00000,14614.78223
1025.50000,14626.73438
1026.00000,14641.24414
1026.50000,14658.41797
1027.00000,14678.81152
1027.50000,14699.98438
1028.00000,14717.84180
1028.50000,14729.02637
1029.00000,14731.75879
1029.50000,14728.82227
1030.00000,14726.30273
1030.50000,14731.44043
1031.00000,14747.85059
1031.50000,14777.75195
1032.00000,14814.43555
1032.50000,14850.42383
1033.00000,14879.00879
1033.50000,14897.62598
1034.00000,14911.48926
1034.50000,14929.04492
1035.00000,14956.85547
1035.50000,14993.64160
1036.00000,15031.87793
1036.50000,15061.74902
1037.00000,15074.81738
1037.50000,15076.66895
1038.00000,15075.94629
1038.50000,15082.54785
1039.00000,15100.94824
1039.50000,15127.10352
1040.00000,15152.45215
1040.50000,15169.28418
1041.00000,15176.14063
1041.50000,15173.26563
1042.00000,15165.43164
1042.50000,15153.59863
1043.00000,15138.13477
1043.50000,15117.42676
1044.00000,15091.15723
1044.50000,15059.83887
1045.00000,15025.02441
1045.50000,14989.63477
1046.00000,14957.51563
1046.50000,14931.42578
1047.00000,14914.72266
1047.50000,14904.45410
1048.00000,14897.02539
1048.50000,14888.24609
1049.00000,14877.03027
1049.50000,14865.85645
1050.00000,14857.98145
1050.50000,14854.21191
1051.00000,14850.69922
1051.50000,14841.34375
1052.00000,14824.56055
1052.50000,14802.30664
1053.00000,14782.18555
1053.50000,14771.73828
1054.00000,14772.85938
1054.50000,14782.40723
1055.00000,14794.88184
1055.50000,14806.05762
1056.00000,14815.52539
1056.50000,14825.74805
1057.00000,14839.29883
1057.50000,14855.53711
1058.00000,14872.89063
1058.50000,14889.98242
1059.00000,14907.85059
1059.50000,14929.48828
1060.00000,14957.52734
1060.50000,14993.17578
1061.00000,15033.42383
1061.50000,15075.34961
1062.00000,15116.51270
1062.50000,15157.37207
1063.00000,15200.49414
1063.50000,15249.04688
1064.00000,15303.52637
1064.50000,15361.47070
1065.00000,15418.62207
1065.50000,15471.76270
1066.00000,15520.11523
1066.50000,15567.63086
1067.00000,15620.26465
1067.50000,15681.05566
1068.00000,15751.42480
1068.50000,15827.36328
1069.00000,15904.69824
1069.50000,15981.74707
1070.00000,16061.30273
1070.50000,16150.25000
1071.00000,16252.49805
1071.50000,16371.94531
1072.00000,16500.98438
1072.50000,16632.52344
1073.00000,16759.93750
1073.50000,16881.87891
1074.00000,17003.26367
1074.50000,17131.18945
1075.00000,17270.35156
1075.50000,17417.66992
1076.00000,17565.23242
1076.50000,17702.99023
1077.00000,17818.62500
1077.50000,17910.96289
1078.00000,17975.81445
1078.50000,18016.72266
1079.00000,18035.78711
1079.50000,18037.30469
1080.00000,18029.26953
1080.50000,18020.64648
1081.00000,18020.15820
1081.50000,18036.39258
1082.00000,18066.67383
1082.50000,18108.38281
1083.00000,18153.91406
1083.50000,18198.96875
1084.00000,18243.51367
1084.50000,18291.51953
1085.00000,18348.70117
1085.50000,18416.84375
1086.00000,18495.59570
1086.50000,18576.91797
1087.00000,18650.16406
1087.50000,18707.44141
1088.00000,18740.40430
1088.50000,18750.47070
1089.00000,18742.18164
1089.50000,18722.87305
1090.00000,18699.36523
1090.50000,18672.99805
1091.00000,18641.49414
1091.50000,18597.00586
1092.00000,18537.71875
1092.50000,18460.90234
1093.00000,18373.08789
1093.50000,18281.85742
1094.00000,18195.27539
1094.50000,18118.49609
1095.00000,18053.62891
1095.50000,17997.59570
1096.00000,17948.04688
1096.50000,17900.56250
1097.00000,17852.78125
1097.50000,17803.69141
1098.00000,17753.72852
1098.50000,17704.87305
1099.00000,17659.90039
1099.50000,17620.86133
1100.00000,17586.76953
1100.50000,17553.90234
1101.00000,17516.36719
1101.50000,17466.67773
1102.00000,17405.48438
1102.50000,17335.04102
1103.00000,17263.59570
1103.50000,17198.97070
1104.00000,17145.17578
1104.50000,17101.64063
1105.00000,17066.39453
1105.50000,17036.57031
1106.00000,17013.78125
1106.50000,16998.62500
1107.00000,16993.83398
1107.50000,16996.69531
1108.00000,17004.95703
1108.50000,17016.09180
1109.00000,17030.45117
1109.50000,17050.65039
1110.00000,17078.54883
1110.50000,17115.45898
1111.00000,17158.25391
1111.50000,17205.85938
1112.00000,17256.99023
1112.50000,17313.83789
1113.00000,17377.09375
1113.50000,17446.09570
1114.00000,17517.49023
1114.50000,17588.12891
1115.00000,17658.31250
1115.50000,17732.39258
1116.00000,17818.83008
1116.50000,17919.77539
1117.00000,18037.46484
1117.50000,18165.27344
1118.00000,18298.83594
1118.50000,18435.18164
1119.00000,18574.36914
1119.50000,18716.82422
1120.00000,18860.32617
1120.50000,19000.16016
1121.00000,19133.17969
1121.50000,19257.59180
1122.00000,19378.49023
1122.50000,19501.06836
1123.00000,19628.41406
1123.50000,19760.80859
1124.00000,19896.98633
1124.50000,20037.24414
1125.00000,20185.10547
1125.50000,20342.22266
1126.00000,20509.20117
1126.50000,20678.97461
1127.00000,20844.42773
1127.50000,21003.26953
1128.00000,21159.07617
1128.50000,21320.08398
1129.00000,21493.03125
1129.50000,21678.94336
1130.00000,21871.34766
1130.50000,22063.17773
1131.00000,22250.33789
1131.50000,22431.62695
1132.00000,22609.35938
1132.50000,22782.40039
1133.00000,22947.76953
1133.50000,23099.80469
1134.00000,23233.86914
1134.50000,23347.55078
1135.00000,23435.65039
1135.50000,23498.92969
1136.00000,23530.22266
1136.50000,23536.87109
1137.00000,23520.04102
1137.50000,23488.58594
1138.00000,23443.67188
1138.50000,23382.93945
1139.00000,23300.93750
1139.50000,23194.80469
1140.00000,23073.73633
1140.50000,22953.21680
1141.00000,22850.20508
1141.50000,22782.01367
1142.00000,22743.67188
1142.50000,22728.71094
1143.00000,22721.51563
1143.50000,22711.02930
1144.00000,22693.44922
1144.50000,22672.37305
1145.00000,22654.66406
1145.50000,22645.18750
1146.00000,22647.60547
1146.50000,22657.50781
1147.00000,22671.57422
1147.50000,22686.26953
1148.00000,22701.71875
1148.50000,22720.39063
1149.00000,22744.33008
1149.50000,22772.08789
1150.00000,22797.25781
1150.50000,22809.95898
1151.00000,22806.85742
1151.50000,22785.63086
1152.00000,22755.33398
1152.50000,22722.46289
1153.00000,22689.26367
1153.50000,22649.83594
1154.00000,22593.90234
1154.50000,22515.42383
1155.00000,22413.65234
1155.50000,22301.70703
1156.00000,22193.52539
1156.50000,22097.56836
1157.00000,22016.40820
1157.50000,21942.15039
1158.00000,21868.00781
1158.50000,21792.79688
1159.00000,21723.27930
1159.50000,21671.50586
1160.00000,21644.30078
1160.50000,21648.16992
1161.00000,21672.86523
1161.50000,21712.32617
1162.00000,21757.05469
1162.50000,21805.78906
1163.00000,21861.65039
1163.50000,21930.29883
1164.00000,22014.35547
1164.50000,22109.29102
1165.00000,22207.39844
1165.50000,22300.71094
1166.00000,22385.91992
1166.50000,22470.18359
1167.00000,22565.39453
1167.50000,22679.22070
1168.00000,22814.65820
1168.50000,22965.30859
1169.00000,23122.65039
1169.50000,23283.48438
1170.00000,23450.67969
1170.50000,23633.55469
1171.00000,23833.24414
1171.50000,24048.70703
1172.00000,24268.08398
1172.50000,24480.71875
1173.00000,24681.19141
1173.50000,24868.09375
1174.00000,25040.75781
1174.50000,25197.13672
1175.00000,25328.34961
1175.50000,25433.29492
1176.00000,25504.83398
1176.50000,25552.34766
1177.00000,25576.76367
1177.50000,25584.02930
1178.00000,25577.11719
1178.50000,25564.32227
1179.00000,25560.13477
1179.50000,25583.35352
1180.00000,25642.16992
1180.50000,25743.19922
1181.00000,25868.17188
1181.50000,26003.27539
1182.00000,26134.69727
1182.50000,26256.79492
1183.00000,26369.74609
1183.50000,26471.40820
1184.00000,26554.34375
1184.50000,26611.50195
1185.00000,26634.56055
1185.50000,26632.47461
1186.00000,26611.78516
1186.50000,26585.45508
1187.00000,26555.50781
1187.50000,26517.32617
1188.00000,26461.01172
1188.50000,26380.32031
1189.00000,26276.45508
1189.50000,26154.59766
1190.00000,26025.91211
1190.50000,25898.69141
1191.00000,25778.04102
1191.50000,25667.96094
1192.00000,25567.06641
1192.50000,25475.01172
1193.00000,25390.58789
1193.50000,25315.65039
1194.00000,25255.98242
1194.50000,25217.17969
1195.00000,25208.44922
1195.50000,25225.61133
1196.00000,25268.08789
1196.50000,25323.09375
1197.00000,25384.25391
1197.50000,25447.33398
1198.00000,25512.78906
1198.50000,25582.39453
1199.00000,25656.32617
1199.50000,25732.62109
1200.00000,25807.14258
1200.50000,25874.00000
1201.00000,25930.29883
1201.50000,25970.49219
1202.00000,25996.51563
1202.50000,26011.94727
1203.00000,26026.15234
1203.50000,26048.89844
1204.00000,26085.43359
1204.50000,26131.02734
1205.00000,26175.76563
1205.50000,26210.74414
1206.00000,26231.97070
1206.50000,26248.69922
1207.00000,26272.22461
1207.50000,26308.16211
1208.00000,26353.59766
1208.50000,26398.33203
1209.00000,26433.25391
1209.50000,26455.25586
1210.00000,26470.75391
1210.50000,26485.92188
1211.00000,26502.91406
1211.50000,26517.58594
1212.00000,26524.31836
1212.50000,26518.64844
1213.00000,26501.58594
1213.50000,26475.49219
1214.00000,26440.44922
1214.50000,26395.62109
1215.00000,26337.60352
1215.50000,26270.04688
1216.00000,26197.35742
1216.50000,26126.75000
1217.00000,26062.81641
1217.50000,26005.15039
1218.00000,25951.78125
1218.50000,25901.31641
1219.00000,25854.26758
1219.50000,25812.82617
1220.00000,25776.38281
1220.50000,25742.76758
1221.00000,25707.10938
1221.50000,25664.60938
1222.00000,25614.66602
1222.50000,25558.70898
1223.00000,25501.37891
1223.50000,25448.20703
1224.00000,25404.38086
1224.50000,25371.45703
1225.00000,25351.33594
1225.50000,25340.41797
1226.00000,25339.29102
1226.50000,25347.03320
1227.00000,25367.80469
1227.50000,25403.36719
1228.00000,25454.50781
1228.50000,25518.32422
1229.00000,25589.16016
1229.50000,25663.81445
1230.00000,25741.00391
1230.50000,25823.00586
1231.00000,25909.28320
1231.50000,25996.79297
1232.00000,26079.23438
1232.50000,26150.34180
1233.00000,26209.74414
1233.50000,26263.25586
1234.00000,26319.72461
1234.50000,26385.40820
1235.00000,26462.87109
1235.50000,26545.68359
1236.00000,26627.30469
1236.50000,26704.14648
1237.00000,26777.77344
1237.50000,26855.04297
1238.00000,26944.24414
1238.50000,27050.57227
1239.00000,27172.01758
1239.50000,27304.04297
1240.00000,27438.34180
1240.50000,27571.14648
1241.00000,27704.62891
1241.50000,27845.72070
1242.00000,27998.59180
1242.50000,28162.99219
1243.00000,28330.73047
1243.50000,28491.07813
1244.00000,28636.82422
1244.50000,28771.64453
1245.00000,28904.02734
1245.50000,29043.11133
1246.00000,29192.25781
1246.50000,29343.30469
1247.00000,29483.44336
1247.50000,29603.09570
1248.00000,29697.47656
1248.50000,29767.12305
1249.00000,29817.28906
1249.50000,29848.71094
1250.00000,29866.83008
1250.50000,29872.68359
1251.00000,29872.28320
1251.50000,29866.14648
1252.00000,29851.76563
1252.50000,29820.87695
1253.00000,29766.76563
1253.50000,29688.96875
1254.00000,29592.00977
1254.50000,29487.56641
1255.00000,29382.70313
1255.50000,29278.63867
1256.00000,29169.32422
1256.50000,29047.75000
1257.00000,28906.15430
1257.50000,28744.24414
1258.00000,28565.44727
1258.50000,28377.26953
1259.00000,28190.73828
1259.50000,28017.45508
1260.00000,27861.37695
1260.50000,27725.49219
1261.00000,27599.44531
1261.50000,27474.47266
1262.00000,27344.31055
1262.50000,27209.19336
1263.00000,27075.19727
1263.50000,26949.18555
1264.00000,26835.29297
1264.50000,26730.19727
1265.00000,26629.51367
1265.50000,26527.55859
1266.00000,26421.57422
1266.50000,26312.91797
1267.00000,26204.39063
1267.50000,26098.99609
1268.00000,25998.83984
1268.50000,25905.42578
1269.00000,25820.02734
1269.50000,25749.08398
1270.00000,25697.63086
1270.50000,25680.87695
1271.00000,25698.47266
1271.50000,25752.51563
1272.00000,25830.26758
1272.50000,25921.11328
1273.00000,26019.17578
1273.50000,26127.06055
1274.00000,26254.68359
1274.50000,26405.13281
1275.00000,26580.77344
1275.50000,26769.10352
1276.00000,26963.58789
1276.50000,27161.34375
1277.00000,27366.89648
1277.50000,27583.64844
1278.00000,27808.88867
1278.50000,28033.12109
1279.00000,28246.14453
1279.50000,28440.88281
1280.00000,28622.74219
1280.50000,28795.84961
1281.00000,28964.65039
1281.50000,29125.32227
1282.00000,29272.73242
1282.50000,29401.75586
1283.00000,29511.81641
1283.50000,29606.23633
1284.00000,29686.62305
1284.50000,29757.48242
1285.00000,29821.30078
1285.50000,29884.48242
1286.00000,29951.66992
1286.50000,30022.29297
1287.00000,30090.73047
1287.50000,30149.80273
1288.00000,30196.01172
1288.50000,30231.50977
1289.00000,30263.25391
1289.50000,30294.55078
1290.00000,30323.11914
1290.50000,30339.86719
1291.00000,30340.65820
1291.50000,30323.21289
1292.00000,30295.08203
1292.50000,30265.13477
1293.00000,30240.22852
1293.50000,30222.02734
1294.00000,30208.50391
1294.50000,30194.36328
1295.00000,30173.04688
1295.50000,30142.05859
1296.00000,30098.14648
1296.50000,30044.49219
1297.00000,29984.55273
1297.50000,29922.62891
1298.00000,29860.70508
1298.50000,29797.65234
1299.00000,29730.70898
1299.50000,29655.40234
1300.00000,29570.53711
1300.50000,29471.80664
1301.00000,29360.40625
1301.50000,29235.75195
1302.00000,29102.43359
1302.50000,28966.11133
1303.00000,28832.06836
1303.50000,28702.26758
1304.00000,28575.47852
1304.50000,28448.28516
1305.00000,28318.36523
1305.50000,28186.79883
1306.00000,28056.12500
1306.50000,27929.32031
1307.00000,27811.14258
1307.50000,27707.51563
1308.00000,27625.31250
1308.50000,27570.54688
1309.00000,27537.32227
1309.50000,27516.61523
1310.00000,27493.17773
1310.50000,27458.56250
1311.00000,27419.43555
1311.50000,27392.39063
1312.00000,27392.74023
1312.50000,27427.51563
1313.00000,27490.10742
1313.50000,27563.86719
1314.00000,27636.58594
1314.50000,27704.73438
1315.00000,27771.56836
1315.50000,27840.48242
1316.00000,27907.65234
1316.50000,27964.48242
1317.00000,28001.83789
1317.50000,28018.79102
1318.00000,28021.54688
1318.50000,28016.71094
1319.00000,28008.51172
1319.50000,27994.30859
1320.00000,27972.36914
1320.50000,27941.93750
1321.00000,27909.20508
1321.50000,27880.89063
1322.00000,27860.31445
1322.50000,27847.02344
1323.00000,27839.03125
1323.50000,27835.57422
1324.00000,27839.78125
1324.50000,27852.90234
1325.00000,27876.75391
1325.50000,27907.48438
1326.00000,27946.01172
1326.50000,27994.87305
1327.00000,28060.55078
1327.50000,28145.90625
1328.00000,28247.30273
1328.50000,28357.67578
1329.00000,28468.40625
1329.50000,28576.31250
1330.00000,28684.33398
1330.50000,28798.27344
1331.00000,28920.77148
1331.50000,29053.74805
1332.00000,29197.07617
1332.50000,29353.61914
1333.00000,29529.31250
1333.50000,29727.49414
1334.00000,29951.50977
1334.50000,30192.76563
1335.00000,30445.64063
1335.50000,30700.22070
1336.00000,30950.62891
1336.50000,31194.49609
1337.00000,31430.44922
1337.50000,31657.60352
1338.00000,31874.07031
1338.50000,32074.76953
1339.00000,32258.10742
1339.50000,32419.40820
1340.00000,32566.44727
1340.50000,32707.03711
1341.00000,32852.50391
1341.50000,33009.87109
1342.00000,33175.74219
1342.50000,33338.79297
1343.00000,33487.12109
1343.50000,33618.18750
1344.00000,33737.21484
1344.50000,33858.54297
1345.00000,33995.03516
1345.50000,34145.19141
1346.00000,34300.12500
1346.50000,34444.99609
1347.00000,34567.28516
1347.50000,34663.15625
1348.00000,34736.63281
1348.50000,34790.01172
1349.00000,34826.98047
1349.50000,34839.23047
1350.00000,34824.76172
1350.50000,34773.57813
1351.00000,34690.44531
1351.50000,34579.10156
1352.00000,34452.40625
1352.50000,34324.57031
1353.00000,34207.00000
1353.50000,34102.37891
1354.00000,34007.46875
1354.50000,33912.50000
1355.00000,33810.69141
1355.50000,33704.23828
1356.00000,33600.43359
1356.50000,33506.33203
1357.00000,33424.80859
1357.50000,33353.84375
1358.00000,33291.63281
1358.50000,33244.44922
1359.00000,33218.63281
1359.50000,33225.57422
1360.00000,33256.01953
1360.50000,33300.66797
1361.00000,33345.44141
1361.50000,33386.44141
1362.00000,33431.23828
1362.50000,33492.52734
1363.00000,33579.00781
1363.50000,33684.25391
1364.00000,33795.46484
1364.50000,33896.76953
1365.00000,33974.90625
1365.50000,34033.42188
1366.00000,34073.55469
1366.50000,34097.98828
1367.00000,34101.79297
1367.50000,34077.12891
1368.00000,34020.76953
1368.50000,33931.34766
1369.00000,33822.21484
1369.50000,33703.42578
1370.00000,33586.46875
1370.50000,33476.87109
1371.00000,33374.96875
1371.50000,33282.89063
1372.00000,33204.73828
1372.50000,33146.05469
1373.00000,33111.99609
1373.50000,33100.52734
1374.00000,33115.07422
1374.50000,33153.04688
1375.00000,33226.13281
1375.50000,33334.62500
1376.00000,33483.29688
1376.50000,33660.74609
1377.00000,33851.60156
1377.50000,34039.70703
1378.00000,34215.14844
1378.50000,34374.07031
1379.00000,34521.51953
1379.50000,34658.06641
1380.00000,34783.70313
1380.50000,34886.64844
1381.00000,34957.09375
1381.50000,34980.26563
1382.00000,34952.39844
1382.50000,34880.54688
1383.00000,34777.05469
1383.50000,34661.03906
1384.00000,34539.57813
1384.50000,34410.32813
1385.00000,34257.16016
1385.50000,34071.68359
1386.00000,33847.73438
1386.50000,33596.62891
1387.00000,33330.20313
1387.50000,33056.46875
1388.00000,32778.02344
1388.50000,32493.07813
1389.00000,32202.92773
1389.50000,31910.54297
1390.00000,31621.01172
1390.50000,31339.68555
1391.00000,31070.29102
1391.50000,30821.63672
1392.00000,30605.03906
1392.50000,30430.72266
1393.00000,30305.41992
1393.50000,30217.57227
1394.00000,30158.88281
1394.50000,30111.00391
1395.00000,30067.05664
1395.50000,30025.22070
1396.00000,29988.41211
1396.50000,29956.97266
1397.00000,29925.57227
1397.50000,29882.38672
1398.00000,29814.22070
1398.50000,29703.00000
1399.00000,29550.36328
1399.50000,29351.78516
1400.00000,29125.74414
1400.50000,28882.66992
1401.00000,28636.57617
1401.50000,28396.92773
1402.00000,28169.73828
1402.50000,27958.35742
1403.00000,27765.87500
1403.50000,27588.69336
1404.00000,27424.98047
1404.50000,27268.18359
1405.00000,27119.36328
1405.50000,26982.20508
1406.00000,26866.19922
1406.50000,26775.21094
1407.00000,26708.86719
1407.50000,26664.10938
1408.00000,26636.88086
1408.50000,26632.66602
1409.00000,26652.52734
1409.50000,26704.25195
1410.00000,26778.39258
1410.50000,26870.17188
1411.00000,26973.21484
1411.50000,27090.30664
1412.00000,27227.40430
1412.50000,27385.78516
1413.00000,27560.53906
1413.50000,27737.52734
1414.00000,27903.04492
1414.50000,28052.99609
1415.00000,28184.19727
1415.50000,28300.66211
1416.00000,28400.55469
1416.50000,28482.65039
1417.00000,28547.22266
1417.50000,28597.24023
1418.00000,28637.77148
1418.50000,28667.82813
1419.00000,28685.86523
1419.50000,28684.29883
1420.00000,28665.73828
1420.50000,28631.82031
1421.00000,28588.67188
1421.50000,28537.68164
1422.00000,28477.04102
1422.50000,28406.40625
1423.00000,28330.75195
1423.50000,28260.52344
1424.00000,28207.70508
1424.50000,28171.13867
1425.00000,28146.12305
1425.50000,28121.46875
1426.00000,28091.45117
1426.50000,28058.79492
1427.00000,28030.98633
1427.50000,28013.57422
1428.00000,28003.62695
1428.50000,27993.36133
1429.00000,27976.72461
1429.50000,27952.31250
1430.00000,27926.03125
1430.50000,27902.29102
1431.00000,27879.75000
1431.50000,27850.64648
1432.00000,27805.04297
1432.50000,27737.13281
1433.00000,27642.49414
1433.50000,27525.69141
1434.00000,27383.35352
1434.50000,27219.55469
1435.00000,27029.26367
1435.50000,26816.82813
1436.00000,26583.57813
1436.50000,26332.64063
1437.00000,26063.71875
1437.50000,25772.86719
1438.00000,25461.28906
1438.50000,25130.50781
1439.00000,24793.28320
1439.50000,24461.32617
1440.00000,24140.26758
1440.50000,23832.59766
1441.00000,23536.34570
1441.50000,23254.10352
1442.00000,22993.21289
1442.50000,22760.61719
1443.00000,22563.75977
1443.50000,22393.76758
1444.00000,22245.22461
1444.50000,22104.55859
1445.00000,21969.70703
1445.50000,21842.96094
1446.00000,21730.99805
1446.50000,21637.57031
1447.00000,21563.31055
1447.50000,21508.18164
1448.00000,21468.06641
1448.50000,21442.48633
1449.00000,21425.26367
1449.50000,21412.18555
1450.00000,21398.48242
1450.50000,21383.62500
1451.00000,21371.31836
1451.50000,21368.08789
1452.00000,21379.89844
1452.50000,21407.90039
1453.00000,21451.63477
1453.50000,21503.79297
1454.00000,21559.80273
1454.50000,21616.04102
1455.00000,21673.72852
1455.50000,21735.29297
1456.00000,21801.52539
1456.50000,21868.33203
1457.00000,21928.44922
1457.50000,21975.03125
1458.00000,22008.59570
1458.50000,22030.81250
1459.00000,22046.55664
1459.50000,22050.84766
1460.00000,22038.41992
1460.50000,22001.90625
1461.00000,21945.97852
1461.50000,21881.41602
1462.00000,21819.26563
1462.50000,21762.95313
1463.00000,21708.09375
1463.50000,21648.76172
1464.00000,21584.55664
1464.50000,21523.76367
1465.00000,21474.21875
1465.50000,21432.72461
1466.00000,21388.59766
1466.50000,21331.45508
1467.00000,21261.28516
1467.50000,21189.69141
1468.00000,21132.85547
1468.50000,21105.96094
1469.00000,21103.34375
1469.50000,21116.06445
1470.00000,21129.31445
1470.50000,21136.20508
1471.00000,21138.18750
1471.50000,21141.72461
1472.00000,21154.40625
1472.50000,21180.12305
1473.00000,21221.11523
1473.50000,21271.83203
1474.00000,21328.13281
1474.50000,21384.57227
1475.00000,21439.93750
1475.50000,21495.44922
1476.00000,21552.18555
1476.50000,21608.63477
1477.00000,21660.65820
1477.50000,21703.17383
1478.00000,21735.90234
1478.50000,21760.13672
1479.00000,21782.74805
1479.50000,21808.23047
1480.00000,21837.20313
1480.50000,21867.75391
1481.00000,21896.36719
1481.50000,21919.78711
1482.00000,21935.71680
1482.50000,21944.40625
1483.00000,21946.92578
1483.50000,21948.59961
1484.00000,21955.65430
1484.50000,21969.82031
1485.00000,21988.84375
1485.50000,22004.69141
1486.00000,22009.21289
1486.50000,22000.82031
1487.00000,21986.34180
1487.50000,21975.50586
1488.00000,21971.98633
1488.50000,21969.23438
1489.00000,21955.14063
1489.50000,21916.69727
1490.00000,21856.32813
1490.50000,21780.38086
1491.00000,21699.93555
1491.50000,21622.59570
1492.00000,21552.40234
1492.50000,21490.80078
1493.00000,21440.17578
1493.50000,21396.75586
1494.00000,21353.07031
1494.50000,21299.35352
1495.00000,21228.24219
1495.50000,21145.32227
1496.00000,21063.08008
1496.50000,20994.91992
1497.00000,20945.45117
1497.50000,20913.12695
1498.00000,20890.79297
1498.50000,20877.06250
1499.00000,20868.71875
1499.50000,20863.44336
1500.00000,20857.15430
1500.50000,20849.65039
1501.00000,20848.01563
1501.50000,20862.43555
1502.00000,20897.70508
1502.50000,20945.25977
1503.00000,20992.56445
1503.50000,21031.46875
1504.00000,21063.60156
1504.50000,21099.73047
1505.00000,21148.02734
1505.50000,21204.59180
1506.00000,21259.29102
1506.50000,21305.97852
1507.00000,21347.07813
1507.50000,21388.19336
1508.00000,21431.03906
1508.50000,21469.83008
1509.00000,21498.82031
1509.50000,21514.66797
1510.00000,21524.23047
1510.50000,21531.49805
1511.00000,21534.08984
1511.50000,21524.67969
1512.00000,21497.47852
1512.50000,21456.81250
1513.00000,21408.73438
1513.50000,21358.42383
1514.00000,21299.85547
1514.50000,21226.55469
1515.00000,21133.87305
1515.50000,21029.67188
1516.00000,20925.38281
1516.50000,20829.08594
1517.00000,20740.34375
1517.50000,20654.31836
1518.00000,20566.56250
1518.50000,20477.23828
1519.00000,20388.67969
1519.50000,20301.13281
1520.00000,20212.95703
1520.50000,20124.59961
1521.00000,20041.28906
1521.50000,19971.22461
1522.00000,19921.44141
1522.50000,19886.47852
1523.00000,19857.78125
1523.50000,19825.08398
1524.00000,19783.89648
1524.50000,19739.72852
1525.00000,19702.06836
1525.50000,19678.31445
1526.00000,19671.46484
1526.50000,19676.01367
1527.00000,19682.30664
1527.50000,19682.16211
1528.00000,19673.92969
1528.50000,19660.17969
1529.00000,19648.89844
1529.50000,19646.65820
1530.00000,19652.16992
1530.50000,19658.08594
1531.00000,19656.08789
1531.50000,19643.30859
1532.00000,19623.19922
1532.50000,19603.53516
1533.00000,19589.07031
1533.50000,19577.01758
1534.00000,19561.15234
1534.50000,19540.14648
1535.00000,19519.70898
1535.50000,19509.16992
1536.00000,19514.41797
1536.50000,19532.45703
1537.00000,19552.29102
1537.50000,19563.29688
1538.00000,19564.07422
1538.50000,19559.69336
1539.00000,19559.13672
1539.50000,19569.25195
1540.00000,19590.92578
1540.50000,19624.45313
1541.00000,19667.80664
1541.50000,19716.55273
1542.00000,19763.74609
1542.50000,19803.78320
1543.00000,19834.95703
1543.50000,19864.61328
1544.00000,19902.03711
1544.50000,19949.89453
1545.00000,20004.16211
1545.50000,20054.14844
1546.00000,20091.33984
1546.50000,20113.94141
1547.00000,20125.70703
1547.50000,20127.21094
1548.00000,20119.64648
1548.50000,20100.65430
1549.00000,20075.34375
1549.50000,20049.67578
1550.00000,20027.28320
1550.50000,20004.79883
1551.00000,19974.07031
1551.50000,19928.86914
1552.00000,19867.92969
1552.50000,19799.08203
1553.00000,19729.96680
1553.50000,19665.51172
1554.00000,19607.57813
1554.50000,19554.92773
1555.00000,19507.89648
1555.50000,19465.78516
1556.00000,19427.22852
1556.50000,19391.07422
1557.00000,19358.30664
1557.50000,19334.46484
1558.00000,19322.94336
1558.50000,19328.57227
1559.00000,19345.53516
1559.50000,19369.28711
1560.00000,19395.29688
1560.50000,19425.12500
1561.00000,19463.69727
1561.50000,19513.61328
1562.00000,19572.37695
1562.50000,19629.59570
1563.00000,19670.89844
1563.50000,19691.57617
1564.00000,19688.81641
1564.50000,19675.32227
1565.00000,19662.84570
1565.50000,19657.76953
1566.00000,19658.96094
1566.50000,19660.82031
1567.00000,19658.87500
1567.50000,19653.23047
1568.00000,19648.88477
1568.50000,19650.17188
1569.00000,19655.33984
1569.50000,19660.48047
1570.00000,19662.41211
1570.50000,19661.61719
1571.00000,19661.63672
1571.50000,19664.89258
1572.00000,19669.47070
1572.50000,19670.50000
1573.00000,19662.17773
1573.50000,19645.25586
1574.00000,19620.85352
1574.50000,19593.13867
1575.00000,19563.58594
1575.50000,19531.24219
1576.00000,19492.45898
1576.50000,19441.17578
1577.00000,19373.12891
1577.50000,19281.99023
1578.00000,19173.57813
1578.50000,19054.45703
1579.00000,18937.62500
1579.50000,18829.42188
1580.00000,18726.69141
1580.50000,18621.95313
1581.00000,18510.96289
1581.50000,18398.99023
1582.00000,18300.10742
1582.50000,18221.06836
1583.00000,18164.32031
1583.50000,18116.28125
1584.00000,18068.36914
1584.50000,18019.51758
1585.00000,17977.63281
1585.50000,17950.67969
1586.00000,17936.87109
1586.50000,17928.10547
1587.00000,17915.94531
1587.50000,17898.75195
1588.00000,17882.79688
1588.50000,17876.26563
1589.00000,17879.66602
1589.50000,17889.90039
1590.00000,17902.41602
1590.50000,17915.33008
1591.00000,17927.52344
1591.50000,17935.70703
1592.00000,17932.28125
1592.50000,17914.39844
1593.00000,17881.40430
1593.50000,17843.24414
1594.00000,17807.49023
1594.50000,17776.42773
1595.00000,17745.82422
1595.50000,17708.11328
1596.00000,17659.81641
1596.50000,17603.70508
1597.00000,17547.96094
1597.50000,17501.02344
1598.00000,17464.14453
1598.50000,17435.05859
1599.00000,17404.43164
1599.50000,17363.91406
1600.00000,17312.42578
1600.50000,17255.12500
1601.00000,17201.06055
1601.50000,17156.76563
1602.00000,17123.96289
1602.50000,17095.63281
1603.00000,17066.33789
1603.50000,17036.05273
1604.00000,17009.90234
1604.50000,16991.87891
1605.00000,16981.46484
1605.50000,16971.05273
1606.00000,16952.20703
1606.50000,16921.70117
1607.00000,16885.15430
1607.50000,16850.53516
1608.00000,16822.90625
1608.50000,16803.18359
1609.00000,16784.89648
1609.50000,16761.92188
1610.00000,16732.12500
1610.50000,16696.28125
1611.00000,16655.63672
1611.50000,16609.49609
1612.00000,16551.60156
1612.50000,16479.79102
1613.00000,16390.59961
1613.50000,16291.75195
1614.00000,16189.43066
1614.50000,16088.37305
1615.00000,15987.18359
1615.50000,15880.91992
1616.00000,15767.71289
1616.50000,15650.70801
1617.00000,15536.12402
1617.50000,15427.51563
1618.00000,15320.79785
1618.50000,15210.20410
1619.00000,15097.33594
1619.50000,14992.78711
1620.00000,14907.97949
1620.50000,14846.44043
1621.00000,14798.00977
1621.50000,14742.20996
1622.00000,14663.25684
1622.50000,14566.36523
1623.00000,14463.52344
1623.50000,14369.45898
1624.00000,14291.31250
1624.50000,14224.02441
1625.00000,14160.61914
1625.50000,14097.19824
1626.00000,14032.58496
1626.50000,13963.49414
1627.00000,13884.96875
1627.50000,13789.60938
1628.00000,13682.96582
1628.50000,13575.70410
1629.00000,13478.03027
1629.50000,13393.46289
1630.00000,13315.14063
1630.50000,13234.13965
1631.00000,13147.21094
1631.50000,13060.03613
1632.00000,12979.29199
1632.50000,12904.22266
1633.00000,12827.99316
1633.50000,12743.04980
1634.00000,12646.25293
1634.50000,12546.19434
1635.00000,12453.21777
1635.50000,12373.36133
1636.00000,12304.76563
1636.50000,12241.56348
1637.00000,12176.45117
1637.50000,12106.16797
1638.00000,12033.36035
1638.50000,11961.30957
1639.00000,11891.78223
1639.50000,11823.90234
1640.00000,11754.72656
1640.50000,11682.71875
1641.00000,11609.75195
1641.50000,11539.92188
1642.00000,11477.22656
1642.50000,11419.97754
1643.00000,11363.99707
1643.50000,11304.48926
1644.00000,11240.54883
1644.50000,11176.09961
1645.00000,11116.08203
1645.50000,11063.00781
1646.00000,11015.57129
1646.50000,10971.14746
1647.00000,10927.83398
1647.50000,10886.44727
1648.00000,10847.81348
1648.50000,10813.41211
1649.00000,10783.15625
1649.50000,10757.52539
1650.00000,10736.46680
1650.50000,10719.36621
1651.00000,10704.80371
1651.50000,10690.63867
1652.00000,10675.61328
1652.50000,10660.04590
1653.00000,10644.47656
1653.50000,10628.89648
1654.00000,10612.80957
1654.50000,10596.60156
1655.00000,10582.76660
1655.50000,10574.59082
1656.00000,10573.23145
1656.50000,10577.28809
1657.00000,10581.45313
1657.50000,10579.71777
1658.00000,10570.99414
1658.50000,10556.76367
1659.00000,10541.40918
1659.50000,10528.35840
1660.00000,10519.61328
1660.50000,10516.88867
1661.00000,10521.99805
1661.50000,10533.71582
1662.00000,10549.47852
1662.50000,10563.61230
1663.00000,10571.47559
1663.50000,10575.07715
1664.00000,10580.72754
1664.50000,10593.66797
1665.00000,10614.09082
1665.50000,10636.71680
1666.00000,10655.43066
1666.50000,10667.81445
1667.00000,10678.49219
1667.50000,10691.68555
1668.00000,10706.98730
1668.50000,10720.12793
1669.00000,10726.73828
1669.50000,10725.66699
1670.00000,10720.87988
1670.50000,10716.56055
1671.00000,10714.04883
1671.50000,10710.96875
1672.00000,10701.87598
1672.50000,10684.15918
1673.00000,10654.39941
1673.50000,10614.53223
1674.00000,10564.36133
1674.50000,10505.27539
1675.00000,10437.15332
1675.50000,10360.21680
1676.00000,10275.80371
1676.50000,10184.50977
1677.00000,10088.92578
1677.50000,9988.79590
1678.00000,9884.50195
1678.50000,9774.78125
1679.00000,9661.03027
1679.50000,9546.30273
1680.00000,9435.17480
1680.50000,9331.41992
1681.00000,9235.39258
1681.50000,9142.90430
1682.00000,9049.44238
1682.50000,8952.82129
1683.00000,8855.00391
1683.50000,8761.96973
1684.00000,8679.17676
1684.50000,8605.57813
1685.00000,8535.50586
1685.50000,8462.42773
1686.00000,8385.14648
1686.50000,8309.99023
1687.00000,8244.13965
1687.50000,8193.86230
1688.00000,8153.70215
1688.50000,8118.49072
1689.00000,8083.55127
1689.50000,8049.39844
1690.00000,8018.16797
1690.50000,7990.17480
1691.00000,7964.01416
1691.50000,7938.30713
1692.00000,7914.08496
1692.50000,7891.92236
1693.00000,7870.35352
1693.50000,7845.86182
1694.00000,7815.78076
1694.50000,7783.10498
1695.00000,7753.22119
1695.50000,7729.37109
1696.00000,7709.52441
1696.50000,7689.30713
1697.00000,7666.04443
1697.50000,7640.82129
1698.00000,7616.36670
1698.50000,7592.68311
1699.00000,7566.74365
1699.50000,7535.21631
1700.00000,7499.75244
1700.50000,7465.84717
1701.00000,7439.46582
1701.50000,7421.42480
1702.00000,7410.06152
1702.50000,7398.96191
1703.00000,7384.33350
1703.50000,7366.35986
1704.00000,7346.60449
1704.50000,7326.69580
1705.00000,7306.55908
1705.50000,7285.36865
1706.00000,7263.65674
1706.50000,7243.84375
1707.00000,7227.73047
1707.50000,7215.07324
1708.00000,7200.73926
1708.50000,7179.69189
1709.00000,7152.31494
1709.50000,7123.94043
1710.00000,7102.41895
1710.50000,7090.59668
1711.00000,7086.30762
1711.50000,7083.80176
1712.00000,7080.49658
1712.50000,7077.52246
1713.00000,7076.38818
1713.50000,7074.81787
1714.00000,7067.65186
1714.50000,7051.71875
1715.00000,7028.30615
1715.50000,7003.00391
1716.00000,6980.89746
1716.50000,6963.69971
1717.00000,6948.81396
1717.50000,6933.98096
1718.00000,6918.52344
1718.50000,6903.62891
1719.00000,6890.44971
1719.50000,6879.27393
1720.00000,6869.21924
1720.50000,6858.88086
1721.00000,6847.37793
1721.50000,6834.92725
1722.00000,6821.76855
1722.50000,6807.86426
1723.00000,6791.75391
1723.50000,6772.98633
1724.00000,6752.29980
1724.50000,6732.09521
1725.00000,6714.32813
1725.50000,6698.86328
1726.00000,6683.53076
1726.50000,6668.04248
1727.00000,6654.69678
1727.50000,6647.49805
1728.00000,6645.21924
1728.50000,6642.24170
1729.00000,6632.65039
1729.50000,6614.61279
1730.00000,6592.14160
1730.50000,6571.78906
1731.00000,6556.70264
1731.50000,6544.32373
1732.00000,6530.99609
1732.50000,6514.89746
1733.00000,6496.21045
1733.50000,6477.35547
1734.00000,6460.33105
1734.50000,6446.48926
1735.00000,6436.42871
1735.50000,6429.73438
1736.00000,6423.85059
1736.50000,6416.79150
1737.00000,6408.41309
1737.50000,6399.63428
1738.00000,6391.10693
1738.50000,6381.56787
1739.00000,6369.58447
1739.50000,6355.45557
1740.00000,6342.08252
1740.50000,6332.92236
1741.00000,6329.17578
1741.50000,6327.75488
1742.00000,6324.53760
1742.50000,6316.83105
1743.00000,6303.44775
1743.50000,6287.71436
1744.00000,6273.63672
1744.50000,6264.41504
1745.00000,6260.33594
1745.50000,6257.93555
1746.00000,6252.08887
1746.50000,6239.25244
1747.00000,6222.05566
1747.50000,6205.27197
1748.00000,6193.49072
1748.50000,6188.26465
1749.00000,6186.90039
1749.50000,6185.22998
1750.00000,6178.81494
1750.50000,6165.82324
1751.00000,6146.85059
1751.50000,6126.53711
1752.00000,6110.29639
1752.50000,6099.92578
1753.00000,6093.57227
1753.50000,6086.60254
1754.00000,6076.93311
1754.50000,6066.52979
1755.00000,6058.92627
1755.50000,6054.51025
1756.00000,6049.64893
1756.50000,6040.33984
1757.00000,6027.52783
1757.50000,6015.50293
1758.00000,6007.53857
1758.50000,6002.96582
1759.00000,5997.54297
1759.50000,5987.83887
1760.00000,5974.64453
1760.50000,5961.77100
1761.00000,5951.85547
1761.50000,5944.29248
1762.00000,5938.02051
1762.50000,5932.48633
1763.00000,5928.50928
1763.50000,5925.23828
1764.00000,5919.38965
1764.50000,5907.41699
1765.00000,5890.71338
1765.50000,5874.71387
1766.00000,5864.81250
1766.50000,5863.40869
1767.00000,5864.30615
1767.50000,5861.10205
1768.00000,5853.12061
1768.50000,5843.76611
1769.00000,5837.08936
1769.50000,5832.33838
1770.00000,5825.25830
1770.50000,5813.99512
1771.00000,5801.51416
1771.50000,5793.90234
1772.00000,5794.52783
1772.50000,5797.83350
1773.00000,5796.06885
1773.50000,5784.64941
1774.00000,5765.21484
1774.50000,5745.30811
1775.00000,5731.99805
1775.50000,5729.54443
1776.00000,5735.36084
1776.50000,5743.84619
1777.00000,5748.14355
1777.50000,5742.54541
1778.00000,5727.45459
1778.50000,5705.36670
1779.00000,5682.22656
1779.50000,5663.08105
1780.00000,5651.69678
1780.50000,5649.10596
1781.00000,5654.93457
1781.50000,5664.21094
1782.00000,5672.18701
1782.50000,5674.86084
1783.00000,5668.35938
1783.50000,5654.25928
1784.00000,5635.54736
1784.50000,5617.36572
1785.00000,5605.28125
1785.50000,5602.61670
1786.00000,5605.70703
1786.50000,5609.67627
1787.00000,5610.10889
1787.50000,5605.06885
1788.00000,5596.98242
1788.50000,5586.22852
1789.00000,5571.91260
1789.50000,5553.46289
1790.00000,5533.27197
1790.50000,5515.61475
1791.00000,5504.00439
1791.50000,5497.80176
1792.00000,5497.42285
1792.50000,5500.70801
1793.00000,5506.43018
1793.50000,5511.33545
1794.00000,5511.77979
1794.50000,5507.35742
1795.00000,5501.52490
1795.50000,5497.27246
1796.00000,5494.24854
1796.50000,5488.93750
1797.00000,5479.80908
1797.50000,5467.01807
1798.00000,5452.86914
1798.50000,5439.12744
1799.00000,5427.82031
1799.50000,5421.42676
1800.00000,5421.19922
1800.50000,5423.50488
1801.00000,5421.69971
1801.50000,5413.97266
1802.00000,5403.19141
1802.50000,5394.88232
1803.00000,5390.28906
1803.50000,5384.87354
1804.00000,5375.90674
1804.50000,5365.52734
1805.00000,5357.17334
1805.50000,5350.19629
1806.00000,5341.77637
1806.50000,5334.58008
1807.00000,5335.92920
1807.50000,5352.38965
1808.00000,5373.15039
1808.50000,5382.73535
1809.00000,5373.69092
1809.50000,5352.47949
1810.00000,5332.41602
