440.00000,6212.21436
440.50000,6202.01416
441.00000,6196.71436
441.50000,6195.35107
442.00000,6197.17529
442.50000,6200.17139
443.00000,6202.88379
443.50000,6204.14551
444.00000,6203.16406
444.50000,6198.95361
445.00000,6191.47119
445.50000,6180.72314
446.00000,6169.13916
446.50000,6159.80371
447.00000,6154.03076
447.50000,6152.45264
448.00000,6153.59766
448.50000,6155.23877
449.00000,6155.46631
449.50000,6153.72998
450.00000,6149.68896
450.50000,6143.71777
451.00000,6134.99365
451.50000,6124.21631
452.00000,6112.06445
452.50000,6100.13184
453.00000,6090.20313
453.50000,6083.59814
454.00000,6079.98877
454.50000,6078.27197
455.00000,6077.27100
455.50000,6076.65625
456.00000,6076.62695
456.50000,6077.67236
457.00000,6079.20703
457.50000,6080.21484
458.00000,6079.74219
458.50000,6077.36719
459.00000,6073.95703
459.50000,6070.96777
460.00000,6068.95996
460.50000,6067.12695
461.00000,6063.13184
461.50000,6054.82959
462.00000,6040.93652
462.50000,6023.07373
463.00000,6003.41748
463.50000,5984.81055
464.00000,5969.73682
464.50000,5958.83838
465.00000,5950.80859
465.50000,5944.66748
466.00000,5938.81494
466.50000,5932.25586
467.00000,5925.04248
467.50000,5917.72510
468.00000,5911.02686
468.50000,5905.54785
469.00000,5901.56006
469.50000,5898.52490
470.00000,5895.91797
470.50000,5893.46631
471.00000,5891.43652
471.50000,5890.14355
472.00000,5889.42529
472.50000,5887.77246
473.00000,5882.86865
473.50000,5872.78076
474.00000,5857.04541
474.50000,5837.04297
475.00000,5817.72510
475.50000,5803.63623
476.00000,5795.87646
476.50000,5795.14404
477.00000,5797.65088
477.50000,5799.46826
478.00000,5799.00391
478.50000,5797.17627
479.00000,5796.68311
479.50000,5800.69531
480.00000,5811.33496
480.50000,5825.88818
481.00000,5841.90137
481.50000,5856.42578
482.00000,5867.46436
482.50000,5875.47754
483.00000,5882.23779
483.50000,5888.89990
484.00000,5895.61816
484.50000,5901.54248
485.00000,5905.61768
485.50000,5907.58643
486.00000,5909.08105
486.50000,5912.01563
487.00000,5917.53027
487.50000,5925.87354
488.00000,5934.67920
488.50000,5940.90967
489.00000,5942.33691
489.50000,5938.99707
490.00000,5931.80859
490.50000,5924.33105
491.00000,5919.82617
491.50000,5919.02197
492.00000,5922.33545
492.50000,5928.43701
493.00000,5936.00000
493.50000,5943.43018
494.00000,5949.27930
494.50000,5951.53320
495.00000,5949.02295
495.50000,5939.15674
496.00000,5923.79053
496.50000,5906.27783
497.00000,5891.01904
497.50000,5881.89746
498.00000,5879.86182
498.50000,5882.45361
499.00000,5883.99023
499.50000,5880.55322
500.00000,5870.12451
500.50000,5855.86279
501.00000,5842.74756
501.50000,5835.76904
502.00000,5836.86328
502.50000,5843.40820
503.00000,5851.50537
503.50000,5857.06543
504.00000,5857.93359
504.50000,5855.22852
505.00000,5852.00439
505.50000,5850.94775
506.00000,5852.94189
506.50000,5858.72461
507.00000,5867.27246
507.50000,5878.41895
508.00000,5892.41260
508.50000,5909.53564
509.00000,5929.68896
509.50000,5951.05664
510.00000,5970.77197
510.50000,5986.99170
511.00000,5997.60596
511.50000,6003.53467
512.00000,6005.56055
512.50000,6006.24414
513.00000,6007.59131
513.50000,6010.36914
514.00000,6014.02539
514.50000,6016.75146
515.00000,6015.72803
515.50000,6006.91943
516.00000,5990.65967
516.50000,5966.53027
517.00000,5938.25732
517.50000,5910.72949
518.00000,5890.05176
518.50000,5879.30664
519.00000,5879.78369
519.50000,5888.43750
520.00000,5902.60840
520.50000,5917.12646
521.00000,5927.93555
521.50000,5934.04541
522.00000,5934.67871
522.50000,5931.01514
523.00000,5924.64648
523.50000,5918.02881
524.00000,5913.70850
524.50000,5913.55322
525.00000,5916.90234
525.50000,5922.20068
526.00000,5925.28076
526.50000,5920.56006
527.00000,5906.83789
527.50000,5884.31641
528.00000,5856.44727
528.50000,5828.07959
529.00000,5804.09717
529.50000,5785.76807
530.00000,5772.72607
530.50000,5762.07373
531.00000,5752.29883
531.50000,5742.70898
532.00000,5734.49219
532.50000,5728.81055
533.00000,5726.01465
533.50000,5725.33496
534.00000,5725.07422
534.50000,5723.50928
535.00000,5720.09131
535.50000,5715.14551
536.00000,5709.82275
536.50000,5704.88037
537.00000,5700.65186
537.50000,5697.31152
538.00000,5694.98486
538.50000,5693.97070
539.00000,5694.76709
539.50000,5697.18701
540.00000,5700.96631
540.50000,5704.90869
541.00000,5708.03711
541.50000,5710.37939
542.00000,5712.61523
542.50000,5715.88818
543.00000,5721.32568
543.50000,5729.47949
544.00000,5738.95361
544.50000,5747.76611
545.00000,5753.92920
545.50000,5754.53613
546.00000,5749.27832
546.50000,5737.45508
547.00000,5722.12207
547.50000,5706.19922
548.00000,5692.63574
548.50000,5683.30273
549.00000,5678.94141
549.50000,5677.06689
550.00000,5674.49414
550.50000,5669.31982
551.00000,5660.75879
551.50000,5650.93799
552.00000,5643.55518
552.50000,5641.91504
553.00000,5646.45703
553.50000,5655.30322
554.00000,5664.39795
554.50000,5669.30566
555.00000,5667.82031
555.50000,5659.50244
556.00000,5648.57861
556.50000,5638.38379
557.00000,5631.32227
557.50000,5628.26611
558.00000,5627.94238
558.50000,5627.55518
559.00000,5624.89502
559.50000,5619.44922
560.00000,5611.00342
560.50000,5601.17725
561.00000,5591.59570
561.50000,5583.82813
562.00000,5579.12305
562.50000,5577.78809
563.00000,5579.51758
563.50000,5583.38818
564.00000,5587.51758
564.50000,5590.03760
565.00000,5590.61182
565.50000,5589.55908
566.00000,5588.68506
566.50000,5590.26270
567.00000,5595.96484
567.50000,5606.14990
568.00000,5619.66064
568.50000,5634.72900
569.00000,5649.82666
569.50000,5663.85547
570.00000,5675.68896
570.50000,5685.44727
571.00000,5692.52148
571.50000,5697.05420
572.00000,5698.80615
572.50000,5698.07324
573.00000,5694.97119
573.50000,5689.19775
574.00000,5680.27100
574.50000,5666.40430
575.00000,5647.75732
575.50000,5623.87451
576.00000,5597.64746
576.50000,5573.01904
577.00000,5553.15430
577.50000,5539.85986
578.00000,5532.71240
578.50000,5529.09180
579.00000,5526.02539
579.50000,5521.25537
580.00000,5514.68506
580.50000,5508.28760
581.00000,5504.43311
581.50000,5504.10547
582.00000,5507.15869
582.50000,5511.01953
583.00000,5512.63770
583.50000,5510.09912
584.00000,5503.89111
584.50000,5495.45215
585.00000,5487.87549
585.50000,5484.75684
586.00000,5486.15771
586.50000,5491.56689
587.00000,5498.58252
587.50000,5504.71240
588.00000,5508.02832
588.50000,5508.09277
589.00000,5505.98779
589.50000,5503.72900
590.00000,5503.06055
590.50000,5504.39453
591.00000,5507.76074
591.50000,5511.82959
592.00000,5515.16699
592.50000,5517.09521
593.00000,5517.78467
593.50000,5517.97266
594.00000,5518.70947
594.50000,5521.09619
595.00000,5525.05469
595.50000,5530.04004
596.00000,5534.90332
596.50000,5538.51172
597.00000,5540.29395
597.50000,5540.25391
598.00000,5539.37842
598.50000,5539.49268
599.00000,5542.47998
599.50000,5548.83008
600.00000,5559.27539
600.50000,5572.06201
601.00000,5585.63721
601.50000,5598.39014
602.00000,5610.06592
602.50000,5621.63867
603.00000,5634.66309
603.50000,5650.65430
604.00000,5669.62256
604.50000,5690.35742
605.00000,5710.03174
605.50000,5725.48633
606.00000,5735.35645
606.50000,5737.86182
607.00000,5733.34082
607.50000,5722.57129
608.00000,5707.81885
608.50000,5691.78809
609.00000,5676.85742
609.50000,5664.48779
610.00000,5655.96924
610.50000,5650.03125
611.00000,5645.07861
611.50000,5639.61377
612.00000,5633.38818
612.50000,5627.27686
613.00000,5622.55859
613.50000,5620.14258
614.00000,5619.07471
614.50000,5617.32373
615.00000,5613.69434
615.50000,5608.22314
616.00000,5603.24023
616.50000,5602.28857
617.00000,5608.11572
617.50000,5620.52588
618.00000,5636.14600
618.50000,5650.40967
619.00000,5659.08936
619.50000,5661.66064
620.00000,5658.25586
620.50000,5653.08789
621.00000,5649.42627
621.50000,5648.31592
622.00000,5649.22119
622.50000,5650.46289
623.00000,5650.44727
623.50000,5648.41455
624.00000,5645.47656
624.50000,5643.49805
625.00000,5643.72363
625.50000,5647.37939
626.00000,5653.78564
626.50000,5661.93164
627.00000,5669.82227
627.50000,5675.59863
628.00000,5678.39795
628.50000,5678.99268
629.00000,5679.04639
629.50000,5680.98389
630.00000,5688.06055
630.50000,5700.70947
631.00000,5718.21143
631.50000,5737.83594
632.00000,5757.21094
632.50000,5775.04541
633.00000,5791.89307
633.50000,5810.14746
634.00000,5832.38867
634.50000,5860.93408
635.00000,5894.21631
635.50000,5930.92529
636.00000,5968.16455
636.50000,6003.72607
637.00000,6036.47021
637.50000,6066.26563
638.00000,6092.63623
638.50000,6114.72754
639.00000,6129.60498
639.50000,6136.63672
640.00000,6133.17383
640.50000,6122.03760
641.00000,6106.51123
641.50000,6090.70557
642.00000,6077.05811
642.50000,6065.91162
643.00000,6055.72266
643.50000,6044.43213
644.00000,6031.38428
644.50000,6018.28076
645.00000,6007.94092
645.50000,6003.72510
646.00000,6005.76953
646.50000,6013.12939
647.00000,6022.58740
647.50000,6030.90039
648.00000,6036.93359
648.50000,6041.93311
649.00000,6048.05273
649.50000,6056.77783
650.00000,6069.25049
650.50000,6084.19287
651.00000,6100.40479
651.50000,6116.99463
652.00000,6134.07324
652.50000,6151.95605
653.00000,6170.37891
653.50000,6188.19580
654.00000,6203.85156
654.50000,6215.65625
655.00000,6225.23096
655.50000,6234.81543
656.00000,6247.03467
656.50000,6263.70996
657.00000,6283.99463
657.50000,6304.32617
658.00000,6319.10889
658.50000,6325.28613
659.00000,6320.11670
659.50000,6307.16602
660.00000,6289.36182
660.50000,6271.85449
661.00000,6258.49756
661.50000,6249.89795
662.00000,6243.94824
662.50000,6237.76611
663.00000,6229.13818
663.50000,6217.12012
664.00000,6203.32031
664.50000,6190.28223
665.00000,6180.35352
665.50000,6174.87744
666.00000,6172.78467
666.50000,6172.76709
667.00000,6173.21436
667.50000,6173.03027
668.00000,6171.74365
668.50000,6169.61816
669.00000,6167.07031
669.50000,6164.70557
670.00000,6163.28906
670.50000,6163.21582
671.00000,6164.78174
671.50000,6167.28760
672.00000,6169.17188
672.50000,6168.85107
673.00000,6166.09961
673.50000,6161.93164
674.00000,6158.83447
674.50000,6160.22705
675.00000,6166.87207
675.50000,6179.17871
676.00000,6193.47559
676.50000,6206.15527
677.00000,6214.67871
677.50000,6218.27002
678.00000,6217.23535
678.50000,6213.58496
679.00000,6208.69287
679.50000,6204.13135
680.00000,6201.23877
680.50000,6200.78955
681.00000,6203.75195
681.50000,6209.54150
682.00000,6216.10010
682.50000,6219.59326
683.00000,6215.88916
683.50000,6201.89355
684.00000,6180.23633
684.50000,6153.76611
685.00000,6128.20117
685.50000,6108.15674
686.00000,6094.61475
686.50000,6086.30420
687.00000,6079.21875
687.50000,6070.58838
688.00000,6059.97314
688.50000,6049.31299
689.00000,6041.67139
689.50000,6038.28223
690.00000,6039.72754
690.50000,6043.08545
691.00000,6045.40723
691.50000,6045.28516
692.00000,6042.94238
692.50000,6039.71680
693.00000,6037.05322
693.50000,6035.45068
694.00000,6033.77148
694.50000,6029.90186
695.00000,6023.12646
695.50000,6013.06104
696.00000,6000.99561
696.50000,5988.23633
697.00000,5975.71875
697.50000,5963.42871
698.00000,5950.22852
698.50000,5934.93896
699.00000,5915.89941
699.50000,5893.38965
700.00000,5867.25244
700.50000,5839.17188
701.00000,5810.97607
701.50000,5784.89502
702.00000,5762.60986
702.50000,5744.66211
703.00000,5730.02246
703.50000,5717.82129
704.00000,5706.63281
704.50000,5696.43164
705.00000,5687.80713
705.50000,5682.87842
706.00000,5682.17139
706.50000,5685.41748
707.00000,5690.85205
707.50000,5695.95508
708.00000,5698.46191
708.50000,5697.93506
709.00000,5694.84082
709.50000,5692.04639
710.00000,5692.61914
710.50000,5697.60840
711.00000,5707.11865
711.50000,5718.97412
712.00000,5729.95361
712.50000,5736.64551
713.00000,5737.27002
713.50000,5731.11914
714.00000,5721.94189
714.50000,5713.34424
715.00000,5708.54834
715.50000,5710.15332
716.00000,5717.47314
716.50000,5728.43262
717.00000,5739.69482
717.50000,5748.49756
718.00000,5754.13916
718.50000,5758.64551
719.00000,5765.40186
719.50000,5776.94727
720.00000,5795.92480
720.50000,5820.72754
721.00000,5848.15723
721.50000,5872.89355
722.00000,5890.90430
722.50000,5900.25293
723.00000,5903.18311
723.50000,5902.61719
724.00000,5902.87939
724.50000,5906.96631
725.00000,5914.32080
725.50000,5922.40527
726.00000,5928.19385
726.50000,5930.10449
727.00000,5928.69531
727.50000,5926.29492
728.00000,5925.42334
728.50000,5927.21533
729.00000,5932.06201
729.50000,5937.96777
730.00000,5943.55908
730.50000,5948.34717
731.00000,5952.62500
731.50000,5957.25049
732.00000,5963.23389
732.50000,5971.75781
733.00000,5983.67627
733.50000,6000.82227
734.00000,6022.45850
734.50000,6048.56689
735.00000,6076.70264
735.50000,6104.68408
736.00000,6130.73975
736.50000,6154.07764
737.00000,6174.88818
737.50000,6193.84619
738.00000,6210.77490
738.50000,6225.60303
739.00000,6237.87061
739.50000,6249.09912
740.00000,6261.36914
740.50000,6276.39258
741.00000,6294.48340
741.50000,6312.85791
742.00000,6326.72314
742.50000,6331.58887
743.00000,6327.05664
743.50000,6312.94336
744.00000,6293.73389
744.50000,6271.56543
745.00000,6248.13721
745.50000,6222.58398
746.00000,6193.64941
746.50000,6160.84473
747.00000,6124.81787
747.50000,6087.27295
748.00000,6049.64893
748.50000,6012.95117
749.00000,5978.18262
749.50000,5945.67236
750.00000,5917.17969
750.50000,5893.26172
751.00000,5874.94629
751.50000,5862.33789
752.00000,5855.01025
752.50000,5852.98242
753.00000,5855.11523
753.50000,5861.24463
754.00000,5869.25781
754.50000,5876.71533
755.00000,5881.17822
755.50000,5880.09961
756.00000,5872.62256
756.50000,5858.56006
757.00000,5838.55957
757.50000,5814.83105
758.00000,5789.77490
758.50000,5766.87793
759.00000,5750.23486
759.50000,5740.10596
760.00000,5736.46777
760.50000,5735.75830
761.00000,5734.11963
761.50000,5728.68262
762.00000,5719.14502
762.50000,5707.45557
763.00000,5697.26123
763.50000,5691.38818
764.00000,5688.78467
764.50000,5687.32227
765.00000,5683.85938
765.50000,5675.85742
766.00000,5663.10547
766.50000,5646.88574
767.00000,5629.28418
767.50000,5612.45557
768.00000,5597.83301
768.50000,5585.52930
769.00000,5576.19727
769.50000,5569.24170
770.00000,5564.75977
770.50000,5562.19385
771.00000,5561.35791
771.50000,5562.27393
772.00000,5565.01660
772.50000,5569.43066
773.00000,5574.20459
773.50000,5576.89258
774.00000,5575.58105
774.50000,5568.04346
775.00000,5555.92139
775.50000,5542.51563
776.00000,5533.02783
776.50000,5531.65625
777.00000,5538.85205
777.50000,5550.41211
778.00000,5560.91846
778.50000,5566.16162
779.00000,5563.30811
779.50000,5555.54443
780.00000,5546.47852
780.50000,5539.56982
781.00000,5535.31934
781.50000,5531.13037
782.00000,5524.20313
782.50000,5513.24463
783.00000,5500.24609
783.50000,5488.32861
784.00000,5479.67188
784.50000,5475.06689
785.00000,5471.95557
785.50000,5467.03564
786.00000,5458.62109
786.50000,5447.18701
787.00000,5434.38037
787.50000,5421.99658
788.00000,5411.00098
788.50000,5401.17236
789.00000,5392.65820
789.50000,5385.60840
790.00000,5381.04785
790.50000,5378.56592
791.00000,5376.39111
791.50000,5371.71631
792.00000,5362.32422
792.50000,5347.01465
793.00000,5328.09375
793.50000,5308.44727
794.00000,5291.20313
794.50000,5278.57227
795.00000,5269.56592
795.50000,5262.41943
796.00000,5255.75049
796.50000,5249.62793
797.00000,5245.64160
797.50000,5245.44336
798.00000,5250.99365
798.50000,5260.79541
799.00000,5272.60742
799.50000,5281.97412
800.00000,5284.39453
800.50000,5278.88525
801.00000,5266.78760
801.50000,5252.17627
802.00000,5240.28955
802.50000,5235.89648
803.00000,5239.14307
803.50000,5249.08740
804.00000,5259.79834
804.50000,5265.09766
805.00000,5262.65186
805.50000,5252.64551
806.00000,5238.95898
806.50000,5226.60352
807.00000,5219.77344
807.50000,5219.17969
808.00000,5224.15186
808.50000,5230.56348
809.00000,5234.65283
809.50000,5234.57275
810.00000,5230.04297
810.50000,5222.62598
811.00000,5213.80957
811.50000,5204.72363
812.00000,5196.19629
812.50000,5189.27783
813.00000,5184.77734
813.50000,5184.45752
814.00000,5187.70898
814.50000,5193.36328
815.00000,5198.54443
815.50000,5201.07715
816.00000,5200.76270
816.50000,5199.46289
817.00000,5199.97461
817.50000,5203.93994
818.00000,5211.81445
818.50000,5220.99609
819.00000,5228.79004
819.50000,5234.07031
820.00000,5237.66943
820.50000,5241.56396
821.00000,5247.05713
821.50000,5254.03125
822.00000,5261.31348
822.50000,5268.19238
823.00000,5275.36279
823.50000,5285.26367
824.00000,5299.21875
824.50000,5317.76074
825.00000,5337.38867
825.50000,5353.75391
826.00000,5363.49658
826.50000,5365.70166
827.00000,5360.97070
827.50000,5352.45557
828.00000,5342.17676
828.50000,5332.10303
829.00000,5323.56689
829.50000,5317.49365
830.00000,5315.33203
830.50000,5317.38818
831.00000,5323.29980
831.50000,5332.06299
832.00000,5342.46338
832.50000,5354.82910
833.00000,5370.07910
833.50000,5391.09961
834.00000,5417.89160
834.50000,5450.03516
835.00000,5483.24023
835.50000,5511.86670
836.00000,5531.22803
836.50000,5539.05469
837.00000,5534.14941
837.50000,5520.09180
838.00000,5499.06055
838.50000,5476.12158
839.00000,5455.16748
839.50000,5438.93896
840.00000,5430.09668
840.50000,5428.74414
841.00000,5433.28809
841.50000,5441.44775
842.00000,5450.24756
842.50000,5457.55811
843.00000,5463.02490
843.50000,5467.39063
844.00000,5472.59912
844.50000,5480.36572
845.00000,5490.41113
845.50000,5500.46826
846.00000,5506.67578
846.50000,5506.17383
847.00000,5497.34131
847.50000,5482.77637
848.00000,5464.98047
848.50000,5447.47363
849.00000,5431.91504
849.50000,5417.73340
850.00000,5403.67725
850.50000,5388.99512
851.00000,5374.60938
851.50000,5363.07324
852.00000,5356.23584
852.50000,5355.56885
853.00000,5358.98633
853.50000,5364.64453
854.00000,5369.90625
854.50000,5373.18945
855.00000,5374.32568
855.50000,5373.56885
856.00000,5371.27441
856.50000,5367.63037
857.00000,5362.52295
857.50000,5356.63037
858.00000,5350.84180
858.50000,5346.01318
859.00000,5342.63184
859.50000,5339.91064
860.00000,5336.45215
860.50000,5330.94678
861.00000,5322.97266
861.50000,5313.32764
862.00000,5304.00488
862.50000,5297.30762
863.00000,5293.56689
863.50000,5292.35303
864.00000,5291.64697
864.50000,5290.06641
865.00000,5287.51270
865.50000,5285.10107
866.00000,5284.39014
866.50000,5286.04297
867.00000,5289.52246
867.50000,5292.70410
868.00000,5292.76709
868.50000,5288.71973
869.00000,5279.82422
869.50000,5267.42773
870.00000,5252.17529
870.50000,5234.78809
871.00000,5215.89453
871.50000,5196.34180
872.00000,5177.41797
872.50000,5160.56641
873.00000,5145.85205
873.50000,5132.93945
874.00000,5120.35791
874.50000,5107.45752
875.00000,5095.16699
875.50000,5085.68506
876.00000,5080.96924
876.50000,5080.74219
877.00000,5082.83838
877.50000,5083.12158
878.00000,5076.75977
878.50000,5063.64258
879.00000,5044.87988
879.50000,5025.60596
880.00000,5011.22900
880.50000,5004.91699
881.00000,5005.58740
881.50000,5009.57471
882.00000,5012.12451
882.50000,5009.64355
883.00000,5002.77100
883.50000,4993.21143
884.00000,4984.25244
884.50000,4977.92969
885.00000,4973.82617
885.50000,4969.90332
886.00000,4963.74023
886.50000,4954.27490
887.00000,4941.87158
887.50000,4928.86426
888.00000,4917.41504
888.50000,4908.48193
889.00000,4903.10547
889.50000,4901.06689
890.00000,4902.46875
890.50000,4906.68848
891.00000,4912.34521
891.50000,4917.57275
892.00000,4920.82422
892.50000,4921.26025
893.00000,4920.56348
893.50000,4921.19824
894.00000,4924.45947
894.50000,4930.04590
895.00000,4935.54785
895.50000,4938.36572
896.00000,4937.48145
896.50000,4934.71582
897.00000,4933.45801
897.50000,4936.31787
898.00000,4945.18701
898.50000,4957.40283
899.00000,4970.21045
899.50000,4981.20703
900.00000,4989.97949
900.50000,4997.64063
901.00000,5004.72607
901.50000,5009.76953
902.00000,5010.50977
902.50000,5003.64746
903.00000,4990.82959
903.50000,4975.00146
904.00000,4961.72559
904.50000,4955.78613
905.00000,4957.49316
905.50000,4963.27783
906.00000,4967.06592
906.50000,4963.90332
907.00000,4951.74756
907.50000,4934.84814
908.00000,4918.35742
908.50000,4906.91064
909.00000,4903.76416
909.50000,4907.36377
910.00000,4914.66406
910.50000,4921.58789
911.00000,4924.99902
911.50000,4923.24756
912.00000,4917.76123
912.50000,4910.50732
913.00000,4904.48438
913.50000,4902.10303
914.00000,4903.14697
914.50000,4906.78271
915.00000,4911.42725
915.50000,4916.35205
916.00000,4922.23828
916.50000,4930.55322
917.00000,4943.29004
917.50000,4959.88672
918.00000,4979.19141
918.50000,4998.02490
919.00000,5013.54639
919.50000,5025.09863
920.00000,5033.74951
920.50000,5042.23535
921.00000,5053.05615
921.50000,5067.49512
922.00000,5084.40137
922.50000,5102.09912
923.00000,5118.50635
923.50000,5131.93652
924.00000,5142.49756
924.50000,5150.62354
925.00000,5157.52295
925.50000,5164.33789
926.00000,5171.90771
926.50000,5180.54199
927.00000,5190.35107
927.50000,5200.66455
928.00000,5210.30469
928.50000,5217.90576
929.00000,5221.36816
929.50000,5219.89111
930.00000,5213.40186
930.50000,5203.58789
931.00000,5193.49219
931.50000,5186.20996
932.00000,5182.78613
932.50000,5183.14893
933.00000,5184.18408
933.50000,5182.93555
934.00000,5178.44238
934.50000,5171.72607
935.00000,5165.74805
935.50000,5162.88281
936.00000,5163.15674
936.50000,5163.84912
937.00000,5161.32031
937.50000,5154.18555
938.00000,5142.02197
938.50000,5127.81592
939.00000,5114.07666
939.50000,5102.25195
940.00000,5092.56201
940.50000,5084.68799
941.00000,5078.61133
941.50000,5075.26318
942.00000,5074.58301
942.50000,5076.02783
943.00000,5077.05322
943.50000,5075.41699
944.00000,5071.29443
944.50000,5066.64258
945.00000,5064.27197
945.50000,5065.69678
946.00000,5070.20313
946.50000,5074.73584
947.00000,5075.87793
947.50000,5072.81934
948.00000,5065.70068
948.50000,5057.35303
949.00000,5050.17236
949.50000,5045.49854
950.00000,5043.72900
950.50000,5044.56201
951.00000,5047.10059
951.50000,5050.31396
952.00000,5052.83594
952.50000,5053.15869
953.00000,5051.42822
953.50000,5048.32568
954.00000,5045.48975
954.50000,5044.01318
955.00000,5043.62500
955.50000,5043.08838
956.00000,5041.47900
956.50000,5039.57959
957.00000,5040.14551
957.50000,5045.31982
958.00000,5056.91113
958.50000,5071.83887
959.00000,5085.43457
959.50000,5093.24170
960.00000,5093.88379
960.50000,5089.79248
961.00000,5086.06299
961.50000,5087.54297
962.00000,5095.03125
962.50000,5107.77393
963.00000,5121.13770
963.50000,5131.17139
964.00000,5136.43164
964.50000,5137.33789
965.00000,5136.25488
965.50000,5135.60010
966.00000,5136.59326
966.50000,5138.67334
967.00000,5140.54199
967.50000,5141.16504
968.00000,5140.18701
968.50000,5138.78564
969.00000,5138.29248
969.50000,5139.38965
970.00000,5141.80762
970.50000,5144.39990
971.00000,5145.78906
971.50000,5144.83154
972.00000,5141.94336
972.50000,5137.88037
973.00000,5134.17529
973.50000,5131.92676
974.00000,5131.03369
974.50000,5130.67236
975.00000,5129.79932
975.50000,5128.13037
976.00000,5126.46729
976.50000,5126.06299
977.00000,5127.80371
977.50000,5130.21680
978.00000,5130.72461
978.50000,5127.94727
979.00000,5122.35107
979.50000,5117.13232
980.00000,5115.77734
980.50000,5119.48633
981.00000,5125.32422
981.50000,5128.40820
982.00000,5126.09424
982.50000,5118.69971
983.00000,5112.18164
983.50000,5113.07959
984.00000,5122.69775
984.50000,5137.18750
985.00000,5148.67188
985.50000,5151.13525
986.00000,5143.71924
986.50000,5133.58984
987.00000,5130.10205
987.50000,5136.16162
988.00000,5150.29590
988.50000,5164.30469
989.00000,5170.78174
989.50000,5167.86328
990.00000,5159.25098
990.50000,5151.83838
991.00000,5151.56299
991.50000,5162.51611
992.00000,5181.79883
992.50000,5206.62695
993.00000,5231.38379
993.50000,5251.29248
994.00000,5263.84814
994.50000,5267.93457
995.00000,5265.21924
995.50000,5259.59619
996.00000,5254.99365
996.50000,5253.62842
997.00000,5256.13916
997.50000,5260.03857
998.00000,5263.71387
998.50000,5267.01660
999.00000,5271.13770
999.50000,5276.93750
1000.00000,5283.53711
1000.50000,5288.22217
1001.00000,5288.43213
1001.50000,5282.23633
1002.00000,5271.91846
1002.50000,5259.69385
1003.00000,5247.73779
1003.50000,5235.70166
1004.00000,5221.62451
1004.50000,5203.70410
1005.00000,5182.54834
1005.50000,5161.48096
1006.00000,5144.66895
1006.50000,5133.21875
1007.00000,5125.96338
1007.50000,5117.67041
1008.00000,5103.05420
1008.50000,5081.56006
1009.00000,5055.50244
1009.50000,5029.57227
1010.00000,5007.19971
1010.50000,4988.86182
1011.00000,4971.80176
1011.50000,4952.99902
1012.00000,4931.84082
1012.50000,4910.09424
1013.00000,4891.02979
1013.50000,4877.34082
1014.00000,4868.01025
1014.50000,4859.70020
1015.00000,4848.34277
1015.50000,4831.98389
1016.00000,4811.08447
1016.50000,4789.35645
1017.00000,4770.83154
1017.50000,4756.81982
1018.00000,4747.75146
1018.50000,4741.49707
1019.00000,4736.77344
1019.50000,4733.17432
1020.00000,4730.95947
1020.50000,4729.83105
1021.00000,4728.03271
1021.50000,4722.60596
1022.00000,4712.61865
1022.50000,4698.16797
1023.00000,4683.18652
1023.50000,4672.39111
1024.00000,4668.60205
1024.50000,4672.20068
1025.00000,4680.84229
1025.50000,4690.87988
1026.00000,4700.09277
1026.50000,4708.34961
1027.00000,4716.71631
1027.50000,4726.02881
1028.00000,4736.10596
1028.50000,4745.78223
1029.00000,4754.17188
1029.50000,4761.56445
1030.00000,4769.01074
1030.50000,4777.13867
1031.00000,4785.23291
1031.50000,4791.45898
1032.00000,4795.16699
1032.50000,4797.04102
1033.00000,4800.14941
1033.50000,4807.80273
1034.00000,4820.63721
1034.50000,4836.85645
1035.00000,4853.07568
1035.50000,4866.47119
1036.00000,4875.63330
1036.50000,4881.88867
1037.00000,4885.86182
1037.50000,4888.27588
1038.00000,4888.22119
1038.50000,4885.47461
1039.00000,4880.48584
1039.50000,4874.96777
1040.00000,4870.79492
1040.50000,4869.10547
1041.00000,4869.39160
1041.50000,4870.99805
1042.00000,4872.95068
1042.50000,4874.87500
1043.00000,4876.30127
1043.50000,4875.93311
1044.00000,4872.24805
1044.50000,4864.05859
1045.00000,4851.73242
1045.50000,4837.99805
1046.00000,4826.49951
1046.50000,4819.53711
1047.00000,4819.05469
1047.50000,4822.74170
1048.00000,4828.65918
1048.50000,4834.58594
1049.00000,4839.44775
1049.50000,4843.18848
1050.00000,4846.33203
1050.50000,4849.48389
1051.00000,4853.12109
1051.50000,4857.52539
1052.00000,4862.21436
1052.50000,4866.16455
1053.00000,4868.43311
1053.50000,4868.45166
1054.00000,4867.24854
1054.50000,4866.97021
1055.00000,4869.94971
1055.50000,4876.83105
1056.00000,4887.01416
1056.50000,4897.69336
1057.00000,4906.20703
1057.50000,4911.91357
1058.00000,4915.18701
1058.50000,4917.86816
1059.00000,4921.47754
1059.50000,4926.68359
1060.00000,4933.33398
1060.50000,4941.11914
1061.00000,4949.30273
1061.50000,4956.69092
1062.00000,4961.88037
1062.50000,4962.72900
1063.00000,4959.51318
1063.50000,4953.89746
1064.00000,4949.59619
1064.50000,4950.20215
1065.00000,4957.38477
1065.50000,4969.32520
1066.00000,4983.77930
1066.50000,4998.38379
1067.00000,5013.01709
1067.50000,5028.71191
1068.00000,5046.28955
1068.50000,5064.55762
1069.00000,5081.00928
1069.50000,5093.58838
1070.00000,5102.62842
1070.50000,5110.41992
1071.00000,5120.01025
1071.50000,5133.25781
1072.00000,5148.05469
1072.50000,5160.68506
1073.00000,5168.19385
1073.50000,5169.04736
1074.00000,5164.99170
1074.50000,5158.80029
1075.00000,5152.36084
1075.50000,5145.92529
1076.00000,5138.40869
1076.50000,5129.37939
1077.00000,5119.50781
1077.50000,5110.89746
1078.00000,5105.81934
1078.50000,5104.46289
1079.00000,5105.49414
1079.50000,5106.62012
1080.00000,5106.26318
1080.50000,5104.35742
1081.00000,5102.39697
1081.50000,5101.95850
1082.00000,5102.95947
1082.50000,5104.41113
1083.00000,5104.95020
1083.50000,5104.19287
1084.00000,5103.25928
1084.50000,5103.73389
1085.00000,5106.29785
1085.50000,5109.54004
1086.00000,5110.85986
1086.50000,5108.77979
1087.00000,5102.64648
1087.50000,5094.92725
1088.00000,5088.37061
1088.50000,5085.02148
1089.00000,5085.97021
1089.50000,5091.48145
1090.00000,5101.29688
1090.50000,5115.95557
1091.00000,5134.15820
1091.50000,5154.43164
1092.00000,5173.60547
1092.50000,5188.78369
1093.00000,5199.93262
1093.50000,5209.03418
1094.00000,5219.69141
1094.50000,5234.56738
1095.00000,5253.86719
1095.50000,5274.24951
1096.00000,5290.92236
1096.50000,5301.29297
1097.00000,5303.41992
1097.50000,5300.61963
1098.00000,5296.26563
1098.50000,5293.66699
1099.00000,5294.24316
1099.50000,5297.23779
1100.00000,5300.44092
1100.50000,5301.73096
1101.00000,5300.63379
1101.50000,5297.30713
1102.00000,5293.36377
1102.50000,5289.76025
1103.00000,5286.77148
1103.50000,5284.45117
1104.00000,5283.23047
1104.50000,5284.20459
1105.00000,5288.75732
1105.50000,5296.54590
1106.00000,5306.44482
1106.50000,5316.06494
1107.00000,5324.32617
1107.50000,5332.70801
1108.00000,5344.48584
1108.50000,5361.79785
1109.00000,5384.14404
1109.50000,5407.83984
1110.00000,5428.07764
1110.50000,5441.10547
1111.00000,5448.21436
1111.50000,5451.20557
1112.00000,5453.52832
1112.50000,5456.43311
1113.00000,5459.81299
1113.50000,5463.50391
1114.00000,5467.92432
1114.50000,5473.46045
1115.00000,5479.40967
1115.50000,5483.86230
1116.00000,5484.66895
1116.50000,5483.11719
1117.00000,5482.71973
1117.50000,5487.19141
1118.00000,5498.43848
1118.50000,5513.35010
1119.00000,5526.45752
1119.50000,5533.21436
1120.00000,5533.71289
1120.50000,5531.01270
1121.00000,5530.05713
1121.50000,5534.32080
1122.00000,5542.40625
1122.50000,5551.97461
1123.00000,5560.39844
1123.50000,5566.61865
1124.00000,5571.03809
1124.50000,5574.30469
1125.00000,5576.22363
1125.50000,5576.49512
1126.00000,5574.73047
1126.50000,5572.21826
1127.00000,5570.81689
1127.50000,5571.87793
1128.00000,5575.87695
1128.50000,5581.27637
1129.00000,5585.56934
1129.50000,5586.41162
1130.00000,5583.38330
1130.50000,5577.17334
1131.00000,5570.30518
1131.50000,5564.50146
1132.00000,5559.62939
1132.50000,5554.30029
1133.00000,5547.34619
1133.50000,5539.40283
1134.00000,5533.44971
1134.50000,5533.08936
1135.00000,5541.18066
1135.50000,5555.79541
1136.00000,5574.18945
1136.50000,5591.70996
1137.00000,5605.07422
1137.50000,5613.92969
1138.00000,5618.51904
1138.50000,5620.46973
1139.00000,5622.09180
1139.50000,5626.69043
1140.00000,5637.32178
1140.50000,5657.19629
1141.00000,5683.89746
1141.50000,5714.00098
1142.00000,5741.99414
1142.50000,5764.49170
1143.00000,5782.90625
1143.50000,5801.12598
1144.00000,5822.83887
1144.50000,5848.44922
1145.00000,5875.32568
1145.50000,5899.58350
1146.00000,5918.06836
1146.50000,5932.41846
1147.00000,5944.72559
1147.50000,5957.50928
1148.00000,5971.50684
1148.50000,5985.93506
1149.00000,5999.87402
1149.50000,6013.20166
1150.00000,6026.51123
1150.50000,6040.06006
1151.00000,6053.10889
1151.50000,6063.82861
1152.00000,6071.52539
1152.50000,6076.10742
1153.00000,6079.34229
1153.50000,6083.04346
1154.00000,6088.02148
1154.50000,6093.54248
1155.00000,6098.02637
1155.50000,6100.48438
1156.00000,6100.19971
1156.50000,6098.05469
1157.00000,6093.75635
1157.50000,6086.76221
1158.00000,6075.39160
1158.50000,6058.88232
1159.00000,6037.84229
1159.50000,6014.01123
1160.00000,5990.21875
1160.50000,5969.31934
1161.00000,5952.67432
1161.50000,5942.43506
1162.00000,5937.45215
1162.50000,5936.04443
1163.00000,5934.11719
1163.50000,5927.58545
1164.00000,5915.05859
1164.50000,5900.00879
1165.00000,5889.14502
1165.50000,5887.10791
1166.00000,5896.34961
1166.50000,5909.40576
1167.00000,5917.92236
1167.50000,5917.41797
1168.00000,5909.18896
1168.50000,5900.57715
1169.00000,5898.85400
1169.50000,5906.97168
1170.00000,5920.81299
1170.50000,5935.50781
1171.00000,5948.21387
1171.50000,5959.88184
1172.00000,5972.99219
1172.50000,5987.68262
1173.00000,6000.51563
1173.50000,6007.14014
1174.00000,6006.30664
1174.50000,6002.17090
1175.00000,6001.14600
1175.50000,6006.92529
1176.00000,6020.53027
1176.50000,6036.53564
1177.00000,6050.49023
1177.50000,6060.96338
1178.00000,6069.37695
1178.50000,6078.22266
1179.00000,6088.16602
1179.50000,6097.29297
1180.00000,6103.02002
1180.50000,6103.19434
1181.00000,6100.04834
1181.50000,6096.94678
1182.00000,6097.47754
1182.50000,6104.08594
1183.00000,6115.67871
1183.50000,6129.09619
1184.00000,6140.11719
1184.50000,6145.65625
1185.00000,6143.94043
1185.50000,6137.88574
1186.00000,6131.28809
1186.50000,6128.21680
1187.00000,6131.48535
1187.50000,6139.85791
1188.00000,6151.11963
1188.50000,6163.15918
1189.00000,6175.70605
1189.50000,6190.27783
1190.00000,6207.86475
1190.50000,6228.67041
1191.00000,6250.32129
1191.50000,6270.65576
1192.00000,6289.12402
1192.50000,6306.41113
1193.00000,6323.56348
1193.50000,6340.11914
1194.00000,6353.76465
1194.50000,6362.22510
1195.00000,6363.48145
1195.50000,6359.50098
1196.00000,6351.29395
1196.50000,6340.64502
1197.00000,6326.57666
1197.50000,6308.43018
1198.00000,6286.44385
1198.50000,6263.32568
1199.00000,6242.83496
1199.50000,6227.72559
1200.00000,6216.74658
1200.50000,6207.16406
1201.00000,6195.84082
1201.50000,6181.96973
1202.00000,6168.12939
1202.50000,6157.88135
1203.00000,6152.75488
1203.50000,6151.42090
1204.00000,6150.56982
1204.50000,6147.20264
1205.00000,6140.15332
1205.50000,6131.57422
1206.00000,6124.22559
1206.50000,6119.61963
1207.00000,6118.08643
1207.50000,6118.10645
1208.00000,6118.38965
1208.50000,6118.47559
1209.00000,6118.70947
1209.50000,6119.59766
1210.00000,6121.09229
1210.50000,6123.01563
1211.00000,6125.31641
1211.50000,6128.93652
1212.00000,6134.85059
1212.50000,6144.10889
1213.00000,6156.42236
1213.50000,6170.85547
1214.00000,6186.78320
1214.50000,6204.32080
1215.00000,6225.11475
1215.50000,6249.66602
1216.00000,6278.38037
1216.50000,6308.60498
1217.00000,6337.39014
1217.50000,6362.77246
1218.00000,6384.54590
1218.50000,6404.52197
1219.00000,6425.13574
1219.50000,6447.73486
1220.00000,6471.12842
1220.50000,6491.71875
1221.00000,6506.03418
1221.50000,6508.88232
1222.00000,6500.06836
1222.50000,6480.20117
1223.00000,6454.01416
1223.50000,6427.48828
1224.00000,6405.67871
1224.50000,6389.82031
1225.00000,6378.60840
1225.50000,6367.36035
1226.00000,6352.07861
1226.50000,6332.71826
1227.00000,6311.44482
1227.50000,6291.99121
1228.00000,6276.78809
1228.50000,6265.55957
1229.00000,6255.88428
1229.50000,6245.69678
1230.00000,6234.63672
1230.50000,6223.90771
1231.00000,6214.66504
1231.50000,6206.97217
1232.00000,6199.06787
1232.50000,6189.04199
1233.00000,6176.75635
1233.50000,6164.50977
1234.00000,6156.37939
1234.50000,6155.33643
1235.00000,6164.22998
1235.50000,6180.20947
1236.00000,6201.03174
1236.50000,6222.56787
1237.00000,6242.63867
1237.50000,6261.25293
1238.00000,6279.82861
1238.50000,6299.71582
1239.00000,6320.50488
1239.50000,6339.67285
1240.00000,6354.59082
1240.50000,6363.05566
1241.00000,6368.72314
1241.50000,6377.22803
1242.00000,6393.30566
1242.50000,6418.35205
1243.00000,6447.20215
1243.50000,6471.13721
1244.00000,6482.20508
1244.50000,6480.54736
1245.00000,6470.29785
1245.50000,6461.43750
1246.00000,6461.98633
1246.50000,6471.65088
1247.00000,6486.14600
1247.50000,6497.90967
1248.00000,6501.20459
1248.50000,6494.34326
1249.00000,6480.23389
1249.50000,6461.94482
1250.00000,6443.10303
1250.50000,6425.87061
1251.00000,6411.02686
1251.50000,6399.55029
1252.00000,6390.93359
1252.50000,6384.24365
1253.00000,6377.95996
1253.50000,6371.15039
1254.00000,6364.17139
1254.50000,6358.18896
1255.00000,6354.05273
1255.50000,6350.27100
1256.00000,6343.49072
1256.50000,6331.34570
1257.00000,6313.06348
1257.50000,6292.10645
1258.00000,6273.52441
1258.50000,6261.49512
1259.00000,6256.35010
1259.50000,6256.51318
1260.00000,6257.95996
1260.50000,6258.55566
1261.00000,6258.63330
1261.50000,6260.22998
1262.00000,6265.04688
1262.50000,6273.78223
1263.00000,6285.37256
1263.50000,6298.00977
1264.00000,6310.39795
1264.50000,6322.16650
1265.00000,6333.63477
1265.50000,6345.50488
1266.00000,6358.60059
1266.50000,6373.27393
1267.00000,6390.10889
1267.50000,6409.17480
1268.00000,6430.36670
1268.50000,6453.46826
1269.00000,6478.15381
1269.50000,6504.98877
1270.00000,6534.18115
1270.50000,6566.39648
1271.00000,6599.82861
1271.50000,6631.07080
1272.00000,6656.40137
1272.50000,6672.76514
1273.00000,6680.81885
1273.50000,6685.21777
1274.00000,6692.22070
1274.50000,6706.15088
1275.00000,6729.54834
1275.50000,6757.72607
1276.00000,6785.34033
1276.50000,6807.57080
1277.00000,6821.53076
1277.50000,6828.50684
1278.00000,6831.56592
1278.50000,6833.85400
1279.00000,6837.33105
1279.50000,6842.10596
1280.00000,6846.41699
1280.50000,6847.47266
1281.00000,6844.24902
1281.50000,6836.31934
1282.00000,6826.01611
1282.50000,6816.21777
1283.00000,6809.25244
1283.50000,6805.68652
1284.00000,6804.98633
1284.50000,6805.63281
1285.00000,6807.22754
1285.50000,6809.80713
1286.00000,6814.45703
1286.50000,6821.75586
1287.00000,6832.46387
1287.50000,6846.15039
1288.00000,6861.28271
1288.50000,6875.39355
1289.00000,6886.51221
1289.50000,6894.22559
1290.00000,6901.95703
1290.50000,6915.45654
1291.00000,6937.29980
1291.50000,6967.66113
1292.00000,7000.59229
1292.50000,7028.97656
1293.00000,7048.32080
1293.50000,7059.39502
1294.00000,7065.06055
1294.50000,7069.34326
1295.00000,7073.60156
1295.50000,7078.34912
1296.00000,7085.84766
1296.50000,7099.19238
1297.00000,7121.57324
1297.50000,7151.18457
1298.00000,7181.64404
1298.50000,7205.04395
1299.00000,7218.09180
1299.50000,7221.36426
1300.00000,7222.47705
1300.50000,7228.20166
1301.00000,7240.45508
1301.50000,7258.35352
1302.00000,7278.14990
1302.50000,7297.32324
1303.00000,7315.22559
1303.50000,7332.17090
1304.00000,7347.55762
1304.50000,7360.14844
1305.00000,7367.00732
1305.50000,7368.40723
1306.00000,7365.17334
1306.50000,7361.29102
1307.00000,7361.44043
1307.50000,7369.21631
1308.00000,7385.77393
1308.50000,7409.92529
1309.00000,7437.16553
1309.50000,7463.64551
1310.00000,7487.69971
1310.50000,7510.10254
1311.00000,7533.77490
1311.50000,7561.37402
1312.00000,7592.95801
1312.50000,7626.87061
1313.00000,7660.77588
1313.50000,7693.00684
1314.00000,7722.29492
1314.50000,7748.00928
1315.00000,7766.63135
1315.50000,7776.82373
1316.00000,7775.80322
1316.50000,7765.90430
1317.00000,7750.06250
1317.50000,7732.17139
1318.00000,7714.72021
1318.50000,7698.38232
1319.00000,7682.78564
1319.50000,7667.98242
1320.00000,7653.92676
1320.50000,7639.84961
1321.00000,7623.54492
1321.50000,7601.65088
1322.00000,7573.41162
1322.50000,7541.48340
1323.00000,7511.83252
1323.50000,7490.08105
1324.00000,7479.60449
1324.50000,7475.97656
1325.00000,7473.43213
1325.50000,7467.26758
1326.00000,7456.97510
1326.50000,7446.91797
1327.00000,7442.55615
1327.50000,7446.82959
1328.00000,7458.76611
1328.50000,7475.30225
1329.00000,7491.83447
1329.50000,7504.54736
1330.00000,7512.42236
1330.50000,7514.44824
1331.00000,7512.75098
1331.50000,7509.44580
1332.00000,7506.98145
1332.50000,7506.64111
1333.00000,7507.91309
1333.50000,7508.64355
1334.00000,7506.20703
1334.50000,7499.88770
1335.00000,7489.04834
1335.50000,7475.69775
1336.00000,7461.29980
1336.50000,7447.44580
1337.00000,7435.08691
1337.50000,7424.28418
1338.00000,7414.48975
1338.50000,7405.48340
1339.00000,7397.73828
1339.50000,7393.33887
1340.00000,7393.00781
1340.50000,7397.09619
1341.00000,7402.69824
1341.50000,7406.83643
1342.00000,7408.63867
1342.50000,7410.50049
1343.00000,7416.00586
1343.50000,7425.85596
1344.00000,7436.66992
1344.50000,7442.19629
1345.00000,7435.41113
1345.50000,7418.39795
1346.00000,7395.46045
1346.50000,7373.50586
1347.00000,7355.50146
1347.50000,7338.78516
1348.00000,7317.89746
1348.50000,7288.85010
1349.00000,7254.36426
1349.50000,7220.37939
1350.00000,7192.31738
1350.50000,7171.54883
1351.00000,7152.26270
1351.50000,7127.23633
1352.00000,7092.99658
1352.50000,7052.10693
1353.00000,7012.05420
1353.50000,6980.56934
1354.00000,6963.38281
1354.50000,6956.60498
1355.00000,6955.98193
1355.50000,6955.16455
1356.00000,6951.45752
1356.50000,6945.49219
1357.00000,6938.46826
1357.50000,6930.52051
1358.00000,6920.99072
1358.50000,6910.08545
1359.00000,6900.23340
1359.50000,6895.56836
1360.00000,6896.74756
1360.50000,6902.83301
1361.00000,6909.22852
1361.50000,6911.98096
1362.00000,6909.97705
1362.50000,6904.53857
1363.00000,6897.60596
1363.50000,6890.75439
1364.00000,6885.20020
1364.50000,6882.20605
1365.00000,6884.81006
1365.50000,6892.66602
1366.00000,6903.97363
1366.50000,6914.27051
1367.00000,6919.87988
1367.50000,6920.19238
1368.00000,6917.45752
1368.50000,6913.18066
1369.00000,6906.97168
1369.50000,6895.41162
1370.00000,6878.31836
1370.50000,6857.75049
1371.00000,6839.56641
1371.50000,6829.11426
1372.00000,6827.01807
1372.50000,6829.37842
1373.00000,6831.48828
1373.50000,6830.98730
1374.00000,6828.02539
1374.50000,6824.71924
1375.00000,6822.54248
1375.50000,6821.91260
1376.00000,6823.67969
1376.50000,6828.61963
1377.00000,6837.53906
1377.50000,6850.06250
1378.00000,6864.38574
1378.50000,6878.75293
1379.00000,6891.95996
1379.50000,6902.66699
1380.00000,6910.04199
1380.50000,6911.53662
1381.00000,6907.02100
1381.50000,6897.69189
1382.00000,6887.17578
1382.50000,6878.89258
1383.00000,6874.00439
1383.50000,6870.37695
1384.00000,6864.78516
1384.50000,6855.77490
1385.00000,6843.24316
1385.50000,6829.76514
1386.00000,6817.86182
1386.50000,6809.14551
1387.00000,6804.62744
1387.50000,6804.31592
1388.00000,6806.25146
1388.50000,6806.85449
1389.00000,6802.41846
1389.50000,6788.69824
1390.00000,6767.97754
1390.50000,6743.32373
1391.00000,6719.90283
1391.50000,6701.30420
1392.00000,6688.24219
1392.50000,6679.45361
1393.00000,6673.82568
1393.50000,6670.20557
1394.00000,6667.87939
1394.50000,6664.92920
1395.00000,6658.59082
1395.50000,6647.93799
1396.00000,6633.37158
1396.50000,6618.08057
1397.00000,6605.86230
1397.50000,6599.33057
1398.00000,6598.13330
1398.50000,6600.91162
1399.00000,6604.68750
1399.50000,6607.81396
1400.00000,6609.77051
1400.50000,6609.89697
1401.00000,6607.56201
1401.50000,6601.43555
1402.00000,6591.06885
1402.50000,6577.76855
1403.00000,6564.36865
1403.50000,6554.14893
1404.00000,6550.20703
1404.50000,6551.28223
1405.00000,6555.45361
1405.50000,6559.40869
1406.00000,6561.58301
1406.50000,6562.47314
1407.00000,6563.44629
1407.50000,6565.25537
1408.00000,6567.05859
1408.50000,6566.63525
1409.00000,6562.59082
1409.50000,6553.65186
1410.00000,6541.90430
1410.50000,6529.41504
1411.00000,6518.14404
1411.50000,6508.45850
1412.00000,6499.11670
1412.50000,6488.36133
1413.00000,6475.09570
1413.50000,6460.36426
1414.00000,6446.52832
1414.50000,6435.71045
1415.00000,6429.35596
1415.50000,6425.50244
1416.00000,6421.40967
1416.50000,6415.01025
1417.00000,6406.88623
1417.50000,6399.86572
1418.00000,6396.29199
1418.50000,6396.34863
1419.00000,6396.18359
1419.50000,6390.20996
1420.00000,6376.90576
1420.50000,6357.54297
1421.00000,6338.51563
1421.50000,6326.64990
1422.00000,6325.08887
1422.50000,6330.59766
1423.00000,6335.85693
1423.50000,6333.90137
1424.00000,6319.00000
1424.50000,6294.87695
1425.00000,6266.20752
1425.50000,6240.20215
1426.00000,6222.20947
1426.50000,6212.99707
1427.00000,6210.07080
1427.50000,6209.56934
1428.00000,6207.92432
1428.50000,6203.73340
1429.00000,6198.33203
1429.50000,6193.81836
1430.00000,6191.82227
1430.50000,6193.51904
1431.00000,6197.99316
1431.50000,6203.30273
1432.00000,6206.78418
1432.50000,6206.52197
1433.00000,6202.05225
1433.50000,6196.20215
1434.00000,6192.88330
1434.50000,6193.41113
1435.00000,6196.32764
1435.50000,6196.77686
1436.00000,6190.14014
1436.50000,6176.79736
1437.00000,6162.53711
1437.50000,6155.79199
1438.00000,6160.81934
1438.50000,6177.51172
1439.00000,6196.36328
1439.50000,6207.78564
1440.00000,6209.68018
1440.50000,6204.85645
1441.00000,6201.17383
1441.50000,6204.91504
1442.00000,6217.23828
1442.50000,6234.08105
1443.00000,6250.87402
1443.50000,6265.63574
1444.00000,6280.38184
1444.50000,6298.93115
1445.00000,6324.12109
1445.50000,6353.59082
1446.00000,6382.81641
1446.50000,6407.10986
1447.00000,6424.37207
1447.50000,6435.24023
1448.00000,6443.04248
1448.50000,6449.70605
1449.00000,6455.89941
1449.50000,6460.85010
1450.00000,6464.95850
1450.50000,6469.94775
1451.00000,6477.59668
1451.50000,6487.89893
1452.00000,6497.91309
1452.50000,6503.33594
1453.00000,6500.35889
1453.50000,6490.71338
1454.00000,6477.56885
1454.50000,6466.22412
1455.00000,6459.55225
1455.50000,6456.56445
1456.00000,6455.80371
1456.50000,6456.56543
1457.00000,6459.75488
1457.50000,6466.82910
1458.00000,6476.95947
1458.50000,6487.56104
1459.00000,6495.11719
1459.50000,6496.62061
1460.00000,6494.12939
1460.50000,6490.47266
1461.00000,6488.23291
1461.50000,6487.56104
1462.00000,6486.37842
1462.50000,6482.69141
1463.00000,6476.59521
1463.50000,6471.53174
1464.00000,6473.11133
1464.50000,6482.47949
1465.00000,6497.90186
1465.50000,6513.12744
1466.00000,6522.16309
1466.50000,6522.71875
1467.00000,6517.00000
1467.50000,6509.20459
1468.00000,6503.25098
1468.50000,6500.56787
1469.00000,6498.77344
1469.50000,6494.13721
1470.00000,6484.46338
1470.50000,6468.38721
1471.00000,6447.72852
1471.50000,6425.95361
1472.00000,6407.37695
1472.50000,6394.80469
1473.00000,6389.29492
1473.50000,6387.00000
1474.00000,6382.98340
1474.50000,6374.29688
1475.00000,6360.21240
1475.50000,6343.71875
1476.00000,6327.88037
1476.50000,6314.50391
1477.00000,6303.77002
1477.50000,6295.55029
1478.00000,6289.36426
1478.50000,6285.43652
1479.00000,6282.50732
1479.50000,6279.18115
1480.00000,6274.61279
1480.50000,6268.87061
1481.00000,6262.65527
1481.50000,6255.75244
1482.00000,6246.53662
1482.50000,6233.66992
1483.00000,6217.35938
1483.50000,6201.87061
1484.00000,6193.64063
1484.50000,6194.63672
1485.00000,6205.28809
1485.50000,6220.42676
1486.00000,6234.72070
1486.50000,6244.70898
1487.00000,6250.29297
1487.50000,6253.34521
1488.00000,6256.67236
1488.50000,6261.40723
1489.00000,6266.18359
1489.50000,6268.26367
1490.00000,6266.42676
1490.50000,6261.82617
1491.00000,6259.40039
1491.50000,6265.41602
1492.00000,6283.95410
1492.50000,6311.04492
1493.00000,6338.25195
1493.50000,6357.68066
1494.00000,6364.61328
1494.50000,6365.30273
1495.00000,6367.75732
1495.50000,6377.68750
1496.00000,6395.01074
1496.50000,6413.79834
1497.00000,6427.53467
1497.50000,6433.38330
1498.00000,6434.07568
1498.50000,6431.65820
1499.00000,6427.48779
1499.50000,6419.64014
1500.00000,6407.23877
1500.50000,6390.47217
1501.00000,6371.57422
1501.50000,6351.91357
1502.00000,6330.36621
1502.50000,6305.30420
1503.00000,6276.51172
1503.50000,6248.36328
1504.00000,6228.40234
1504.50000,6219.70166
1505.00000,6222.40771
1505.50000,6228.29590
1506.00000,6227.93994
1506.50000,6216.69336
1507.00000,6197.64453
1507.50000,6178.35547
1508.00000,6166.28369
1508.50000,6166.66602
1509.00000,6174.74902
1509.50000,6185.13232
1510.00000,6192.34717
1510.50000,6194.36914
1511.00000,6192.03320
1511.50000,6186.19727
1512.00000,6176.44775
1512.50000,6163.11377
1513.00000,6147.85693
1513.50000,6135.37549
1514.00000,6132.33594
1514.50000,6139.20068
1515.00000,6154.56689
1515.50000,6172.53516
1516.00000,6188.02734
1516.50000,6199.07617
1517.00000,6207.51172
1517.50000,6216.58740
1518.00000,6228.52246
1518.50000,6243.70361
1519.00000,6259.72461
1519.50000,6274.44727
1520.00000,6286.90088
1520.50000,6296.94580
1521.00000,6305.17578
1521.50000,6311.87988
1522.00000,6316.67676
1522.50000,6319.82178
1523.00000,6322.10498
1523.50000,6325.10742
1524.00000,6329.80371
1524.50000,6334.77490
1525.00000,6336.89600
1525.50000,6334.14941
1526.00000,6327.84912
1526.50000,6323.90283
1527.00000,6328.07178
1527.50000,6342.96387
1528.00000,6362.41992
1528.50000,6376.95508
1529.00000,6380.94434
1529.50000,6373.32764
1530.00000,6363.07910
1530.50000,6360.49805
1531.00000,6369.92236
1531.50000,6387.98145
1532.00000,6407.07715
1532.50000,6420.08154
1533.00000,6422.65234
1533.50000,6418.26025
1534.00000,6410.45947
1534.50000,6403.74365
1535.00000,6400.25977
1535.50000,6399.94629
1536.00000,6401.72510
1536.50000,6403.70166
1537.00000,6403.62842
1537.50000,6399.02734
1538.00000,6389.80518
1538.50000,6376.58447
1539.00000,6362.62109
1539.50000,6350.77246
1540.00000,6342.41309
1540.50000,6337.65234
1541.00000,6335.04590
1541.50000,6332.85254
1542.00000,6330.06201
1542.50000,6326.73779
1543.00000,6323.16602
1543.50000,6319.31689
1544.00000,6314.02051
1544.50000,6305.89209
1545.00000,6292.76611
1545.50000,6273.91406
1546.00000,6250.46875
1546.50000,6225.86914
1547.00000,6204.92334
1547.50000,6192.82764
1548.00000,6189.27881
1548.50000,6191.77930
1549.00000,6192.36719
1549.50000,6183.30420
1550.00000,6164.72070
1550.50000,6141.63037
1551.00000,6121.76367
1551.50000,6109.78955
1552.00000,6105.57422
1552.50000,6104.00146
1553.00000,6101.63184
1553.50000,6099.08350
1554.00000,6099.55225
1554.50000,6103.45947
1555.00000,6107.83447
1555.50000,6108.12695
1556.00000,6102.56494
1556.50000,6094.19824
1557.00000,6088.83838
1557.50000,6089.96143
1558.00000,6094.81836
1558.50000,6099.70459
1559.00000,6102.77393
1559.50000,6105.61572
1560.00000,6110.96924
1560.50000,6119.39160
1561.00000,6127.73291
1561.50000,6132.80859
1562.00000,6133.87598
1562.50000,6133.57568
1563.00000,6134.33643
1563.50000,6136.22363
1564.00000,6137.70459
1564.50000,6138.07813
1565.00000,6138.82129
1565.50000,6141.87598
1566.00000,6147.35059
1566.50000,6153.02100
1567.00000,6156.30957
1567.50000,6156.27051
1568.00000,6155.44385
1568.50000,6156.91699
1569.00000,6161.46631
1569.50000,6168.82275
1570.00000,6177.32861
1570.50000,6185.30566
1571.00000,6190.47314
1571.50000,6189.92529
1572.00000,6180.92920
1572.50000,6165.33496
1573.00000,6146.64209
1573.50000,6130.65918
1574.00000,6121.58252
1574.50000,6117.93213
1575.00000,6115.60156
1575.50000,6109.88232
1576.00000,6098.59180
1576.50000,6081.93652
1577.00000,6062.44580
1577.50000,6042.27002
1578.00000,6023.09326
1578.50000,6005.51514
1579.00000,5988.19775
1579.50000,5969.51514
1580.00000,5948.89209
1580.50000,5927.23193
1581.00000,5906.44629
1581.50000,5887.66943
1582.00000,5870.39160
1582.50000,5852.61719
1583.00000,5833.18945
1583.50000,5813.05518
1584.00000,5793.43359
1584.50000,5774.27832
1585.00000,5753.63721
1585.50000,5729.13525
1586.00000,5700.65039
1586.50000,5670.38916
1587.00000,5642.26514
1587.50000,5620.94482
1588.00000,5607.57275
1588.50000,5603.90967
1589.00000,5605.60889
1589.50000,5607.14844
1590.00000,5603.33105
1590.50000,5591.78564
1591.00000,5574.79883
1591.50000,5557.80615
1592.00000,5545.35596
1592.50000,5536.85986
1593.00000,5529.46094
1593.50000,5520.78418
1594.00000,5511.58398
1594.50000,5504.57080
1595.00000,5501.92480
1595.50000,5503.23145
1596.00000,5506.72363
1596.50000,5511.73535
1597.00000,5517.93896
1597.50000,5524.03174
1598.00000,5527.28174
1598.50000,5524.38477
1599.00000,5517.46729
1599.50000,5512.11377
1600.00000,5513.23389
1600.50000,5521.64307
1601.00000,5533.33496
1601.50000,5542.94580
1602.00000,5547.66650
1602.50000,5549.54688
1603.00000,5550.06885
1603.50000,5548.71240
1604.00000,5542.12256
1604.50000,5529.32324
1605.00000,5511.61377
1605.50000,5492.65771
1606.00000,5474.56055
1606.50000,5456.10938
1607.00000,5435.10156
1607.50000,5410.46289
1608.00000,5384.95801
1608.50000,5362.44092
1609.00000,5343.97412
1609.50000,5327.38867
1610.00000,5308.35400
1610.50000,5283.33594
1611.00000,5251.79590
1611.50000,5217.16602
1612.00000,5184.53906
1612.50000,5157.08740
1613.00000,5136.34961
1613.50000,5118.80957
1614.00000,5101.63232
1614.50000,5083.60156
1615.00000,5066.77588
1615.50000,5054.50098
1616.00000,5047.46045
1616.50000,5042.64307
1617.00000,5034.31494
1617.50000,5016.76025
1618.00000,4991.72607
1618.50000,4964.27832
1619.00000,4941.52246
1619.50000,4927.12646
1620.00000,4918.33984
1620.50000,4909.33105
1621.00000,4894.87891
1621.50000,4874.20801
1622.00000,4850.09961
1622.50000,4826.41895
1623.00000,4804.11572
1623.50000,4781.07275
1624.00000,4754.59668
1624.50000,4724.91406
1625.00000,4694.91504
1625.50000,4667.43066
1626.00000,4642.23047
1626.50000,4616.34717
1627.00000,4587.08154
1627.50000,4554.17578
1628.00000,4522.07275
1628.50000,4495.34766
1629.00000,4473.64014
1629.50000,4453.74609
1630.00000,4431.48926
1630.50000,4405.56738
1631.00000,4378.40918
1631.50000,4353.40967
1632.00000,4331.66650
1632.50000,4310.95850
1633.00000,4289.11133
1633.50000,4266.19141
1634.00000,4244.08350
1634.50000,4223.83447
1635.00000,4204.28809
1635.50000,4183.06787
1636.00000,4159.14209
1636.50000,4133.73682
1637.00000,4109.66113
1637.50000,4088.75879
1638.00000,4069.74585
1638.50000,4051.48633
1639.00000,4033.81128
1639.50000,4018.62524
1640.00000,4008.02734
1640.50000,4002.25977
1641.00000,3999.63867
1641.50000,3997.02710
1642.00000,3991.03760
1642.50000,3979.94995
1643.00000,3961.09912
1643.50000,3937.21997
1644.00000,3911.70923
1644.50000,3889.16504
1645.00000,3872.69531
1645.50000,3861.86987
1646.00000,3853.13159
1646.50000,3843.04370
1647.00000,3830.90625
1647.50000,3817.58472
1648.00000,3804.46118
1648.50000,3791.64893
1649.00000,3778.60791
1649.50000,3765.37061
1650.00000,3752.35352
1650.50000,3739.07593
1651.00000,3723.72021
1651.50000,3705.05737
1652.00000,3683.58203
1652.50000,3663.11597
1653.00000,3646.91089
1653.50000,3633.89038
1654.00000,3621.19678
1654.50000,3606.70728
1655.00000,3592.51440
1655.50000,3583.48315
1656.00000,3581.74048
1656.50000,3584.92651
1657.00000,3586.05078
1657.50000,3577.75098
1658.00000,3561.20825
1658.50000,3541.28223
1659.00000,3524.27686
1659.50000,3513.58936
1660.00000,3507.91187
1660.50000,3503.29761
1661.00000,3495.82715
1661.50000,3484.43286
1662.00000,3469.55493
1662.50000,3453.86621
1663.00000,3439.32056
1663.50000,3426.08228
1664.00000,3413.01831
1664.50000,3399.41919
1665.00000,3386.55469
1665.50000,3377.01099
1666.00000,3371.81934
1666.50000,3368.86987
1667.00000,3362.91748
1667.50000,3349.24268
1668.00000,3330.24097
1668.50000,3310.68262
1669.00000,3296.22119
1669.50000,3289.28613
1670.00000,3287.13940
1670.50000,3286.01563
1671.00000,3283.67017
1671.50000,3279.99585
1672.00000,3275.54492
1672.50000,3271.03003
1673.00000,3267.10962
1673.50000,3264.73315
1674.00000,3265.49048
1674.50000,3269.76318
1675.00000,3276.71313
1675.50000,3284.46680
1676.00000,3291.83691
1676.50000,3299.25708
1677.00000,3308.43335
1677.50000,3322.86743
1678.00000,3343.11621
1678.50000,3368.80884
1679.00000,3395.79736
1679.50000,3418.44946
1680.00000,3431.63501
1680.50000,3432.58398
1681.00000,3421.80884
1681.50000,3403.60498
1682.00000,3380.04492
1682.50000,3354.11133
1683.00000,3326.56006
1683.50000,3298.22681
1684.00000,3269.44434
1684.50000,3240.48926
1685.00000,3211.60864
1685.50000,3182.95557
1686.00000,3154.14063
1686.50000,3123.91431
1687.00000,3091.60718
1687.50000,3057.68970
1688.00000,3025.41260
1688.50000,2999.89282
1689.00000,2982.61768
1689.50000,2971.61987
1690.00000,2962.51294
1690.50000,2952.19263
1691.00000,2941.02393
1691.50000,2931.72412
1692.00000,2926.07251
1692.50000,2921.93286
1693.00000,2916.85449
1693.50000,2910.64331
1694.00000,2906.36890
1694.50000,2906.94409
1695.00000,2911.52734
1695.50000,2915.30835
1696.00000,2912.95898
1696.50000,2901.19556
1697.00000,2884.45898
1697.50000,2869.35034
1698.00000,2860.21338
1698.50000,2858.86328
1699.00000,2861.94849
1699.50000,2864.88965
1700.00000,2863.74072
1700.50000,2856.69189
1701.00000,2842.82788
1701.50000,2823.94263
1702.00000,2801.48633
1702.50000,2779.16968
1703.00000,2760.39648
1703.50000,2746.53198
1704.00000,2738.18286
1704.50000,2733.66626
1705.00000,2730.54224
1705.50000,2726.74634
1706.00000,2721.38525
1706.50000,2714.26904
1707.00000,2706.37402
1707.50000,2698.68799
1708.00000,2691.53320
1708.50000,2684.07520
1709.00000,2674.77661
1709.50000,2662.35815
1710.00000,2647.53320
1710.50000,2633.36597
1711.00000,2623.07324
1711.50000,2617.03882
1712.00000,2614.19971
1712.50000,2611.32446
1713.00000,2606.99585
1713.50000,2602.27246
1714.00000,2598.71753
1714.50000,2596.48267
1715.00000,2593.79419
1715.50000,2588.29932
1716.00000,2579.71924
1716.50000,2569.04468
1717.00000,2558.62866
1717.50000,2550.59302
1718.00000,2545.35889
1718.50000,2542.83203
1719.00000,2541.75122
1719.50000,2540.60181
1720.00000,2538.14868
1720.50000,2534.63696
1721.00000,2531.71655
1721.50000,2530.41504
1722.00000,2529.67358
1722.50000,2526.06055
1723.00000,2515.47314
1723.50000,2500.14087
1724.00000,2485.48584
1724.50000,2477.33618
1725.00000,2477.28271
1725.50000,2481.12134
1726.00000,2481.30005
1726.50000,2473.05908
1727.00000,2459.21338
1727.50000,2444.61401
1728.00000,2434.34180
1728.50000,2430.62280
1729.00000,2432.07666
1729.50000,2437.14673
1730.00000,2444.02368
1730.50000,2450.10718
1731.00000,2452.18848
1731.50000,2449.19189
1732.00000,2440.82251
1732.50000,2430.95581
1733.00000,2423.69312
1733.50000,2420.73804
1734.00000,2421.92065
1734.50000,2424.96411
1735.00000,2427.18823
1735.50000,2426.52563
1736.00000,2423.51880
1736.50000,2419.99170
1737.00000,2418.26514
1737.50000,2419.54395
1738.00000,2421.32422
1738.50000,2419.49561
1739.00000,2412.24585
1739.50000,2401.12329
1740.00000,2390.72925
1740.50000,2385.15918
1741.00000,2384.62012
1741.50000,2384.69800
1742.00000,2380.14111
1742.50000,2369.90674
1743.00000,2355.92627
1743.50000,2343.59204
1744.00000,2336.68066
1744.50000,2334.93677
1745.00000,2334.45581
1745.50000,2330.19238
1746.00000,2320.97949
1746.50000,2308.89551
1747.00000,2299.00171
1747.50000,2296.03882
1748.00000,2298.64453
1748.50000,2302.75244
1749.00000,2303.75146
1749.50000,2298.97607
1750.00000,2288.52368
1750.50000,2275.63550
1751.00000,2264.13965
1751.50000,2256.82910
1752.00000,2256.15234
1752.50000,2259.07251
1753.00000,2260.58911
1753.50000,2256.98584
1754.00000,2248.62451
1754.50000,2241.04321
1755.00000,2240.73340
1755.50000,2248.65894
1756.00000,2258.21777
1756.50000,2260.80322
1757.00000,2254.01123
1757.50000,2240.67432
1758.00000,2229.29565
1758.50000,2224.45972
1759.00000,2224.04077
1759.50000,2222.13794
1760.00000,2214.15649
1760.50000,2201.48682
1761.00000,2188.46533
1761.50000,2179.50562
1762.00000,2177.95703
1762.50000,2180.60962
1763.00000,2183.88721
1763.50000,2184.17017
1764.00000,2179.28442
1764.50000,2170.05225
1765.00000,2160.36255
1765.50000,2154.17603
1766.00000,2152.71313
1766.50000,2155.17773
1767.00000,2157.56201
1767.50000,2157.55200
1768.00000,2156.33398
1768.50000,2156.51563
1769.00000,2159.36816
1769.50000,2162.73218
1770.00000,2162.78857
1770.50000,2157.94238
1771.00000,2149.34985
1771.50000,2141.54468
1772.00000,2137.90552
1772.50000,2136.74854
1773.00000,2134.05054
1773.50000,2125.95898
1774.00000,2112.03784
1774.50000,2096.89844
1775.00000,2086.32275
1775.50000,2084.35522
1776.00000,2088.85962
1776.50000,2094.67163
1777.00000,2097.14185
1777.50000,2094.87939
1778.00000,2090.98242
1778.50000,2088.58569
1779.00000,2088.00171
1779.50000,2087.36450
1780.00000,2084.92334
1780.50000,2080.82568
1781.00000,2076.33521
1781.50000,2072.27368
1782.00000,2068.50879
1782.50000,2064.77686
1783.00000,2061.53418
1783.50000,2059.02710
1784.00000,2056.69043
1784.50000,2053.53467
1785.00000,2049.43042
1785.50000,2045.69446
1786.00000,2043.70020
1786.50000,2044.32532
1787.00000,2046.53479
1787.50000,2049.55469
1788.00000,2052.17944
1788.50000,2052.67822
1789.00000,2049.13672
1789.50000,2040.26672
1790.00000,2027.28772
1790.50000,2014.27002
1791.00000,2005.46594
1791.50000,2002.38098
1792.00000,2006.76563
1792.50000,2015.07336
1793.00000,2024.03357
1793.50000,2029.48999
1794.00000,2027.72424
1794.50000,2018.64478
1795.00000,2006.11597
1795.50000,1994.15833
1796.00000,1985.35522
1796.50000,1981.98108
1797.00000,1982.98608
1797.50000,1988.56348
1798.00000,1995.80566
1798.50000,1999.57324
1799.00000,1995.79810
1799.50000,1985.22400
1800.00000,1972.70581
1800.50000,1964.39050
1801.00000,1964.51855
1801.50000,1969.70776
1802.00000,1976.60669
1802.50000,1981.43274
1803.00000,1980.84680
1803.50000,1974.83008
1804.00000,1965.54248
1804.50000,1957.30640
1805.00000,1954.03271
1805.50000,1956.36499
1806.00000,1959.86316
1806.50000,1960.53857
1807.00000,1958.09106
1807.50000,1954.03430
1808.00000,1950.42456
1808.50000,1947.75928
1809.00000,1946.10925
1809.50000,1945.83630
1810.00000,1946.37402
